id,x_0,x_1,x_2,x_3,x_4,x_5,x_6,x_7,x_8,x_9,x_10,x_11,x_12,x_13,x_14
0.0,0.07392212709545729,0.2631806779839076,0.25916052767440806,0.08219949365267865,0.228747855498907,1.5825044499257998e-16,0.18257418583505536,0.12239801227242092,0.2526455763199557,0.24413653763134782,0.2807449625374386,0.20952908873087345,0.12356041264304309,0.14285714285714285,0.08873565094161137
1.0,0.07392212709545729,0.2631806779839076,0.25916052767440806,0.08219949365267865,0.228747855498907,1.5825044499257998e-16,0.18257418583505536,0.12239801227242092,0.2526455763199557,0.24413653763134782,0.2807449625374386,0.20952908873087345,0.12356041264304309,0.14285714285714285,0.08873565094161137
2.0,0.07392212709545729,0.2631806779839076,0.25916052767440806,0.08219949365267865,0.228747855498907,1.5825044499257998e-16,0.18257418583505536,0.12239801227242092,0.2526455763199557,0.24413653763134782,0.2807449625374386,0.20952908873087345,0.12356041264304309,0.14285714285714285,0.08873565094161137
3.0,0.07392212709545729,0.2631806779839076,0.25916052767440806,0.08219949365267865,0.228747855498907,1.5825044499257998e-16,0.18257418583505536,0.12239801227242092,0.2526455763199557,0.24413653763134782,0.2807449625374386,0.20952908873087345,0.12356041264304309,0.14285714285714285,0.08873565094161137
4.0,0.07392212709545729,0.2631806779839076,0.25916052767440806,0.08219949365267865,0.228747855498907,1.5825044499257998e-16,0.18257418583505536,0.12239801227242092,0.2526455763199557,0.24413653763134782,0.2807449625374386,0.20952908873087345,0.12356041264304309,0.14285714285714285,0.08873565094161137
5.0,0.07392212709545729,0.2631806779839076,0.25916052767440806,0.08219949365267865,0.228747855498907,1.5825044499257998e-16,0.18257418583505536,0.12239801227242092,0.2526455763199557,0.24413653763134782,0.2807449625374386,0.20952908873087345,0.12356041264304309,0.14285714285714285,0.08873565094161137
6.0,0.07392212709545729,0.2631806779839076,0.25916052767440806,0.08219949365267865,0.228747855498907,1.5825044499257998e-16,0.18257418583505536,0.12239801227242092,0.2526455763199557,0.24413653763134782,0.2807449625374386,0.20952908873087345,0.12356041264304309,0.14285714285714285,0.08873565094161137
7.0,0.07392212709545729,0.2631806779839076,0.25916052767440806,0.08219949365267865,0.228747855498907,1.5825044499257998e-16,0.18257418583505536,0.12239801227242092,0.2526455763199557,0.24413653763134782,0.2807449625374386,0.20952908873087345,0.12356041264304309,0.14285714285714285,0.08873565094161137
8.0,0.07392212709545729,0.2631806779839076,0.25916052767440806,0.08219949365267865,0.228747855498907,1.5825044499257998e-16,0.18257418583505536,0.12239801227242092,0.2526455763199557,0.24413653763134782,0.2807449625374386,0.20952908873087345,0.12356041264304309,0.14285714285714285,0.08873565094161137
9.0,0.07392212709545729,0.0657951694959769,0.25916052767440806,0.1643989873053573,0.07624928516630233,0.2672612419124244,0.18257418583505536,0.06119900613621046,0.1684303842133038,0.16275769175423188,0.21055872190307892,0.06984302957695782,1.0974369203879338e-16,0.14285714285714285,0.17747130188322274
10.0,0.14784425419091457,0.3289758474798845,0.25916052767440806,0.24659848095803594,0.15249857033260467,1.5825044499257998e-16,0.18257418583505536,0.06119900613621046,0.1684303842133038,0.24413653763134782,0.2807449625374386,0.13968605915391563,0.30890103160760773,0.14285714285714285,0.08873565094161137
11.0,0.29568850838182914,0.1315903389919538,0.08638684255813601,0.1643989873053573,0.228747855498907,0.2672612419124244,0.18257418583505536,1.0871127311455535e-16,0.0842151921066519,0.08137884587711594,1.2467580858263653e-16,0.27937211830783126,0.12356041264304309,1.2688263138573217e-16,0.2662069528248341
12.0,0.29568850838182914,0.1315903389919538,0.08638684255813601,0.1643989873053573,0.228747855498907,0.2672612419124244,0.18257418583505536,1.0871127311455535e-16,0.0842151921066519,0.08137884587711594,1.2467580858263653e-16,0.27937211830783126,0.12356041264304309,1.2688263138573217e-16,0.2662069528248341
13.0,0.29568850838182914,0.0657951694959769,0.08638684255813601,0.1643989873053573,0.228747855498907,0.2672612419124244,0.18257418583505536,0.06119900613621046,0.0842151921066519,0.08137884587711594,1.2467580858263653e-16,0.20952908873087345,0.12356041264304309,1.2688263138573217e-16,0.2662069528248341
14.0,0.29568850838182914,0.1315903389919538,0.08638684255813601,0.1643989873053573,0.228747855498907,0.2672612419124244,0.18257418583505536,1.0871127311455535e-16,0.0842151921066519,0.08137884587711594,1.2467580858263653e-16,0.27937211830783126,0.12356041264304309,1.2688263138573217e-16,0.2662069528248341
15.0,0.29568850838182914,0.1315903389919538,0.08638684255813601,0.1643989873053573,0.228747855498907,0.2672612419124244,0.18257418583505536,1.0871127311455535e-16,0.0842151921066519,0.08137884587711594,1.2467580858263653e-16,0.27937211830783126,0.12356041264304309,1.2688263138573217e-16,0.2662069528248341
16.0,0.29568850838182914,0.0657951694959769,0.08638684255813601,0.1643989873053573,0.228747855498907,0.2672612419124244,0.18257418583505536,0.06119900613621046,0.0842151921066519,0.08137884587711594,1.2467580858263653e-16,0.20952908873087345,0.12356041264304309,1.2688263138573217e-16,0.2662069528248341
17.0,0.29568850838182914,0.1315903389919538,0.08638684255813601,0.1643989873053573,0.228747855498907,0.2672612419124244,0.18257418583505536,1.0871127311455535e-16,0.0842151921066519,0.08137884587711594,1.2467580858263653e-16,0.27937211830783126,0.12356041264304309,1.2688263138573217e-16,0.2662069528248341
18.0,0.29568850838182914,0.1315903389919538,0.08638684255813601,0.1643989873053573,0.228747855498907,0.2672612419124244,0.18257418583505536,1.0871127311455535e-16,0.0842151921066519,0.08137884587711594,1.2467580858263653e-16,0.27937211830783126,0.12356041264304309,1.2688263138573217e-16,0.2662069528248341
19.0,0.14784425419091457,0.3289758474798845,0.25916052767440806,0.24659848095803594,0.15249857033260467,1.5825044499257998e-16,0.18257418583505536,0.06119900613621046,0.1684303842133038,0.24413653763134782,0.2807449625374386,0.13968605915391563,0.30890103160760773,0.14285714285714285,0.08873565094161137
20.0,0.07392212709545729,0.0657951694959769,0.25916052767440806,0.1643989873053573,0.07624928516630233,0.2672612419124244,0.18257418583505536,0.06119900613621046,0.1684303842133038,0.16275769175423188,0.21055872190307892,0.06984302957695782,1.0974369203879338e-16,0.14285714285714285,0.17747130188322274
21.0,0.14784425419091457,0.0657951694959769,0.08638684255813601,0.24659848095803594,0.07624928516630233,0.1781741612749496,0.18257418583505536,0.30599503068105227,0.1684303842133038,0.16275769175423188,0.07018624063435965,1.24066143273463e-16,0.24712082528608617,0.2857142857142857,0.17747130188322274
22.0,0.14784425419091457,0.0657951694959769,0.08638684255813601,0.24659848095803594,0.07624928516630233,0.1781741612749496,0.18257418583505536,0.30599503068105227,0.1684303842133038,0.16275769175423188,0.07018624063435965,1.24066143273463e-16,0.24712082528608617,0.2857142857142857,0.17747130188322274
23.0,0.14784425419091457,0.0657951694959769,0.08638684255813601,0.24659848095803594,0.07624928516630233,0.1781741612749496,0.18257418583505536,0.30599503068105227,0.1684303842133038,0.16275769175423188,0.07018624063435965,1.24066143273463e-16,0.24712082528608617,0.2857142857142857,0.17747130188322274
24.0,0.14784425419091457,0.0657951694959769,0.08638684255813601,0.24659848095803594,0.07624928516630233,0.1781741612749496,0.18257418583505536,0.30599503068105227,0.1684303842133038,0.16275769175423188,0.07018624063435965,1.24066143273463e-16,0.24712082528608617,0.2857142857142857,0.17747130188322274
25.0,0.14784425419091457,0.0657951694959769,0.08638684255813601,0.24659848095803594,0.07624928516630233,0.1781741612749496,0.18257418583505536,0.30599503068105227,0.1684303842133038,0.16275769175423188,0.07018624063435965,1.24066143273463e-16,0.24712082528608617,0.2857142857142857,0.17747130188322274
26.0,0.14784425419091457,0.0657951694959769,0.08638684255813601,0.24659848095803594,0.07624928516630233,0.1781741612749496,0.18257418583505536,0.30599503068105227,0.1684303842133038,0.16275769175423188,0.07018624063435965,1.24066143273463e-16,0.24712082528608617,0.2857142857142857,0.17747130188322274
27.0,0.14784425419091457,0.0657951694959769,0.08638684255813601,0.24659848095803594,0.07624928516630233,0.1781741612749496,0.18257418583505536,0.30599503068105227,0.1684303842133038,0.16275769175423188,0.07018624063435965,1.24066143273463e-16,0.24712082528608617,0.2857142857142857,0.17747130188322274
28.0,0.14784425419091457,0.0657951694959769,0.08638684255813601,0.24659848095803594,0.07624928516630233,0.1781741612749496,0.18257418583505536,0.30599503068105227,0.1684303842133038,0.16275769175423188,0.07018624063435965,1.24066143273463e-16,0.24712082528608617,0.2857142857142857,0.17747130188322274
29.0,0.14784425419091457,0.0657951694959769,0.08638684255813601,0.24659848095803594,0.07624928516630233,0.1781741612749496,0.18257418583505536,0.30599503068105227,0.1684303842133038,0.16275769175423188,0.07018624063435965,1.24066143273463e-16,0.24712082528608617,0.2857142857142857,0.17747130188322274
