25 0.41252264520153403 0.41252264540526085 0.412522647093283 0.015634318842785433 0.4125226476462558 0.4125226471805945 0.4125226471805945 0.015634319686796516 0.015634319745004177 0.41252264752984047 0.01612971821964967 0.015634319628588855 0.4125226470641792 0.015634319504897576 0.3551119995659685 0.01563431965860218 0.412522647267906 0.015634319745004177 0.41252264674403705 0.4125226469623158
8 0.41252264520153403 0.41252264540526085 0.412522647093283 0.015634318842785433 0.4125226476462558 0.4125226471805945 0.4125226471805945 0.015634319686796516 0.015634319745004177 0.41252264752984047 0.01612971821964967 0.015634319628588855 0.4125226470641792 0.015634319504897576 0.3551119995659685 0.01563431965860218 0.412522647267906 0.015634319745004177 0.41252264674403705 0.4125226469623158
1 0.41252264520153403 0.41252264540526085 0.412522647093283 0.015634318842785433 0.4125226476462558 0.4125226471805945 0.4125226471805945 0.015634319686796516 0.015634319745004177 0.41252264752984047 0.01612971821964967 0.015634319628588855 0.4125226470641792 0.015634319504897576 0.3551119995659685 0.01563431965860218 0.412522647267906 0.015634319745004177 0.41252264674403705 0.4125226469623158
16 0.015634319287852215 0.015634319698198406 0.015634319339001366 0.5235165148673618 0.015634319792596166 0.01563431976283634 0.015634319471625448 0.5235165153969344 0.5235165152795874 0.015634319713333924 0.27328551963140696 0.5235165153083116 0.015634319649142216 0.5235165150085768 0.06433880716155825 0.5235165151244765 0.015634319321568443 0.5235165147315355 0.015634319016039018 0.01563431907282554
2 0.41252264520153403 0.41252264540526085 0.412522647093283 0.015634318842785433 0.4125226476462558 0.4125226471805945 0.4125226471805945 0.015634319686796516 0.015634319745004177 0.41252264752984047 0.01612971821964967 0.015634319628588855 0.4125226470641792 0.015634319504897576 0.3551119995659685 0.01563431965860218 0.412522647267906 0.015634319745004177 0.41252264674403705 0.4125226469623158
6 0.41252264520153403 0.41252264540526085 0.412522647093283 0.015634318842785433 0.4125226476462558 0.4125226471805945 0.4125226471805945 0.015634319686796516 0.015634319745004177 0.41252264752984047 0.01612971821964967 0.015634319628588855 0.4125226470641792 0.015634319504897576 0.3551119995659685 0.01563431965860218 0.412522647267906 0.015634319745004177 0.41252264674403705 0.4125226469623158
7 0.41252264520153403 0.41252264540526085 0.412522647093283 0.015634318842785433 0.4125226476462558 0.4125226471805945 0.4125226471805945 0.015634319686796516 0.015634319745004177 0.41252264752984047 0.01612971821964967 0.015634319628588855 0.4125226470641792 0.015634319504897576 0.3551119995659685 0.01563431965860218 0.412522647267906 0.015634319745004177 0.41252264674403705 0.4125226469623158
14 0.015634319287852215 0.015634319698198406 0.015634319339001366 0.5235165148673618 0.015634319792596166 0.01563431976283634 0.015634319471625448 0.5235165153969344 0.5235165152795874 0.015634319713333924 0.27328551963140696 0.5235165153083116 0.015634319649142216 0.5235165150085768 0.06433880716155825 0.5235165151244765 0.015634319321568443 0.5235165147315355 0.015634319016039018 0.01563431907282554
19 0.01612971809793562 0.016129718108957882 0.01612971823226011 0.2732855195755508 0.016129718552885284 0.016129718469088523 0.01612971838032432 0.27328551965818376 0.2732855197198186 0.01612971851366482 1.2127378102869337 0.27328551974280024 0.016129718337341163 0.2732855196033639 0.0600860292472046 0.27328551961839853 0.01612971799054428 0.27328551932945017 0.016129717815752936 0.016129717835742498
0 0.41252264520153403 0.41252264540526085 0.412522647093283 0.015634318842785433 0.4125226476462558 0.4125226471805945 0.4125226471805945 0.015634319686796516 0.015634319745004177 0.41252264752984047 0.01612971821964967 0.015634319628588855 0.4125226470641792 0.015634319504897576 0.3551119995659685 0.01563431965860218 0.412522647267906 0.015634319745004177 0.41252264674403705 0.4125226469623158
18 0.015634319287852215 0.015634319698198406 0.015634319339001366 0.5235165148673618 0.015634319792596166 0.01563431976283634 0.015634319471625448 0.5235165153969344 0.5235165152795874 0.015634319713333924 0.27328551963140696 0.5235165153083116 0.015634319649142216 0.5235165150085768 0.06433880716155825 0.5235165151244765 0.015634319321568443 0.5235165147315355 0.015634319016039018 0.01563431907282554
4 0.41252264520153403 0.41252264540526085 0.412522647093283 0.015634318842785433 0.4125226476462558 0.4125226471805945 0.4125226471805945 0.015634319686796516 0.015634319745004177 0.41252264752984047 0.01612971821964967 0.015634319628588855 0.4125226470641792 0.015634319504897576 0.3551119995659685 0.01563431965860218 0.412522647267906 0.015634319745004177 0.41252264674403705 0.4125226469623158
11 0.015634319287852215 0.015634319698198406 0.015634319339001366 0.5235165148673618 0.015634319792596166 0.01563431976283634 0.015634319471625448 0.5235165153969344 0.5235165152795874 0.015634319713333924 0.27328551963140696 0.5235165153083116 0.015634319649142216 0.5235165150085768 0.06433880716155825 0.5235165151244765 0.015634319321568443 0.5235165147315355 0.015634319016039018 0.01563431907282554
10 0.01612971809793562 0.016129718108957882 0.01612971823226011 0.2732855195755508 0.016129718552885284 0.016129718469088523 0.01612971838032432 0.27328551965818376 0.2732855197198186 0.01612971851366482 1.2127378102869337 0.27328551974280024 0.016129718337341163 0.2732855196033639 0.0600860292472046 0.27328551961839853 0.01612971799054428 0.27328551932945017 0.016129717815752936 0.016129717835742498
23 0.41252264520153403 0.41252264540526085 0.412522647093283 0.015634318842785433 0.4125226476462558 0.4125226471805945 0.4125226471805945 0.015634319686796516 0.015634319745004177 0.41252264752984047 0.01612971821964967 0.015634319628588855 0.4125226470641792 0.015634319504897576 0.3551119995659685 0.01563431965860218 0.412522647267906 0.015634319745004177 0.41252264674403705 0.4125226469623158
12 0.015634319287852215 0.015634319698198406 0.015634319339001366 0.5235165148673618 0.015634319792596166 0.01563431976283634 0.015634319471625448 0.5235165153969344 0.5235165152795874 0.015634319713333924 0.27328551963140696 0.5235165153083116 0.015634319649142216 0.5235165150085768 0.06433880716155825 0.5235165151244765 0.015634319321568443 0.5235165147315355 0.015634319016039018 0.01563431907282554
27 0.41252264520153403 0.41252264540526085 0.412522647093283 0.015634318842785433 0.4125226476462558 0.4125226471805945 0.4125226471805945 0.015634319686796516 0.015634319745004177 0.41252264752984047 0.01612971821964967 0.015634319628588855 0.4125226470641792 0.015634319504897576 0.3551119995659685 0.01563431965860218 0.412522647267906 0.015634319745004177 0.41252264674403705 0.4125226469623158
20 0.35511199865767806 0.35511199869631405 0.35511199972799734 0.06433880663247409 0.3551120009527605 0.35511199997524295 0.35511199955919326 0.06433880740200121 0.0643388073283413 0.3551119999421112 0.06008602924720458 0.06433880723700805 0.35511199959211953 0.06433880726098014 0.7617502476188394 0.06433880735726115 0.35511199988940717 0.06433880748714332 0.35511199937092647 0.3551119995010746
24 0.41252264520153403 0.41252264540526085 0.412522647093283 0.015634318842785433 0.4125226476462558 0.4125226471805945 0.4125226471805945 0.015634319686796516 0.015634319745004177 0.41252264752984047 0.01612971821964967 0.015634319628588855 0.4125226470641792 0.015634319504897576 0.3551119995659685 0.01563431965860218 0.412522647267906 0.015634319745004177 0.41252264674403705 0.4125226469623158
5 0.41252264520153403 0.41252264540526085 0.412522647093283 0.015634318842785433 0.4125226476462558 0.4125226471805945 0.4125226471805945 0.015634319686796516 0.015634319745004177 0.41252264752984047 0.01612971821964967 0.015634319628588855 0.4125226470641792 0.015634319504897576 0.3551119995659685 0.01563431965860218 0.412522647267906 0.015634319745004177 0.41252264674403705 0.4125226469623158
17 0.015634319287852215 0.015634319698198406 0.015634319339001366 0.5235165148673618 0.015634319792596166 0.01563431976283634 0.015634319471625448 0.5235165153969344 0.5235165152795874 0.015634319713333924 0.27328551963140696 0.5235165153083116 0.015634319649142216 0.5235165150085768 0.06433880716155825 0.5235165151244765 0.015634319321568443 0.5235165147315355 0.015634319016039018 0.01563431907282554
29 0.41252264520153403 0.41252264540526085 0.412522647093283 0.015634318842785433 0.4125226476462558 0.4125226471805945 0.4125226471805945 0.015634319686796516 0.015634319745004177 0.41252264752984047 0.01612971821964967 0.015634319628588855 0.4125226470641792 0.015634319504897576 0.3551119995659685 0.01563431965860218 0.412522647267906 0.015634319745004177 0.41252264674403705 0.4125226469623158
22 0.41252264520153403 0.41252264540526085 0.412522647093283 0.015634318842785433 0.4125226476462558 0.4125226471805945 0.4125226471805945 0.015634319686796516 0.015634319745004177 0.41252264752984047 0.01612971821964967 0.015634319628588855 0.4125226470641792 0.015634319504897576 0.3551119995659685 0.01563431965860218 0.412522647267906 0.015634319745004177 0.41252264674403705 0.4125226469623158
28 0.41252264520153403 0.41252264540526085 0.412522647093283 0.015634318842785433 0.4125226476462558 0.4125226471805945 0.4125226471805945 0.015634319686796516 0.015634319745004177 0.41252264752984047 0.01612971821964967 0.015634319628588855 0.4125226470641792 0.015634319504897576 0.3551119995659685 0.01563431965860218 0.412522647267906 0.015634319745004177 0.41252264674403705 0.4125226469623158
26 0.41252264520153403 0.41252264540526085 0.412522647093283 0.015634318842785433 0.4125226476462558 0.4125226471805945 0.4125226471805945 0.015634319686796516 0.015634319745004177 0.41252264752984047 0.01612971821964967 0.015634319628588855 0.4125226470641792 0.015634319504897576 0.3551119995659685 0.01563431965860218 0.412522647267906 0.015634319745004177 0.41252264674403705 0.4125226469623158
13 0.015634319287852215 0.015634319698198406 0.015634319339001366 0.5235165148673618 0.015634319792596166 0.01563431976283634 0.015634319471625448 0.5235165153969344 0.5235165152795874 0.015634319713333924 0.27328551963140696 0.5235165153083116 0.015634319649142216 0.5235165150085768 0.06433880716155825 0.5235165151244765 0.015634319321568443 0.5235165147315355 0.015634319016039018 0.01563431907282554
15 0.015634319287852215 0.015634319698198406 0.015634319339001366 0.5235165148673618 0.015634319792596166 0.01563431976283634 0.015634319471625448 0.5235165153969344 0.5235165152795874 0.015634319713333924 0.27328551963140696 0.5235165153083116 0.015634319649142216 0.5235165150085768 0.06433880716155825 0.5235165151244765 0.015634319321568443 0.5235165147315355 0.015634319016039018 0.01563431907282554
9 0.35511199865767806 0.35511199869631405 0.35511199972799734 0.06433880663247409 0.3551120009527605 0.35511199997524295 0.35511199955919326 0.06433880740200121 0.0643388073283413 0.3551119999421112 0.06008602924720458 0.06433880723700805 0.35511199959211953 0.06433880726098014 0.7617502476188394 0.06433880735726115 0.35511199988940717 0.06433880748714332 0.35511199937092647 0.3551119995010746
3 0.41252264520153403 0.41252264540526085 0.412522647093283 0.015634318842785433 0.4125226476462558 0.4125226471805945 0.4125226471805945 0.015634319686796516 0.015634319745004177 0.41252264752984047 0.01612971821964967 0.015634319628588855 0.4125226470641792 0.015634319504897576 0.3551119995659685 0.01563431965860218 0.412522647267906 0.015634319745004177 0.41252264674403705 0.4125226469623158
21 0.41252264520153403 0.41252264540526085 0.412522647093283 0.015634318842785433 0.4125226476462558 0.4125226471805945 0.4125226471805945 0.015634319686796516 0.015634319745004177 0.41252264752984047 0.01612971821964967 0.015634319628588855 0.4125226470641792 0.015634319504897576 0.3551119995659685 0.01563431965860218 0.412522647267906 0.015634319745004177 0.41252264674403705 0.4125226469623158
