737 1
442 2
378 0
1028 1
308 1
911 2
821 3
134 0
632 2
1001 3
389 3
864 2
272 1
81 1
472 1
155 0
260 3
423 2
1070 2
52 0
359 0
693 1
595 2
788 1
121 0
190 2
0 1
1060 3
226 1
77 0
178 2
719 2
263 1
1041 3
616 3
515 2
586 2
658 2
544 1
776 3
530 1
1132 3
488 2
649 3
1031 2
571 2
1167 1
1062 3
400 2
454 1
568 3
438 2
172 0
967 3
801 3
170 0
350 2
453 0
710 3
253 3
836 3
605 3
107 0
580 3
1143 3
979 0
526 0
674 1
1085 3
1106 3
408 0
1187 1
678 0
597 3
548 1
843 2
873 3
217 2
1074 3
651 3
877 3
734 1
421 0
1137 1
339 0
202 0
26 0
625 3
72 0
174 0
577 1
834 1
85 0
188 1
531 1
422 0
64 0
765 2
1108 3
1131 2
315 0
787 1
899 1
235 0
89 1
67 0
325 0
402 2
246 0
1072 1
1073 3
833 2
33 1
1142 2
444 0
387 1
718 1
897 1
1002 1
888 0
1118 0
1054 2
369 2
434 2
857 3
546 3
712 1
256 0
1058 3
514 0
576 1
340 0
295 0
354 0
840 2
204 0
157 0
297 0
245 2
486 0
750 2
816 1
903 3
233 0
6 2
79 0
1069 3
348 1
70 0
844 1
866 0
966 3
187 0
716 3
1010 3
309 0
1076 3
963 2
1080 2
1024 3
49 0
648 2
898 3
114 0
179 1
677 2
1128 2
930 2
320 3
131 0
997 3
181 0
36 1
766 2
603 2
622 0
998 2
702 3
394 0
951 1
319 0
1160 3
1141 3
429 1
391 1
124 1
656 2
581 0
748 2
708 3
1090 3
549 1
917 2
882 3
906 2
885 3
537 2
111 0
694 0
1056 3
1043 3
296 0
21 0
996 3
592 2
785 3
118 0
14 0
136 0
990 1
891 3
238 0
1140 3
647 3
1051 3
1039 3
13 0
151 0
968 1
655 0
717 1
653 2
849 0
1138 3
413 0
18 0
645 2
878 3
404 0
561 1
471 2
462 3
353 0
249 2
606 2
207 1
901 1
201 0
457 1
476 1
293 1
398 0
521 1
371 3
824 1
65 0
395 2
437 1
1088 3
30 1
937 2
728 1
621 1
117 0
275 0
57 0
838 2
287 1
570 2
168 1
167 0
270 0
1098 3
206 0
373 1
210 2
1183 3
231 1
533 0
407 0
433 2
58 0
1035 2
244 3
921 2
689 0
377 2
211 1
1130 3
582 1
184 2
527 1
103 1
332 0
130 0
1164 3
1049 3
75 0
470 0
609 2
129 0
868 1
441 2
992 2
1153 3
744 1
298 1
101 0
735 2
511 2
165 0
565 2
1172 2
510 1
630 1
727 0
258 0
307 0
200 2
895 2
318 1
29 1
379 2
758 1
767 2
364 0
86 0
104 1
327 1
452 3
329 1
141 0
869 1
612 2
196 0
955 3
110 0
796 1
487 1
273 0
304 1
44 0
1135 2
102 2
164 1
262 1
705 1
823 1
358 0
418 2
156 0
363 2
995 3
670 2
113 1
663 2
313 0
1093 3
463 1
1100 3
225 1
203 0
584 2
1113 2
162 0
662 3
479 1
9 0
775 3
449 0
24 0
688 0
360 1
1155 1
1156 3
186 0
182 0
541 1
509 1
302 0
1084 3
908 0
100 1
448 0
133 0
12 0
230 0
447 0
268 0
764 3
1102 3
564 3
566 1
1175 3
417 3
1063 3
611 0
316 2
460 1
846 2
243 0
306 1
1185 3
802 2
724 0
15 0
443 0
920 3
668 3
680 2
1169 1
820 1
500 2
1032 3
94 0
1061 2
944 2
1037 1
137 0
497 1
615 3
880 1
209 1
1009 3
173 0
529 1
812 1
343 0
483 1
242 2
635 0
1015 2
848 3
37 0
1065 3
1068 3
257 2
506 2
915 1
440 1
352 1
532 1
218 1
947 1
60 0
341 3
198 0
715 3
1121 1
132 2
1149 1
1117 2
491 3
458 0
988 2
328 1
326 0
10 0
950 3
793 1
706 0
142 0
317 1
768 2
940 3
1047 2
1144 3
700 3
654 3
517 3
177 0
938 3
323 0
152 3
636 2
956 2
1111 3
139 1
223 0
819 2
772 2
228 0
32 1
707 1
874 2
664 1
1042 2
265 2
850 2
1007 1
216 1
1034 2
330 0
883 3
974 2
109 1
722 3
695 1
828 2
675 2
144 0
148 0
1097 3
831 3
736 2
239 1
669 3
370 1
714 3
446 1
739 2
870 2
384 2
572 1
176 3
337 0
759 1
34 0
679 2
501 3
138 3
259 0
197 0
166 0
286 0
886 0
432 1
459 0
477 1
215 0
366 1
1162 1
105 1
856 1
1112 3
474 0
1114 3
660 2
1092 3
362 0
41 0
961 3
97 1
525 1
495 0
613 2
96 0
703 2
25 2
416 0
480 0
76 1
687 1
725 3
356 3
932 3
1046 2
161 3
504 3
691 1
941 3
381 0
806 2
659 2
22 0
627 1
667 3
331 1
19 0
83 0
1166 1
1006 3
112 0
964 2
1023 3
420 0
910 2
288 0
783 3
545 1
61 0
314 1
554 0
2 0
1119 3
87 1
538 1
120 0
652 2
123 0
464 2
146 0
382 2
762 3
661 2
7 2
578 2
619 3
539 3
290 0
17 0
31 0
99 0
199 0
292 1
892 1
871 0
743 1
255 1
82 1
383 2
1129 3
884 1
294 0
779 1
696 1
380 2
46 0
54 0
95 1
59 0
593 1
180 1
28 0
528 0
726 1
646 1
865 1
1116 2
573 0
1014 1
278 0
925 3
1030 1
229 0
813 2
78 0
588 1
426 3
208 1
271 0
982 2
1003 2
1 1
336 1
1136 3
45 0
465 1
1134 3
140 2
852 3
1181 3
498 2
800 3
550 2
887 2
666 2
410 2
803 2
236 3
935 1
1048 2
643 3
709 2
845 1
397 2
731 2
147 0
534 2
953 2
556 0
411 1
607 2
393 1
1027 3
1154 2
760 1
923 1
861 1
414 0
673 1
1146 1
671 3
754 2
553 2
171 1
733 2
310 1
71 1
1026 3
351 2
804 1
807 2
1157 2
357 1
5 0
825 3
1022 3
1109 2
205 0
672 2
135 0
53 0
425 1
312 1
904 1
916 3
1103 3
492 1
942 3
126 1
1145 3
948 2
957 3
569 2
367 2
989 3
496 1
763 2
894 2
962 2
542 1
791 0
841 1
876 1
482 1
596 1
1186 2
860 2
143 0
276 1
321 2
907 1
587 1
928 2
1094 2
1126 3
345 1
127 0
847 1
858 3
42 0
149 2
555 3
927 3
455 0
467 2
986 0
774 2
1171 2
972 2
557 2
1064 3
931 3
23 2
552 1
1095 2
782 1
524 0
392 0
365 0
427 1
624 1
614 1
641 1
39 0
386 3
794 3
51 0
347 0
128 0
261 1
1045 2
854 3
494 0
684 2
523 2
62 0
466 2
478 3
224 0
116 3
909 1
1055 3
780 2
346 1
939 2
344 1
970 3
790 3
119 0
153 0
559 2
43 0
399 2
589 3
1008 3
634 2
633 2
543 1
1168 2
620 3
185 0
68 3
1124 2
601 0
516 1
769 2
1078 3
875 2
814 2
305 0
1147 3
493 3
984 2
1123 3
150 0
657 0
579 2
784 2
637 2
311 0
1091 3
893 3
842 2
547 3
918 3
732 2
757 2
994 3
35 2
91 1
1017 3
361 0
720 2
808 2
435 3
8 0
1050 2
698 2
1178 3
1122 3
929 3
697 1
1139 1
1059 3
599 1
372 0
983 2
473 1
747 0
98 2
1120 2
80 2
761 3
638 3
602 1
1087 2
219 0
193 1
419 2
16 3
809 1
11 1
505 2
451 2
1089 3
1038 3
1011 3
755 3
623 3
890 3
1081 2
943 3
749 3
1075 2
4 0
676 0
1033 3
106 2
628 3
798 2
519 2
1188 2
900 2
644 2
590 1
507 2
518 1
192 1
926 3
436 3
431 3
213 0
214 0
513 2
952 2
805 3
751 1
122 0
269 3
291 1
1036 3
692 3
1176 2
333 3
237 1
781 3
1165 3
48 0
50 0
1173 1
90 0
56 1
969 3
936 1
954 2
914 3
1044 3
183 0
1104 3
799 3
701 2
1189 3
1099 3
1018 3
827 3
1040 3
390 2
993 2
1148 3
250 0
650 3
424 1
277 1
631 1
560 1
1159 1
349 1
334 2
981 3
469 2
1133 3
1127 3
456 1
1170 2
711 3
40 0
159 1
562 2
503 1
686 0
490 3
610 3
1052 3
958 3
987 1
855 1
665 2
160 0
248 0
797 0
415 0
608 2
430 1
594 3
1012 3
468 1
879 1
303 0
241 2
889 2
683 1
485 0
681 3
682 1
403 2
745 2
232 0
280 1
959 3
642 3
251 0
502 0
973 2
977 3
1057 2
481 1
752 1
902 2
773 3
822 2
401 1
1067 3
896 3
640 1
220 0
375 2
92 0
563 1
639 3
778 2
450 2
598 3
1025 3
617 2
73 0
1021 3
1115 3
746 0
66 0
1019 2
266 0
74 0
723 3
971 2
919 2
729 3
63 1
3 0
810 1
283 1
301 1
47 2
274 0
508 0
829 1
264 0
27 0
1082 2
975 1
862 2
817 0
863 3
777 3
254 1
1053 3
738 3
1107 1
115 1
84 0
195 3
535 2
285 0
851 3
575 1
985 2
1125 3
191 0
1016 3
324 0
279 0
934 2
976 3
406 2
1096 3
227 0
567 1
1105 3
872 2
832 3
604 1
1177 3
355 3
221 0
189 2
792 1
826 1
154 0
600 1
1182 3
1174 3
786 3
125 1
405 1
999 3
1077 3
591 3
1161 2
839 1
409 0
980 3
1083 3
512 3
756 2
830 3
252 3
905 2
551 2
1150 3
1020 3
88 0
1152 3
770 2
585 0
912 2
93 2
1180 3
1158 1
837 2
867 3
240 2
1066 3
1004 2
753 3
461 2
690 3
376 0
489 3
946 2
965 1
815 3
445 0
475 1
960 2
267 0
368 3
1086 3
1110 2
740 1
374 1
945 1
212 1
922 1
713 1
913 2
730 1
145 0
629 2
385 1
1029 2
859 2
924 1
991 1
38 0
388 0
574 1
685 1
69 0
108 0
428 1
811 3
20 0
300 0
853 0
222 0
194 2
439 1
789 3
818 2
247 1
618 1
881 2
175 0
169 0
484 2
704 3
978 3
522 0
335 2
499 1
342 2
1079 3
282 0
163 2
1013 3
412 0
1151 3
933 2
234 1
1005 2
742 2
284 3
626 2
540 0
520 2
1184 2
1000 2
158 1
771 1
299 0
1071 3
322 1
721 2
558 2
699 3
289 2
583 0
338 0
835 3
536 1
1179 3
1163 3
1101 3
396 1
55 0
281 0
741 3
949 2
795 2