97 0.15289020256022445 0.04700075443274754 0.020208061346824555 0.14664796606175085 0.15289020299795664 0.08347487452019953 0.08347487462953775 0.2181845423163406 0.5775507100724323 0.14685888772015773 0.08347487503376137 0.5294041320822355 0.5775507098924403 0.33073357745945225 0.07104887017752569 0.6212517163687167 0.21818454283268365 0.0710488700444603 0.07104887047421952 0.5775507100632439
68 0.15400462373523247 0.039648952441288986 -0.030481422021150697 0.013011845344420564 0.1540046241190576 0.32419458984221905 0.3241945897780164 0.2777987806615124 0.06985603656559913 0.017448684755680757 0.3241945900579019 0.06897077362116316 0.06985603661964672 0.20056305493874002 0.6868453160084144 0.07104887013573548 0.2777987805975189 0.6868453155567977 0.6868453154275427 0.06985603685334581
171 0.22593756575249951 0.14983709143131754 0.18603555908981606 0.20775575492662654 0.22593756638252085 0.5642582836849692 0.5642582837945418 0.2608793806527326 0.11061810141472213 0.1941164427732007 0.5642582836639286 0.1571639878029545 0.11061810135789413 0.6951891700225332 0.13206692138521184 0.11523808727113598 0.26087937990254445 0.1320669214946829 0.1320669209567866 0.11061810192611617
21 0.3006214902947989 0.2798396464535595 0.3602422834606975 0.9031765155400208 0.3006214911438342 0.16054789099497258 0.16054789086390894 0.06764817649725893 0.20189746822788185 0.7056141148754296 0.16054789219370505 0.1577684068501093 0.20189746787733134 0.08610236292743977 -0.008290948184648652 0.16005499795998557 0.0676481788425766 -0.008290948173167166 -0.00829094744519219 0.20189746732153624
44 0.16393299182777546 0.6048303065745247 0.4206722044816525 0.706697904522778 0.16393299259448338 0.12123586930998637 0.12123586906344422 -0.013498601877782936 0.013964601600159655 0.8529023309492404 0.12123587114050322 -0.04856351732490818 0.013964601202604385 0.050178825332161975 -0.0035803265561215702 -0.08034523950733623 -0.013498597964268132 -0.0035803267018394767 -0.0035803252708408724 0.013964600144835974
210 0.27067838175028197 0.03857602715566852 -0.03555489055514421 0.08546570780882658 0.27067838226838437 0.2405200188394183 0.24052001889843486 0.6795554540144464 0.24016147096841436 0.06319141222092513 0.24052001929939945 0.26433910932714405 0.24016147092963752 0.4693048182576824 0.2777987807662905 0.21818454259728445 0.6795554544267292 0.277798780450694 0.2777987807147013 0.2401614710223583
129 0.2658001463185195 0.25815026135772434 0.157101946656302 0.15048666153163692 0.2658001467647241 0.6220358586557363 0.6220358589429567 0.25807159733465196 0.09641190936443951 0.161594035138234 0.6220358592695993 0.09531775123692544 0.0964119095447039 0.43438264803512355 0.24533743437131036 0.09707246261012877 0.2580715975569351 0.24533743430162794 0.24533743429411245 0.09641190960661279
136 0.7205051369660797 0.3631874342755529 0.28892027004491316 0.2542865597081976 0.7205051384035639 0.28142990835693876 0.28142990837301646 0.2706783815427776 0.1592968251467696 0.24171762056234847 0.2814299089543231 0.16622550063302055 0.15929682501703482 0.20211037350904748 0.15400462395755388 0.15289020281893984 0.27067838232489355 0.15400462361896133 0.15400462392738407 0.1592968253643179
36 0.25331612516849666 0.5671337120949238 0.3104153254914721 0.5915236307316104 0.2533161256077953 0.12917536279439384 0.129175363191742 0.07692804454874447 0.10960771927653008 0.9647952635677726 0.1291753629169501 0.192061479927229 0.10960771925351001 0.031860337302494275 0.026179277514270665 0.10673957420640004 0.07692804390275064 0.026179277356576824 0.026179276916237493 0.10960771978302633
144 0.27067838175028197 0.03857602715566852 -0.03555489055514421 0.08546570780882658 0.27067838226838437 0.2405200188394183 0.24052001889843486 0.6795554540144464 0.24016147096841436 0.06319141222092513 0.24052001929939945 0.26433910932714405 0.24016147092963752 0.4693048182576824 0.2777987807662905 0.21818454259728445 0.6795554544267292 0.277798780450694 0.2777987807147013 0.2401614710223583
154 0.276201441225913 0.2757537321591153 0.15048283534545873 0.1437779533110805 0.27620144175289496 0.6210487105476109 0.6210487106196501 0.29150249708596937 0.08842917532935253 0.1551614793728614 0.6210487109358936 0.1017414051116782 0.08842917537734145 0.3613063626378816 0.2551377269930899 0.07214484762034992 0.2915024972706256 0.2551377269789901 0.25513772675958474 0.0884291754481562
194 0.7075344423905654 0.2714596378346641 0.22183310389901972 0.2689650765206714 0.7075344433597723 0.06767656588781694 0.06767656655570398 0.29105333122886967 0.2165449912121612 0.2913447324486758 0.06767656514801902 0.5071862728335155 0.21654499134615685 0.010922782349440063 0.0743692860415663 0.14068542097144293 0.29105332805842105 0.0743692859405006 0.07436928451436031 0.21654499284306775
29 0.15323619886533552 0.5373060493740562 0.3595091667641121 0.7161892085322034 0.1532361994462438 0.08821149686749412 0.08821149670310875 -0.014551207591909967 0.016856750088952446 0.9243847035227805 0.08821149829803125 -0.02631170561447 0.01685674982568647 0.0397469351080978 -0.00012187718954694872 -0.05276614355168197 -0.014551204681149899 -0.00012187734231295215 -0.00012187630494450378 0.01685674904096053
125 0.15929682459682226 0.04680993360890476 0.01962695371532791 0.14677760211450774 0.1592968252953142 0.08040457816969138 0.08040457824245095 0.24016147076326888 0.5757582661462948 0.14663911811623082 0.08040457863899064 0.5706363016254841 0.5757582659716718 0.3171013340596752 0.06985603680368513 0.5775507099429262 0.24016147133079357 0.06985603665816598 0.06985603697830811 0.5757582660298795
56 0.19978135031300007 0.7365625937776572 0.4262113694442294 0.6285904411961405 0.19978135082902104 0.1683093879115266 0.16830938784016586 0.03692774003478877 0.032569373484642 0.812175753463831 0.16830938902103973 0.016986988537789693 0.03256937319250864 0.043923728631713704 0.019495697442823447 -0.010140187162698754 0.03692774225440321 0.019495697209932997 0.01949569792430401 0.03256937285871719
183 0.15400462373523247 0.039648952441288986 -0.030481422021150697 0.013011845344420564 0.1540046241190576 0.32419458984221905 0.3241945897780164 0.2777987806615124 0.06985603656559913 0.017448684755680757 0.3241945900579019 0.06897077362116316 0.06985603661964672 0.20056305493874002 0.6868453160084144 0.07104887013573548 0.2777987805975189 0.6868453155567977 0.6868453154275427 0.06985603685334581
116 0.15289020256022445 0.04700075443274754 0.020208061346824555 0.14664796606175085 0.15289020299795664 0.08347487452019953 0.08347487462953775 0.2181845423163406 0.5775507100724323 0.14685888772015773 0.08347487503376137 0.5294041320822355 0.5775507098924403 0.33073357745945225 0.07104887017752569 0.6212517163687167 0.21818454283268365 0.0710488700444603 0.07104887047421952 0.5775507100632439
34 0.1801692089587151 0.6982553721333549 0.3907572669108783 0.7256502885551966 0.18016920956683855 0.17357604198838283 0.17357604201005375 0.03346810163957198 0.013447061026111429 0.763532793308818 0.1735760435691098 -0.03068357638137751 0.013447060650110679 0.06566163602185454 0.020708036810087038 -0.04699395155327055 0.033468104690070465 0.02070803651859767 0.020708037587663295 0.013447059909700824
58 0.2701775411842725 0.7128433596856976 0.36103010404622116 0.6565663112500058 0.2701775417550554 0.22681973345852166 0.22681973345617146 0.10120731118021281 0.07552902269074398 0.7433782645236187 0.2268197344868678 0.0762593593380752 0.07552902248552598 0.06504283180107398 0.040167316386400566 0.04572589488452846 0.10120731286893897 0.04016731611535307 0.04016731657536156 0.07552902230631123
26 0.19349385896040663 0.5673494073156763 0.3546932538064707 0.6323564379764033 0.19349385932924995 0.11197058872540165 0.11197058884673397 0.022305013681281464 0.05829506448519256 0.9882817504544904 0.11197058937216688 0.07743663572117639 0.058295064366537704 0.03914376733926187 0.012199733285778024 0.03454803336233144 0.02230501441193815 0.01219973316937097 0.01219973335970614 0.058295064348090106
128 0.18871652057193064 0.032639701315822986 -0.022727138804179873 0.07413882713904324 0.18871652124425814 0.2830236815353593 0.28302368165677483 0.4227431122650344 0.3229525667894794 0.07264026449429023 0.28302368192479016 0.2771016835139154 0.32295256673064526 0.818725618798187 0.19703838926811637 0.3747183090537225 0.42274311249983526 0.19703838903370613 0.19703838926061232 0.32295256708916814
191 0.27067838175028197 0.03857602715566852 -0.03555489055514421 0.08546570780882658 0.27067838226838437 0.2405200188394183 0.24052001889843486 0.6795554540144464 0.24016147096841436 0.06319141222092513 0.24052001929939945 0.26433910932714405 0.24016147092963752 0.4693048182576824 0.2777987807662905 0.21818454259728445 0.6795554544267292 0.277798780450694 0.2777987807147013 0.2401614710223583
78 0.23347492766409753 0.17404722482173746 0.1798039086069568 0.19417415159937967 0.2334749281744103 0.582871968077416 0.5828719681073032 0.2536535145725423 0.10975768910751185 0.18965318546565194 0.5828719680125497 0.13726216379521913 0.10975768904529032 0.650364566223251 0.15466255339870078 0.11908355781607524 0.25365351390124674 0.1546625533062922 0.15466255299898174 0.10975768946355985
96 0.15289020256022445 0.04700075443274754 0.020208061346824555 0.14664796606175085 0.15289020299795664 0.08347487452019953 0.08347487462953775 0.2181845423163406 0.5775507100724323 0.14685888772015773 0.08347487503376137 0.5294041320822355 0.5775507098924403 0.33073357745945225 0.07104887017752569 0.6212517163687167 0.21818454283268365 0.0710488700444603 0.07104887047421952 0.5775507100632439
114 0.7075344423905654 0.2714596378346641 0.22183310389901972 0.2689650765206714 0.7075344433597723 0.06767656588781694 0.06767656655570398 0.29105333122886967 0.2165449912121612 0.2913447324486758 0.06767656514801902 0.5071862728335155 0.21654499134615685 0.010922782349440063 0.0743692860415663 0.14068542097144293 0.29105332805842105 0.0743692859405006 0.07436928451436031 0.21654499284306775
120 0.15289020256022445 0.04700075443274754 0.020208061346824555 0.14664796606175085 0.15289020299795664 0.08347487452019953 0.08347487462953775 0.2181845423163406 0.5775507100724323 0.14685888772015773 0.08347487503376137 0.5294041320822355 0.5775507098924403 0.33073357745945225 0.07104887017752569 0.6212517163687167 0.21818454283268365 0.0710488700444603 0.07104887047421952 0.5775507100632439
221 0.15400462373523247 0.039648952441288986 -0.030481422021150697 0.013011845344420564 0.1540046241190576 0.32419458984221905 0.3241945897780164 0.2777987806615124 0.06985603656559913 0.017448684755680757 0.3241945900579019 0.06897077362116316 0.06985603661964672 0.20056305493874002 0.6868453160084144 0.07104887013573548 0.2777987805975189 0.6868453155567977 0.6868453154275427 0.06985603685334581
205 0.7205051369660797 0.3631874342755529 0.28892027004491316 0.2542865597081976 0.7205051384035639 0.28142990835693876 0.28142990837301646 0.2706783815427776 0.1592968251467696 0.24171762056234847 0.2814299089543231 0.16622550063302055 0.15929682501703482 0.20211037350904748 0.15400462395755388 0.15289020281893984 0.27067838232489355 0.15400462361896133 0.15400462392738407 0.1592968253643179
200 0.18871652057193064 0.032639701315822986 -0.022727138804179873 0.07413882713904324 0.18871652124425814 0.2830236815353593 0.28302368165677483 0.4227431122650344 0.3229525667894794 0.07264026449429023 0.28302368192479016 0.2771016835139154 0.32295256673064526 0.818725618798187 0.19703838926811637 0.3747183090537225 0.42274311249983526 0.19703838903370613 0.19703838926061232 0.32295256708916814
216 0.15400462373523247 0.039648952441288986 -0.030481422021150697 0.013011845344420564 0.1540046241190576 0.32419458984221905 0.3241945897780164 0.2777987806615124 0.06985603656559913 0.017448684755680757 0.3241945900579019 0.06897077362116316 0.06985603661964672 0.20056305493874002 0.6868453160084144 0.07104887013573548 0.2777987805975189 0.6868453155567977 0.6868453154275427 0.06985603685334581
187 0.15400462373523247 0.039648952441288986 -0.030481422021150697 0.013011845344420564 0.1540046241190576 0.32419458984221905 0.3241945897780164 0.2777987806615124 0.06985603656559913 0.017448684755680757 0.3241945900579019 0.06897077362116316 0.06985603661964672 0.20056305493874002 0.6868453160084144 0.07104887013573548 0.2777987805975189 0.6868453155567977 0.6868453154275427 0.06985603685334581
9 0.20803426316664048 0.5159649025706702 0.3781635449100047 0.8843883638667014 0.2080342639438374 0.11068801107325967 0.11068801098943833 0.004844669239877594 0.04363333904976029 0.784432517834964 0.11068801256390359 0.0052536729826474 0.043633338854237945 0.03516469343510459 -0.006198580838763988 -0.019066593909960676 0.004844672283079423 -0.006198580994553015 -0.006198580013761781 0.043633338080899094
158 0.27067838175028197 0.03857602715566852 -0.03555489055514421 0.08546570780882658 0.27067838226838437 0.2405200188394183 0.24052001889843486 0.6795554540144464 0.24016147096841436 0.06319141222092513 0.24052001929939945 0.26433910932714405 0.24016147092963752 0.4693048182576824 0.2777987807662905 0.21818454259728445 0.6795554544267292 0.277798780450694 0.2777987807147013 0.2401614710223583
47 0.2542865592137463 0.3296459244866326 0.27674853399075017 0.9623683088067516 0.25428655985911336 0.12463338970449689 0.1246333898395111 0.0854657074479387 0.1467776021793502 0.7648491043116888 0.12463339033799381 0.14680413689094934 0.14677760215062327 0.06977371985517151 0.01301184539752499 0.1466479660617671 0.08546570818473773 0.013011845286862618 0.013011845391138923 0.14677760196162004
220 0.15400462373523247 0.039648952441288986 -0.030481422021150697 0.013011845344420564 0.1540046241190576 0.32419458984221905 0.3241945897780164 0.2777987806615124 0.06985603656559913 0.017448684755680757 0.3241945900579019 0.06897077362116316 0.06985603661964672 0.20056305493874002 0.6868453160084144 0.07104887013573548 0.2777987805975189 0.6868453155567977 0.6868453154275427 0.06985603685334581
61 0.27067838175028197 0.03857602715566852 -0.03555489055514421 0.08546570780882658 0.27067838226838437 0.2405200188394183 0.24052001889843486 0.6795554540144464 0.24016147096841436 0.06319141222092513 0.24052001929939945 0.26433910932714405 0.24016147092963752 0.4693048182576824 0.2777987807662905 0.21818454259728445 0.6795554544267292 0.277798780450694 0.2777987807147013 0.2401614710223583
212 0.7205051369660797 0.3631874342755529 0.28892027004491316 0.2542865597081976 0.7205051384035639 0.28142990835693876 0.28142990837301646 0.2706783815427776 0.1592968251467696 0.24171762056234847 0.2814299089543231 0.16622550063302055 0.15929682501703482 0.20211037350904748 0.15400462395755388 0.15289020281893984 0.27067838232489355 0.15400462361896133 0.15400462392738407 0.1592968253643179
217 0.15400462373523247 0.039648952441288986 -0.030481422021150697 0.013011845344420564 0.1540046241190576 0.32419458984221905 0.3241945897780164 0.2777987806615124 0.06985603656559913 0.017448684755680757 0.3241945900579019 0.06897077362116316 0.06985603661964672 0.20056305493874002 0.6868453160084144 0.07104887013573548 0.2777987805975189 0.6868453155567977 0.6868453154275427 0.06985603685334581
53 0.2523856057961379 0.2556105648211004 0.18274145045126414 0.5547641374127023 0.2523856061010925 0.1372837375848401 0.13728373800162003 0.11666386107101614 0.2970763253261645 0.8995938266558445 0.13728373754200757 0.31053305122773883 0.29707632537665263 0.1579890141157359 0.046710151879868454 0.34877827451422166 0.11666386024519419 0.04671015171991722 0.04671015134835428 0.29707632595588124
10 0.15879501441946364 0.5092554976233147 0.3093206183247147 0.7704833853975913 0.15879501509277422 0.10929487633429984 0.10929487620019833 0.0005529957616210677 0.01334641329253792 0.9036773595525158 0.10929487765820703 -0.027637859800714558 0.013346413028371291 0.07460641674842285 0.015259699309327692 -0.051980649657729965 0.0005529986887671456 0.015259699128110298 0.015259700122874698 0.013346412234307018
59 0.22805549928273317 0.49254664238039886 0.32767617935180315 0.8898042080506499 0.22805549999074215 0.112695370742825 0.11269537080135743 0.03638789160071323 0.06726909301683107 0.8144552982558159 0.11269537174873688 0.055742199792941725 0.06726909279540742 0.040188461962993055 0.004755403121935343 0.03680076983021113 0.036387893450915795 0.004755402946151925 0.004755403461971361 0.06726909251162369
149 0.28827855056041274 0.3454666395889389 0.1328382507034001 0.10613382485764696 0.2882785510268217 0.5815859352652574 0.5815859352356078 0.19614985205116295 0.05766401494999438 0.0909727225392176 0.5815859353232435 0.07274210228353255 0.05766401519197197 0.1237319246204909 0.42098902295127977 0.07146055029904963 0.19614985174581412 0.42098902256292364 0.4209890222063171 0.057664015481314584
192 0.7205051369660797 0.3631874342755529 0.28892027004491316 0.2542865597081976 0.7205051384035639 0.28142990835693876 0.28142990837301646 0.2706783815427776 0.1592968251467696 0.24171762056234847 0.2814299089543231 0.16622550063302055 0.15929682501703482 0.20211037350904748 0.15400462395755388 0.15289020281893984 0.27067838232489355 0.15400462361896133 0.15400462392738407 0.1592968253643179
106 0.2658001463185195 0.25815026135772434 0.157101946656302 0.15048666153163692 0.2658001467647241 0.6220358586557363 0.6220358589429567 0.25807159733465196 0.09641190936443951 0.161594035138234 0.6220358592695993 0.09531775123692544 0.0964119095447039 0.43438264803512355 0.24533743437131036 0.09707246261012877 0.2580715975569351 0.24533743430162794 0.24533743429411245 0.09641190960661279
46 0.22421963518690205 0.5655398460383436 0.40282088048439857 0.935560016323312 0.22421963598703054 0.18808584590704402 0.18808584576877183 0.04226414114402764 0.024026833209924058 0.5878414837836446 0.18808584767818606 -0.03284492899661179 0.024026832834468978 0.07620270648252073 0.005040405642567028 -0.0415753335142064 0.04226414452922994 0.0050404054174689765 0.0050404065878867236 0.024026831866831435
215 0.28142990813278834 0.30858732699240415 0.14308326181108044 0.12463338982302395 0.2814299085104575 0.6197686106147479 0.619768610453241 0.24052001872807768 0.08040457825385404 0.1321635047845916 0.6197686108432726 0.07666850906045598 0.08040457823369629 0.2780439380015642 0.32419458974029086 0.08347487460079334 0.24052001879691015 0.3241945897264586 0.3241945894814922 0.08040457835147698
142 0.15400462373523247 0.039648952441288986 -0.030481422021150697 0.013011845344420564 0.1540046241190576 0.32419458984221905 0.3241945897780164 0.2777987806615124 0.06985603656559913 0.017448684755680757 0.3241945900579019 0.06897077362116316 0.06985603661964672 0.20056305493874002 0.6868453160084144 0.07104887013573548 0.2777987805975189 0.6868453155567977 0.6868453154275427 0.06985603685334581
117 0.15289020256022445 0.04700075443274754 0.020208061346824555 0.14664796606175085 0.15289020299795664 0.08347487452019953 0.08347487462953775 0.2181845423163406 0.5775507100724323 0.14685888772015773 0.08347487503376137 0.5294041320822355 0.5775507098924403 0.33073357745945225 0.07104887017752569 0.6212517163687167 0.21818454283268365 0.0710488700444603 0.07104887047421952 0.5775507100632439
62 0.27067838175028197 0.03857602715566852 -0.03555489055514421 0.08546570780882658 0.27067838226838437 0.2405200188394183 0.24052001889843486 0.6795554540144464 0.24016147096841436 0.06319141222092513 0.24052001929939945 0.26433910932714405 0.24016147092963752 0.4693048182576824 0.2777987807662905 0.21818454259728445 0.6795554544267292 0.277798780450694 0.2777987807147013 0.2401614710223583
147 0.7205051369660797 0.3631874342755529 0.28892027004491316 0.2542865597081976 0.7205051384035639 0.28142990835693876 0.28142990837301646 0.2706783815427776 0.1592968251467696 0.24171762056234847 0.2814299089543231 0.16622550063302055 0.15929682501703482 0.20211037350904748 0.15400462395755388 0.15289020281893984 0.27067838232489355 0.15400462361896133 0.15400462392738407 0.1592968253643179
100 0.15289020256022445 0.04700075443274754 0.020208061346824555 0.14664796606175085 0.15289020299795664 0.08347487452019953 0.08347487462953775 0.2181845423163406 0.5775507100724323 0.14685888772015773 0.08347487503376137 0.5294041320822355 0.5775507098924403 0.33073357745945225 0.07104887017752569 0.6212517163687167 0.21818454283268365 0.0710488700444603 0.07104887047421952 0.5775507100632439
41 0.25594263705909936 0.47711484390604597 0.4009029145605654 0.9184935634869651 0.2559426380690846 0.1838838499938051 0.1838838498093023 0.03498118946987165 0.06412780319894708 0.6796506358027057 0.1838838516176295 0.0065829938581593575 0.0641278029277495 0.09045779242970549 -0.00382213102516515 -0.004160076996547231 0.03498119275104625 -0.003822131188237787 -0.003822129977478584 0.06412780201259005
28 0.26762661604462035 0.642298002340788 0.3825127819785343 0.6860754119319089 0.2676266168457416 0.24246085654143185 0.24246085638885484 0.0912999653386943 0.09898267198151092 0.7482735277863602 0.2424608577768611 0.07889274498448774 0.09898267180836035 0.09768319496278512 0.026635527291066146 0.05332940727587225 0.09129996764531907 0.026635527009898997 0.026635527783203307 0.09898267129387632
172 0.15400462373523247 0.039648952441288986 -0.030481422021150697 0.013011845344420564 0.1540046241190576 0.32419458984221905 0.3241945897780164 0.2777987806615124 0.06985603656559913 0.017448684755680757 0.3241945900579019 0.06897077362116316 0.06985603661964672 0.20056305493874002 0.6868453160084144 0.07104887013573548 0.2777987805975189 0.6868453155567977 0.6868453154275427 0.06985603685334581
85 0.7205051369660797 0.3631874342755529 0.28892027004491316 0.2542865597081976 0.7205051384035639 0.28142990835693876 0.28142990837301646 0.2706783815427776 0.1592968251467696 0.24171762056234847 0.2814299089543231 0.16622550063302055 0.15929682501703482 0.20211037350904748 0.15400462395755388 0.15289020281893984 0.27067838232489355 0.15400462361896133 0.15400462392738407 0.1592968253643179
6 0.1512314033191652 0.616322817157912 0.43933701626130783 0.7630050755811804 0.1512314042140511 0.11159285727447266 0.1115928568997789 -0.018845658755095605 0.004890513627103156 0.7770177824272231 0.1115928592066729 -0.06623740097121514 0.004890513270871088 0.03990097044798219 -0.008600501774003802 -0.09885390960716824 -0.01884565443691971 -0.00860050198298954 -0.008600500398589271 0.004890512024098288
19 0.2426748606160923 0.37979581507068516 0.28743892225746587 0.7559176416367233 0.24267486125046578 0.1316737204801741 0.1316737205957745 0.05228697859704905 0.155904744344439 0.9476178848391048 0.13167372102826347 0.14106483103672807 0.1559047440335935 0.08878800452242146 0.01727801409910241 0.1571268326661565 0.052286979459748154 0.017278014011249974 0.017278014228000113 0.15590474417895217
18 0.17090101436632493 0.5595095206103435 0.3859495961742164 0.7743424933198512 0.17090101510473732 0.09611989580934265 0.09611989557199417 -0.012857964776315246 0.020958726066648278 0.8562167716582106 0.09611989738232486 -0.02789746687202042 0.020958725802724624 0.0352643427465498 -0.005245530605330992 -0.05568450852639652 -0.012857961441857042 -0.005245530771194954 -0.005245529594028419 0.020958724888740402
24 0.1802316328969224 0.6590541149506306 0.45364473084776635 0.749593948458752 0.18023163358821395 0.149669064492901 0.1496690642251986 0.00976421008494838 0.02604098585350722 0.765994071259117 0.14966906611090175 -0.024504675294692687 0.026040985421534237 0.044741272439098374 -0.0015584442583310941 -0.048826200629740316 0.009764213563219194 -0.0015584444837344774 -0.0015584432831968708 0.02604098453524762
135 0.27067838175028197 0.03857602715566852 -0.03555489055514421 0.08546570780882658 0.27067838226838437 0.2405200188394183 0.24052001889843486 0.6795554540144464 0.24016147096841436 0.06319141222092513 0.24052001929939945 0.26433910932714405 0.24016147092963752 0.4693048182576824 0.2777987807662905 0.21818454259728445 0.6795554544267292 0.277798780450694 0.2777987807147013 0.2401614710223583
162 0.7075344423905654 0.2714596378346641 0.22183310389901972 0.2689650765206714 0.7075344433597723 0.06767656588781694 0.06767656655570398 0.29105333122886967 0.2165449912121612 0.2913447324486758 0.06767656514801902 0.5071862728335155 0.21654499134615685 0.010922782349440063 0.0743692860415663 0.14068542097144293 0.29105332805842105 0.0743692859405006 0.07436928451436031 0.21654499284306775
150 0.28827855056041274 0.3454666395889389 0.1328382507034001 0.10613382485764696 0.2882785510268217 0.5815859352652574 0.5815859352356078 0.19614985205116295 0.05766401494999438 0.0909727225392176 0.5815859353232435 0.07274210228353255 0.05766401519197197 0.1237319246204909 0.42098902295127977 0.07146055029904963 0.19614985174581412 0.42098902256292364 0.4209890222063171 0.057664015481314584
167 0.15289020256022445 0.04700075443274754 0.020208061346824555 0.14664796606175085 0.15289020299795664 0.08347487452019953 0.08347487462953775 0.2181845423163406 0.5775507100724323 0.14685888772015773 0.08347487503376137 0.5294041320822355 0.5775507098924403 0.33073357745945225 0.07104887017752569 0.6212517163687167 0.21818454283268365 0.0710488700444603 0.07104887047421952 0.5775507100632439
7 0.28895333664136363 0.30801486397842176 0.33540823957641736 0.909245658212067 0.2889533374280831 0.15066660719716954 0.15066660720413905 0.07197702340472042 0.18917514823649648 0.7365200190456257 0.15066660839315818 0.1547614830265094 0.18917514794245233 0.08090155728394217 -0.0017231894828109557 0.1522636714789604 0.07197702554211281 -0.0017231896090818086 -0.0017231887551342234 0.18917514748516148
50 0.17689000866405233 0.4724979109559936 0.35420969078107334 0.7914757213690117 0.17689000941339514 0.09466629020339537 0.0946662899123338 -0.021180591892581348 0.02612145587638164 0.8980784578857999 0.09466629174902982 -0.02807531731654374 0.026121455510783095 0.04537173998567464 -0.005213525527419191 -0.054692260866942274 -0.021180588466640306 -0.005213525650002265 -0.005213524442563104 0.0261214545864045
57 0.21175119882557766 0.48722686862540177 0.32978668686673873 0.7617031914566669 0.21175119934954909 0.11310106015860441 0.1131010601625543 0.019970494795959054 0.07300596022006456 0.943323152683672 0.11310106106999343 0.05993503021902338 0.07300595999482949 0.05307534128578752 0.007553062411403385 0.0401624876733348 0.019970496548498393 0.007553062316051026 0.007553062797702464 0.07300595966418351
155 0.15400462373523247 0.039648952441288986 -0.030481422021150697 0.013011845344420564 0.1540046241190576 0.32419458984221905 0.3241945897780164 0.2777987806615124 0.06985603656559913 0.017448684755680757 0.3241945900579019 0.06897077362116316 0.06985603661964672 0.20056305493874002 0.6868453160084144 0.07104887013573548 0.2777987805975189 0.6868453155567977 0.6868453154275427 0.06985603685334581
90 0.16622550038249345 0.0468762212097301 0.01889497513865215 0.146804136890983 0.16622550051262963 0.07666850899200454 0.07666850893935309 0.2643391090207148 0.5706363017397996 0.14640434601594318 0.0766685094639571 0.616603585971535 0.5706363016191888 0.30032745780829867 0.06897077358726064 0.5294041320823608 0.26433910970538704 0.06897077348061763 0.0689707738285885 0.5706363016580094
1 0.24804004225788634 0.30530372293170793 0.2916134785694198 0.9226904736948771 0.2480400427472128 0.13173145617658547 0.13173145627467084 0.07003826800400384 0.16183627236988987 0.8066105589120696 0.13173145693386087 0.14632132067868212 0.16183627208212906 0.08495365879418126 0.010199016833761856 0.15597655458026238 0.07003826919082252 0.010199016779113267 0.010199017063769335 0.16183627204727521
35 0.2360254241874124 0.541038884140673 0.26607853940274434 0.9064196377531681 0.2360254248507545 0.1887553919113492 0.18875539199520608 0.11186295954265332 0.06335999999527214 0.7104857158604974 0.18875539282414044 0.03488783324045249 0.0633599997885023 0.10451301870118307 0.041791226793491155 0.07348337057749053 0.11186296098558206 0.04179122650407123 0.04179122686863624 0.06335999957487738
2 0.207032999731763 0.6656475078052893 0.40664717415914037 0.7040654961349833 0.20703300030599472 0.17197845615717322 0.17197845601070186 0.034934028910164075 0.042873431641810074 0.8167532231750644 0.17197845750745278 0.01322411247713106 0.04287343135884434 0.06189485284515648 0.013068794158742146 -0.012722020701232404 0.03493403153836287 0.01306879396391986 0.01306879481645544 0.04287343065428659
157 0.40318312087887925 0.8359073224811474 0.7098352784928352 0.2819862385351873 0.4031831214008509 0.28216598306584617 0.28216598315583985 0.03245764962992154 0.02733374889913901 0.3261334819489645 0.28216598322108605 0.04707376597719409 0.027333748673120366 0.006086689822262232 0.06209264140158889 0.0558288490406562 0.03245764940071329 0.062092641187056284 0.062092640912312154 0.027333749252258267
197 0.18871652057193064 0.032639701315822986 -0.022727138804179873 0.07413882713904324 0.18871652124425814 0.2830236815353593 0.28302368165677483 0.4227431122650344 0.3229525667894794 0.07264026449429023 0.28302368192479016 0.2771016835139154 0.32295256673064526 0.818725618798187 0.19703838926811637 0.3747183090537225 0.42274311249983526 0.19703838903370613 0.19703838926061232 0.32295256708916814
181 0.2486179404813453 0.21151236691201608 0.16978284090595833 0.17464383809791012 0.2486179408236316 0.6052916256661799 0.60529162571765 0.25945357693204996 0.10536575955956726 0.1795445710620848 0.6052916259644463 0.11733269332535208 0.10536575948623092 0.5592824570665904 0.19043385895030332 0.1093189618825712 0.2594535766706643 0.19043385891657813 0.1904338586818596 0.10536575970383207
79 0.15400462373523247 0.039648952441288986 -0.030481422021150697 0.013011845344420564 0.1540046241190576 0.32419458984221905 0.3241945897780164 0.2777987806615124 0.06985603656559913 0.017448684755680757 0.3241945900579019 0.06897077362116316 0.06985603661964672 0.20056305493874002 0.6868453160084144 0.07104887013573548 0.2777987805975189 0.6868453155567977 0.6868453154275427 0.06985603685334581
103 0.15400462373523247 0.039648952441288986 -0.030481422021150697 0.013011845344420564 0.1540046241190576 0.32419458984221905 0.3241945897780164 0.2777987806615124 0.06985603656559913 0.017448684755680757 0.3241945900579019 0.06897077362116316 0.06985603661964672 0.20056305493874002 0.6868453160084144 0.07104887013573548 0.2777987805975189 0.6868453155567977 0.6868453154275427 0.06985603685334581
87 0.2810127681945572 0.7135018169495791 0.9770773173444086 0.3025777155973884 0.28101276859978597 0.23337936432616685 0.23337936436593437 -0.01732627436908423 0.02454523709745783 0.3108895949478385 0.23337936475704754 0.026482234192658615 0.024545236955527926 -0.0039804322396059825 -0.022961193426563952 0.00850982229804542 -0.017326273939975143 -0.022961193336351052 -0.022961193182335086 0.024545237052043836
140 0.28827855056041274 0.3454666395889389 0.1328382507034001 0.10613382485764696 0.2882785510268217 0.5815859352652574 0.5815859352356078 0.19614985205116295 0.05766401494999438 0.0909727225392176 0.5815859353232435 0.07274210228353255 0.05766401519197197 0.1237319246204909 0.42098902295127977 0.07146055029904963 0.19614985174581412 0.42098902256292364 0.4209890222063171 0.057664015481314584
5 0.25950548526278006 0.3846964738146614 0.32820728380819886 0.7803158451411936 0.259505485615944 0.14978288054456715 0.1497828805339926 0.05855591667095533 0.17568629304783806 0.8793381118113647 0.14978288140400592 0.14934060461189938 0.17568629301708472 0.0815071944864115 0.006061711176369578 0.15317390510654483 0.05855591825909466 0.00606171107858369 0.0060617115507767 0.1756862926121156
182 0.2486179404813453 0.21151236691201608 0.16978284090595833 0.17464383809791012 0.2486179408236316 0.6052916256661799 0.60529162571765 0.25945357693204996 0.10536575955956726 0.1795445710620848 0.6052916259644463 0.11733269332535208 0.10536575948623092 0.5592824570665904 0.19043385895030332 0.1093189618825712 0.2594535766706643 0.19043385891657813 0.1904338586818596 0.10536575970383207
184 0.15400462373523247 0.039648952441288986 -0.030481422021150697 0.013011845344420564 0.1540046241190576 0.32419458984221905 0.3241945897780164 0.2777987806615124 0.06985603656559913 0.017448684755680757 0.3241945900579019 0.06897077362116316 0.06985603661964672 0.20056305493874002 0.6868453160084144 0.07104887013573548 0.2777987805975189 0.6868453155567977 0.6868453154275427 0.06985603685334581
48 0.14368207543808906 0.5976265616501671 0.39915124062778723 0.6931722366300721 0.14368207611170083 0.08511154268789356 0.08511154247917714 -0.019394728626232895 0.005953178425921253 0.8745515112835696 0.08511154438130536 -0.04885489300636717 0.005953178070680138 0.03248185975611406 -0.004878166114685942 -0.07871520929014297 -0.019394725105662675 -0.0048781663040230365 -0.004878165042530632 0.005953177129412908
38 0.2325172358757167 0.39724696237404594 0.30788711179781547 0.6512423153922133 0.23251723630967955 0.13793153426534283 0.13793153434151023 0.04007347925455613 0.15529694989106002 1.0102914137930896 0.1379315347648673 0.1576279175183873 0.15529694981798794 0.09095174989909477 0.017282423313034864 0.15586858427384354 0.04007347969967004 0.01728242337528956 0.017282423387995155 0.1552969498034063
219 0.28827855056041274 0.3454666395889389 0.1328382507034001 0.10613382485764696 0.2882785510268217 0.5815859352652574 0.5815859352356078 0.19614985205116295 0.05766401494999438 0.0909727225392176 0.5815859353232435 0.07274210228353255 0.05766401519197197 0.1237319246204909 0.42098902295127977 0.07146055029904963 0.19614985174581412 0.42098902256292364 0.4209890222063171 0.057664015481314584
95 0.15289020256022445 0.04700075443274754 0.020208061346824555 0.14664796606175085 0.15289020299795664 0.08347487452019953 0.08347487462953775 0.2181845423163406 0.5775507100724323 0.14685888772015773 0.08347487503376137 0.5294041320822355 0.5775507098924403 0.33073357745945225 0.07104887017752569 0.6212517163687167 0.21818454283268365 0.0710488700444603 0.07104887047421952 0.5775507100632439
180 0.15289020256022445 0.04700075443274754 0.020208061346824555 0.14664796606175085 0.15289020299795664 0.08347487452019953 0.08347487462953775 0.2181845423163406 0.5775507100724323 0.14685888772015773 0.08347487503376137 0.5294041320822355 0.5775507098924403 0.33073357745945225 0.07104887017752569 0.6212517163687167 0.21818454283268365 0.0710488700444603 0.07104887047421952 0.5775507100632439
22 0.2561512528066623 0.37402923367225605 0.28490591932481557 0.7784304567354166 0.2561512534146076 0.1310810164281231 0.13108101652212964 0.06010687190063557 0.1540877980141331 0.9267152195872438 0.13108101704657463 0.1492504894601713 0.15408779776585035 0.08640689970576478 0.014815586278126642 0.14529432501707137 0.060106872902090866 0.014815586225230243 0.014815586495358893 0.15408779779011977
173 0.15400462373523247 0.039648952441288986 -0.030481422021150697 0.013011845344420564 0.1540046241190576 0.32419458984221905 0.3241945897780164 0.2777987806615124 0.06985603656559913 0.017448684755680757 0.3241945900579019 0.06897077362116316 0.06985603661964672 0.20056305493874002 0.6868453160084144 0.07104887013573548 0.2777987805975189 0.6868453155567977 0.6868453154275427 0.06985603685334581
23 0.17027535567814547 0.47960369305435757 0.34584871585486926 0.8529811133364741 0.1702753563773122 0.09096928858027585 0.09096928832192622 -0.014976053492413018 0.020338660908654545 0.8421717526637854 0.09096929010274112 -0.028012500193052202 0.0203386605897762 0.04186652830072385 -0.0035507366068633054 -0.055198329975245944 -0.014976050121523293 -0.0035507367715320033 -0.003550735589406716 0.020338659698848613
190 0.27067838175028197 0.03857602715566852 -0.03555489055514421 0.08546570780882658 0.27067838226838437 0.2405200188394183 0.24052001889843486 0.6795554540144464 0.24016147096841436 0.06319141222092513 0.24052001929939945 0.26433910932714405 0.24016147092963752 0.4693048182576824 0.2777987807662905 0.21818454259728445 0.6795554544267292 0.277798780450694 0.2777987807147013 0.2401614710223583
52 0.1910093133671608 0.5966378518618999 0.4033729689762175 0.6843220381318396 0.19100931394789583 0.10851560092157303 0.10851560093552842 -6.566380093328803e-05 0.04002007398005713 0.9112795784468345 0.10851560226236295 0.01181172691495209 0.04002007370706663 0.033602904425833705 -0.0014458908005097733 -0.020021373548782365 -6.566117284381833e-05 -0.0014458909655471256 -0.0014458900806191206 0.040020073032783
98 0.15289020256022445 0.04700075443274754 0.020208061346824555 0.14664796606175085 0.15289020299795664 0.08347487452019953 0.08347487462953775 0.2181845423163406 0.5775507100724323 0.14685888772015773 0.08347487503376137 0.5294041320822355 0.5775507098924403 0.33073357745945225 0.07104887017752569 0.6212517163687167 0.21818454283268365 0.0710488700444603 0.07104887047421952 0.5775507100632439
148 0.7075344423905654 0.2714596378346641 0.22183310389901972 0.2689650765206714 0.7075344433597723 0.06767656588781694 0.06767656655570398 0.29105333122886967 0.2165449912121612 0.2913447324486758 0.06767656514801902 0.5071862728335155 0.21654499134615685 0.010922782349440063 0.0743692860415663 0.14068542097144293 0.29105332805842105 0.0743692859405006 0.07436928451436031 0.21654499284306775
175 0.15289020256022445 0.04700075443274754 0.020208061346824555 0.14664796606175085 0.15289020299795664 0.08347487452019953 0.08347487462953775 0.2181845423163406 0.5775507100724323 0.14685888772015773 0.08347487503376137 0.5294041320822355 0.5775507098924403 0.33073357745945225 0.07104887017752569 0.6212517163687167 0.21818454283268365 0.0710488700444603 0.07104887047421952 0.5775507100632439
211 0.7205051369660797 0.3631874342755529 0.28892027004491316 0.2542865597081976 0.7205051384035639 0.28142990835693876 0.28142990837301646 0.2706783815427776 0.1592968251467696 0.24171762056234847 0.2814299089543231 0.16622550063302055 0.15929682501703482 0.20211037350904748 0.15400462395755388 0.15289020281893984 0.27067838232489355 0.15400462361896133 0.15400462392738407 0.1592968253643179
153 0.276201441225913 0.2757537321591153 0.15048283534545873 0.1437779533110805 0.27620144175289496 0.6210487105476109 0.6210487106196501 0.29150249708596937 0.08842917532935253 0.1551614793728614 0.6210487109358936 0.1017414051116782 0.08842917537734145 0.3613063626378816 0.2551377269930899 0.07214484762034992 0.2915024972706256 0.2551377269789901 0.25513772675958474 0.0884291754481562
51 0.23734138517777256 0.4770471087172575 0.39562523005381134 0.909947535050937 0.23734138598622334 0.12066902160671379 0.12066902146055809 -0.00285844002335264 0.057458251862330965 0.7523627442340797 0.12066902324219066 0.0009191501718226018 0.0574582514779636 0.039247552287706364 -0.012691456843812886 -0.013925444743744316 -0.0028584365833698323 -0.012691456989631738 -0.012691455768158777 0.057458250569462375
37 0.35445562613046044 0.48546826704473717 0.18378126251135773 0.411574744324225 0.3544556265667059 0.14350081089313774 0.14350081139211604 0.18033226713530542 0.24179456521503365 0.810472894627758 0.14350081067952405 0.3020528556655666 0.24179456536179444 0.029472728221450757 0.06921187505245323 0.30468923149794447 0.18033226528760396 0.06921187470359315 0.06921187399325314 0.2417945662718958
218 0.28827855056041274 0.3454666395889389 0.1328382507034001 0.10613382485764696 0.2882785510268217 0.5815859352652574 0.5815859352356078 0.19614985205116295 0.05766401494999438 0.0909727225392176 0.5815859353232435 0.07274210228353255 0.05766401519197197 0.1237319246204909 0.42098902295127977 0.07146055029904963 0.19614985174581412 0.42098902256292364 0.4209890222063171 0.057664015481314584
105 0.2658001463185195 0.25815026135772434 0.157101946656302 0.15048666153163692 0.2658001467647241 0.6220358586557363 0.6220358589429567 0.25807159733465196 0.09641190936443951 0.161594035138234 0.6220358592695993 0.09531775123692544 0.0964119095447039 0.43438264803512355 0.24533743437131036 0.09707246261012877 0.2580715975569351 0.24533743430162794 0.24533743429411245 0.09641190960661279
146 0.7205051369660797 0.3631874342755529 0.28892027004491316 0.2542865597081976 0.7205051384035639 0.28142990835693876 0.28142990837301646 0.2706783815427776 0.1592968251467696 0.24171762056234847 0.2814299089543231 0.16622550063302055 0.15929682501703482 0.20211037350904748 0.15400462395755388 0.15289020281893984 0.27067838232489355 0.15400462361896133 0.15400462392738407 0.1592968253643179
151 0.15400462373523247 0.039648952441288986 -0.030481422021150697 0.013011845344420564 0.1540046241190576 0.32419458984221905 0.3241945897780164 0.2777987806615124 0.06985603656559913 0.017448684755680757 0.3241945900579019 0.06897077362116316 0.06985603661964672 0.20056305493874002 0.6868453160084144 0.07104887013573548 0.2777987805975189 0.6868453155567977 0.6868453154275427 0.06985603685334581
165 0.15289020256022445 0.04700075443274754 0.020208061346824555 0.14664796606175085 0.15289020299795664 0.08347487452019953 0.08347487462953775 0.2181845423163406 0.5775507100724323 0.14685888772015773 0.08347487503376137 0.5294041320822355 0.5775507098924403 0.33073357745945225 0.07104887017752569 0.6212517163687167 0.21818454283268365 0.0710488700444603 0.07104887047421952 0.5775507100632439
104 0.15400462373523247 0.039648952441288986 -0.030481422021150697 0.013011845344420564 0.1540046241190576 0.32419458984221905 0.3241945897780164 0.2777987806615124 0.06985603656559913 0.017448684755680757 0.3241945900579019 0.06897077362116316 0.06985603661964672 0.20056305493874002 0.6868453160084144 0.07104887013573548 0.2777987805975189 0.6868453155567977 0.6868453154275427 0.06985603685334581
145 0.27067838175028197 0.03857602715566852 -0.03555489055514421 0.08546570780882658 0.27067838226838437 0.2405200188394183 0.24052001889843486 0.6795554540144464 0.24016147096841436 0.06319141222092513 0.24052001929939945 0.26433910932714405 0.24016147092963752 0.4693048182576824 0.2777987807662905 0.21818454259728445 0.6795554544267292 0.277798780450694 0.2777987807147013 0.2401614710223583
49 0.2809095989784637 0.39132763270107784 0.3727328174498653 0.9011740378328286 0.2809095998565063 0.1359348138246032 0.1359348137085313 0.019079141723396958 0.10680829028271506 0.7814131567695184 0.13593481529522408 0.061583365942673995 0.1068082900167387 0.05782352301906839 -0.011557067484210183 0.041361744860149534 0.019079144703405708 -0.011557067578107243 -0.011557066570972288 0.10680828918715861
189 0.30932906312468633 0.6122134473213694 0.6498817484040974 0.4397799872952327 0.3093290638860809 0.3431198185670935 0.3431198185496998 0.03075248412769666 0.09149566082717948 0.5589258479249107 0.34311981966573507 0.06274453585997368 0.09149566062274854 0.12431815332501787 -0.004855547974612263 0.046003529376394306 0.030752486120317755 -0.004855548061981819 -0.004855547358842072 0.09149566028235835
113 0.7205051369660797 0.3631874342755529 0.28892027004491316 0.2542865597081976 0.7205051384035639 0.28142990835693876 0.28142990837301646 0.2706783815427776 0.1592968251467696 0.24171762056234847 0.2814299089543231 0.16622550063302055 0.15929682501703482 0.20211037350904748 0.15400462395755388 0.15289020281893984 0.27067838232489355 0.15400462361896133 0.15400462392738407 0.1592968253643179
110 0.27067838175028197 0.03857602715566852 -0.03555489055514421 0.08546570780882658 0.27067838226838437 0.2405200188394183 0.24052001889843486 0.6795554540144464 0.24016147096841436 0.06319141222092513 0.24052001929939945 0.26433910932714405 0.24016147092963752 0.4693048182576824 0.2777987807662905 0.21818454259728445 0.6795554544267292 0.277798780450694 0.2777987807147013 0.2401614710223583
202 0.33635417949501845 0.7666236199062118 0.6703475797966917 0.37353962311836375 0.3363541802342916 0.3266277484813007 0.32662774854518545 0.03871038601476475 0.06484679272870501 0.48367422960034145 0.32662774948457407 0.05061734867309334 0.06484679250703962 0.06152895642870364 0.020752213673803782 0.04351710294051811 0.03871038727162574 0.02075221352256422 0.020752213934701783 0.06484679242078299
31 0.23976178231712827 0.4598371922680619 0.2725888809038075 0.7532527551089412 0.23976178278002197 0.12374094096226564 0.12374094126707003 0.07183864616097355 0.12706002889336407 0.9365673437280673 0.12374094143705125 0.14594917751260406 0.12706002879751535 0.06152464797401052 0.023528007318167628 0.13980475608186493 0.07183864631159845 0.02352800720544844 0.023528007040818484 0.12706002890634535
25 0.27210571854073606 0.28239821062211995 0.18446362022282617 0.5418240582483551 0.27210571887429363 0.14028753045180273 0.1402875308304839 0.13389549072719695 0.29835063920345867 0.8861900181796506 0.14028753055872603 0.3335045156547885 0.2983506390946087 0.13959694886754212 0.0450916040122881 0.318328590424902 0.13389549018850333 0.0450916039960835 0.04509160369168133 0.29835063968493963
60 0.3194329324555647 0.6915606227412481 0.6585230751289214 0.4104178419629994 0.31943293299227116 0.337542590899399 0.3375425907966052 0.03549588912651094 0.07983708136298691 0.5294105161416007 0.33754259190579317 0.056339801404693135 0.07983708109222594 0.09426854971865473 0.0060353083670499005 0.043666079855243484 0.0354958906517557 0.006035308353350981 0.006035308893789724 0.07983708084442141
16 0.18880394637308778 0.620421544207296 0.4204885166708511 0.8411771799234669 0.18880394720482344 0.14270499119565638 0.14270499103388667 0.014080170672625689 0.022207289032440018 0.7148625621704844 0.14270499281168864 -0.02735639413638077 0.022207288674211328 0.04599213271339095 -0.0005431085553157608 -0.05117133050927383 0.014080174101135825 -0.0005431087594905426 -0.0005431076214507418 0.02220728783987713
176 0.15289020256022445 0.04700075443274754 0.020208061346824555 0.14664796606175085 0.15289020299795664 0.08347487452019953 0.08347487462953775 0.2181845423163406 0.5775507100724323 0.14685888772015773 0.08347487503376137 0.5294041320822355 0.5775507098924403 0.33073357745945225 0.07104887017752569 0.6212517163687167 0.21818454283268365 0.0710488700444603 0.07104887047421952 0.5775507100632439
131 0.15400462373523247 0.039648952441288986 -0.030481422021150697 0.013011845344420564 0.1540046241190576 0.32419458984221905 0.3241945897780164 0.2777987806615124 0.06985603656559913 0.017448684755680757 0.3241945900579019 0.06897077362116316 0.06985603661964672 0.20056305493874002 0.6868453160084144 0.07104887013573548 0.2777987805975189 0.6868453155567977 0.6868453154275427 0.06985603685334581
4 0.22937987380509647 0.42872906364859287 0.30331139670933266 0.6406134594311208 0.22937987429186543 0.13580802446721466 0.13580802463137912 0.04273830105108587 0.14688724331689712 1.0138029280743264 0.13580802483417043 0.14902652002606848 0.14688724310347806 0.0838177176565475 0.020426059192787314 0.1594414550373694 0.042738301285425676 0.020426059059757428 0.020426059102274727 0.14688724341413117
55 0.2661143543956979 0.37516842376214493 0.28402710681463683 0.8247315165590752 0.26611435507405656 0.13044718926050336 0.13044718936430114 0.0693682074057395 0.15636349379886025 0.8792627099167314 0.13044718996499355 0.15174153153986952 0.1563634936352381 0.079265432502732 0.013446919650010093 0.13788873638724206 0.06936820856728794 0.013446919581484449 0.013446919881897288 0.1563634935848358
201 0.15929682459682226 0.04680993360890476 0.01962695371532791 0.14677760211450774 0.1592968252953142 0.08040457816969138 0.08040457824245095 0.24016147076326888 0.5757582661462948 0.14663911811623082 0.08040457863899064 0.5706363016254841 0.5757582659716718 0.3171013340596752 0.06985603680368513 0.5775507099429262 0.24016147133079357 0.06985603665816598 0.06985603697830811 0.5757582660298795
134 0.27067838175028197 0.03857602715566852 -0.03555489055514421 0.08546570780882658 0.27067838226838437 0.2405200188394183 0.24052001889843486 0.6795554540144464 0.24016147096841436 0.06319141222092513 0.24052001929939945 0.26433910932714405 0.24016147092963752 0.4693048182576824 0.2777987807662905 0.21818454259728445 0.6795554544267292 0.277798780450694 0.2777987807147013 0.2401614710223583
138 0.7075344423905654 0.2714596378346641 0.22183310389901972 0.2689650765206714 0.7075344433597723 0.06767656588781694 0.06767656655570398 0.29105333122886967 0.2165449912121612 0.2913447324486758 0.06767656514801902 0.5071862728335155 0.21654499134615685 0.010922782349440063 0.0743692860415663 0.14068542097144293 0.29105332805842105 0.0743692859405006 0.07436928451436031 0.21654499284306775
12 0.21999103258519842 0.5005423604514513 0.3752955377428896 0.6858580880783784 0.21999103317140328 0.12881879197821244 0.12881879187126913 0.009518888709452746 0.08893974102630788 0.9663744753666632 0.12881879302087537 0.05859737798623933 0.08893974069170221 0.05546777082962903 0.001354354249305907 0.04976974049249815 0.009518890646866084 0.0013543541414466741 0.0013543548415283525 0.08893974033731973
54 0.17212846930889728 0.4789709325541087 0.366694642936945 0.8229494800859949 0.1721284700576049 0.0982521737228694 0.09825217347867152 -0.018525271646889302 0.02705677912480932 0.866350640369498 0.09825217527034673 -0.027508733879500206 0.02705677878683047 0.042257554482034956 -0.006717183229085781 -0.05415563916501873 -0.01852526816214404 -0.006717183330972345 -0.0067171821133717976 0.0270567777804253
15 0.1957562237285436 0.48904092587062686 0.3103281202699449 0.7764065029582929 0.19575622423328787 0.10463312059547954 0.1046331206987745 0.024547009875636894 0.06099908673045495 0.9434270621371235 0.10463312134677814 0.06044052607520939 0.0609990865409169 0.0502632449476146 0.012430992674159098 0.04014470906131971 0.02454701103281964 0.012430992535764199 0.01243099286983075 0.06099908627276519
13 0.30050754138205105 0.3819880644442273 0.16033623620780946 0.5015723696260277 0.30050754165772725 0.13235947040508064 0.13235947089019118 0.16913327672009168 0.2538351157544824 0.8878403708192525 0.1323594701827415 0.3434120055143964 0.25383511584887464 0.07843346382068607 0.05827976624380019 0.2802920893848075 0.1691332753557765 0.058279766119758776 0.05827976529107394 0.25383511671739695
33 0.20452431275944805 0.4940927126552148 0.3269210572230706 0.7486815226077528 0.20452431332946722 0.11094221014855794 0.11094221023731801 0.02027119082013079 0.06954679467753239 0.9543157635047531 0.11094221110471947 0.06143505379920971 0.06954679451943852 0.051936050242778885 0.009397581010108893 0.040109285894466905 0.020271192383715973 0.009397580882874476 0.009397581296159141 0.06954679424174678
214 0.28142990813278834 0.30858732699240415 0.14308326181108044 0.12463338982302395 0.2814299085104575 0.6197686106147479 0.619768610453241 0.24052001872807768 0.08040457825385404 0.1321635047845916 0.6197686108432726 0.07666850906045598 0.08040457823369629 0.2780439380015642 0.32419458974029086 0.08347487460079334 0.24052001879691015 0.3241945897264586 0.3241945894814922 0.08040457835147698
70 0.31560966126033624 0.6319417896541224 1.0850785448180247 0.23207073836919875 0.31560966160782955 0.10388508143734043 0.10388508168151567 -0.038639139068808746 -0.0020207600809875824 0.20143622815515627 0.10388508109942265 0.02802782649637065 -0.0020207601438592166 -0.01049361208567154 -0.012545984553999058 0.03524336839003565 -0.03863914029119024 -0.012545984355777182 -0.012545984893451339 -0.002020759405018527
168 0.15289020256022445 0.04700075443274754 0.020208061346824555 0.14664796606175085 0.15289020299795664 0.08347487452019953 0.08347487462953775 0.2181845423163406 0.5775507100724323 0.14685888772015773 0.08347487503376137 0.5294041320822355 0.5775507098924403 0.33073357745945225 0.07104887017752569 0.6212517163687167 0.21818454283268365 0.0710488700444603 0.07104887047421952 0.5775507100632439
17 0.21247431618846846 0.4655841681117041 0.33201595353480434 0.8195738105083229 0.21247431670795217 0.11641624009042147 0.1164162401374145 0.020851484094256485 0.07847352755470545 0.903549523371831 0.1164162411635408 0.051739959636417976 0.07847352733337828 0.05417564900459033 0.005183801817158371 0.04710771395669361 0.020851486177045922 0.005183801667490463 0.005183802259597227 0.07847352693743723
174 0.2896508995212293 0.6977826848587956 1.060955847218951 0.27359145741024665 0.2896508998744228 0.1391484619270803 0.13914846199084788 -0.032943820644810815 0.016143486578388593 0.2788921702194901 0.13914846210998832 0.02451185266120242 0.016143486372935657 -0.023699912380294313 -0.029069846733089925 0.015620427395208816 -0.032943820621399625 -0.02906984660394088 -0.0290698466788258 0.016143486752506826
30 0.17765369574561582 0.48987155590210785 0.3361086562572458 0.8123274856305698 0.17765369628043803 0.0975128571480527 0.09751285697076584 -0.000825176790878475 0.036783402839784436 0.8973256233715416 0.09751285833603347 0.002746252938193862 0.03678340260060559 0.04555998206989703 0.0026346804789012476 -0.014611693489805497 -0.0008251743424472321 0.0026346803367411162 0.002634681113264382 0.03678340198657614
32 0.24168645749583734 0.7524353905164087 0.36345472505118565 0.5222908308548034 0.24168645797578767 0.218441101998964 0.21844110218174767 0.07952827454926531 0.06348741043016852 0.8348523388619485 0.21844110267716768 0.08823451556388011 0.0634874103662098 0.06117417226646738 0.052486680722326304 0.05166585219843463 0.07952827528210367 0.052486680366721494 0.05248668056916678 0.06348741039364342
42 0.21116256778795459 0.544101798092083 0.33905533122198783 0.734225035858343 0.21116256846705195 0.1551448266555508 0.15514482645439792 0.02304705997700594 0.04383574995967567 0.899781339021526 0.15514482790728898 0.008039097725537783 0.043835749694993015 0.09597686552714613 0.015777955028575215 -0.01241514443994533 0.0230470624954704 0.015777954870570998 0.015777955762925126 0.04383574903680073
193 0.7205051369660797 0.3631874342755529 0.28892027004491316 0.2542865597081976 0.7205051384035639 0.28142990835693876 0.28142990837301646 0.2706783815427776 0.1592968251467696 0.24171762056234847 0.2814299089543231 0.16622550063302055 0.15929682501703482 0.20211037350904748 0.15400462395755388 0.15289020281893984 0.27067838232489355 0.15400462361896133 0.15400462392738407 0.1592968253643179
133 0.363187433943164 0.8226072267531622 0.6868619150800672 0.32964592448663504 0.3631874345725343 0.3085873268801553 0.30858732695214636 0.03857602675656167 0.04680993352243999 0.41692335974422207 0.30858732748219525 0.046876221209819026 0.04680993343647985 0.029758998400940918 0.039648952494198336 0.04700075443289348 0.0385760274845011 0.03964895235942184 0.03964895247392873 0.04680993363062056
92 0.16622550038249345 0.0468762212097301 0.01889497513865215 0.146804136890983 0.16622550051262963 0.07666850899200454 0.07666850893935309 0.2643391090207148 0.5706363017397996 0.14640434601594318 0.0766685094639571 0.616603585971535 0.5706363016191888 0.30032745780829867 0.06897077358726064 0.5294041320823608 0.26433910970538704 0.06897077348061763 0.0689707738285885 0.5706363016580094
143 0.33635417949501845 0.7666236199062118 0.6703475797966917 0.37353962311836375 0.3363541802342916 0.3266277484813007 0.32662774854518545 0.03871038601476475 0.06484679272870501 0.48367422960034145 0.32662774948457407 0.05061734867309334 0.06484679250703962 0.06152895642870364 0.020752213673803782 0.04351710294051811 0.03871038727162574 0.02075221352256422 0.020752213934701783 0.06484679242078299
76 0.15289020256022445 0.04700075443274754 0.020208061346824555 0.14664796606175085 0.15289020299795664 0.08347487452019953 0.08347487462953775 0.2181845423163406 0.5775507100724323 0.14685888772015773 0.08347487503376137 0.5294041320822355 0.5775507098924403 0.33073357745945225 0.07104887017752569 0.6212517163687167 0.21818454283268365 0.0710488700444603 0.07104887047421952 0.5775507100632439
66 0.28142990813278834 0.30858732699240415 0.14308326181108044 0.12463338982302395 0.2814299085104575 0.6197686106147479 0.619768610453241 0.24052001872807768 0.08040457825385404 0.1321635047845916 0.6197686108432726 0.07666850906045598 0.08040457823369629 0.2780439380015642 0.32419458974029086 0.08347487460079334 0.24052001879691015 0.3241945897264586 0.3241945894814922 0.08040457835147698
77 0.23347492766409753 0.17404722482173746 0.1798039086069568 0.19417415159937967 0.2334749281744103 0.582871968077416 0.5828719681073032 0.2536535145725423 0.10975768910751185 0.18965318546565194 0.5828719680125497 0.13726216379521913 0.10975768904529032 0.650364566223251 0.15466255339870078 0.11908355781607524 0.25365351390124674 0.1546625533062922 0.15466255299898174 0.10975768946355985
137 0.7205051369660797 0.3631874342755529 0.28892027004491316 0.2542865597081976 0.7205051384035639 0.28142990835693876 0.28142990837301646 0.2706783815427776 0.1592968251467696 0.24171762056234847 0.2814299089543231 0.16622550063302055 0.15929682501703482 0.20211037350904748 0.15400462395755388 0.15289020281893984 0.27067838232489355 0.15400462361896133 0.15400462392738407 0.1592968253643179
11 0.18045406196682448 0.4798922194655237 0.3415150982620555 0.7894483529393302 0.1804540625777427 0.10038328697343799 0.10038328690726134 -0.005128663435397122 0.04142171068166541 0.9197051967292065 0.10038328819496975 0.0017351802397711567 0.041421710377042786 0.04859912627530923 0.0014204936093925179 -0.012409905597800816 -0.005128660834761791 0.0014204934945630974 0.0014204943693765482 0.041421709783724024
73 0.15289020256022445 0.04700075443274754 0.020208061346824555 0.14664796606175085 0.15289020299795664 0.08347487452019953 0.08347487462953775 0.2181845423163406 0.5775507100724323 0.14685888772015773 0.08347487503376137 0.5294041320822355 0.5775507098924403 0.33073357745945225 0.07104887017752569 0.6212517163687167 0.21818454283268365 0.0710488700444603 0.07104887047421952 0.5775507100632439
64 0.7205051369660797 0.3631874342755529 0.28892027004491316 0.2542865597081976 0.7205051384035639 0.28142990835693876 0.28142990837301646 0.2706783815427776 0.1592968251467696 0.24171762056234847 0.2814299089543231 0.16622550063302055 0.15929682501703482 0.20211037350904748 0.15400462395755388 0.15289020281893984 0.27067838232489355 0.15400462361896133 0.15400462392738407 0.1592968253643179
122 0.3188540065652648 0.6618112562780122 1.0568111905551696 0.2311166573952389 0.31885400688692234 0.13610417745934988 0.1361041776453093 -0.03301583329292795 -0.0028523856376550523 0.191070701545604 0.13610417710693343 0.029072469915226003 -0.0028523857279131666 -0.007002431522307926 -0.002233269937755866 0.0336395542078884 -0.033015834562761324 -0.0022332698016243233 -0.0022332703877319714 -0.002852385039315071
0 0.17029090509364272 0.5609186880551906 0.3727909778890935 0.7623301986009208 0.17029090574292485 0.09124369860150111 0.09124369840940298 -0.011975742772736933 0.016745524804693802 0.8663084761203472 0.09124370008940967 -0.02715748613259986 0.01674552450581445 0.03606365767606763 -0.003069053268095986 -0.05678040909988093 -0.011975739572575885 -0.003069053451124066 -0.0030690523538752157 0.01674552366008117
72 0.15289020256022445 0.04700075443274754 0.020208061346824555 0.14664796606175085 0.15289020299795664 0.08347487452019953 0.08347487462953775 0.2181845423163406 0.5775507100724323 0.14685888772015773 0.08347487503376137 0.5294041320822355 0.5775507098924403 0.33073357745945225 0.07104887017752569 0.6212517163687167 0.21818454283268365 0.0710488700444603 0.07104887047421952 0.5775507100632439
123 0.18871652057193064 0.032639701315822986 -0.022727138804179873 0.07413882713904324 0.18871652124425814 0.2830236815353593 0.28302368165677483 0.4227431122650344 0.3229525667894794 0.07264026449429023 0.28302368192479016 0.2771016835139154 0.32295256673064526 0.818725618798187 0.19703838926811637 0.3747183090537225 0.42274311249983526 0.19703838903370613 0.19703838926061232 0.32295256708916814
164 0.15289020256022445 0.04700075443274754 0.020208061346824555 0.14664796606175085 0.15289020299795664 0.08347487452019953 0.08347487462953775 0.2181845423163406 0.5775507100724323 0.14685888772015773 0.08347487503376137 0.5294041320822355 0.5775507098924403 0.33073357745945225 0.07104887017752569 0.6212517163687167 0.21818454283268365 0.0710488700444603 0.07104887047421952 0.5775507100632439
139 0.28827855056041274 0.3454666395889389 0.1328382507034001 0.10613382485764696 0.2882785510268217 0.5815859352652574 0.5815859352356078 0.19614985205116295 0.05766401494999438 0.0909727225392176 0.5815859353232435 0.07274210228353255 0.05766401519197197 0.1237319246204909 0.42098902295127977 0.07146055029904963 0.19614985174581412 0.42098902256292364 0.4209890222063171 0.057664015481314584
206 0.7205051369660797 0.3631874342755529 0.28892027004491316 0.2542865597081976 0.7205051384035639 0.28142990835693876 0.28142990837301646 0.2706783815427776 0.1592968251467696 0.24171762056234847 0.2814299089543231 0.16622550063302055 0.15929682501703482 0.20211037350904748 0.15400462395755388 0.15289020281893984 0.27067838232489355 0.15400462361896133 0.15400462392738407 0.1592968253643179
209 0.27067838175028197 0.03857602715566852 -0.03555489055514421 0.08546570780882658 0.27067838226838437 0.2405200188394183 0.24052001889843486 0.6795554540144464 0.24016147096841436 0.06319141222092513 0.24052001929939945 0.26433910932714405 0.24016147092963752 0.4693048182576824 0.2777987807662905 0.21818454259728445 0.6795554544267292 0.277798780450694 0.2777987807147013 0.2401614710223583
83 0.27067838175028197 0.03857602715566852 -0.03555489055514421 0.08546570780882658 0.27067838226838437 0.2405200188394183 0.24052001889843486 0.6795554540144464 0.24016147096841436 0.06319141222092513 0.24052001929939945 0.26433910932714405 0.24016147092963752 0.4693048182576824 0.2777987807662905 0.21818454259728445 0.6795554544267292 0.277798780450694 0.2777987807147013 0.2401614710223583
118 0.15289020256022445 0.04700075443274754 0.020208061346824555 0.14664796606175085 0.15289020299795664 0.08347487452019953 0.08347487462953775 0.2181845423163406 0.5775507100724323 0.14685888772015773 0.08347487503376137 0.5294041320822355 0.5775507098924403 0.33073357745945225 0.07104887017752569 0.6212517163687167 0.21818454283268365 0.0710488700444603 0.07104887047421952 0.5775507100632439
169 0.15289020256022445 0.04700075443274754 0.020208061346824555 0.14664796606175085 0.15289020299795664 0.08347487452019953 0.08347487462953775 0.2181845423163406 0.5775507100724323 0.14685888772015773 0.08347487503376137 0.5294041320822355 0.5775507098924403 0.33073357745945225 0.07104887017752569 0.6212517163687167 0.21818454283268365 0.0710488700444603 0.07104887047421952 0.5775507100632439
156 0.15400462373523247 0.039648952441288986 -0.030481422021150697 0.013011845344420564 0.1540046241190576 0.32419458984221905 0.3241945897780164 0.2777987806615124 0.06985603656559913 0.017448684755680757 0.3241945900579019 0.06897077362116316 0.06985603661964672 0.20056305493874002 0.6868453160084144 0.07104887013573548 0.2777987805975189 0.6868453155567977 0.6868453154275427 0.06985603685334581
80 0.15400462373523247 0.039648952441288986 -0.030481422021150697 0.013011845344420564 0.1540046241190576 0.32419458984221905 0.3241945897780164 0.2777987806615124 0.06985603656559913 0.017448684755680757 0.3241945900579019 0.06897077362116316 0.06985603661964672 0.20056305493874002 0.6868453160084144 0.07104887013573548 0.2777987805975189 0.6868453155567977 0.6868453154275427 0.06985603685334581
84 0.7205051369660797 0.3631874342755529 0.28892027004491316 0.2542865597081976 0.7205051384035639 0.28142990835693876 0.28142990837301646 0.2706783815427776 0.1592968251467696 0.24171762056234847 0.2814299089543231 0.16622550063302055 0.15929682501703482 0.20211037350904748 0.15400462395755388 0.15289020281893984 0.27067838232489355 0.15400462361896133 0.15400462392738407 0.1592968253643179
75 0.15289020256022445 0.04700075443274754 0.020208061346824555 0.14664796606175085 0.15289020299795664 0.08347487452019953 0.08347487462953775 0.2181845423163406 0.5775507100724323 0.14685888772015773 0.08347487503376137 0.5294041320822355 0.5775507098924403 0.33073357745945225 0.07104887017752569 0.6212517163687167 0.21818454283268365 0.0710488700444603 0.07104887047421952 0.5775507100632439
195 0.2822617206174577 0.686344451646242 1.0124135949954074 0.30589167709737913 0.282261721081386 0.19677031300239395 0.1967703130989898 -0.029394669641798217 0.028840915534238207 0.3264071926292863 0.19677031351985114 0.01894148884216744 0.02884091536521728 -0.012882527988547965 -0.03230409045822521 0.014354081068318453 -0.029394669037869272 -0.03230409031468978 -0.03230409010350261 0.028840915434037034
126 0.15929682459682226 0.04680993360890476 0.01962695371532791 0.14677760211450774 0.1592968252953142 0.08040457816969138 0.08040457824245095 0.24016147076326888 0.5757582661462948 0.14663911811623082 0.08040457863899064 0.5706363016254841 0.5757582659716718 0.3171013340596752 0.06985603680368513 0.5775507099429262 0.24016147133079357 0.06985603665816598 0.06985603697830811 0.5757582660298795
163 0.31560966126033624 0.6319417896541224 1.0850785448180247 0.23207073836919875 0.31560966160782955 0.10388508143734043 0.10388508168151567 -0.038639139068808746 -0.0020207600809875824 0.20143622815515627 0.10388508109942265 0.02802782649637065 -0.0020207601438592166 -0.01049361208567154 -0.012545984553999058 0.03524336839003565 -0.03863914029119024 -0.012545984355777182 -0.012545984893451339 -0.002020759405018527
213 0.7075344423905654 0.2714596378346641 0.22183310389901972 0.2689650765206714 0.7075344433597723 0.06767656588781694 0.06767656655570398 0.29105333122886967 0.2165449912121612 0.2913447324486758 0.06767656514801902 0.5071862728335155 0.21654499134615685 0.010922782349440063 0.0743692860415663 0.14068542097144293 0.29105332805842105 0.0743692859405006 0.07436928451436031 0.21654499284306775
207 0.7075344423905654 0.2714596378346641 0.22183310389901972 0.2689650765206714 0.7075344433597723 0.06767656588781694 0.06767656655570398 0.29105333122886967 0.2165449912121612 0.2913447324486758 0.06767656514801902 0.5071862728335155 0.21654499134615685 0.010922782349440063 0.0743692860415663 0.14068542097144293 0.29105332805842105 0.0743692859405006 0.07436928451436031 0.21654499284306775
20 0.18101831220499887 0.4867256872988743 0.35169986945100024 0.7501094466392296 0.1810183127628235 0.1029240525182716 0.10292405232565904 -0.0071117237948208544 0.04295687901982636 0.9436302265107402 0.10292405372441135 0.004677280380641286 0.04295687874938825 0.048801947716705485 0.0004670258799443397 -0.012873384539418732 -0.007111721359722063 0.0004670257845131625 0.0004670266322658774 0.04295687806357362
102 0.28827855056041274 0.3454666395889389 0.1328382507034001 0.10613382485764696 0.2882785510268217 0.5815859352652574 0.5815859352356078 0.19614985205116295 0.05766401494999438 0.0909727225392176 0.5815859353232435 0.07274210228353255 0.05766401519197197 0.1237319246204909 0.42098902295127977 0.07146055029904963 0.19614985174581412 0.42098902256292364 0.4209890222063171 0.057664015481314584
109 0.3194329324555647 0.6915606227412481 0.6585230751289214 0.4104178419629994 0.31943293299227116 0.337542590899399 0.3375425907966052 0.03549588912651094 0.07983708136298691 0.5294105161416007 0.33754259190579317 0.056339801404693135 0.07983708109222594 0.09426854971865473 0.0060353083670499005 0.043666079855243484 0.0354958906517557 0.006035308353350981 0.006035308893789724 0.07983708084442141
130 0.2658001463185195 0.25815026135772434 0.157101946656302 0.15048666153163692 0.2658001467647241 0.6220358586557363 0.6220358589429567 0.25807159733465196 0.09641190936443951 0.161594035138234 0.6220358592695993 0.09531775123692544 0.0964119095447039 0.43438264803512355 0.24533743437131036 0.09707246261012877 0.2580715975569351 0.24533743430162794 0.24533743429411245 0.09641190960661279
160 0.7205051369660797 0.3631874342755529 0.28892027004491316 0.2542865597081976 0.7205051384035639 0.28142990835693876 0.28142990837301646 0.2706783815427776 0.1592968251467696 0.24171762056234847 0.2814299089543231 0.16622550063302055 0.15929682501703482 0.20211037350904748 0.15400462395755388 0.15289020281893984 0.27067838232489355 0.15400462361896133 0.15400462392738407 0.1592968253643179
81 0.363187433943164 0.8226072267531622 0.6868619150800672 0.32964592448663504 0.3631874345725343 0.3085873268801553 0.30858732695214636 0.03857602675656167 0.04680993352243999 0.41692335974422207 0.30858732748219525 0.046876221209819026 0.04680993343647985 0.029758998400940918 0.039648952494198336 0.04700075443289348 0.0385760274845011 0.03964895235942184 0.03964895247392873 0.04680993363062056
111 0.27067838175028197 0.03857602715566852 -0.03555489055514421 0.08546570780882658 0.27067838226838437 0.2405200188394183 0.24052001889843486 0.6795554540144464 0.24016147096841436 0.06319141222092513 0.24052001929939945 0.26433910932714405 0.24016147092963752 0.4693048182576824 0.2777987807662905 0.21818454259728445 0.6795554544267292 0.277798780450694 0.2777987807147013 0.2401614710223583
86 0.7075344423905654 0.2714596378346641 0.22183310389901972 0.2689650765206714 0.7075344433597723 0.06767656588781694 0.06767656655570398 0.29105333122886967 0.2165449912121612 0.2913447324486758 0.06767656514801902 0.5071862728335155 0.21654499134615685 0.010922782349440063 0.0743692860415663 0.14068542097144293 0.29105332805842105 0.0743692859405006 0.07436928451436031 0.21654499284306775
39 0.21026163029272435 0.5304997487504609 0.4048816079363032 0.9660014012910504 0.21026163111988355 0.14440488335915386 0.14440488311315533 0.012609606957974601 0.024859663323152707 0.6161816799079832 0.14440488497695733 -0.03595560811321048 0.024859663030876153 0.051983985205539485 -0.004100555335943179 -0.0389212658430727 0.012609610414839628 -0.004100555506126313 -0.00410055437123544 0.02485966205522936
69 0.15400462373523247 0.039648952441288986 -0.030481422021150697 0.013011845344420564 0.1540046241190576 0.32419458984221905 0.3241945897780164 0.2777987806615124 0.06985603656559913 0.017448684755680757 0.3241945900579019 0.06897077362116316 0.06985603661964672 0.20056305493874002 0.6868453160084144 0.07104887013573548 0.2777987805975189 0.6868453155567977 0.6868453154275427 0.06985603685334581
101 0.28827855056041274 0.3454666395889389 0.1328382507034001 0.10613382485764696 0.2882785510268217 0.5815859352652574 0.5815859352356078 0.19614985205116295 0.05766401494999438 0.0909727225392176 0.5815859353232435 0.07274210228353255 0.05766401519197197 0.1237319246204909 0.42098902295127977 0.07146055029904963 0.19614985174581412 0.42098902256292364 0.4209890222063171 0.057664015481314584
63 0.7205051369660797 0.3631874342755529 0.28892027004491316 0.2542865597081976 0.7205051384035639 0.28142990835693876 0.28142990837301646 0.2706783815427776 0.1592968251467696 0.24171762056234847 0.2814299089543231 0.16622550063302055 0.15929682501703482 0.20211037350904748 0.15400462395755388 0.15289020281893984 0.27067838232489355 0.15400462361896133 0.15400462392738407 0.1592968253643179
108 0.15400462373523247 0.039648952441288986 -0.030481422021150697 0.013011845344420564 0.1540046241190576 0.32419458984221905 0.3241945897780164 0.2777987806615124 0.06985603656559913 0.017448684755680757 0.3241945900579019 0.06897077362116316 0.06985603661964672 0.20056305493874002 0.6868453160084144 0.07104887013573548 0.2777987805975189 0.6868453155567977 0.6868453154275427 0.06985603685334581
8 0.20599385639608156 0.5350686414245406 0.33927318830909936 0.6939638056571181 0.2059938568424176 0.11170148147964544 0.11170148155232806 0.020593203021322587 0.06573547605752571 0.968677729726944 0.11170148219834938 0.06392772755055146 0.06573547589371931 0.046572885301068206 0.01046926037278095 0.03883473074427437 0.020593204322831682 0.010469260230605916 0.01046926058418566 0.0657354757026614
99 0.15289020256022445 0.04700075443274754 0.020208061346824555 0.14664796606175085 0.15289020299795664 0.08347487452019953 0.08347487462953775 0.2181845423163406 0.5775507100724323 0.14685888772015773 0.08347487503376137 0.5294041320822355 0.5775507098924403 0.33073357745945225 0.07104887017752569 0.6212517163687167 0.21818454283268365 0.0710488700444603 0.07104887047421952 0.5775507100632439
27 0.2417176202936629 0.4169233597442213 0.28891259786537393 0.7648491043116882 0.2417176207002504 0.13216350465583596 0.13216350485370162 0.06319141191365858 0.14663911830072557 0.9308348438845385 0.13216350517036948 0.1464043460159448 0.1466391179275406 0.07476519571508344 0.017448684821733132 0.1468588877202039 0.06319141258752704 0.017448684683709862 0.017448684854128836 0.14663911801000715
204 0.27067838175028197 0.03857602715566852 -0.03555489055514421 0.08546570780882658 0.27067838226838437 0.2405200188394183 0.24052001889843486 0.6795554540144464 0.24016147096841436 0.06319141222092513 0.24052001929939945 0.26433910932714405 0.24016147092963752 0.4693048182576824 0.2777987807662905 0.21818454259728445 0.6795554544267292 0.277798780450694 0.2777987807147013 0.2401614710223583
203 0.27067838175028197 0.03857602715566852 -0.03555489055514421 0.08546570780882658 0.27067838226838437 0.2405200188394183 0.24052001889843486 0.6795554540144464 0.24016147096841436 0.06319141222092513 0.24052001929939945 0.26433910932714405 0.24016147092963752 0.4693048182576824 0.2777987807662905 0.21818454259728445 0.6795554544267292 0.277798780450694 0.2777987807147013 0.2401614710223583
141 0.15400462373523247 0.039648952441288986 -0.030481422021150697 0.013011845344420564 0.1540046241190576 0.32419458984221905 0.3241945897780164 0.2777987806615124 0.06985603656559913 0.017448684755680757 0.3241945900579019 0.06897077362116316 0.06985603661964672 0.20056305493874002 0.6868453160084144 0.07104887013573548 0.2777987805975189 0.6868453155567977 0.6868453154275427 0.06985603685334581
40 0.15794163890418614 0.6236828775244614 0.4465091476713187 0.7880124462824354 0.15794163976442954 0.12052214937298335 0.12052214903218143 -0.019907863164262622 -0.0018442651551905155 0.7217513196628514 0.1205221514594757 -0.07991327927151765 -0.001844265570636926 0.045306298876310644 -0.008919475966815376 -0.1143168102252229 -0.019907858412233474 -0.008919476147838902 -0.008919474378584253 -0.0018442669240934981
185 0.276201441225913 0.2757537321591153 0.15048283534545873 0.1437779533110805 0.27620144175289496 0.6210487105476109 0.6210487106196501 0.29150249708596937 0.08842917532935253 0.1551614793728614 0.6210487109358936 0.1017414051116782 0.08842917537734145 0.3613063626378816 0.2551377269930899 0.07214484762034992 0.2915024972706256 0.2551377269789901 0.25513772675958474 0.0884291754481562
119 0.15289020256022445 0.04700075443274754 0.020208061346824555 0.14664796606175085 0.15289020299795664 0.08347487452019953 0.08347487462953775 0.2181845423163406 0.5775507100724323 0.14685888772015773 0.08347487503376137 0.5294041320822355 0.5775507098924403 0.33073357745945225 0.07104887017752569 0.6212517163687167 0.21818454283268365 0.0710488700444603 0.07104887047421952 0.5775507100632439
65 0.7075344423905654 0.2714596378346641 0.22183310389901972 0.2689650765206714 0.7075344433597723 0.06767656588781694 0.06767656655570398 0.29105333122886967 0.2165449912121612 0.2913447324486758 0.06767656514801902 0.5071862728335155 0.21654499134615685 0.010922782349440063 0.0743692860415663 0.14068542097144293 0.29105332805842105 0.0743692859405006 0.07436928451436031 0.21654499284306775
14 0.27200983604115914 0.7926462855363793 0.4106477179501192 0.48118035875431564 0.2720098365461271 0.23215134374046584 0.2321513439153146 0.08169042037794005 0.06727303519243363 0.7672174476152579 0.23215134457196712 0.09446976649979892 0.06727303509091329 0.0429535190621085 0.051145107604115114 0.05117168579424401 0.0816904211629701 0.0511451073783216 0.05114510744465593 0.06727303519482279
152 0.15400462373523247 0.039648952441288986 -0.030481422021150697 0.013011845344420564 0.1540046241190576 0.32419458984221905 0.3241945897780164 0.2777987806615124 0.06985603656559913 0.017448684755680757 0.3241945900579019 0.06897077362116316 0.06985603661964672 0.20056305493874002 0.6868453160084144 0.07104887013573548 0.2777987805975189 0.6868453155567977 0.6868453154275427 0.06985603685334581
121 0.15289020256022445 0.04700075443274754 0.020208061346824555 0.14664796606175085 0.15289020299795664 0.08347487452019953 0.08347487462953775 0.2181845423163406 0.5775507100724323 0.14685888772015773 0.08347487503376137 0.5294041320822355 0.5775507098924403 0.33073357745945225 0.07104887017752569 0.6212517163687167 0.21818454283268365 0.0710488700444603 0.07104887047421952 0.5775507100632439
67 0.28142990813278834 0.30858732699240415 0.14308326181108044 0.12463338982302395 0.2814299085104575 0.6197686106147479 0.619768610453241 0.24052001872807768 0.08040457825385404 0.1321635047845916 0.6197686108432726 0.07666850906045598 0.08040457823369629 0.2780439380015642 0.32419458974029086 0.08347487460079334 0.24052001879691015 0.3241945897264586 0.3241945894814922 0.08040457835147698
132 0.15400462373523247 0.039648952441288986 -0.030481422021150697 0.013011845344420564 0.1540046241190576 0.32419458984221905 0.3241945897780164 0.2777987806615124 0.06985603656559913 0.017448684755680757 0.3241945900579019 0.06897077362116316 0.06985603661964672 0.20056305493874002 0.6868453160084144 0.07104887013573548 0.2777987805975189 0.6868453155567977 0.6868453154275427 0.06985603685334581
112 0.7205051369660797 0.3631874342755529 0.28892027004491316 0.2542865597081976 0.7205051384035639 0.28142990835693876 0.28142990837301646 0.2706783815427776 0.1592968251467696 0.24171762056234847 0.2814299089543231 0.16622550063302055 0.15929682501703482 0.20211037350904748 0.15400462395755388 0.15289020281893984 0.27067838232489355 0.15400462361896133 0.15400462392738407 0.1592968253643179
166 0.15289020256022445 0.04700075443274754 0.020208061346824555 0.14664796606175085 0.15289020299795664 0.08347487452019953 0.08347487462953775 0.2181845423163406 0.5775507100724323 0.14685888772015773 0.08347487503376137 0.5294041320822355 0.5775507098924403 0.33073357745945225 0.07104887017752569 0.6212517163687167 0.21818454283268365 0.0710488700444603 0.07104887047421952 0.5775507100632439
208 0.3194329324555647 0.6915606227412481 0.6585230751289214 0.4104178419629994 0.31943293299227116 0.337542590899399 0.3375425907966052 0.03549588912651094 0.07983708136298691 0.5294105161416007 0.33754259190579317 0.056339801404693135 0.07983708109222594 0.09426854971865473 0.0060353083670499005 0.043666079855243484 0.0354958906517557 0.006035308353350981 0.006035308893789724 0.07983708084442141
45 0.2747620512743601 0.432722020341589 0.37505161359011024 0.9188258015176093 0.27476205209818916 0.13387172987030949 0.1338717298052578 0.027868886944620773 0.09903571913614666 0.7486502825530559 0.13387173137277664 0.0630084237532769 0.09903571883317677 0.04667776298782614 -0.009744089707738901 0.03712499835014681 0.027868889761226104 -0.009744089829148494 -0.009744088863056695 0.0990357181421182
82 0.27067838175028197 0.03857602715566852 -0.03555489055514421 0.08546570780882658 0.27067838226838437 0.2405200188394183 0.24052001889843486 0.6795554540144464 0.24016147096841436 0.06319141222092513 0.24052001929939945 0.26433910932714405 0.24016147092963752 0.4693048182576824 0.2777987807662905 0.21818454259728445 0.6795554544267292 0.277798780450694 0.2777987807147013 0.2401614710223583
3 0.20888970482612562 0.5514203550227704 0.33329322651176835 0.7673994484382353 0.20888970539697432 0.10945021200161704 0.10945021203828084 0.03207392948387194 0.058452056775651226 0.902985600310606 0.10945021287803763 0.06043376072507056 0.05845205664725922 0.037682875550720085 0.010306012477290006 0.035475215282670176 0.03207393077800994 0.010306012325775287 0.010306012662865648 0.058452056440022604
186 0.276201441225913 0.2757537321591153 0.15048283534545873 0.1437779533110805 0.27620144175289496 0.6210487105476109 0.6210487106196501 0.29150249708596937 0.08842917532935253 0.1551614793728614 0.6210487109358936 0.1017414051116782 0.08842917537734145 0.3613063626378816 0.2551377269930899 0.07214484762034992 0.2915024972706256 0.2551377269789901 0.25513772675958474 0.0884291754481562
89 0.20211037296275405 0.029758998400941265 -0.022306868676271043 0.06977371985517032 0.20211037373070737 0.27804393791247506 0.2780439381699109 0.4693048181141044 0.31710133385215217 0.07476519571508497 0.278043938419895 0.3003274578082576 0.3171013339397377 0.7823837979880901 0.2005630550769427 0.33073357745952275 0.4693048184124253 0.20056305480223588 0.20056305499705152 0.31710133419445313
124 0.15929682459682226 0.04680993360890476 0.01962695371532791 0.14677760211450774 0.1592968252953142 0.08040457816969138 0.08040457824245095 0.24016147076326888 0.5757582661462948 0.14663911811623082 0.08040457863899064 0.5706363016254841 0.5757582659716718 0.3171013340596752 0.06985603680368513 0.5775507099429262 0.24016147133079357 0.06985603665816598 0.06985603697830811 0.5757582660298795
159 0.27067838175028197 0.03857602715566852 -0.03555489055514421 0.08546570780882658 0.27067838226838437 0.2405200188394183 0.24052001889843486 0.6795554540144464 0.24016147096841436 0.06319141222092513 0.24052001929939945 0.26433910932714405 0.24016147092963752 0.4693048182576824 0.2777987807662905 0.21818454259728445 0.6795554544267292 0.277798780450694 0.2777987807147013 0.2401614710223583
178 0.15289020256022445 0.04700075443274754 0.020208061346824555 0.14664796606175085 0.15289020299795664 0.08347487452019953 0.08347487462953775 0.2181845423163406 0.5775507100724323 0.14685888772015773 0.08347487503376137 0.5294041320822355 0.5775507098924403 0.33073357745945225 0.07104887017752569 0.6212517163687167 0.21818454283268365 0.0710488700444603 0.07104887047421952 0.5775507100632439
196 0.15929682459682226 0.04680993360890476 0.01962695371532791 0.14677760211450774 0.1592968252953142 0.08040457816969138 0.08040457824245095 0.24016147076326888 0.5757582661462948 0.14663911811623082 0.08040457863899064 0.5706363016254841 0.5757582659716718 0.3171013340596752 0.06985603680368513 0.5775507099429262 0.24016147133079357 0.06985603665816598 0.06985603697830811 0.5757582660298795
127 0.15929682459682226 0.04680993360890476 0.01962695371532791 0.14677760211450774 0.1592968252953142 0.08040457816969138 0.08040457824245095 0.24016147076326888 0.5757582661462948 0.14663911811623082 0.08040457863899064 0.5706363016254841 0.5757582659716718 0.3171013340596752 0.06985603680368513 0.5775507099429262 0.24016147133079357 0.06985603665816598 0.06985603697830811 0.5757582660298795
93 0.20211037296275405 0.029758998400941265 -0.022306868676271043 0.06977371985517032 0.20211037373070737 0.27804393791247506 0.2780439381699109 0.4693048181141044 0.31710133385215217 0.07476519571508497 0.278043938419895 0.3003274578082576 0.3171013339397377 0.7823837979880901 0.2005630550769427 0.33073357745952275 0.4693048184124253 0.20056305480223588 0.20056305499705152 0.31710133419445313
177 0.15289020256022445 0.04700075443274754 0.020208061346824555 0.14664796606175085 0.15289020299795664 0.08347487452019953 0.08347487462953775 0.2181845423163406 0.5775507100724323 0.14685888772015773 0.08347487503376137 0.5294041320822355 0.5775507098924403 0.33073357745945225 0.07104887017752569 0.6212517163687167 0.21818454283268365 0.0710488700444603 0.07104887047421952 0.5775507100632439
179 0.15289020256022445 0.04700075443274754 0.020208061346824555 0.14664796606175085 0.15289020299795664 0.08347487452019953 0.08347487462953775 0.2181845423163406 0.5775507100724323 0.14685888772015773 0.08347487503376137 0.5294041320822355 0.5775507098924403 0.33073357745945225 0.07104887017752569 0.6212517163687167 0.21818454283268365 0.0710488700444603 0.07104887047421952 0.5775507100632439
88 0.20211037296275405 0.029758998400941265 -0.022306868676271043 0.06977371985517032 0.20211037373070737 0.27804393791247506 0.2780439381699109 0.4693048181141044 0.31710133385215217 0.07476519571508497 0.278043938419895 0.3003274578082576 0.3171013339397377 0.7823837979880901 0.2005630550769427 0.33073357745952275 0.4693048184124253 0.20056305480223588 0.20056305499705152 0.31710133419445313
74 0.15289020256022445 0.04700075443274754 0.020208061346824555 0.14664796606175085 0.15289020299795664 0.08347487452019953 0.08347487462953775 0.2181845423163406 0.5775507100724323 0.14685888772015773 0.08347487503376137 0.5294041320822355 0.5775507098924403 0.33073357745945225 0.07104887017752569 0.6212517163687167 0.21818454283268365 0.0710488700444603 0.07104887047421952 0.5775507100632439
91 0.20211037296275405 0.029758998400941265 -0.022306868676271043 0.06977371985517032 0.20211037373070737 0.27804393791247506 0.2780439381699109 0.4693048181141044 0.31710133385215217 0.07476519571508497 0.278043938419895 0.3003274578082576 0.3171013339397377 0.7823837979880901 0.2005630550769427 0.33073357745952275 0.4693048184124253 0.20056305480223588 0.20056305499705152 0.31710133419445313
107 0.15400462373523247 0.039648952441288986 -0.030481422021150697 0.013011845344420564 0.1540046241190576 0.32419458984221905 0.3241945897780164 0.2777987806615124 0.06985603656559913 0.017448684755680757 0.3241945900579019 0.06897077362116316 0.06985603661964672 0.20056305493874002 0.6868453160084144 0.07104887013573548 0.2777987805975189 0.6868453155567977 0.6868453154275427 0.06985603685334581
94 0.2995748151738823 0.6774508019324411 1.0796742377394613 0.2510217816479431 0.2995748155555074 0.12390761749202332 0.12390761766739387 -0.03565886596686629 0.00852539152520291 0.244047591380121 0.12390761740052493 0.0228578522208222 0.0085253914154406 -0.01755170940821078 -0.02159301784132664 0.026879974741784968 -0.03565886652024362 -0.021593017695605107 -0.021593017915869706 0.008525391903075932
198 0.15929682459682226 0.04680993360890476 0.01962695371532791 0.14677760211450774 0.1592968252953142 0.08040457816969138 0.08040457824245095 0.24016147076326888 0.5757582661462948 0.14663911811623082 0.08040457863899064 0.5706363016254841 0.5757582659716718 0.3171013340596752 0.06985603680368513 0.5775507099429262 0.24016147133079357 0.06985603665816598 0.06985603697830811 0.5757582660298795
199 0.15929682459682226 0.04680993360890476 0.01962695371532791 0.14677760211450774 0.1592968252953142 0.08040457816969138 0.08040457824245095 0.24016147076326888 0.5757582661462948 0.14663911811623082 0.08040457863899064 0.5706363016254841 0.5757582659716718 0.3171013340596752 0.06985603680368513 0.5775507099429262 0.24016147133079357 0.06985603665816598 0.06985603697830811 0.5757582660298795
43 0.3435388417900377 0.2265633678392295 0.24039140970269862 0.9083944259001661 0.3435388424244511 0.27004458683078614 0.2700445868984335 0.3110450349863325 0.1838432392980027 0.2948709192821961 0.27004458754568406 0.1587232452164079 0.18384323925998922 0.26310182692953954 0.05610356875415186 0.21256663459503441 0.31104503579220827 0.05610356857322876 0.05610356864860126 0.1838432392243125
188 0.15400462373523247 0.039648952441288986 -0.030481422021150697 0.013011845344420564 0.1540046241190576 0.32419458984221905 0.3241945897780164 0.2777987806615124 0.06985603656559913 0.017448684755680757 0.3241945900579019 0.06897077362116316 0.06985603661964672 0.20056305493874002 0.6868453160084144 0.07104887013573548 0.2777987805975189 0.6868453155567977 0.6868453154275427 0.06985603685334581
71 0.15289020256022445 0.04700075443274754 0.020208061346824555 0.14664796606175085 0.15289020299795664 0.08347487452019953 0.08347487462953775 0.2181845423163406 0.5775507100724323 0.14685888772015773 0.08347487503376137 0.5294041320822355 0.5775507098924403 0.33073357745945225 0.07104887017752569 0.6212517163687167 0.21818454283268365 0.0710488700444603 0.07104887047421952 0.5775507100632439
170 0.22593756575249951 0.14983709143131754 0.18603555908981606 0.20775575492662654 0.22593756638252085 0.5642582836849692 0.5642582837945418 0.2608793806527326 0.11061810141472213 0.1941164427732007 0.5642582836639286 0.1571639878029545 0.11061810135789413 0.6951891700225332 0.13206692138521184 0.11523808727113598 0.26087937990254445 0.1320669214946829 0.1320669209567866 0.11061810192611617
115 0.2889202697995856 0.6868619150800669 1.0639820859011322 0.2767485339907491 0.28892027019445327 0.14308326179391634 0.14308326185493214 -0.035554890619644945 0.01962695365815423 0.2889125978653749 0.14308326209947128 0.01889497513871988 0.01962695353799139 -0.022306868676271432 -0.030481422108337132 0.020208061346915666 -0.035554890480112705 -0.030481421977705984 -0.030481421927602004 0.019626953781459802
161 0.7205051369660797 0.3631874342755529 0.28892027004491316 0.2542865597081976 0.7205051384035639 0.28142990835693876 0.28142990837301646 0.2706783815427776 0.1592968251467696 0.24171762056234847 0.2814299089543231 0.16622550063302055 0.15929682501703482 0.20211037350904748 0.15400462395755388 0.15289020281893984 0.27067838232489355 0.15400462361896133 0.15400462392738407 0.1592968253643179
