id,x_0,x_1,x_2,x_3,x_4,x_5,x_6,x_7,x_8,x_9,x_10,x_11,x_12,x_13
0.0,2.220446049250313e-16,0.25114482270781713,0.21411121457380983,0.48349574516161054,2.220446049250313e-16,0.4102641797134014,2.220446049250313e-16,0.015185965766388934,0.5228034144510467,2.220446049250313e-16,2.220446049250313e-16,0.3762225298607895,2.220446049250313e-16,2.220446049250313e-16
1.0,2.220446049250313e-16,0.5086055492522821,2.220446049250313e-16,0.48349574516161065,0.5293689584904577,2.220446049250313e-16,2.220446049250313e-16,0.0008392439790110275,2.220446049250313e-16,2.220446049250313e-16,2.220446049250313e-16,0.37950075258216664,2.220446049250313e-16,0.02192605587792408
2.0,2.220446049250313e-16,0.2599861313705809,0.3954180161815505,0.4834957451616104,0.4569984061319885,0.02290795495062205,0.029700932137296136,2.220446049250313e-16,2.220446049250313e-16,2.220446049250313e-16,2.220446049250313e-16,2.220446049250313e-16,2.220446049250313e-16,0.038192654812119475
3.0,0.35188231442609313,0.5062163671264698,0.01810384840558204,0.4850094026316546,2.220446049250313e-16,2.220446049250313e-16,2.220446049250313e-16,2.220446049250313e-16,2.220446049250313e-16,0.5035207656139661,2.220446049250313e-16,0.008482399951938679,0.0002912689412797787,2.220446049250313e-16
4.0,2.220446049250313e-16,0.2531549325465875,2.220446049250313e-16,0.4834957451616106,2.220446049250313e-16,0.40552651907396753,0.24579603192231583,2.220446049250313e-16,0.5228034144510468,2.220446049250313e-16,2.220446049250313e-16,0.3795393179078897,2.220446049250313e-16,2.220446049250313e-16
5.0,2.220446049250313e-16,0.25084291388169755,2.220446049250313e-16,2.220446049250313e-16,0.18428965522044283,2.220446049250313e-16,2.220446049250313e-16,0.544020938788495,0.5222387714507506,0.004012079238477023,2.220446049250313e-16,0.37932830001551415,2.220446049250313e-16,2.220446049250313e-16
6.0,2.220446049250313e-16,0.5080592459774703,2.220446049250313e-16,0.48349574516161103,0.5668530034603493,0.08066462718390281,0.027295928624368623,0.0011038065189442378,2.220446049250313e-16,2.220446049250313e-16,2.220446049250313e-16,2.220446049250313e-16,0.025760398207289,2.220446049250313e-16
7.0,2.220446049250313e-16,0.25084291388169755,2.220446049250313e-16,2.220446049250313e-16,0.18428965522044283,2.220446049250313e-16,2.220446049250313e-16,0.544020938788495,0.5222387714507506,0.004012079238477023,2.220446049250313e-16,0.37932830001551415,2.220446049250313e-16,2.220446049250313e-16
8.0,2.220446049250313e-16,0.5063484908689355,2.220446049250313e-16,0.4834957451616105,2.220446049250313e-16,0.4102641797134011,2.220446049250313e-16,0.001125024549487652,0.5228034144510467,2.220446049250313e-16,2.220446049250313e-16,0.3795007525821666,2.220446049250313e-16,2.220446049250313e-16
9.0,2.220446049250313e-16,0.5086055492522821,2.220446049250313e-16,0.48349574516161065,0.5293689584904577,2.220446049250313e-16,2.220446049250313e-16,0.0008392439790110275,2.220446049250313e-16,2.220446049250313e-16,2.220446049250313e-16,0.37950075258216664,2.220446049250313e-16,0.02192605587792408
10.0,2.220446049250313e-16,0.2466506240726816,2.220446049250313e-16,2.220446049250313e-16,0.5325313028595816,2.220446049250313e-16,2.220446049250313e-16,0.5439683068628406,2.220446049250313e-16,2.220446049250313e-16,2.220446049250313e-16,0.37950075258216664,2.220446049250313e-16,0.008899110597146955
11.0,0.5036741368100952,0.25187097476054554,0.16263202452964892,0.48826652032090445,2.220446049250313e-16,2.220446049250313e-16,2.220446049250313e-16,2.220446049250313e-16,2.220446049250313e-16,0.2386900087495692,2.220446049250313e-16,2.220446049250313e-16,2.220446049250313e-16,0.0953370881026936
12.0,2.220446049250313e-16,2.220446049250313e-16,0.19006406490563274,0.4834957451616102,2.220446049250313e-16,0.40552651327178413,0.2457963329471696,2.220446049250313e-16,0.5228034144510469,2.220446049250313e-16,2.220446049250313e-16,0.3766292772252227,2.220446049250313e-16,0.09126170768160641
13.0,2.220446049250313e-16,0.5063484908689355,2.220446049250313e-16,0.4834957451616105,2.220446049250313e-16,0.4102641797134011,2.220446049250313e-16,0.001125024549487652,0.5228034144510467,2.220446049250313e-16,2.220446049250313e-16,0.3795007525821666,2.220446049250313e-16,2.220446049250313e-16
14.0,2.220446049250313e-16,0.2599861313705809,0.3954180161815505,0.4834957451616104,0.4569984061319885,0.02290795495062205,0.029700932137296136,2.220446049250313e-16,2.220446049250313e-16,2.220446049250313e-16,2.220446049250313e-16,2.220446049250313e-16,2.220446049250313e-16,0.038192654812119475
15.0,2.220446049250313e-16,0.5086055492522821,2.220446049250313e-16,0.48349574516161065,0.5293689584904577,2.220446049250313e-16,2.220446049250313e-16,0.0008392439790110275,2.220446049250313e-16,2.220446049250313e-16,2.220446049250313e-16,0.37950075258216664,2.220446049250313e-16,0.02192605587792408
16.0,2.220446049250313e-16,0.003946627867134277,0.6189146961928145,0.48349574516161065,0.5339834802346005,2.220446049250313e-16,2.220446049250313e-16,0.0036156282852817874,2.220446049250313e-16,2.220446049250313e-16,2.220446049250313e-16,2.220446049250313e-16,2.220446049250313e-16,0.04918291458478037
17.0,2.220446049250313e-16,2.220446049250313e-16,0.47985616643352375,0.48125906563537596,2.220446049250313e-16,2.220446049250313e-16,2.220446049250313e-16,0.008507604743984489,0.4971588463637,0.18186064745247404,1.5386340297877393e-05,0.3935663535734293,0.0020209350498663118,0.048001793028805445
18.0,2.220446049250313e-16,2.220446049250313e-16,0.14261622553675987,0.4834957451616107,0.10096552858718905,0.4010933889073926,2.220446049250313e-16,2.220446049250313e-16,0.27394245952185187,2.220446049250313e-16,2.220446049250313e-16,0.3773171782564487,0.00044662065633164604,0.5448870914378408
19.0,0.5035978824425323,2.220446049250313e-16,0.12139805171534657,0.48820186378632396,2.220446049250313e-16,2.220446049250313e-16,2.7755575615628914e-17,2.220446049250313e-16,2.220446049250313e-16,0.2439471227451037,2.220446049250313e-16,2.220446049250313e-16,2.220446049250313e-16,0.5049452803325064
20.0,2.220446049250313e-16,2.220446049250313e-16,0.19006406490563274,0.4834957451616102,2.220446049250313e-16,0.40552651327178413,0.2457963329471696,2.220446049250313e-16,0.5228034144510469,2.220446049250313e-16,2.220446049250313e-16,0.3766292772252227,2.220446049250313e-16,0.09126170768160641
21.0,2.220446049250313e-16,0.24721676746739205,2.220446049250313e-16,0.24289370236364297,2.220446049250313e-16,0.4102641797134011,2.220446049250313e-16,0.3716112416838794,0.5227675184019158,0.0002550599111068498,2.220446049250313e-16,0.3794897892552473,2.220446049250313e-16,2.220446049250313e-16
22.0,2.220446049250313e-16,0.2533576158544463,0.21409263246991872,0.48349574516161065,0.532710943318352,2.220446049250313e-16,2.220446049250313e-16,0.015159166414098748,2.220446049250313e-16,2.220446049250313e-16,2.220446049250313e-16,0.3762228143684233,2.220446049250313e-16,2.220446049250313e-16
23.0,2.220446049250313e-16,0.24721676746739205,2.220446049250313e-16,0.24289370236364297,2.220446049250313e-16,0.4102641797134011,2.220446049250313e-16,0.3716112416838794,0.5227675184019158,0.0002550599111068498,2.220446049250313e-16,0.3794897892552473,2.220446049250313e-16,2.220446049250313e-16
24.0,2.220446049250313e-16,0.5080592459774703,2.220446049250313e-16,0.48349574516161103,0.5668530034603493,0.08066462718390281,0.027295928624368623,0.0011038065189442378,2.220446049250313e-16,2.220446049250313e-16,2.220446049250313e-16,2.220446049250313e-16,0.025760398207289,2.220446049250313e-16
25.0,2.220446049250313e-16,0.25084291388169755,2.220446049250313e-16,2.220446049250313e-16,0.18428965522044283,2.220446049250313e-16,2.220446049250313e-16,0.544020938788495,0.5222387714507506,0.004012079238477023,2.220446049250313e-16,0.37932830001551415,2.220446049250313e-16,2.220446049250313e-16
26.0,2.220446049250313e-16,0.5148370454646157,0.1921028256453462,0.4834957451616107,0.45534917975120776,0.023056957551222917,0.02973052371559099,2.220446049250313e-16,2.220446049250313e-16,2.220446049250313e-16,2.220446049250313e-16,2.220446049250313e-16,2.220446049250313e-16,2.220446049250313e-16
27.0,0.31313973851056054,0.24483158635941804,2.220446049250313e-16,0.0013845246532000438,2.220446049250313e-16,2.220446049250313e-16,2.220446049250313e-16,0.5194626133176741,2.220446049250313e-16,0.5140203375924861,2.220446049250313e-16,0.00852540895014055,2.220446049250313e-16,2.220446049250313e-16
28.0,2.220446049250313e-16,0.5080592459774703,2.220446049250313e-16,0.48349574516161103,0.5668530034603493,0.08066462718390281,0.027295928624368623,0.0011038065189442378,2.220446049250313e-16,2.220446049250313e-16,2.220446049250313e-16,2.220446049250313e-16,0.025760398207289,2.220446049250313e-16
29.0,2.220446049250313e-16,0.5063484908689355,2.220446049250313e-16,0.4834957451616105,2.220446049250313e-16,0.4102641797134011,2.220446049250313e-16,0.001125024549487652,0.5228034144510467,2.220446049250313e-16,2.220446049250313e-16,0.3795007525821666,2.220446049250313e-16,2.220446049250313e-16
30.0,2.220446049250313e-16,2.220446049250313e-16,0.010866378711928255,0.4843877219273216,2.220446049250313e-16,2.220446049250313e-16,0.47344864234028805,2.220446049250313e-16,0.17087258535733943,0.5540685772573289,2.220446049250313e-16,0.38475525626034573,2.220446049250313e-16,2.220446049250313e-16
31.0,0.35231123865812153,0.25111790051453425,0.24662052541955792,0.4853666004785577,2.220446049250313e-16,2.220446049250313e-16,2.220446049250313e-16,2.220446049250313e-16,2.220446049250313e-16,0.4744776099251617,2.220446049250313e-16,0.006229585447543235,0.0011080119540578276,2.220446049250313e-16
32.0,2.220446049250313e-16,0.00482946073124115,0.6235349500936764,2.220446049250313e-16,0.46070203470531174,0.02257334334391205,0.02963447903165738,0.0012261127575201869,2.220446049250313e-16,2.220446049250313e-16,0.4939399870157337,2.220446049250313e-16,2.220446049250313e-16,0.00409107033530648
33.0,2.220446049250313e-16,0.5063484908689355,2.220446049250313e-16,0.4834957451616105,2.220446049250313e-16,0.4102641797134011,2.220446049250313e-16,0.001125024549487652,0.5228034144510467,2.220446049250313e-16,2.220446049250313e-16,0.3795007525821666,2.220446049250313e-16,2.220446049250313e-16
34.0,2.220446049250313e-16,0.007218253369746896,0.35461168064563364,2.220446049250313e-16,0.4480768449085924,0.02371399094375289,0.029861009056107397,2.220446049250313e-16,2.7755575615628914e-17,2.220446049250313e-16,0.49404497034086176,2.220446049250313e-16,2.220446049250313e-16,0.4481777556870051
35.0,0.3261006364108367,0.24761115629021324,0.002605173795050482,0.24433430011912982,2.220446049250313e-16,2.7755575615628914e-17,2.220446049250313e-16,0.3458327686827909,2.220446049250313e-16,0.5097161879400932,2.220446049250313e-16,0.008597889673098541,2.220446049250313e-16,2.220446049250313e-16
36.0,2.220446049250313e-16,0.5148370454646157,0.1921028256453462,0.4834957451616107,0.45534917975120776,0.023056957551222917,0.02973052371559099,2.220446049250313e-16,2.220446049250313e-16,2.220446049250313e-16,2.220446049250313e-16,2.220446049250313e-16,2.220446049250313e-16,2.220446049250313e-16
37.0,0.35188231442609313,0.5062163671264698,0.01810384840558204,0.4850094026316546,2.220446049250313e-16,2.220446049250313e-16,2.220446049250313e-16,2.220446049250313e-16,2.220446049250313e-16,0.5035207656139661,2.220446049250313e-16,0.008482399951938679,0.0002912689412797787,2.220446049250313e-16
38.0,2.220446049250313e-16,0.5086055492522821,2.220446049250313e-16,0.48349574516161065,0.5293689584904577,2.220446049250313e-16,2.220446049250313e-16,0.0008392439790110275,2.220446049250313e-16,2.220446049250313e-16,2.220446049250313e-16,0.37950075258216664,2.220446049250313e-16,0.02192605587792408
39.0,2.220446049250313e-16,0.2466506240726816,2.220446049250313e-16,2.220446049250313e-16,0.5325313028595816,2.220446049250313e-16,2.220446049250313e-16,0.5439683068628406,2.220446049250313e-16,2.220446049250313e-16,2.220446049250313e-16,0.37950075258216664,2.220446049250313e-16,0.008899110597146955
40.0,2.220446049250313e-16,0.5080592459774703,2.220446049250313e-16,0.48349574516161103,0.5668530034603493,0.08066462718390281,0.027295928624368623,0.0011038065189442378,2.220446049250313e-16,2.220446049250313e-16,2.220446049250313e-16,2.220446049250313e-16,0.025760398207289,2.220446049250313e-16
41.0,2.220446049250313e-16,0.24943579672677454,2.220446049250313e-16,0.2428968393110208,0.5323859758746686,2.220446049250313e-16,2.220446049250313e-16,0.37143093614687006,2.220446049250313e-16,2.220446049250313e-16,2.220446049250313e-16,0.37950075258216664,2.220446049250313e-16,0.012994997605551457
42.0,2.220446049250313e-16,0.5033767358840985,2.220446049250313e-16,0.24289370236364297,2.220446049250313e-16,0.4102641797134011,2.220446049250313e-16,0.18533663397355724,0.5227675184019158,0.0002550599111068498,2.220446049250313e-16,0.3794897892552473,2.220446049250313e-16,2.220446049250313e-16
43.0,2.220446049250313e-16,0.24943579672677454,2.220446049250313e-16,0.2428968393110208,0.5323859758746686,2.220446049250313e-16,2.220446049250313e-16,0.37143093614687006,2.220446049250313e-16,2.220446049250313e-16,2.220446049250313e-16,0.37950075258216664,2.220446049250313e-16,0.012994997605551457
44.0,2.220446049250313e-16,0.5139389479583731,0.19211090176164458,0.4834957451616105,0.5299309616624932,2.220446049250313e-16,2.220446049250313e-16,2.220446049250313e-16,2.220446049250313e-16,2.220446049250313e-16,2.220446049250313e-16,2.220446049250313e-16,2.220446049250313e-16,2.220446049250313e-16
45.0,2.220446049250313e-16,0.2466506240726816,2.220446049250313e-16,2.220446049250313e-16,0.5325313028595816,2.220446049250313e-16,2.220446049250313e-16,0.5439683068628406,2.220446049250313e-16,2.220446049250313e-16,2.220446049250313e-16,0.37950075258216664,2.220446049250313e-16,0.008899110597146955
46.0,2.220446049250313e-16,0.2599861313705809,0.3954180161815505,0.48349574516161054,0.45699840613198844,0.022907954950622016,0.02970093213729606,2.220446049250313e-16,2.220446049250313e-16,2.220446049250313e-16,2.220446049250313e-16,2.220446049250313e-16,2.220446049250313e-16,0.03819265481211943
47.0,2.220446049250313e-16,0.5063484908689355,2.220446049250313e-16,0.4834957451616105,2.220446049250313e-16,0.4102641797134011,2.220446049250313e-16,0.001125024549487652,0.5228034144510467,2.220446049250313e-16,2.220446049250313e-16,0.3795007525821666,2.220446049250313e-16,2.220446049250313e-16
48.0,2.220446049250313e-16,2.220446049250313e-16,0.010866378711928255,0.4843877219273216,2.220446049250313e-16,2.220446049250313e-16,0.47344864234028805,2.220446049250313e-16,0.17087258535733943,0.5540685772573289,2.220446049250313e-16,0.38475525626034573,2.220446049250313e-16,2.220446049250313e-16
49.0,0.5033733799019058,5.551115123125783e-17,2.220446049250313e-16,0.4880115067386507,2.220446049250313e-16,2.220446049250313e-16,0.4734884343550363,2.220446049250313e-16,2.220446049250313e-16,0.25942473387846565,2.220446049250313e-16,2.220446049250313e-16,2.220446049250313e-16,2.220446049250313e-16
50.0,2.220446049250313e-16,2.220446049250313e-16,0.010866378711928255,0.4843877219273216,2.220446049250313e-16,2.220446049250313e-16,0.47344864234028805,2.220446049250313e-16,0.17087258535733943,0.5540685772573289,2.220446049250313e-16,0.38475525626034573,2.220446049250313e-16,2.220446049250313e-16
51.0,0.5971466697032058,2.220446049250313e-16,2.220446049250313e-16,0.4834957451616105,2.220446049250313e-16,2.220446049250313e-16,0.4734884343550363,0.034991536091145,1.1102230246251565e-16,2.220446049250313e-16,0.004774258111366526,2.220446049250313e-16,2.220446049250313e-16,2.220446049250313e-16
52.0,2.220446049250313e-16,2.220446049250313e-16,0.010866378711928255,0.4843877219273216,2.220446049250313e-16,2.220446049250313e-16,0.47344864234028805,2.220446049250313e-16,0.17087258535733943,0.5540685772573289,2.220446049250313e-16,0.38475525626034573,2.220446049250313e-16,2.220446049250313e-16
53.0,2.220446049250313e-16,2.220446049250313e-16,0.47985616643352375,0.48125906563537596,2.220446049250313e-16,2.220446049250313e-16,2.220446049250313e-16,0.008507604743984489,0.4971588463637,0.18186064745247404,1.5386340297877393e-05,0.3935663535734293,0.0020209350498663118,0.048001793028805445
54.0,2.220446049250313e-16,2.220446049250313e-16,0.16634579050016282,0.4846356670305547,2.220446049250313e-16,1.249000902703301e-16,2.220446049250313e-16,2.220446049250313e-16,0.17370981803479446,0.5339085782597768,2.220446049250313e-16,0.38323427067423027,2.220446049250313e-16,0.4982677189077959
55.0,2.220446049250313e-16,0.5063484908689355,2.220446049250313e-16,0.4834957451616105,2.220446049250313e-16,0.4102641797134011,2.220446049250313e-16,0.001125024549487652,0.5228034144510467,2.220446049250313e-16,2.220446049250313e-16,0.3795007525821666,2.220446049250313e-16,2.220446049250313e-16
56.0,2.220446049250313e-16,0.0044453939307984944,0.15214718447216066,2.220446049250313e-16,0.10033591241563558,0.39696024618654835,0.21694154479189168,2.220446049250313e-16,0.2739354898299148,2.220446049250313e-16,0.4941177027259433,2.220446049250313e-16,0.0007267991087390805,0.42400324386907345
57.0,0.35231123865812153,0.25111790051453425,0.24662052541955792,0.4853666004785577,2.220446049250313e-16,2.220446049250313e-16,2.220446049250313e-16,2.220446049250313e-16,2.220446049250313e-16,0.4744776099251617,2.220446049250313e-16,0.006229585447543235,0.0011080119540578276,2.220446049250313e-16
58.0,2.220446049250313e-16,0.00025252698201673083,0.3488653134355025,1.3877787807814457e-16,0.3140816260846968,0.3817792351392684,2.220446049250313e-16,2.220446049250313e-16,2.220446049250313e-16,2.220446049250313e-16,0.494047034638557,2.220446049250313e-16,2.220446049250313e-16,0.5037263584298961
59.0,2.220446049250313e-16,0.5063484908689355,2.220446049250313e-16,0.4834957451616105,2.220446049250313e-16,0.4102641797134011,2.220446049250313e-16,0.001125024549487652,0.5228034144510467,2.220446049250313e-16,2.220446049250313e-16,0.3795007525821666,2.220446049250313e-16,2.220446049250313e-16
60.0,2.220446049250313e-16,2.220446049250313e-16,2.220446049250313e-16,2.220446049250313e-16,0.33880927749106765,0.49460011587338026,0.5005210633211195,2.220446049250313e-16,2.220446049250313e-16,2.220446049250313e-16,0.24822629471697452,2.220446049250313e-16,0.2784606314624206,2.220446049250313e-16
61.0,0.265081832132349,2.220446049250313e-16,0.2499204997140904,2.220446049250313e-16,2.220446049250313e-16,2.220446049250313e-16,0.2502470089500652,0.033407074195247785,2.220446049250313e-16,0.20089456642732736,0.5084955465872851,0.3977808872681489,2.220446049250313e-16,0.08157760307671715
62.0,0.265081832132349,2.220446049250313e-16,0.2499204997140904,2.220446049250313e-16,2.220446049250313e-16,2.220446049250313e-16,0.2502470089500652,0.033407074195247785,2.220446049250313e-16,0.20089456642732736,0.5084955465872851,0.3977808872681489,2.220446049250313e-16,0.08157760307671715
63.0,2.220446049250313e-16,2.220446049250313e-16,0.009837434076374423,0.0008111237507484326,2.220446049250313e-16,2.220446049250313e-16,0.47344868853912775,2.220446049250313e-16,0.16994738533067646,0.5606425998104612,0.49374365270931875,0.38430855240703793,2.220446049250313e-16,2.220446049250313e-16
64.0,2.220446049250313e-16,2.220446049250313e-16,0.009837434076374423,0.0008111237507484326,2.220446049250313e-16,2.220446049250313e-16,0.47344868853912775,2.220446049250313e-16,0.16994738533067646,0.5606425998104612,0.49374365270931875,0.38430855240703793,2.220446049250313e-16,2.220446049250313e-16
65.0,0.5033733799019058,5.551115123125783e-17,2.220446049250313e-16,0.4880115067386507,2.220446049250313e-16,2.220446049250313e-16,0.4734884343550363,2.220446049250313e-16,2.220446049250313e-16,0.25942473387846565,2.220446049250313e-16,2.220446049250313e-16,2.220446049250313e-16,2.220446049250313e-16
66.0,2.220446049250313e-16,0.25049508389901,0.2195297697818981,2.220446049250313e-16,0.6173606279200106,2.220446049250313e-16,2.220446049250313e-16,0.015005848639875386,2.220446049250313e-16,2.220446049250313e-16,2.220446049250313e-16,2.220446049250313e-16,0.5115277101133902,2.220446049250313e-16
67.0,2.220446049250313e-16,0.25049508389901,0.2195297697818981,2.220446049250313e-16,0.6173606279200106,2.220446049250313e-16,2.220446049250313e-16,0.015005848639875386,2.220446049250313e-16,2.220446049250313e-16,2.220446049250313e-16,2.220446049250313e-16,0.5115277101133902,2.220446049250313e-16
68.0,2.220446049250313e-16,2.220446049250313e-16,0.6859733346918417,2.220446049250313e-16,2.220446049250313e-16,2.220446049250313e-16,2.220446049250313e-16,0.0017238522032461678,0.48550406930389745,0.18010500290172077,0.00010397371003616099,0.010985205032533859,0.4804702657476098,0.01612487209022134
69.0,2.220446049250313e-16,2.220446049250313e-16,0.6859733346918417,2.220446049250313e-16,2.220446049250313e-16,2.220446049250313e-16,2.220446049250313e-16,0.0017238522032461678,0.48550406930389745,0.18010500290172077,0.00010397371003616099,0.010985205032533859,0.4804702657476098,0.01612487209022134
70.0,2.220446049250313e-16,2.220446049250313e-16,2.220446049250313e-16,2.220446049250313e-16,0.32484086175094284,0.4885953875367608,0.5008182819711191,2.220446049250313e-16,2.220446049250313e-16,2.220446049250313e-16,2.220446049250313e-16,3.2153031832692618e-06,0.5111903824696874,2.220446049250313e-16
71.0,0.5566929372778534,2.220446049250313e-16,2.220446049250313e-16,2.220446049250313e-16,2.220446049250313e-16,3.3306690738754696e-16,2.220446049250313e-16,0.5802552110552032,2.220446049250313e-16,9.625985183168677e-05,0.0021961632538414883,2.0216385652975277e-05,2.220446049250313e-16,0.38973173291689983
72.0,0.5566929372778534,2.220446049250313e-16,2.220446049250313e-16,2.220446049250313e-16,2.220446049250313e-16,3.3306690738754696e-16,2.220446049250313e-16,0.5802552110552032,2.220446049250313e-16,9.625985183168677e-05,0.0021961632538414883,2.0216385652975277e-05,2.220446049250313e-16,0.38973173291689983
73.0,0.5566929372778534,2.220446049250313e-16,2.220446049250313e-16,2.220446049250313e-16,2.220446049250313e-16,3.3306690738754696e-16,2.220446049250313e-16,0.5802552110552032,2.220446049250313e-16,9.625985183168677e-05,0.0021961632538414883,2.0216385652975277e-05,2.220446049250313e-16,0.38973173291689983
74.0,0.5566929372778534,2.220446049250313e-16,2.220446049250313e-16,2.220446049250313e-16,2.220446049250313e-16,3.3306690738754696e-16,2.220446049250313e-16,0.5802552110552032,2.220446049250313e-16,9.625985183168677e-05,0.0021961632538414883,2.0216385652975277e-05,2.220446049250313e-16,0.38973173291689983
75.0,0.5566929372778534,2.220446049250313e-16,2.220446049250313e-16,2.220446049250313e-16,2.220446049250313e-16,3.3306690738754696e-16,2.220446049250313e-16,0.5802552110552032,2.220446049250313e-16,9.625985183168677e-05,0.0021961632538414883,2.0216385652975277e-05,2.220446049250313e-16,0.38973173291689983
76.0,0.5566929372778534,2.220446049250313e-16,2.220446049250313e-16,2.220446049250313e-16,2.220446049250313e-16,3.3306690738754696e-16,2.220446049250313e-16,0.5802552110552032,2.220446049250313e-16,9.625985183168677e-05,0.0021961632538414883,2.0216385652975277e-05,2.220446049250313e-16,0.38973173291689983
77.0,2.220446049250313e-16,0.5071405150318221,2.220446049250313e-16,2.220446049250313e-16,0.6431797394160019,0.009186412442008515,2.220446049250313e-16,2.220446049250313e-16,2.220446049250313e-16,2.220446049250313e-16,0.4941723593586831,2.220446049250313e-16,0.03072993753808377,0.01623636447542228
78.0,2.220446049250313e-16,0.5071405150318221,2.220446049250313e-16,2.220446049250313e-16,0.6431797394160019,0.009186412442008515,2.220446049250313e-16,2.220446049250313e-16,2.220446049250313e-16,2.220446049250313e-16,0.4941723593586831,2.220446049250313e-16,0.03072993753808377,0.01623636447542228
79.0,2.220446049250313e-16,0.5095359968375026,0.2483962659452406,2.220446049250313e-16,2.220446049250313e-16,2.220446049250313e-16,2.220446049250313e-16,2.220446049250313e-16,0.47750838751804914,0.23683437601288698,0.00017076968766135272,0.015246435595933704,0.48094585197511913,2.220446049250313e-16
80.0,2.220446049250313e-16,0.5095359968375026,0.2483962659452406,2.220446049250313e-16,2.220446049250313e-16,2.220446049250313e-16,2.220446049250313e-16,2.220446049250313e-16,0.47750838751804914,0.23683437601288698,0.00017076968766135272,0.015246435595933704,0.48094585197511913,2.220446049250313e-16
81.0,2.220446049250313e-16,2.220446049250313e-16,2.220446049250313e-16,2.220446049250313e-16,0.33880927749106765,0.49460011587338026,0.5005210633211195,2.220446049250313e-16,2.220446049250313e-16,2.220446049250313e-16,0.24822629471697452,2.220446049250313e-16,0.2784606314624206,2.220446049250313e-16
82.0,0.265081832132349,2.220446049250313e-16,0.2499204997140904,2.220446049250313e-16,2.220446049250313e-16,2.220446049250313e-16,0.2502470089500652,0.033407074195247785,2.220446049250313e-16,0.20089456642732736,0.5084955465872851,0.3977808872681489,2.220446049250313e-16,0.08157760307671715
83.0,0.265081832132349,2.220446049250313e-16,0.2499204997140904,2.220446049250313e-16,2.220446049250313e-16,2.220446049250313e-16,0.2502470089500652,0.033407074195247785,2.220446049250313e-16,0.20089456642732736,0.5084955465872851,0.3977808872681489,2.220446049250313e-16,0.08157760307671715
84.0,2.220446049250313e-16,2.220446049250313e-16,0.009837434076374423,0.0008111237507484326,2.220446049250313e-16,2.220446049250313e-16,0.47344868853912775,2.220446049250313e-16,0.16994738533067646,0.5606425998104612,0.49374365270931875,0.38430855240703793,2.220446049250313e-16,2.220446049250313e-16
85.0,2.220446049250313e-16,2.220446049250313e-16,0.009837434076374423,0.0008111237507484326,2.220446049250313e-16,2.220446049250313e-16,0.47344868853912775,2.220446049250313e-16,0.16994738533067646,0.5606425998104612,0.49374365270931875,0.38430855240703793,2.220446049250313e-16,2.220446049250313e-16
86.0,0.5033733799019058,5.551115123125783e-17,2.220446049250313e-16,0.4880115067386507,2.220446049250313e-16,2.220446049250313e-16,0.4734884343550363,2.220446049250313e-16,2.220446049250313e-16,0.25942473387846565,2.220446049250313e-16,2.220446049250313e-16,2.220446049250313e-16,2.220446049250313e-16
87.0,2.220446049250313e-16,2.220446049250313e-16,2.220446049250313e-16,2.220446049250313e-16,0.32484086175094284,0.4885953875367608,0.5008182819711191,2.220446049250313e-16,2.220446049250313e-16,2.220446049250313e-16,2.220446049250313e-16,3.2153031832692618e-06,0.5111903824696874,2.220446049250313e-16
88.0,0.5554429522085932,2.220446049250313e-16,0.19309830759169433,2.220446049250313e-16,2.220446049250313e-16,2.220446049250313e-16,2.220446049250313e-16,0.597143510140219,2.220446049250313e-16,2.220446049250313e-16,0.0020470431986746797,2.220446049250313e-16,2.220446049250313e-16,2.220446049250313e-16
89.0,0.5554429522085932,2.220446049250313e-16,0.19309830759169433,2.220446049250313e-16,2.220446049250313e-16,2.220446049250313e-16,2.220446049250313e-16,0.597143510140219,2.220446049250313e-16,2.220446049250313e-16,0.0020470431986746797,2.220446049250313e-16,2.220446049250313e-16,2.220446049250313e-16
90.0,0.5554429522085932,2.220446049250313e-16,0.19309830759169433,2.220446049250313e-16,2.220446049250313e-16,2.220446049250313e-16,2.220446049250313e-16,0.597143510140219,2.220446049250313e-16,2.220446049250313e-16,0.0020470431986746797,2.220446049250313e-16,2.220446049250313e-16,2.220446049250313e-16
91.0,0.5554429522085932,2.220446049250313e-16,0.19309830759169433,2.220446049250313e-16,2.220446049250313e-16,2.220446049250313e-16,2.220446049250313e-16,0.597143510140219,2.220446049250313e-16,2.220446049250313e-16,0.0020470431986746797,2.220446049250313e-16,2.220446049250313e-16,2.220446049250313e-16
92.0,0.5554429522085932,2.220446049250313e-16,0.19309830759169433,2.220446049250313e-16,2.220446049250313e-16,2.220446049250313e-16,2.220446049250313e-16,0.597143510140219,2.220446049250313e-16,2.220446049250313e-16,0.0020470431986746797,2.220446049250313e-16,2.220446049250313e-16,2.220446049250313e-16
93.0,0.5554429522085932,2.220446049250313e-16,0.19309830759169433,2.220446049250313e-16,2.220446049250313e-16,2.220446049250313e-16,2.220446049250313e-16,0.597143510140219,2.220446049250313e-16,2.220446049250313e-16,0.0020470431986746797,2.220446049250313e-16,2.220446049250313e-16,2.220446049250313e-16
94.0,2.220446049250313e-16,2.220446049250313e-16,2.220446049250313e-16,2.220446049250313e-16,0.32484086175094284,0.4885953875367608,0.5008182819711191,2.220446049250313e-16,2.220446049250313e-16,2.220446049250313e-16,2.220446049250313e-16,3.2153031832692618e-06,0.5111903824696874,2.220446049250313e-16
95.0,0.17606562361862185,0.2530207185205606,0.015825671417125476,0.24221176500802596,2.220446049250313e-16,2.220446049250313e-16,0.2502477345282317,2.220446049250313e-16,2.220446049250313e-16,0.49545484339041185,0.2507951227371996,0.3892966647990577,0.0010644933923746084,2.220446049250313e-16
96.0,0.5554429522085932,2.220446049250313e-16,0.19309830759169433,2.220446049250313e-16,2.220446049250313e-16,2.220446049250313e-16,2.220446049250313e-16,0.597143510140219,2.220446049250313e-16,2.220446049250313e-16,0.0020470431986746797,2.220446049250313e-16,2.220446049250313e-16,2.220446049250313e-16
97.0,0.5554429522085932,2.220446049250313e-16,0.19309830759169433,2.220446049250313e-16,2.220446049250313e-16,2.220446049250313e-16,2.220446049250313e-16,0.597143510140219,2.220446049250313e-16,2.220446049250313e-16,0.0020470431986746797,2.220446049250313e-16,2.220446049250313e-16,2.220446049250313e-16
98.0,0.5554429522085932,2.220446049250313e-16,0.19309830759169433,2.220446049250313e-16,2.220446049250313e-16,2.220446049250313e-16,2.220446049250313e-16,0.597143510140219,2.220446049250313e-16,2.220446049250313e-16,0.0020470431986746797,2.220446049250313e-16,2.220446049250313e-16,2.220446049250313e-16
99.0,0.5554429522085932,2.220446049250313e-16,0.19309830759169433,2.220446049250313e-16,2.220446049250313e-16,2.220446049250313e-16,2.220446049250313e-16,0.597143510140219,2.220446049250313e-16,2.220446049250313e-16,0.0020470431986746797,2.220446049250313e-16,2.220446049250313e-16,2.220446049250313e-16
100.0,0.17606562361862185,0.2530207185205606,0.015825671417125476,0.24221176500802596,2.220446049250313e-16,2.220446049250313e-16,0.2502477345282317,2.220446049250313e-16,2.220446049250313e-16,0.49545484339041185,0.2507951227371996,0.3892966647990577,0.0010644933923746084,2.220446049250313e-16
101.0,2.220446049250313e-16,0.25049508389901,0.2195297697818981,2.220446049250313e-16,0.6173606279200106,2.220446049250313e-16,2.220446049250313e-16,0.015005848639875386,2.220446049250313e-16,2.220446049250313e-16,2.220446049250313e-16,2.220446049250313e-16,0.5115277101133902,2.220446049250313e-16
102.0,2.220446049250313e-16,0.25049508389901,0.2195297697818981,2.220446049250313e-16,0.6173606279200106,2.220446049250313e-16,2.220446049250313e-16,0.015005848639875386,2.220446049250313e-16,2.220446049250313e-16,2.220446049250313e-16,2.220446049250313e-16,0.5115277101133902,2.220446049250313e-16
103.0,2.220446049250313e-16,2.220446049250313e-16,0.6859733346918417,2.220446049250313e-16,2.220446049250313e-16,2.220446049250313e-16,2.220446049250313e-16,0.0017238522032461678,0.48550406930389745,0.18010500290172077,0.00010397371003616099,0.010985205032533859,0.4804702657476098,0.01612487209022134
104.0,2.220446049250313e-16,2.220446049250313e-16,0.6859733346918417,2.220446049250313e-16,2.220446049250313e-16,2.220446049250313e-16,2.220446049250313e-16,0.0017238522032461678,0.48550406930389745,0.18010500290172077,0.00010397371003616099,0.010985205032533859,0.4804702657476098,0.01612487209022134
105.0,2.220446049250313e-16,2.220446049250313e-16,0.14871441600031227,2.220446049250313e-16,0.18197192699863116,0.44551557528953367,2.220446049250313e-16,2.220446049250313e-16,0.26062909587295235,2.220446049250313e-16,2.220446049250313e-16,2.220446049250313e-16,0.5356377967515233,0.5383976944790874
106.0,2.220446049250313e-16,2.220446049250313e-16,0.14871441600031227,2.220446049250313e-16,0.18197192699863116,0.44551557528953367,2.220446049250313e-16,2.220446049250313e-16,0.26062909587295235,2.220446049250313e-16,2.220446049250313e-16,2.220446049250313e-16,0.5356377967515233,0.5383976944790874
107.0,2.220446049250313e-16,2.220446049250313e-16,0.6859733346918417,2.220446049250313e-16,2.220446049250313e-16,2.220446049250313e-16,2.220446049250313e-16,0.0017238522032461678,0.48550406930389745,0.18010500290172077,0.00010397371003616099,0.010985205032533859,0.4804702657476098,0.01612487209022134
108.0,2.220446049250313e-16,2.220446049250313e-16,0.6859733346918417,2.220446049250313e-16,2.220446049250313e-16,2.220446049250313e-16,2.220446049250313e-16,0.0017238522032461678,0.48550406930389745,0.18010500290172077,0.00010397371003616099,0.010985205032533859,0.4804702657476098,0.01612487209022134
109.0,2.220446049250313e-16,0.0017500229762724044,2.220446049250313e-16,2.220446049250313e-16,0.5635603858336526,0.07183347694895809,0.5009436764285244,2.220446049250313e-16,2.220446049250313e-16,2.220446049250313e-16,0.4941723593586833,2.220446049250313e-16,0.025770589106711792,2.220446049250313e-16
110.0,2.220446049250313e-16,0.0020230309820604615,0.5886381320789033,0.004594745228924113,2.220446049250313e-16,0.41026417971340123,2.220446049250313e-16,0.002147187343496407,0.21324331800688928,0.2530027060906887,0.4934961733717915,2.220446049250313e-16,2.220446049250313e-16,0.03199754964014228
111.0,0.17606137729394095,0.506254227993447,0.013511344875533867,0.2422081284650541,2.220446049250313e-16,2.220446049250313e-16,2.220446049250313e-16,2.220446049250313e-16,2.220446049250313e-16,0.4957505245783964,0.25079555306689216,0.38928146510974276,0.00029114772299504785,2.220446049250313e-16
112.0,2.220446049250313e-16,2.220446049250313e-16,0.009837434076374423,0.0008111237507484326,2.220446049250313e-16,2.220446049250313e-16,0.47344868853912775,2.220446049250313e-16,0.16994738533067646,0.5606425998104612,0.49374365270931875,0.38430855240703793,2.220446049250313e-16,2.220446049250313e-16
113.0,2.220446049250313e-16,0.0040060945553448924,0.19504820131054074,2.220446049250313e-16,0.1073485155526093,0.3914908860802251,0.4671569189176045,2.220446049250313e-16,0.27392710357447625,2.220446049250313e-16,0.49410229116818327,2.220446049250313e-16,0.0010639227710580916,0.013800194764302406
114.0,0.5036784622494155,2.220446049250313e-16,0.16497097314354242,0.4882701878867884,2.220446049250313e-16,2.220446049250313e-16,0.25028814809677313,2.220446049250313e-16,2.220446049250313e-16,0.23839180514090116,2.220446049250313e-16,2.220446049250313e-16,2.220446049250313e-16,0.09498960737372296
115.0,2.220446049250313e-16,2.220446049250313e-16,2.220446049250313e-16,2.220446049250313e-16,0.32484086175094284,0.4885953875367608,0.5008182819711191,2.220446049250313e-16,2.220446049250313e-16,2.220446049250313e-16,2.220446049250313e-16,3.2153031832692618e-06,0.5111903824696874,2.220446049250313e-16
116.0,0.5566929372778534,2.220446049250313e-16,2.220446049250313e-16,2.220446049250313e-16,2.220446049250313e-16,3.3306690738754696e-16,2.220446049250313e-16,0.5802552110552032,2.220446049250313e-16,9.625985183168677e-05,0.0021961632538414883,2.0216385652975277e-05,2.220446049250313e-16,0.38973173291689983
117.0,0.5566929372778534,2.220446049250313e-16,2.220446049250313e-16,2.220446049250313e-16,2.220446049250313e-16,3.3306690738754696e-16,2.220446049250313e-16,0.5802552110552032,2.220446049250313e-16,9.625985183168677e-05,0.0021961632538414883,2.0216385652975277e-05,2.220446049250313e-16,0.38973173291689983
118.0,0.5566929372778534,2.220446049250313e-16,2.220446049250313e-16,2.220446049250313e-16,2.220446049250313e-16,3.3306690738754696e-16,2.220446049250313e-16,0.5802552110552032,2.220446049250313e-16,9.625985183168677e-05,0.0021961632538414883,2.0216385652975277e-05,2.220446049250313e-16,0.38973173291689983
119.0,0.5566929372778534,2.220446049250313e-16,2.220446049250313e-16,2.220446049250313e-16,2.220446049250313e-16,3.3306690738754696e-16,2.220446049250313e-16,0.5802552110552032,2.220446049250313e-16,9.625985183168677e-05,0.0021961632538414883,2.0216385652975277e-05,2.220446049250313e-16,0.38973173291689983
120.0,0.5566929372778534,2.220446049250313e-16,2.220446049250313e-16,2.220446049250313e-16,2.220446049250313e-16,3.3306690738754696e-16,2.220446049250313e-16,0.5802552110552032,2.220446049250313e-16,9.625985183168677e-05,0.0021961632538414883,2.0216385652975277e-05,2.220446049250313e-16,0.38973173291689983
121.0,0.5566929372778534,2.220446049250313e-16,2.220446049250313e-16,2.220446049250313e-16,2.220446049250313e-16,3.3306690738754696e-16,2.220446049250313e-16,0.5802552110552032,2.220446049250313e-16,9.625985183168677e-05,0.0021961632538414883,2.0216385652975277e-05,2.220446049250313e-16,0.38973173291689983
122.0,2.220446049250313e-16,0.00040625704780719124,2.220446049250313e-16,2.220446049250313e-16,0.5347532406017094,0.05944239448430097,0.5015566806064043,2.220446049250313e-16,2.220446049250313e-16,2.220446049250313e-16,2.220446049250313e-16,3.1129497282065408e-06,0.5059705903668564,2.220446049250313e-16
123.0,0.5565333978206431,0.2438161825986911,2.220446049250313e-16,2.220446049250313e-16,2.220446049250313e-16,2.220446049250313e-16,2.220446049250313e-16,0.5824049359294834,2.220446049250313e-16,9.986348448609002e-05,0.0021859944628573303,2.0959323937259436e-05,2.220446049250313e-16,2.220446049250313e-16
124.0,0.5565333978206431,0.2438161825986911,2.220446049250313e-16,2.220446049250313e-16,2.220446049250313e-16,2.220446049250313e-16,2.220446049250313e-16,0.5824049359294834,2.220446049250313e-16,9.986348448609002e-05,0.0021859944628573303,2.0959323937259436e-05,2.220446049250313e-16,2.220446049250313e-16
125.0,0.5565333978206431,0.2438161825986911,2.220446049250313e-16,2.220446049250313e-16,2.220446049250313e-16,2.220446049250313e-16,2.220446049250313e-16,0.5824049359294834,2.220446049250313e-16,9.986348448609002e-05,0.0021859944628573303,2.0959323937259436e-05,2.220446049250313e-16,2.220446049250313e-16
126.0,0.5565333978206431,0.2438161825986911,2.220446049250313e-16,2.220446049250313e-16,2.220446049250313e-16,2.220446049250313e-16,2.220446049250313e-16,0.5824049359294834,2.220446049250313e-16,9.986348448609002e-05,0.0021859944628573303,2.0959323937259436e-05,2.220446049250313e-16,2.220446049250313e-16
127.0,0.17606562361862185,0.2530207185205606,0.015825671417125476,0.24221176500802596,2.220446049250313e-16,2.220446049250313e-16,0.2502477345282317,2.220446049250313e-16,2.220446049250313e-16,0.49545484339041185,0.2507951227371996,0.3892966647990577,0.0010644933923746084,2.220446049250313e-16
128.0,0.17606562361862185,0.2530207185205606,0.015825671417125476,0.24221176500802596,2.220446049250313e-16,2.220446049250313e-16,0.2502477345282317,2.220446049250313e-16,2.220446049250313e-16,0.49545484339041185,0.2507951227371996,0.3892966647990577,0.0010644933923746084,2.220446049250313e-16
129.0,2.220446049250313e-16,0.505783589540996,2.220446049250313e-16,2.220446049250313e-16,0.6142189451847138,2.220446049250313e-16,2.220446049250313e-16,0.0009413021892033519,2.220446049250313e-16,1.1102230246251565e-16,2.220446049250313e-16,2.220446049250313e-16,0.5108800261281571,0.0162224218083921
130.0,2.220446049250313e-16,0.505783589540996,2.220446049250313e-16,2.220446049250313e-16,0.6142189451847138,2.220446049250313e-16,2.220446049250313e-16,0.0009413021892033519,2.220446049250313e-16,1.1102230246251565e-16,2.220446049250313e-16,2.220446049250313e-16,0.5108800261281571,0.0162224218083921
131.0,2.220446049250313e-16,0.2543424758516913,0.4766858681209726,2.220446049250313e-16,2.220446049250313e-16,2.220446049250313e-16,2.220446049250313e-16,0.006027048626716931,0.48165498345117846,0.20724156098820998,0.00010088337429676335,0.013023153335059316,0.48167632711818203,2.220446049250313e-16
132.0,2.220446049250313e-16,0.2543424758516913,0.4766858681209726,2.220446049250313e-16,2.220446049250313e-16,2.220446049250313e-16,2.220446049250313e-16,0.006027048626716931,0.48165498345117846,0.20724156098820998,0.00010088337429676335,0.013023153335059316,0.48167632711818203,2.220446049250313e-16
133.0,2.220446049250313e-16,0.0017500229762724044,2.220446049250313e-16,2.220446049250313e-16,0.5635603858336526,0.07183347694895809,0.5009436764285244,2.220446049250313e-16,2.220446049250313e-16,2.220446049250313e-16,0.4941723593586833,2.220446049250313e-16,0.025770589106711792,2.220446049250313e-16
134.0,0.17105597643951787,2.220446049250313e-16,0.17315492016764267,0.001818742077899631,2.220446049250313e-16,2.220446049250313e-16,2.220446049250313e-16,2.220446049250313e-16,2.220446049250313e-16,0.4787148496740056,0.49913727644400147,0.3875070127047107,2.220446049250313e-16,0.4972561356150056
135.0,0.17105597643951787,2.220446049250313e-16,0.17315492016764267,0.001818742077899631,2.220446049250313e-16,2.220446049250313e-16,2.220446049250313e-16,2.220446049250313e-16,2.220446049250313e-16,0.4787148496740056,0.49913727644400147,0.3875070127047107,2.220446049250313e-16,0.4972561356150056
136.0,2.220446049250313e-16,2.220446049250313e-16,0.009837434076374423,0.0008111237507484326,2.220446049250313e-16,2.220446049250313e-16,0.47344868853912775,2.220446049250313e-16,0.16994738533067646,0.5606425998104612,0.49374365270931875,0.38430855240703793,2.220446049250313e-16,2.220446049250313e-16
137.0,2.220446049250313e-16,2.220446049250313e-16,0.009837434076374423,0.0008111237507484326,2.220446049250313e-16,2.220446049250313e-16,0.47344868853912775,2.220446049250313e-16,0.16994738533067646,0.5606425998104612,0.49374365270931875,0.38430855240703793,2.220446049250313e-16,2.220446049250313e-16
138.0,0.5033733799019058,5.551115123125783e-17,2.220446049250313e-16,0.4880115067386507,2.220446049250313e-16,2.220446049250313e-16,0.4734884343550363,2.220446049250313e-16,2.220446049250313e-16,0.25942473387846565,2.220446049250313e-16,2.220446049250313e-16,2.220446049250313e-16,2.220446049250313e-16
139.0,2.220446049250313e-16,0.5071405150318221,2.220446049250313e-16,2.220446049250313e-16,0.6431797394160019,0.009186412442008515,2.220446049250313e-16,2.220446049250313e-16,2.220446049250313e-16,2.220446049250313e-16,0.4941723593586831,2.220446049250313e-16,0.03072993753808377,0.01623636447542228
140.0,2.220446049250313e-16,0.5071405150318221,2.220446049250313e-16,2.220446049250313e-16,0.6431797394160019,0.009186412442008515,2.220446049250313e-16,2.220446049250313e-16,2.220446049250313e-16,2.220446049250313e-16,0.4941723593586831,2.220446049250313e-16,0.03072993753808377,0.01623636447542228
141.0,2.220446049250313e-16,0.5095359968375026,0.2483962659452406,2.220446049250313e-16,2.220446049250313e-16,2.220446049250313e-16,2.220446049250313e-16,2.220446049250313e-16,0.47750838751804914,0.23683437601288698,0.00017076968766135272,0.015246435595933704,0.48094585197511913,2.220446049250313e-16
142.0,2.220446049250313e-16,0.5095359968375026,0.2483962659452406,2.220446049250313e-16,2.220446049250313e-16,2.220446049250313e-16,2.220446049250313e-16,2.220446049250313e-16,0.47750838751804914,0.23683437601288698,0.00017076968766135272,0.015246435595933704,0.48094585197511913,2.220446049250313e-16
143.0,2.220446049250313e-16,2.220446049250313e-16,2.220446049250313e-16,2.220446049250313e-16,0.33880927749106765,0.49460011587338026,0.5005210633211195,2.220446049250313e-16,2.220446049250313e-16,2.220446049250313e-16,0.24822629471697452,2.220446049250313e-16,0.2784606314624206,2.220446049250313e-16
144.0,0.2641128002224216,2.220446049250313e-16,0.049798509005698016,2.220446049250313e-16,2.220446049250313e-16,2.220446049250313e-16,0.47344709406863117,0.04139455650368852,2.220446049250313e-16,0.22633876826497026,0.5084945122356119,0.3997257387085041,2.220446049250313e-16,2.220446049250313e-16
145.0,0.2641128002224216,2.220446049250313e-16,0.049798509005698016,2.220446049250313e-16,2.220446049250313e-16,2.220446049250313e-16,0.47344709406863117,0.04139455650368852,2.220446049250313e-16,0.22633876826497026,0.5084945122356119,0.3997257387085041,2.220446049250313e-16,2.220446049250313e-16
146.0,2.220446049250313e-16,2.220446049250313e-16,0.009837434076374423,0.0008111237507484326,2.220446049250313e-16,2.220446049250313e-16,0.47344868853912775,2.220446049250313e-16,0.16994738533067646,0.5606425998104612,0.49374365270931875,0.38430855240703793,2.220446049250313e-16,2.220446049250313e-16
147.0,2.220446049250313e-16,2.220446049250313e-16,0.009837434076374423,0.0008111237507484326,2.220446049250313e-16,2.220446049250313e-16,0.47344868853912775,2.220446049250313e-16,0.16994738533067646,0.5606425998104612,0.49374365270931875,0.38430855240703793,2.220446049250313e-16,2.220446049250313e-16
148.0,0.5033733799019058,5.551115123125783e-17,2.220446049250313e-16,0.4880115067386507,2.220446049250313e-16,2.220446049250313e-16,0.4734884343550363,2.220446049250313e-16,2.220446049250313e-16,0.25942473387846565,2.220446049250313e-16,2.220446049250313e-16,2.220446049250313e-16,2.220446049250313e-16
149.0,2.220446049250313e-16,2.220446049250313e-16,0.4182886895112559,2.7755575615628914e-17,0.4048005345688802,0.01520550293348226,2.220446049250313e-16,0.010226814616398114,0.2607590204307601,2.220446049250313e-16,2.220446049250313e-16,2.220446049250313e-16,0.5304148884970278,0.08363913853015138
150.0,2.220446049250313e-16,2.220446049250313e-16,0.4182886895112559,2.7755575615628914e-17,0.4048005345688802,0.01520550293348226,2.220446049250313e-16,0.010226814616398114,0.2607590204307601,2.220446049250313e-16,2.220446049250313e-16,2.220446049250313e-16,0.5304148884970278,0.08363913853015138
151.0,2.220446049250313e-16,2.220446049250313e-16,0.6859733346918417,2.220446049250313e-16,2.220446049250313e-16,2.220446049250313e-16,2.220446049250313e-16,0.0017238522032461678,0.48550406930389745,0.18010500290172077,0.00010397371003616099,0.010985205032533859,0.4804702657476098,0.01612487209022134
152.0,2.220446049250313e-16,2.220446049250313e-16,0.6859733346918417,2.220446049250313e-16,2.220446049250313e-16,2.220446049250313e-16,2.220446049250313e-16,0.0017238522032461678,0.48550406930389745,0.18010500290172077,0.00010397371003616099,0.010985205032533859,0.4804702657476098,0.01612487209022134
153.0,2.220446049250313e-16,0.2529891857855212,0.21950882997971793,2.220446049250313e-16,0.4043843370940408,0.015203467484924309,2.220446049250313e-16,0.014975642169936394,0.2607273227753963,2.220446049250313e-16,2.220446049250313e-16,2.220446049250313e-16,0.5316891198559118,2.220446049250313e-16
154.0,2.220446049250313e-16,0.2529891857855212,0.21950882997971793,2.220446049250313e-16,0.4043843370940408,0.015203467484924309,2.220446049250313e-16,0.014975642169936394,0.2607273227753963,2.220446049250313e-16,2.220446049250313e-16,2.220446049250313e-16,0.5316891198559118,2.220446049250313e-16
155.0,2.220446049250313e-16,2.220446049250313e-16,0.6859733346918417,2.220446049250313e-16,2.220446049250313e-16,2.220446049250313e-16,2.220446049250313e-16,0.0017238522032461678,0.48550406930389745,0.18010500290172077,0.00010397371003616099,0.010985205032533859,0.4804702657476098,0.01612487209022134
156.0,2.220446049250313e-16,2.220446049250313e-16,0.6859733346918417,2.220446049250313e-16,2.220446049250313e-16,2.220446049250313e-16,2.220446049250313e-16,0.0017238522032461678,0.48550406930389745,0.18010500290172077,0.00010397371003616099,0.010985205032533859,0.4804702657476098,0.01612487209022134
157.0,2.220446049250313e-16,0.0017500229762724044,2.220446049250313e-16,2.220446049250313e-16,0.5635603858336526,0.07183347694895809,0.5009436764285244,2.220446049250313e-16,2.220446049250313e-16,2.220446049250313e-16,0.4941723593586833,2.220446049250313e-16,0.025770589106711792,2.220446049250313e-16
158.0,0.17105597643951787,2.220446049250313e-16,0.17315492016764267,0.001818742077899631,2.220446049250313e-16,2.220446049250313e-16,2.220446049250313e-16,2.220446049250313e-16,2.220446049250313e-16,0.4787148496740056,0.49913727644400147,0.3875070127047107,2.220446049250313e-16,0.4972561356150056
159.0,0.17105597643951787,2.220446049250313e-16,0.17315492016764267,0.001818742077899631,2.220446049250313e-16,2.220446049250313e-16,2.220446049250313e-16,2.220446049250313e-16,2.220446049250313e-16,0.4787148496740056,0.49913727644400147,0.3875070127047107,2.220446049250313e-16,0.4972561356150056
160.0,2.220446049250313e-16,2.220446049250313e-16,0.009837434076374423,0.0008111237507484326,2.220446049250313e-16,2.220446049250313e-16,0.47344868853912775,2.220446049250313e-16,0.16994738533067646,0.5606425998104612,0.49374365270931875,0.38430855240703793,2.220446049250313e-16,2.220446049250313e-16
161.0,2.220446049250313e-16,2.220446049250313e-16,0.009837434076374423,0.0008111237507484326,2.220446049250313e-16,2.220446049250313e-16,0.47344868853912775,2.220446049250313e-16,0.16994738533067646,0.5606425998104612,0.49374365270931875,0.38430855240703793,2.220446049250313e-16,2.220446049250313e-16
162.0,0.5033733799019058,5.551115123125783e-17,2.220446049250313e-16,0.4880115067386507,2.220446049250313e-16,2.220446049250313e-16,0.4734884343550363,2.220446049250313e-16,2.220446049250313e-16,0.25942473387846565,2.220446049250313e-16,2.220446049250313e-16,2.220446049250313e-16,2.220446049250313e-16
163.0,2.220446049250313e-16,2.220446049250313e-16,2.220446049250313e-16,2.220446049250313e-16,0.32484086175094284,0.4885953875367608,0.5008182819711191,2.220446049250313e-16,2.220446049250313e-16,2.220446049250313e-16,2.220446049250313e-16,3.2153031832692618e-06,0.5111903824696874,2.220446049250313e-16
164.0,0.5554429522085932,2.220446049250313e-16,0.19309830759169433,2.220446049250313e-16,2.220446049250313e-16,2.220446049250313e-16,2.220446049250313e-16,0.597143510140219,2.220446049250313e-16,2.220446049250313e-16,0.0020470431986746797,2.220446049250313e-16,2.220446049250313e-16,2.220446049250313e-16
165.0,0.5554429522085932,2.220446049250313e-16,0.19309830759169433,2.220446049250313e-16,2.220446049250313e-16,2.220446049250313e-16,2.220446049250313e-16,0.597143510140219,2.220446049250313e-16,2.220446049250313e-16,0.0020470431986746797,2.220446049250313e-16,2.220446049250313e-16,2.220446049250313e-16
166.0,0.5554429522085932,2.220446049250313e-16,0.19309830759169433,2.220446049250313e-16,2.220446049250313e-16,2.220446049250313e-16,2.220446049250313e-16,0.597143510140219,2.220446049250313e-16,2.220446049250313e-16,0.0020470431986746797,2.220446049250313e-16,2.220446049250313e-16,2.220446049250313e-16
167.0,0.5554429522085932,2.220446049250313e-16,0.19309830759169433,2.220446049250313e-16,2.220446049250313e-16,2.220446049250313e-16,2.220446049250313e-16,0.597143510140219,2.220446049250313e-16,2.220446049250313e-16,0.0020470431986746797,2.220446049250313e-16,2.220446049250313e-16,2.220446049250313e-16
168.0,0.5554429522085932,2.220446049250313e-16,0.19309830759169433,2.220446049250313e-16,2.220446049250313e-16,2.220446049250313e-16,2.220446049250313e-16,0.597143510140219,2.220446049250313e-16,2.220446049250313e-16,0.0020470431986746797,2.220446049250313e-16,2.220446049250313e-16,2.220446049250313e-16
169.0,0.5554429522085932,2.220446049250313e-16,0.19309830759169433,2.220446049250313e-16,2.220446049250313e-16,2.220446049250313e-16,2.220446049250313e-16,0.597143510140219,2.220446049250313e-16,2.220446049250313e-16,0.0020470431986746797,2.220446049250313e-16,2.220446049250313e-16,2.220446049250313e-16
170.0,2.220446049250313e-16,0.5071405150318221,2.220446049250313e-16,2.220446049250313e-16,0.6431797394160019,0.009186412442008515,2.220446049250313e-16,2.220446049250313e-16,2.220446049250313e-16,2.220446049250313e-16,0.4941723593586831,2.220446049250313e-16,0.03072993753808377,0.01623636447542228
171.0,2.220446049250313e-16,0.5071405150318221,2.220446049250313e-16,2.220446049250313e-16,0.6431797394160019,0.009186412442008515,2.220446049250313e-16,2.220446049250313e-16,2.220446049250313e-16,2.220446049250313e-16,0.4941723593586831,2.220446049250313e-16,0.03072993753808377,0.01623636447542228
172.0,2.220446049250313e-16,0.5095359968375026,0.2483962659452406,2.220446049250313e-16,2.220446049250313e-16,2.220446049250313e-16,2.220446049250313e-16,2.220446049250313e-16,0.47750838751804914,0.23683437601288698,0.00017076968766135272,0.015246435595933704,0.48094585197511913,2.220446049250313e-16
173.0,2.220446049250313e-16,0.5095359968375026,0.2483962659452406,2.220446049250313e-16,2.220446049250313e-16,2.220446049250313e-16,2.220446049250313e-16,2.220446049250313e-16,0.47750838751804914,0.23683437601288698,0.00017076968766135272,0.015246435595933704,0.48094585197511913,2.220446049250313e-16
174.0,2.220446049250313e-16,2.220446049250313e-16,2.220446049250313e-16,2.220446049250313e-16,0.32484086175094284,0.4885953875367608,0.5008182819711191,2.220446049250313e-16,2.220446049250313e-16,2.220446049250313e-16,2.220446049250313e-16,3.2153031832692618e-06,0.5111903824696874,2.220446049250313e-16
175.0,0.5566929372778534,2.220446049250313e-16,2.220446049250313e-16,2.220446049250313e-16,2.220446049250313e-16,3.3306690738754696e-16,2.220446049250313e-16,0.5802552110552032,2.220446049250313e-16,9.625985183168677e-05,0.0021961632538414883,2.0216385652975277e-05,2.220446049250313e-16,0.38973173291689983
176.0,0.5566929372778534,2.220446049250313e-16,2.220446049250313e-16,2.220446049250313e-16,2.220446049250313e-16,3.3306690738754696e-16,2.220446049250313e-16,0.5802552110552032,2.220446049250313e-16,9.625985183168677e-05,0.0021961632538414883,2.0216385652975277e-05,2.220446049250313e-16,0.38973173291689983
177.0,0.5566929372778534,2.220446049250313e-16,2.220446049250313e-16,2.220446049250313e-16,2.220446049250313e-16,3.3306690738754696e-16,2.220446049250313e-16,0.5802552110552032,2.220446049250313e-16,9.625985183168677e-05,0.0021961632538414883,2.0216385652975277e-05,2.220446049250313e-16,0.38973173291689983
178.0,0.5566929372778534,2.220446049250313e-16,2.220446049250313e-16,2.220446049250313e-16,2.220446049250313e-16,3.3306690738754696e-16,2.220446049250313e-16,0.5802552110552032,2.220446049250313e-16,9.625985183168677e-05,0.0021961632538414883,2.0216385652975277e-05,2.220446049250313e-16,0.38973173291689983
179.0,0.5566929372778534,2.220446049250313e-16,2.220446049250313e-16,2.220446049250313e-16,2.220446049250313e-16,3.3306690738754696e-16,2.220446049250313e-16,0.5802552110552032,2.220446049250313e-16,9.625985183168677e-05,0.0021961632538414883,2.0216385652975277e-05,2.220446049250313e-16,0.38973173291689983
180.0,0.5566929372778534,2.220446049250313e-16,2.220446049250313e-16,2.220446049250313e-16,2.220446049250313e-16,3.3306690738754696e-16,2.220446049250313e-16,0.5802552110552032,2.220446049250313e-16,9.625985183168677e-05,0.0021961632538414883,2.0216385652975277e-05,2.220446049250313e-16,0.38973173291689983
181.0,2.220446049250313e-16,2.220446049250313e-16,0.14982736477018005,2.220446049250313e-16,0.3954052523401661,0.42678673064917494,2.220446049250313e-16,2.220446049250313e-16,2.220446049250313e-16,2.220446049250313e-16,2.220446049250313e-16,2.220446049250313e-16,0.5155217835033961,0.5277551241415743
182.0,2.220446049250313e-16,2.220446049250313e-16,0.14982736477018005,2.220446049250313e-16,0.3954052523401661,0.42678673064917494,2.220446049250313e-16,2.220446049250313e-16,2.220446049250313e-16,2.220446049250313e-16,2.220446049250313e-16,2.220446049250313e-16,0.5155217835033961,0.5277551241415743
183.0,2.220446049250313e-16,2.220446049250313e-16,0.6859733346918417,2.220446049250313e-16,2.220446049250313e-16,2.220446049250313e-16,2.220446049250313e-16,0.0017238522032461678,0.48550406930389745,0.18010500290172077,0.00010397371003616099,0.010985205032533859,0.4804702657476098,0.01612487209022134
184.0,2.220446049250313e-16,2.220446049250313e-16,0.6859733346918417,2.220446049250313e-16,2.220446049250313e-16,2.220446049250313e-16,2.220446049250313e-16,0.0017238522032461678,0.48550406930389745,0.18010500290172077,0.00010397371003616099,0.010985205032533859,0.4804702657476098,0.01612487209022134
185.0,2.220446049250313e-16,0.25049508389901,0.2195297697818981,2.220446049250313e-16,0.6173606279200106,2.220446049250313e-16,2.220446049250313e-16,0.015005848639875386,2.220446049250313e-16,2.220446049250313e-16,2.220446049250313e-16,2.220446049250313e-16,0.5115277101133902,2.220446049250313e-16
186.0,2.220446049250313e-16,0.25049508389901,0.2195297697818981,2.220446049250313e-16,0.6173606279200106,2.220446049250313e-16,2.220446049250313e-16,0.015005848639875386,2.220446049250313e-16,2.220446049250313e-16,2.220446049250313e-16,2.220446049250313e-16,0.5115277101133902,2.220446049250313e-16
187.0,2.220446049250313e-16,2.220446049250313e-16,0.6859733346918417,2.220446049250313e-16,2.220446049250313e-16,2.220446049250313e-16,2.220446049250313e-16,0.0017238522032461678,0.48550406930389745,0.18010500290172077,0.00010397371003616099,0.010985205032533859,0.4804702657476098,0.01612487209022134
188.0,2.220446049250313e-16,2.220446049250313e-16,0.6859733346918417,2.220446049250313e-16,2.220446049250313e-16,2.220446049250313e-16,2.220446049250313e-16,0.0017238522032461678,0.48550406930389745,0.18010500290172077,0.00010397371003616099,0.010985205032533859,0.4804702657476098,0.01612487209022134
189.0,2.220446049250313e-16,2.220446049250313e-16,2.220446049250313e-16,2.220446049250313e-16,0.12561442176617216,0.513237226113401,0.5043503582794197,2.220446049250313e-16,0.2665291556332767,2.220446049250313e-16,0.2482262947169746,2.220446049250313e-16,0.29845807227057436,2.220446049250313e-16
190.0,0.2641128002224216,2.220446049250313e-16,0.049798509005698016,2.220446049250313e-16,2.220446049250313e-16,2.220446049250313e-16,0.47344709406863117,0.04139455650368852,2.220446049250313e-16,0.22633876826497026,0.5084945122356119,0.3997257387085041,2.220446049250313e-16,2.220446049250313e-16
191.0,0.2641128002224216,2.220446049250313e-16,0.049798509005698016,2.220446049250313e-16,2.220446049250313e-16,2.220446049250313e-16,0.47344709406863117,0.04139455650368852,2.220446049250313e-16,0.22633876826497026,0.5084945122356119,0.3997257387085041,2.220446049250313e-16,2.220446049250313e-16
192.0,2.220446049250313e-16,2.220446049250313e-16,0.009837434076374423,0.0008111237507484326,2.220446049250313e-16,2.220446049250313e-16,0.47344868853912775,2.220446049250313e-16,0.16994738533067646,0.5606425998104612,0.49374365270931875,0.38430855240703793,2.220446049250313e-16,2.220446049250313e-16
193.0,2.220446049250313e-16,2.220446049250313e-16,0.009837434076374423,0.0008111237507484326,2.220446049250313e-16,2.220446049250313e-16,0.47344868853912775,2.220446049250313e-16,0.16994738533067646,0.5606425998104612,0.49374365270931875,0.38430855240703793,2.220446049250313e-16,2.220446049250313e-16
194.0,0.5033733799019058,5.551115123125783e-17,2.220446049250313e-16,0.4880115067386507,2.220446049250313e-16,2.220446049250313e-16,0.4734884343550363,2.220446049250313e-16,2.220446049250313e-16,0.25942473387846565,2.220446049250313e-16,2.220446049250313e-16,2.220446049250313e-16,2.220446049250313e-16
195.0,2.220446049250313e-16,2.220446049250313e-16,2.220446049250313e-16,2.220446049250313e-16,0.32484086175094284,0.4885953875367608,0.5008182819711191,2.220446049250313e-16,2.220446049250313e-16,2.220446049250313e-16,2.220446049250313e-16,3.2153031832692618e-06,0.5111903824696874,2.220446049250313e-16
196.0,0.5566929372778534,2.220446049250313e-16,2.220446049250313e-16,2.220446049250313e-16,2.220446049250313e-16,3.3306690738754696e-16,2.220446049250313e-16,0.5802552110552032,2.220446049250313e-16,9.625985183168677e-05,0.0021961632538414883,2.0216385652975277e-05,2.220446049250313e-16,0.38973173291689983
197.0,0.5566929372778534,2.220446049250313e-16,2.220446049250313e-16,2.220446049250313e-16,2.220446049250313e-16,3.3306690738754696e-16,2.220446049250313e-16,0.5802552110552032,2.220446049250313e-16,9.625985183168677e-05,0.0021961632538414883,2.0216385652975277e-05,2.220446049250313e-16,0.38973173291689983
198.0,0.5566929372778534,2.220446049250313e-16,2.220446049250313e-16,2.220446049250313e-16,2.220446049250313e-16,3.3306690738754696e-16,2.220446049250313e-16,0.5802552110552032,2.220446049250313e-16,9.625985183168677e-05,0.0021961632538414883,2.0216385652975277e-05,2.220446049250313e-16,0.38973173291689983
199.0,0.5566929372778534,2.220446049250313e-16,2.220446049250313e-16,2.220446049250313e-16,2.220446049250313e-16,3.3306690738754696e-16,2.220446049250313e-16,0.5802552110552032,2.220446049250313e-16,9.625985183168677e-05,0.0021961632538414883,2.0216385652975277e-05,2.220446049250313e-16,0.38973173291689983
200.0,0.5566929372778534,2.220446049250313e-16,2.220446049250313e-16,2.220446049250313e-16,2.220446049250313e-16,3.3306690738754696e-16,2.220446049250313e-16,0.5802552110552032,2.220446049250313e-16,9.625985183168677e-05,0.0021961632538414883,2.0216385652975277e-05,2.220446049250313e-16,0.38973173291689983
201.0,0.5566929372778534,2.220446049250313e-16,2.220446049250313e-16,2.220446049250313e-16,2.220446049250313e-16,3.3306690738754696e-16,2.220446049250313e-16,0.5802552110552032,2.220446049250313e-16,9.625985183168677e-05,0.0021961632538414883,2.0216385652975277e-05,2.220446049250313e-16,0.38973173291689983
202.0,2.220446049250313e-16,2.220446049250313e-16,2.220446049250313e-16,2.220446049250313e-16,0.12561442176617216,0.513237226113401,0.5043503582794197,2.220446049250313e-16,0.2665291556332767,2.220446049250313e-16,0.2482262947169746,2.220446049250313e-16,0.29845807227057436,2.220446049250313e-16
203.0,0.2641128002224216,2.220446049250313e-16,0.049798509005698016,2.220446049250313e-16,2.220446049250313e-16,2.220446049250313e-16,0.47344709406863117,0.04139455650368852,2.220446049250313e-16,0.22633876826497026,0.5084945122356119,0.3997257387085041,2.220446049250313e-16,2.220446049250313e-16
204.0,0.2641128002224216,2.220446049250313e-16,0.049798509005698016,2.220446049250313e-16,2.220446049250313e-16,2.220446049250313e-16,0.47344709406863117,0.04139455650368852,2.220446049250313e-16,0.22633876826497026,0.5084945122356119,0.3997257387085041,2.220446049250313e-16,2.220446049250313e-16
205.0,2.220446049250313e-16,2.220446049250313e-16,0.009837434076374423,0.0008111237507484326,2.220446049250313e-16,2.220446049250313e-16,0.47344868853912775,2.220446049250313e-16,0.16994738533067646,0.5606425998104612,0.49374365270931875,0.38430855240703793,2.220446049250313e-16,2.220446049250313e-16
206.0,2.220446049250313e-16,2.220446049250313e-16,0.009837434076374423,0.0008111237507484326,2.220446049250313e-16,2.220446049250313e-16,0.47344868853912775,2.220446049250313e-16,0.16994738533067646,0.5606425998104612,0.49374365270931875,0.38430855240703793,2.220446049250313e-16,2.220446049250313e-16
207.0,0.5033733799019058,5.551115123125783e-17,2.220446049250313e-16,0.4880115067386507,2.220446049250313e-16,2.220446049250313e-16,0.4734884343550363,2.220446049250313e-16,2.220446049250313e-16,0.25942473387846565,2.220446049250313e-16,2.220446049250313e-16,2.220446049250313e-16,2.220446049250313e-16
208.0,2.220446049250313e-16,2.220446049250313e-16,2.220446049250313e-16,2.220446049250313e-16,0.33880927749106765,0.49460011587338026,0.5005210633211195,2.220446049250313e-16,2.220446049250313e-16,2.220446049250313e-16,0.24822629471697452,2.220446049250313e-16,0.2784606314624206,2.220446049250313e-16
209.0,0.265081832132349,2.220446049250313e-16,0.2499204997140904,2.220446049250313e-16,2.220446049250313e-16,2.220446049250313e-16,0.2502470089500652,0.033407074195247785,2.220446049250313e-16,0.20089456642732736,0.5084955465872851,0.3977808872681489,2.220446049250313e-16,0.08157760307671715
210.0,0.265081832132349,2.220446049250313e-16,0.2499204997140904,2.220446049250313e-16,2.220446049250313e-16,2.220446049250313e-16,0.2502470089500652,0.033407074195247785,2.220446049250313e-16,0.20089456642732736,0.5084955465872851,0.3977808872681489,2.220446049250313e-16,0.08157760307671715
211.0,2.220446049250313e-16,2.220446049250313e-16,0.009837434076374423,0.0008111237507484326,2.220446049250313e-16,2.220446049250313e-16,0.47344868853912775,2.220446049250313e-16,0.16994738533067646,0.5606425998104612,0.49374365270931875,0.38430855240703793,2.220446049250313e-16,2.220446049250313e-16
212.0,2.220446049250313e-16,2.220446049250313e-16,0.009837434076374423,0.0008111237507484326,2.220446049250313e-16,2.220446049250313e-16,0.47344868853912775,2.220446049250313e-16,0.16994738533067646,0.5606425998104612,0.49374365270931875,0.38430855240703793,2.220446049250313e-16,2.220446049250313e-16
213.0,0.5033733799019058,5.551115123125783e-17,2.220446049250313e-16,0.4880115067386507,2.220446049250313e-16,2.220446049250313e-16,0.4734884343550363,2.220446049250313e-16,2.220446049250313e-16,0.25942473387846565,2.220446049250313e-16,2.220446049250313e-16,2.220446049250313e-16,2.220446049250313e-16
214.0,2.220446049250313e-16,2.220446049250313e-16,0.14871441600031227,2.220446049250313e-16,0.18197192699863116,0.44551557528953367,2.220446049250313e-16,2.220446049250313e-16,0.26062909587295235,2.220446049250313e-16,2.220446049250313e-16,2.220446049250313e-16,0.5356377967515233,0.5383976944790874
215.0,2.220446049250313e-16,2.220446049250313e-16,0.14871441600031227,2.220446049250313e-16,0.18197192699863116,0.44551557528953367,2.220446049250313e-16,2.220446049250313e-16,0.26062909587295235,2.220446049250313e-16,2.220446049250313e-16,2.220446049250313e-16,0.5356377967515233,0.5383976944790874
216.0,2.220446049250313e-16,2.220446049250313e-16,0.6454466345330678,0.0015976230066668817,2.220446049250313e-16,2.220446049250313e-16,2.220446049250313e-16,0.003061224914580563,0.1671406198718869,0.49669366916368285,2.220446049250313e-16,2.220446049250313e-16,0.4746226340627151,0.022131249786810657
217.0,2.220446049250313e-16,2.220446049250313e-16,0.6454466345330678,0.0015976230066668817,2.220446049250313e-16,2.220446049250313e-16,2.220446049250313e-16,0.003061224914580563,0.1671406198718869,0.49669366916368285,2.220446049250313e-16,2.220446049250313e-16,0.4746226340627151,0.022131249786810657
218.0,2.220446049250313e-16,2.220446049250313e-16,0.14871441600031227,2.220446049250313e-16,0.18197192699863116,0.44551557528953367,2.220446049250313e-16,2.220446049250313e-16,0.26062909587295235,2.220446049250313e-16,2.220446049250313e-16,2.220446049250313e-16,0.5356377967515233,0.5383976944790874
219.0,2.220446049250313e-16,2.220446049250313e-16,0.14871441600031227,2.220446049250313e-16,0.18197192699863116,0.44551557528953367,2.220446049250313e-16,2.220446049250313e-16,0.26062909587295235,2.220446049250313e-16,2.220446049250313e-16,2.220446049250313e-16,0.5356377967515233,0.5383976944790874
220.0,2.220446049250313e-16,2.220446049250313e-16,0.6454466345330678,0.0015976230066668817,2.220446049250313e-16,2.220446049250313e-16,2.220446049250313e-16,0.003061224914580563,0.1671406198718869,0.49669366916368285,2.220446049250313e-16,2.220446049250313e-16,0.4746226340627151,0.022131249786810657
221.0,2.220446049250313e-16,2.220446049250313e-16,0.6454466345330678,0.0015976230066668817,2.220446049250313e-16,2.220446049250313e-16,2.220446049250313e-16,0.003061224914580563,0.1671406198718869,0.49669366916368285,2.220446049250313e-16,2.220446049250313e-16,0.4746226340627151,0.022131249786810657
