168 0.05324400339119461 0.3845584184352764 0.21092007604703533 0.3845584191075751 0.6822057600531966 0.410661966286347 0.2042186157216557 0.30349053027476675 0.047134456685116524 0.38455841920393746 0.3034905299688611 0.04360605330382847 0.03455633583867655 0.20421861572907307 0.21092007634724688 -0.015997490595258748 0.20421861605049216 0.6822057596306796 0.04493126482997283 0.20421861637555527
194 0.029080510272962018 0.33347744124476325 0.2864551880377459 0.33347744117304107 0.3196370304439327 -0.1368366040022028 0.10634316510901438 0.11199697556218736 0.451127623762768 0.33347744117261663 0.11199697535424996 0.40035471348092505 0.40236605189337205 0.10634316554997288 0.2864551891575885 0.35756046110015816 0.10634316489512859 0.31963702918741355 0.10450743055969719 0.10634316584713101
208 0.3536793559431864 0.05765635828719497 0.528789917154556 0.05765635868598563 0.07066343592146107 0.29122888822647186 0.1399658859639203 0.362571399996371 0.49273870861791513 0.057656359016063405 0.3625713997194298 0.1775550751098386 0.26690172637572934 0.13996588600834248 0.5287899173346071 0.5537480548682437 0.13996588652277978 0.07066343547562783 0.441560705662144 0.13996588644944583
211 0.21163811075184233 0.10848360509433126 0.5105173791170562 0.10848360575519549 0.17750255882165702 0.1186654091549687 0.1941116926578747 0.2074364023363481 0.42689535455094174 0.10848360622828995 0.20743640204939118 0.3220101677229507 0.2525266900987856 0.19411169287736904 0.5105173794427504 0.681449574646302 0.1941116932215837 0.17750255803461507 0.06679443570398981 0.19411169335920142
146 0.21737959378006486 0.09966113515847345 0.5321855522528566 0.0996611358387951 0.18853511211165275 0.1072623658554283 0.18674896818926412 0.21377936832016797 0.4104155446844168 0.09966113617513293 0.21377936806474424 0.3406290221165123 0.24341302996537909 0.18674896850795156 0.5321855526758524 0.6907188187754835 0.18674896890185688 0.18853511112626575 0.044467921730595515 0.18674896915444286
79 0.02743212346061307 0.079238492748118 0.3113603859965224 0.07923849276266992 0.2124695937436627 0.20239972022729136 0.6186649311566725 0.24805842712521553 0.022087462769434504 0.07923849311191589 0.24805842677596956 0.011083990764488922 0.01584267234506806 0.6186649315059185 0.31136038684053347 -0.010821281487079212 0.6186649310984649 0.21246959382096975 0.015440909117516131 0.6186649315168324
61 -0.0055870274169214605 0.27568054233840283 0.2805490021431177 0.2756805423098907 0.6902966798641521 0.05011331944934144 0.30294633445240304 0.3057160449009948 0.10623439253871601 0.27568054235756073 0.3057160446862485 0.1151185342817195 0.056847590725336884 0.3029463349590905 0.2805490037175938 -0.023620061831786533 0.30294633434395557 0.690296677624226 0.0380936633266122 0.30294633531034487
188 0.02743212346061307 0.079238492748118 0.3113603859965224 0.07923849276266992 0.2124695937436627 0.20239972022729136 0.6186649311566725 0.24805842712521553 0.022087462769434504 0.07923849311191589 0.24805842677596956 0.011083990764488922 0.01584267234506806 0.6186649315059185 0.31136038684053347 -0.010821281487079212 0.6186649310984649 0.21246959382096975 0.015440909117516131 0.6186649315168324
64 0.11720117497150523 0.20459500392984983 0.4468487541999032 0.2045950043989234 0.35715840895104173 0.04602759228916712 0.17166823755938343 0.2816191035661812 0.5122244343433972 0.20459500402035274 0.2816191031870085 0.39450117947807883 0.28817973731026536 0.17166823816412344 0.44684875542614677 0.42622239023789554 0.17166823765321124 0.35715840732735665 0.0873028416084304 0.1716682385863766
166 0.05324400339119461 0.3845584184352764 0.21092007604703533 0.3845584191075751 0.6822057600531966 0.410661966286347 0.2042186157216557 0.30349053027476675 0.047134456685116524 0.38455841920393746 0.3034905299688611 0.04360605330382847 0.03455633583867655 0.20421861572907307 0.21092007634724688 -0.015997490595258748 0.20421861605049216 0.6822057596306796 0.04493126482997283 0.20421861637555527
26 0.6792181707675523 0.09795302321047666 0.10972839487013937 0.09795302269531755 0.03976507711938812 0.09321485096719763 0.015842672434856903 0.10303824566840623 0.36974118620927915 0.09795302277882137 0.10303824562398561 0.56237173918885 0.7732639733323136 0.015842672555584778 0.10972839445850013 0.27842295476430134 0.015842672184758877 0.039765078382030916 0.5685783734199774 0.015842672110786143
78 0.12319146891494824 0.09100638233669263 0.56945208727948 0.09100638246758633 0.22199442188607588 0.42979438302589845 0.3113603861964921 0.49667113083151876 0.25579753181706977 0.09100638245607445 0.49667113020821246 0.09778478235616779 0.10972839466121544 0.3113603865036809 0.5694520879673478 0.18740682744229797 0.3113603862714886 0.22199442164333344 0.15760169205286403 0.31136038633640545
126 0.04933586967526878 0.7311374846528003 0.09100638233574951 0.7311374851080635 0.3722339485749374 0.12054403251027733 0.0792384929231094 0.1077066383446652 0.09899089226123176 0.7311374856076185 0.10770663801050728 0.11567706894972642 0.09795302294651595 0.0792384926354507 0.09100638238228022 0.02541430479732279 0.0792384932081198 0.37223394882572264 0.06269797136276285 0.07923849325150656
84 0.11720117497150523 0.20459500392984983 0.4468487541999032 0.2045950043989234 0.35715840895104173 0.04602759228916712 0.17166823755938343 0.2816191035661812 0.5122244343433972 0.20459500402035274 0.2816191031870085 0.39450117947807883 0.28817973731026536 0.17166823816412344 0.44684875542614677 0.42622239023789554 0.17166823765321124 0.35715840732735665 0.0873028416084304 0.1716682385863766
141 0.02743212346061307 0.079238492748118 0.3113603859965224 0.07923849276266992 0.2124695937436627 0.20239972022729136 0.6186649311566725 0.24805842712521553 0.022087462769434504 0.07923849311191589 0.24805842677596956 0.011083990764488922 0.01584267234506806 0.6186649315059185 0.31136038684053347 -0.010821281487079212 0.6186649310984649 0.21246959382096975 0.015440909117516131 0.6186649315168324
116 0.04504867342567535 0.3722339483994143 0.22199442138745268 0.37223394889231204 0.6987848145696193 0.3634441545655429 0.21246959355178202 0.30376888838109806 0.06070066085027139 0.3722339491175375 0.3037688879329855 0.050114479633173184 0.03976507776628701 0.21246959360683945 0.22199442193616437 -0.01873345230178208 0.2124695938541573 0.6987848138402949 0.04229093772881848 0.21246959428430098
58 0.44721928643745346 0.10168379040265087 0.28286128951204814 0.10168379029046723 0.08698126130951377 0.11581895300318631 0.05165276202450175 0.20696079341066886 0.46694439285123485 0.10168379052660262 0.2069607932021928 0.4499415667673 0.5785934205944617 0.051652762237463366 0.28286128955270423 0.4514991074690648 0.05165276212816984 0.08698126129738823 0.6968446910472645 0.05165276211089219
131 0.02743212346061307 0.079238492748118 0.3113603859965224 0.07923849276266992 0.2124695937436627 0.20239972022729136 0.6186649311566725 0.24805842712521553 0.022087462769434504 0.07923849311191589 0.24805842677596956 0.011083990764488922 0.01584267234506806 0.6186649315059185 0.31136038684053347 -0.010821281487079212 0.6186649310984649 0.21246959382096975 0.015440909117516131 0.6186649315168324
173 0.02743212346061307 0.079238492748118 0.3113603859965224 0.07923849276266992 0.2124695937436627 0.20239972022729136 0.6186649311566725 0.24805842712521553 0.022087462769434504 0.07923849311191589 0.24805842677596956 0.011083990764488922 0.01584267234506806 0.6186649315059185 0.31136038684053347 -0.010821281487079212 0.6186649310984649 0.21246959382096975 0.015440909117516131 0.6186649315168324
206 0.11020905983859496 0.21733349259426163 0.4253738472751243 0.21733349285177547 0.33974081928696614 0.05972387492409618 0.18157677464355487 0.2771815238365096 0.5278729084029958 0.21733349260068466 0.277181523618059 0.372114078938439 0.29757286908532593 0.18157677514135653 0.4253738484782941 0.4229148887136274 0.1815767745506285 0.33974081789314703 0.11297909494166115 0.18157677558898716
94 0.26307761412308517 0.030033912237649684 0.1378146798928552 0.030033911825238686 -0.025512359510599505 0.10661217555522795 -0.01815811789493608 0.14495240201076443 0.5761060949555 0.030033911797211522 0.14495240201756154 0.25847404836528254 0.28207944379694244 -0.018158117515872377 0.13781468032217337 1.1084851556840924 -0.018158118249764373 -0.025512358898864954 0.35330915617451425 -0.018158118056676734
0 0.6144891023749911 0.10256012350539788 0.11001229147799399 0.10256012300825747 0.04540638607006624 0.1024276163292163 0.013493107923866281 0.10785603163793069 0.35761301618608865 0.10256012314763062 0.10785603152191572 0.7012181572482243 0.6935409159416168 0.013493108008163194 0.11001229123825895 0.2652022160696415 0.013493107700363912 0.045406387104266116 0.5974945502340853 0.013493107712779976
139 0.12319146891494824 0.09100638233669263 0.56945208727948 0.09100638246758633 0.22199442188607588 0.42979438302589845 0.3113603861964921 0.49667113083151876 0.25579753181706977 0.09100638245607445 0.49667113020821246 0.09778478235616779 0.10972839466121544 0.3113603865036809 0.5694520879673478 0.18740682744229797 0.3113603862714886 0.22199442164333344 0.15760169205286403 0.31136038633640545
38 0.7937652533066039 0.04933586981103003 0.12319146925353834 0.04933586951603847 0.045048672881906476 0.1333652810884899 0.02743212364921309 0.12427134011462997 0.3469493849933113 0.049335869744629696 0.1242713400179692 0.5323438502030353 0.679218170767562 0.02743212347367006 0.12319146871343264 0.26282123281712644 0.027432123544542695 0.04504867399833303 0.585119053116274 0.027432123317789527
40 0.6968728590947124 0.018898412533457604 0.12082425439751214 0.018898412156094013 0.0196495089161147 0.11759425266227987 0.00834767320177598 0.11957144653895693 0.3702094649477701 0.018898412302319707 0.11957144642980451 0.597305385812065 0.5967587261402731 0.008347673298368302 0.12082425386060867 0.3414968473660126 0.008347673348330302 0.01964950954332918 0.68388021008253 0.008347673133600412
177 0.04933586967526878 0.7311374846528003 0.09100638233574951 0.7311374851080635 0.3722339485749374 0.12054403251027733 0.0792384929231094 0.1077066383446652 0.09899089226123176 0.7311374856076185 0.10770663801050728 0.11567706894972642 0.09795302294651595 0.0792384926354507 0.09100638238228022 0.02541430479732279 0.0792384932081198 0.37223394882572264 0.06269797136276285 0.07923849325150656
14 0.6220844005943758 -0.00047801773933196437 0.12183678709197703 -0.0004780179953724798 0.0023590079753601063 0.10739160956977623 -0.004513031594366553 0.12269416927450136 0.4171513272817002 -0.00047801786102421917 0.1226941691925956 0.5819791631646224 0.5400604652488777 -0.004513031657149391 0.12183678672302482 0.43517935870216057 -0.004513031645264751 0.0023590083856396596 0.7285712042034791 -0.004513031728844029
169 0.04225204457614869 0.7266116545011966 0.09547388134337124 0.726611654797648 0.3822587528998609 0.10514827516106169 0.08075928069568872 0.10502994473155758 0.10532948280641301 0.7266116551089699 0.10502994448111594 0.11851299520336303 0.10328644026391712 0.08075928050431577 0.09547388152970562 0.024100698032309957 0.08075928106230407 0.3822587530473301 0.06370124154133687 0.08075928114557293
155 0.02743212346061307 0.079238492748118 0.3113603859965224 0.07923849276266992 0.2124695937436627 0.20239972022729136 0.6186649311566725 0.24805842712521553 0.022087462769434504 0.07923849311191589 0.24805842677596956 0.011083990764488922 0.01584267234506806 0.6186649315059185 0.31136038684053347 -0.010821281487079212 0.6186649310984649 0.21246959382096975 0.015440909117516131 0.6186649315168324
149 0.13336528108847062 0.12054403224309915 0.42979438271787024 0.12054403245084426 0.36344415432732974 0.6299527042805098 0.20239972021118846 0.5378051220757109 0.31275114639304147 0.12054403254262713 0.5378051217955788 0.13110919622135436 0.09321485096718522 0.20239972021508917 0.429794383444245 0.1264709194334176 0.2023997201313054 0.363444154891677 0.16165668006062053 0.2023997204254535
49 0.6484065275719613 0.19316200538457984 0.10057102672895178 0.19316200483359172 0.08129877297693933 0.12192151307480643 0.03610426168987199 0.10974519511050357 0.3652568503306487 0.19316200481911627 0.10974519498370071 0.5790085445149199 0.8243332169929257 0.03610426175577583 0.10057102647010846 0.17934928223013355 0.036104261207700855 0.0812987746794046 0.43515926540804484 0.036104261222278104
212 0.21163811075184233 0.10848360509433126 0.5105173791170562 0.10848360575519549 0.17750255882165702 0.1186654091549687 0.1941116926578747 0.2074364023363481 0.42689535455094174 0.10848360622828995 0.20743640204939118 0.3220101677229507 0.2525266900987856 0.19411169287736904 0.5105173794427504 0.681449574646302 0.1941116932215837 0.17750255803461507 0.06679443570398981 0.19411169335920142
59 0.5495570831872499 0.1980239724685604 0.12792240056625445 0.19802397186329054 0.08981223653157447 0.10920203604145433 0.031583020645832745 0.12638984808371587 0.40733583092992465 0.19802397187314402 0.12638984802164419 0.6208092482731588 0.7773762431250871 0.03158302076671665 0.12792240051425408 0.2192987748806287 0.031583020139236036 0.08981223783326943 0.5107312350938239 0.03158302044882952
19 0.5293117130414362 0.18960828078329578 0.1431647639168801 0.18960828000537758 0.09225988477084059 0.09272494662746358 0.03247554628319735 0.12315424378853887 0.4020613748183302 0.18960828007106495 0.12315424367508608 0.5939898498194595 0.7938700842722392 0.032475546529266715 0.14316476386814994 0.24127616803376278 0.03247554596817768 0.09225988589736497 0.535810331119245 0.03247554614820012
50 0.7114890272234251 0.050662847360108086 0.09432981212569619 0.05066284695682553 0.01584300577074905 0.0898666742575834 0.004537401928796194 0.09752197780909672 0.35279268335939523 0.05066284712153401 0.09752197773460514 0.5953262989708491 0.7021240583822946 0.004537401911916522 0.09432981170492771 0.303537306798324 0.004537401688657825 0.01584300685968353 0.6076323053911222 0.004537401690480689
150 0.13336528108847062 0.12054403224309915 0.42979438271787024 0.12054403245084426 0.36344415432732974 0.6299527042805098 0.20239972021118846 0.5378051220757109 0.31275114639304147 0.12054403254262713 0.5378051217955788 0.13110919622135436 0.09321485096718522 0.20239972021508917 0.429794383444245 0.1264709194334176 0.2023997201313054 0.363444154891677 0.16165668006062053 0.2023997204254535
202 0.3510785928183337 0.0629734884155145 0.4588888590480797 0.0629734887407151 0.056399126945186416 0.22905056885743766 0.0877902655107779 0.29837626424289465 0.5488961004565099 0.06297348891096002 0.29837626407032036 0.21947650631480628 0.33070030986798643 0.08779026550570418 0.45888885924757244 0.6904542490329539 0.08779026577268817 0.05639912654895398 0.47025856220292617 0.08779026578495362
218 0.1379774320567415 0.07372172054746515 0.6263188625665231 0.0737217208233846 0.12902121514117582 0.33654818264323644 0.3858193716021811 0.39289452709623995 0.20300737648951028 0.0737217214652317 0.3928945265627257 0.0927205051680444 0.10742364096881754 0.3858193715575999 0.6263188628282181 0.23251382465820192 0.3858193720478083 0.1290212147903859 0.11804538789469152 0.3858193721987018
2 0.5697656880156331 0.06363684360887183 0.13999964822430944 0.06363684329895043 0.05075471363489979 0.1755937675323193 0.016663853457827508 0.15815442171903382 0.4418821758375176 0.06363684334525328 0.15815442162284132 0.7231053262470438 0.5110931182366373 0.01666385355986364 0.13999964793423667 0.3122506313210132 0.01666385355977631 0.050754714093365655 0.677941833809138 0.01666385348334428
66 0.12319146891494824 0.09100638233669263 0.56945208727948 0.09100638246758633 0.22199442188607588 0.42979438302589845 0.3113603861964921 0.49667113083151876 0.25579753181706977 0.09100638245607445 0.49667113020821246 0.09778478235616779 0.10972839466121544 0.3113603865036809 0.5694520879673478 0.18740682744229797 0.3113603862714886 0.22199442164333344 0.15760169205286403 0.31136038633640545
165 0.04225204457614869 0.7266116545011966 0.09547388134337124 0.726611654797648 0.3822587528998609 0.10514827516106169 0.08075928069568872 0.10502994473155758 0.10532948280641301 0.7266116551089699 0.10502994448111594 0.11851299520336303 0.10328644026391712 0.08075928050431577 0.09547388152970562 0.024100698032309957 0.08075928106230407 0.3822587530473301 0.06370124154133687 0.08075928114557293
60 0.338861871217087 0.06645226150528705 0.3736706687185544 0.066452261674066 0.04002167458639691 0.16983494080972725 0.04550076980243736 0.23923383013568641 0.5760135947038443 0.06645226195299885 0.23923382999352524 0.2521851443410539 0.3796922133845705 0.045500770055743 0.3736706689800862 0.8039107812299301 0.04550077006929911 0.04002167449001375 0.4811814396625766 0.045500770009693506
160 0.11720117497150523 0.20459500392984983 0.4468487541999032 0.2045950043989234 0.35715840895104173 0.04602759228916712 0.17166823755938343 0.2816191035661812 0.5122244343433972 0.20459500402035274 0.2816191031870085 0.39450117947807883 0.28817973731026536 0.17166823816412344 0.44684875542614677 0.42622239023789554 0.17166823765321124 0.35715840732735665 0.0873028416084304 0.1716682385863766
99 0.04933586967526878 0.7311374846528003 0.09100638233574951 0.7311374851080635 0.3722339485749374 0.12054403251027733 0.0792384929231094 0.1077066383446652 0.09899089226123176 0.7311374856076185 0.10770663801050728 0.11567706894972642 0.09795302294651595 0.0792384926354507 0.09100638238228022 0.02541430479732279 0.0792384932081198 0.37223394882572264 0.06269797136276285 0.07923849325150656
13 0.24285060760761093 0.4487385324280191 0.12328107666837049 0.448738532131555 0.21901970558298767 0.16227846377278135 0.04897212609591284 0.16474811596423602 0.439696394490827 0.4487385319876335 0.16474811579852505 0.6993777063296157 0.5125822541088242 0.04897212613085008 0.12328107706031224 0.12064942369808841 0.048972125523257054 0.2190197063928443 0.3056380068944457 0.04897212582500037
128 0.04933586967526878 0.7311374846528003 0.09100638233574951 0.7311374851080635 0.3722339485749374 0.12054403251027733 0.0792384929231094 0.1077066383446652 0.09899089226123176 0.7311374856076185 0.10770663801050728 0.11567706894972642 0.09795302294651595 0.0792384926354507 0.09100638238228022 0.02541430479732279 0.0792384932081198 0.37223394882572264 0.06269797136276285 0.07923849325150656
74 0.04933586967526878 0.7311374846528003 0.09100638233574951 0.7311374851080635 0.3722339485749374 0.12054403251027733 0.0792384929231094 0.1077066383446652 0.09899089226123176 0.7311374856076185 0.10770663801050728 0.11567706894972642 0.09795302294651595 0.0792384926354507 0.09100638238228022 0.02541430479732279 0.0792384932081198 0.37223394882572264 0.06269797136276285 0.07923849325150656
152 0.02743212346061307 0.079238492748118 0.3113603859965224 0.07923849276266992 0.2124695937436627 0.20239972022729136 0.6186649311566725 0.24805842712521553 0.022087462769434504 0.07923849311191589 0.24805842677596956 0.011083990764488922 0.01584267234506806 0.6186649315059185 0.31136038684053347 -0.010821281487079212 0.6186649310984649 0.21246959382096975 0.015440909117516131 0.6186649315168324
132 0.02743212346061307 0.079238492748118 0.3113603859965224 0.07923849276266992 0.2124695937436627 0.20239972022729136 0.6186649311566725 0.24805842712521553 0.022087462769434504 0.07923849311191589 0.24805842677596956 0.011083990764488922 0.01584267234506806 0.6186649315059185 0.31136038684053347 -0.010821281487079212 0.6186649310984649 0.21246959382096975 0.015440909117516131 0.6186649315168324
22 0.5398246227768715 0.23075760001569562 0.11221729140171556 0.23075759936122345 0.08017164997931041 0.15367098522049544 0.024834208338878314 0.15314032538010022 0.5388606057849468 0.23075759951800137 0.1531403252640227 0.5519499252762069 0.7483606609561511 0.02483420848918533 0.1122172914944212 0.23182295419347343 0.02483420776906812 0.08017165154363144 0.4603340607699284 0.024834208267337884
73 0.04933586967526878 0.7311374846528003 0.09100638233574951 0.7311374851080635 0.3722339485749374 0.12054403251027733 0.0792384929231094 0.1077066383446652 0.09899089226123176 0.7311374856076185 0.10770663801050728 0.11567706894972642 0.09795302294651595 0.0792384926354507 0.09100638238228022 0.02541430479732279 0.0792384932081198 0.37223394882572264 0.06269797136276285 0.07923849325150656
145 0.07176497063810088 0.15424066197617145 0.40865656914858534 0.1542406621434882 0.49267180605722216 0.11845787718953343 0.36462576986091205 0.360787893072421 0.24823753290822856 0.15424066209502657 0.3607878925917865 0.2773830470193269 0.10001494596137121 0.3646257704192326 0.4086565705826291 0.1421803264355008 0.3646257696570192 0.4926718042893537 0.054809362035249644 0.36462577060956414
129 0.12427134006930379 0.10770663819803597 0.4966711303384913 0.10770663813085449 0.3037688880951495 0.5378051220022364 0.24805842683854 0.536953516467328 0.29213427031807004 0.10770663847184304 0.53695351582446 0.11357394771468725 0.10303824565603575 0.24805842715495813 0.49667113104436555 0.15122314777295287 0.24805842675792458 0.303768888217548 0.1676536372108266 0.248058427136442
36 0.7242145460712975 0.040974933061259114 0.15396998086736985 0.04097493275793637 0.04573595200009436 0.10860575899760667 0.02602325731030282 0.12578876663650465 0.3206172886691835 0.04097493297532953 0.12578876655403523 0.5491406162490856 0.6524885979525308 0.026023257145851287 0.15396998032490578 0.31701736575970985 0.026023257234096903 0.04573595270057769 0.6635581385412114 0.026023257022735363
6 0.5643869896822503 0.05371198210554023 0.18542048234778669 0.0537119818425673 0.041877475338356555 0.13045498714411277 0.016894399533266432 0.1618707518133013 0.47458466111213193 0.05371198199374816 0.16187075168511 0.5068368818707668 0.591656562732769 0.016894399542218407 0.185420482193685 0.4329462498992274 0.016894399441090877 0.04187747573254874 0.7125180209815111 0.016894399350042267
87 0.27524730280372456 0.022433867926095648 0.15347956417109865 0.02243386763358231 -0.016282521633146897 0.07767077136730194 -0.014474920317193378 0.1243892902943485 0.43419058486405193 0.022433867635376133 0.12438929034827408 0.24157870537162815 0.2853568726827713 -0.014474920053899715 0.15347956449561476 1.1882454760748171 -0.014474920685290145 -0.016282521017738458 0.30330687733771416 -0.014474920452948412
37 0.7005507396097761 0.09485378573776627 0.18863848840147338 0.09485378566042493 0.09549304555051245 0.14301305097787284 0.05466244035357643 0.16229996677199987 0.3428993109768286 0.0948537859014947 0.1622999666063992 0.5327532561137213 0.6645153063476793 0.05466244040439487 0.18863848799869787 0.2502721612553885 0.054662440527365366 0.09549304627315791 0.6120171857268183 0.054662440402156946
29 0.1840691161222802 0.4268072263572642 0.15798847520808124 0.42680722598204784 0.2300398573767425 0.10676723932427408 0.05545640463743509 0.1670995178559697 0.42804602643771755 0.4268072258549988 0.16709951768829856 0.7014805190296749 0.5197535749959677 0.05545640517752771 0.15798847578774622 0.14641616577190764 0.05545640439021378 0.23003985791750908 0.35653513325837893 0.05545640491339393
140 0.12319146891494824 0.09100638233669263 0.56945208727948 0.09100638246758633 0.22199442188607588 0.42979438302589845 0.3113603861964921 0.49667113083151876 0.25579753181706977 0.09100638245607445 0.49667113020821246 0.09778478235616779 0.10972839466121544 0.3113603865036809 0.5694520879673478 0.18740682744229797 0.3113603862714886 0.22199442164333344 0.15760169205286403 0.31136038633640545
170 0.12427134006930379 0.10770663819803597 0.4966711303384913 0.10770663813085449 0.3037688880951495 0.5378051220022364 0.24805842683854 0.536953516467328 0.29213427031807004 0.10770663847184304 0.53695351582446 0.11357394771468725 0.10303824565603575 0.24805842715495813 0.49667113104436555 0.15122314777295287 0.24805842675792458 0.303768888217548 0.1676536372108266 0.248058427136442
181 0.12319146891494824 0.09100638233669263 0.56945208727948 0.09100638246758633 0.22199442188607588 0.42979438302589845 0.3113603861964921 0.49667113083151876 0.25579753181706977 0.09100638245607445 0.49667113020821246 0.09778478235616779 0.10972839466121544 0.3113603865036809 0.5694520879673478 0.18740682744229797 0.3113603862714886 0.22199442164333344 0.15760169205286403 0.31136038633640545
75 0.04933586967526878 0.7311374846528003 0.09100638233574951 0.7311374851080635 0.3722339485749374 0.12054403251027733 0.0792384929231094 0.1077066383446652 0.09899089226123176 0.7311374856076185 0.10770663801050728 0.11567706894972642 0.09795302294651595 0.0792384926354507 0.09100638238228022 0.02541430479732279 0.0792384932081198 0.37223394882572264 0.06269797136276285 0.07923849325150656
120 0.03422318754061226 0.7193853008432681 0.10049446329963335 0.7193853011002619 0.39217661314076807 0.08778818477335261 0.08280721675292077 0.10134804864510896 0.11206705019524099 0.7193853011757936 0.10134804830363152 0.12163992607941079 0.10997951502197575 0.08280721662601102 0.10049446337622472 0.022861547444852748 0.08280721719992845 0.3921766132599087 0.06429730343118259 0.08280721752510704
158 -0.0055870274169214605 0.27568054233840283 0.2805490021431177 0.2756805423098907 0.6902966798641521 0.05011331944934144 0.30294633445240304 0.3057160449009948 0.10623439253871601 0.27568054235756073 0.3057160446862485 0.1151185342817195 0.056847590725336884 0.3029463349590905 0.2805490037175938 -0.023620061831786533 0.30294633434395557 0.690296677624226 0.0380936633266122 0.30294633531034487
179 0.04933586967526878 0.7311374846528003 0.09100638233574951 0.7311374851080635 0.3722339485749374 0.12054403251027733 0.0792384929231094 0.1077066383446652 0.09899089226123176 0.7311374856076185 0.10770663801050728 0.11567706894972642 0.09795302294651595 0.0792384926354507 0.09100638238228022 0.02541430479732279 0.0792384932081198 0.37223394882572264 0.06269797136276285 0.07923849325150656
56 0.5061860554598383 0.10355017144584533 0.28082155974194556 0.10355017117868712 0.06776059718064048 0.11953306456369993 0.05531416856042004 0.20006787650980726 0.4899268861759633 0.10355017134575566 0.2000678763688589 0.31917304948655423 0.6336854584615967 0.055314168561794164 0.2808215596800868 0.47991866853043097 0.05531416842995903 0.067760597455073 0.6512920698382956 0.055314168446701166
72 0.04933586967526878 0.7311374846528003 0.09100638233574951 0.7311374851080635 0.3722339485749374 0.12054403251027733 0.0792384929231094 0.1077066383446652 0.09899089226123176 0.7311374856076185 0.10770663801050728 0.11567706894972642 0.09795302294651595 0.0792384926354507 0.09100638238228022 0.02541430479732279 0.0792384932081198 0.37223394882572264 0.06269797136276285 0.07923849325150656
135 -0.0055870274169214605 0.27568054233840283 0.2805490021431177 0.2756805423098907 0.6902966798641521 0.05011331944934144 0.30294633445240304 0.3057160449009948 0.10623439253871601 0.27568054235756073 0.3057160446862485 0.1151185342817195 0.056847590725336884 0.3029463349590905 0.2805490037175938 -0.023620061831786533 0.30294633434395557 0.690296677624226 0.0380936633266122 0.30294633531034487
196 0.05324400339119461 0.3845584184352764 0.21092007604703533 0.3845584191075751 0.6822057600531966 0.410661966286347 0.2042186157216557 0.30349053027476675 0.047134456685116524 0.38455841920393746 0.3034905299688611 0.04360605330382847 0.03455633583867655 0.20421861572907307 0.21092007634724688 -0.015997490595258748 0.20421861605049216 0.6822057596306796 0.04493126482997283 0.20421861637555527
15 0.6478278204752443 0.11456389568056692 0.16229844483263553 0.11456389551658396 0.10962744932798613 0.19730871846162884 0.04768968058876082 0.17612340786827022 0.390300348053137 0.11456389564502806 0.17612340768869741 0.6612949213501729 0.5848861869232203 0.04768968069704122 0.1622984445024792 0.21464886057914118 0.04768968076471877 0.10962745001845703 0.5955158999230945 0.04768968073989839
163 0.26282123281711567 0.025414304878446387 0.18740682725848204 0.02541430471737 -0.018733452540605797 0.12647091943342462 -0.010821281493661876 0.1512231477830075 0.563645385784548 0.025414304692311363 0.15122314777958626 0.239394621763966 0.2784229547643022 -0.010821281208097838 0.18740682761797312 1.0974086902570162 -0.01082128167346539 -0.018733452046182073 0.37284254132951333 -0.010821281454895599
17 0.7983582363884154 0.01414413187192147 0.1066146409191978 0.01414413157385342 0.023168659486234405 0.10258841234346494 0.013961350633985256 0.10085587972016356 0.2763053420400065 0.014144131855291061 0.10085587964566806 0.5991140904813349 0.6372325362863355 0.013961350540179766 0.10661464030475196 0.2788653223968822 0.013961350682639312 0.023168660438461768 0.6166175284815336 0.013961350541461106
130 0.12427134006930379 0.10770663819803597 0.4966711303384913 0.10770663813085449 0.3037688880951495 0.5378051220022364 0.24805842683854 0.536953516467328 0.29213427031807004 0.10770663847184304 0.53695351582446 0.11357394771468725 0.10303824565603575 0.24805842715495813 0.49667113104436555 0.15122314777295287 0.24805842675792458 0.303768888217548 0.1676536372108266 0.248058427136442
77 0.12319146891494824 0.09100638233669263 0.56945208727948 0.09100638246758633 0.22199442188607588 0.42979438302589845 0.3113603861964921 0.49667113083151876 0.25579753181706977 0.09100638245607445 0.49667113020821246 0.09778478235616779 0.10972839466121544 0.3113603865036809 0.5694520879673478 0.18740682744229797 0.3113603862714886 0.22199442164333344 0.15760169205286403 0.31136038633640545
89 0.04933586967526878 0.7311374846528003 0.09100638233574951 0.7311374851080635 0.3722339485749374 0.12054403251027733 0.0792384929231094 0.1077066383446652 0.09899089226123176 0.7311374856076185 0.10770663801050728 0.11567706894972642 0.09795302294651595 0.0792384926354507 0.09100638238228022 0.02541430479732279 0.0792384932081198 0.37223394882572264 0.06269797136276285 0.07923849325150656
5 0.36585651749840936 0.2434054067787362 0.11456344979195196 0.24340540637345137 0.11235776347350164 0.1651854660610491 0.019780415969489318 0.15226359239651147 0.49116169176094304 0.24340540646613493 0.15226359233467432 0.873554895334257 0.5199654154575817 0.019780416159736414 0.1145634500257844 0.21541157643032435 0.019780415674485696 0.11235776413679663 0.47592833075155405 0.019780415828100056
91 0.04933586967526878 0.7311374846528003 0.09100638233574951 0.7311374851080635 0.3722339485749374 0.12054403251027733 0.0792384929231094 0.1077066383446652 0.09899089226123176 0.7311374856076185 0.10770663801050728 0.11567706894972642 0.09795302294651595 0.0792384926354507 0.09100638238228022 0.02541430479732279 0.0792384932081198 0.37223394882572264 0.06269797136276285 0.07923849325150656
95 0.04933586967526878 0.7311374846528003 0.09100638233574951 0.7311374851080635 0.3722339485749374 0.12054403251027733 0.0792384929231094 0.1077066383446652 0.09899089226123176 0.7311374856076185 0.10770663801050728 0.11567706894972642 0.09795302294651595 0.0792384926354507 0.09100638238228022 0.02541430479732279 0.0792384932081198 0.37223394882572264 0.06269797136276285 0.07923849325150656
35 0.3552841347140887 0.38293217907587473 0.1408357167614209 0.3829321786536325 0.19135373527175453 0.10787594237580737 0.06579915324555717 0.13648906188253396 0.391394676923375 0.38293217875277064 0.13648906167636735 0.49809008000377153 0.7862838380572057 0.06579915336643047 0.14083571709919815 0.10965399811382683 0.06579915248556484 0.1913537368257283 0.32716987524849006 0.06579915293563067
189 0.3494941388756712 0.09205464878162989 0.28534577939502065 0.09205464868152542 0.05297563635011689 0.2782042119022393 0.026899875411603796 0.28597890452317754 0.7423304854552726 0.09205464888105094 0.2859789043138976 0.32371587808847346 0.3740322886688078 0.026899875690169002 0.28534577974574415 0.6224743768769534 0.02689987532443087 0.052975636677753984 0.5040797473948945 0.026899875690819766
24 0.6596929018771838 0.013929328846650022 0.16262707192735945 0.013929328585326707 0.010221035412648977 0.08133144193121625 0.007137337655928558 0.12425817252803843 0.3990270232154562 0.013929328791678085 0.12425817244420824 0.3905068508071436 0.6266362189441732 0.007137337591195895 0.1626270715396678 0.5091577945489472 0.007137337589220845 0.010221035945193666 0.7094337312738637 0.007137337518541193
106 0.12427134006930379 0.10770663819803597 0.4966711303384913 0.10770663813085449 0.3037688880951495 0.5378051220022364 0.24805842683854 0.536953516467328 0.29213427031807004 0.10770663847184304 0.53695351582446 0.11357394771468725 0.10303824565603575 0.24805842715495813 0.49667113104436555 0.15122314777295287 0.24805842675792458 0.303768888217548 0.1676536372108266 0.248058427136442
134 -0.0055870274169214605 0.27568054233840283 0.2805490021431177 0.2756805423098907 0.6902966798641521 0.05011331944934144 0.30294633445240304 0.3057160449009948 0.10623439253871601 0.27568054235756073 0.3057160446862485 0.1151185342817195 0.056847590725336884 0.3029463349590905 0.2805490037175938 -0.023620061831786533 0.30294633434395557 0.690296677624226 0.0380936633266122 0.30294633531034487
86 0.029080510272962018 0.33347744124476325 0.2864551880377459 0.33347744117304107 0.3196370304439327 -0.1368366040022028 0.10634316510901438 0.11199697556218736 0.451127623762768 0.33347744117261663 0.11199697535424996 0.40035471348092505 0.40236605189337205 0.10634316554997288 0.2864551891575885 0.35756046110015816 0.10634316489512859 0.31963702918741355 0.10450743055969719 0.10634316584713101
213 0.039003950274581305 0.35784930492455247 0.23152725363233 0.3578493047270302 0.25197049253090215 -0.0686236381141934 0.12202963727510559 0.09681642656910984 0.43984321774839896 0.357849304543457 0.09681642642340318 0.3425842197270029 0.4140195919414773 0.12202963746279498 0.23152725451972211 0.3504883794292945 0.12202963679128513 0.2519704920840752 0.14632762614628633 0.12202963758337505
192 0.11720117497150523 0.20459500392984983 0.4468487541999032 0.2045950043989234 0.35715840895104173 0.04602759228916712 0.17166823755938343 0.2816191035661812 0.5122244343433972 0.20459500402035274 0.2816191031870085 0.39450117947807883 0.28817973731026536 0.17166823816412344 0.44684875542614677 0.42622239023789554 0.17166823765321124 0.35715840732735665 0.0873028416084304 0.1716682385863766
10 0.6816855995039064 0.12339886666203291 0.1435764393456818 0.12339886637511567 0.11452847433680502 0.21776084863258913 0.04654596795144575 0.1800043960897779 0.42301522012508935 0.123398866692682 0.1800043959579689 0.6478247476743304 0.5959800654410963 0.04654596800603445 0.14357643907356132 0.19054466718088825 0.0465459680040749 0.11452847530778999 0.5390685667461763 0.04654596799488783
137 0.11720117497150523 0.20459500392984983 0.4468487541999032 0.2045950043989234 0.35715840895104173 0.04602759228916712 0.17166823755938343 0.2816191035661812 0.5122244343433972 0.20459500402035274 0.2816191031870085 0.39450117947807883 0.28817973731026536 0.17166823816412344 0.44684875542614677 0.42622239023789554 0.17166823765321124 0.35715840732735665 0.0873028416084304 0.1716682385863766
221 0.02743212346061307 0.079238492748118 0.3113603859965224 0.07923849276266992 0.2124695937436627 0.20239972022729136 0.6186649311566725 0.24805842712521553 0.022087462769434504 0.07923849311191589 0.24805842677596956 0.011083990764488922 0.01584267234506806 0.6186649315059185 0.31136038684053347 -0.010821281487079212 0.6186649310984649 0.21246959382096975 0.015440909117516131 0.6186649315168324
148 0.030450661163859537 0.34804067939415595 0.2591016834631908 0.3480406792034127 0.28632407904055174 -0.1038804403347642 0.1151045475182104 0.10503646679571436 0.4496270860418804 0.3480406791416221 0.10503646671155174 0.37003277022234715 0.41035623976996044 0.11510454784518492 0.2591016844633844 0.354228817606371 0.11510454715696114 0.28632407813920746 0.1297137355792099 0.11510454804240768
124 0.04933586967526878 0.7311374846528003 0.09100638233574951 0.7311374851080635 0.3722339485749374 0.12054403251027733 0.0792384929231094 0.1077066383446652 0.09899089226123176 0.7311374856076185 0.10770663801050728 0.11567706894972642 0.09795302294651595 0.0792384926354507 0.09100638238228022 0.02541430479732279 0.0792384932081198 0.37223394882572264 0.06269797136276285 0.07923849325150656
176 0.04933586967526878 0.7311374846528003 0.09100638233574951 0.7311374851080635 0.3722339485749374 0.12054403251027733 0.0792384929231094 0.1077066383446652 0.09899089226123176 0.7311374856076185 0.10770663801050728 0.11567706894972642 0.09795302294651595 0.0792384926354507 0.09100638238228022 0.02541430479732279 0.0792384932081198 0.37223394882572264 0.06269797136276285 0.07923849325150656
187 0.02743212346061307 0.079238492748118 0.3113603859965224 0.07923849276266992 0.2124695937436627 0.20239972022729136 0.6186649311566725 0.24805842712521553 0.022087462769434504 0.07923849311191589 0.24805842677596956 0.011083990764488922 0.01584267234506806 0.6186649315059185 0.31136038684053347 -0.010821281487079212 0.6186649310984649 0.21246959382096975 0.015440909117516131 0.6186649315168324
32 0.5806899421522586 0.0005219267309178011 0.12032806874394705 0.0005219264709952012 0.003776387334203956 0.11631533450697847 -0.005040427385447681 0.12362353721582073 0.40030506928366344 0.0005219266420010334 0.12362353714260577 0.6759940836659877 0.4890518931512771 -0.005040427428921511 0.12032806838104734 0.414554152815845 -0.00504042737939411 0.003776387597740749 0.7377166249966585 -0.005040427560853279
4 0.7421281475466959 -0.019992751495305758 0.10575444789820752 -0.01999275170305007 0.006942044947780551 0.10961624040957076 0.0023581257103558587 0.10955009109202352 0.29413081518887474 -0.01999275144737307 0.10955009095793604 0.6627508395283339 0.5201945271812985 0.0023581255718532856 0.10575444727872758 0.3242346784203784 0.0023581258543496474 0.006942045462331101 0.6828018339756093 0.002358125543781712
63 0.11720117497150523 0.20459500392984983 0.4468487541999032 0.2045950043989234 0.35715840895104173 0.04602759228916712 0.17166823755938343 0.2816191035661812 0.5122244343433972 0.20459500402035274 0.2816191031870085 0.39450117947807883 0.28817973731026536 0.17166823816412344 0.44684875542614677 0.42622239023789554 0.17166823765321124 0.35715840732735665 0.0873028416084304 0.1716682385863766
98 0.04933586967526878 0.7311374846528003 0.09100638233574951 0.7311374851080635 0.3722339485749374 0.12054403251027733 0.0792384929231094 0.1077066383446652 0.09899089226123176 0.7311374856076185 0.10770663801050728 0.11567706894972642 0.09795302294651595 0.0792384926354507 0.09100638238228022 0.02541430479732279 0.0792384932081198 0.37223394882572264 0.06269797136276285 0.07923849325150656
34 0.48844821255656085 0.07922166817818842 0.15760395402537952 0.07922166785648439 0.04564889004647314 0.19996535780636515 0.008387199403287656 0.19634072116206427 0.6241952580303577 0.07922166805080809 0.19634072102629282 0.5840673842470506 0.508063149879937 0.00838719952495433 0.1576039539912516 0.40704360318342386 0.008387199208792188 0.045648890558564574 0.6436263289154198 0.0083871993305175
205 0.21737959378006486 0.09966113515847345 0.5321855522528566 0.0996611358387951 0.18853511211165275 0.1072623658554283 0.18674896818926412 0.21377936832016797 0.4104155446844168 0.09966113617513293 0.21377936806474424 0.3406290221165123 0.24341302996537909 0.18674896850795156 0.5321855526758524 0.6907188187754835 0.18674896890185688 0.18853511112626575 0.044467921730595515 0.18674896915444286
182 0.12319146891494824 0.09100638233669263 0.56945208727948 0.09100638246758633 0.22199442188607588 0.42979438302589845 0.3113603861964921 0.49667113083151876 0.25579753181706977 0.09100638245607445 0.49667113020821246 0.09778478235616779 0.10972839466121544 0.3113603865036809 0.5694520879673478 0.18740682744229797 0.3113603862714886 0.22199442164333344 0.15760169205286403 0.31136038633640545
157 0.33454608623502485 0.07283038106934459 0.34175678117719227 0.07283038118178357 0.04579133567106299 0.20479685052593574 0.03715262840284133 0.2569414330191291 0.642617596548075 0.0728303812851987 0.25694143294914723 0.26952450776720677 0.39510589347210334 0.03715262846048736 0.34175678143687993 0.7218407633360526 0.03715262830933403 0.04579133560901211 0.5335206026841836 0.03715262835703295
85 0.11720117497150523 0.20459500392984983 0.4468487541999032 0.2045950043989234 0.35715840895104173 0.04602759228916712 0.17166823755938343 0.2816191035661812 0.5122244343433972 0.20459500402035274 0.2816191031870085 0.39450117947807883 0.28817973731026536 0.17166823816412344 0.44684875542614677 0.42622239023789554 0.17166823765321124 0.35715840732735665 0.0873028416084304 0.1716682385863766
57 0.6834636288684692 0.09151070858548685 0.11455767709682971 0.09151070823471628 0.03950790721845467 0.08226628912210605 0.01750979713482041 0.09676780546681825 0.3298805869341942 0.09151070826728046 0.09676780539058413 0.5698383488172414 0.7741072507785853 0.01750979713074915 0.11455767674189395 0.28164071430257875 0.017509796816759723 0.039507908444637294 0.5821326757266356 0.017509796704426026
215 0.1379774320567415 0.07372172054746515 0.6263188625665231 0.0737217208233846 0.12902121514117582 0.33654818264323644 0.3858193716021811 0.39289452709623995 0.20300737648951028 0.0737217214652317 0.3928945265627257 0.0927205051680444 0.10742364096881754 0.3858193715575999 0.6263188628282181 0.23251382465820192 0.3858193720478083 0.1290212147903859 0.11804538789469152 0.3858193721987018
105 0.12427134006930379 0.10770663819803597 0.4966711303384913 0.10770663813085449 0.3037688880951495 0.5378051220022364 0.24805842683854 0.536953516467328 0.29213427031807004 0.10770663847184304 0.53695351582446 0.11357394771468725 0.10303824565603575 0.24805842715495813 0.49667113104436555 0.15122314777295287 0.24805842675792458 0.303768888217548 0.1676536372108266 0.248058427136442
1 0.634129579974668 0.04552047426595675 0.11356076386600464 0.04552047394866381 0.02064710768427967 0.07809602510658852 0.0027652744469400053 0.09764829974360062 0.31478963234773993 0.04552047403508945 0.09764829966592282 0.6788373337565488 0.6434833150162884 0.0027652745036785935 0.11356076345917336 0.33318658777283405 0.002765274381378412 0.020647108435080105 0.6692877220465239 0.0027652743463716205
122 0.308897046728636 0.022690665749927754 0.15042632082238727 0.022690665442865153 -0.012421402076030104 0.06882066993181825 -0.011381971405860034 0.11848804733922727 0.34273257425985676 0.02269066535396361 0.11848804734633987 0.2669892115302766 0.2678865830943314 -0.01138197111287232 0.15042632122113336 1.2274129535000005 -0.011381971779652722 -0.012421401266788373 0.19766235343775787 -0.011381971607454555
195 0.26950634438445886 0.028161299723390657 0.18096482867193986 0.02816129950878682 -0.02067615420792567 0.13425512657523048 -0.011441085465373462 0.1578838596430056 0.5866556572731562 0.02816129955177582 0.1578838596236886 0.2502463432037796 0.27161968673682396 -0.011441085105054613 0.1809648290417015 1.0856884492269954 -0.011441085605453488 -0.020676153740615 0.360088594580914 -0.011441085375212103
114 0.029080510272962018 0.33347744124476325 0.2864551880377459 0.33347744117304107 0.3196370304439327 -0.1368366040022028 0.10634316510901438 0.11199697556218736 0.451127623762768 0.33347744117261663 0.11199697535424996 0.40035471348092505 0.40236605189337205 0.10634316554997288 0.2864551891575885 0.35756046110015816 0.10634316489512859 0.31963702918741355 0.10450743055969719 0.10634316584713101
28 0.5851190531162488 0.06269797139485409 0.15760169216777498 0.06269797126266269 0.04229093743773421 0.1616566800606324 0.015440909116749257 0.16765363725049118 0.49740785450288333 0.06269797137076935 0.1676536371381146 0.5746473474762053 0.5685783734199628 0.015440909210319027 0.15760169196787469 0.3728425413295069 0.015440909105664258 0.04229093805721873 0.6850984055325267 0.015440909095275327
119 0.03422318754061226 0.7193853008432681 0.10049446329963335 0.7193853011002619 0.39217661314076807 0.08778818477335261 0.08280721675292077 0.10134804864510896 0.11206705019524099 0.7193853011757936 0.10134804830363152 0.12163992607941079 0.10997951502197575 0.08280721662601102 0.10049446337622472 0.022861547444852748 0.08280721719992845 0.3921766132599087 0.06429730343118259 0.08280721752510704
200 0.04225204457614869 0.7266116545011966 0.09547388134337124 0.726611654797648 0.3822587528998609 0.10514827516106169 0.08075928069568872 0.10502994473155758 0.10532948280641301 0.7266116551089699 0.10502994448111594 0.11851299520336303 0.10328644026391712 0.08075928050431577 0.09547388152970562 0.024100698032309957 0.08075928106230407 0.3822587530473301 0.06370124154133687 0.08075928114557293
88 0.04933586967526878 0.7311374846528003 0.09100638233574951 0.7311374851080635 0.3722339485749374 0.12054403251027733 0.0792384929231094 0.1077066383446652 0.09899089226123176 0.7311374856076185 0.10770663801050728 0.11567706894972642 0.09795302294651595 0.0792384926354507 0.09100638238228022 0.02541430479732279 0.0792384932081198 0.37223394882572264 0.06269797136276285 0.07923849325150656
90 0.04933586967526878 0.7311374846528003 0.09100638233574951 0.7311374851080635 0.3722339485749374 0.12054403251027733 0.0792384929231094 0.1077066383446652 0.09899089226123176 0.7311374856076185 0.10770663801050728 0.11567706894972642 0.09795302294651595 0.0792384926354507 0.09100638238228022 0.02541430479732279 0.0792384932081198 0.37223394882572264 0.06269797136276285 0.07923849325150656
143 0.3570150385804166 0.07593231130392346 0.4044514694505443 0.07593231136874505 0.07045622863818586 0.29509736211400195 0.07105425825373445 0.33126474895868724 0.6308242122736729 0.07593231152840985 0.3312647487203008 0.248238906190416 0.3321989627527009 0.07105425833648905 0.4044514697043801 0.6033580371767252 0.07105425843163428 0.07045622858358178 0.49740105252721845 0.07105425863999872
217 0.02743212346061307 0.079238492748118 0.3113603859965224 0.07923849276266992 0.2124695937436627 0.20239972022729136 0.6186649311566725 0.24805842712521553 0.022087462769434504 0.07923849311191589 0.24805842677596956 0.011083990764488922 0.01584267234506806 0.6186649315059185 0.31136038684053347 -0.010821281487079212 0.6186649310984649 0.21246959382096975 0.015440909117516131 0.6186649315168324
144 -0.0033389936683953293 0.2909015638588196 0.2555005215282218 0.2909015639099494 0.6654977558341395 0.06249520835291957 0.314530622486205 0.3115829483315575 0.11394931522710386 0.29090156405277323 0.3115829479487752 0.10151270056156379 0.054672180508011994 0.31453062307033053 0.25550052310123317 -0.023588793114783093 0.3145306224118276 0.6654977540982551 0.05214370208995514 0.3145306234310961
103 0.02743212346061307 0.079238492748118 0.3113603859965224 0.07923849276266992 0.2124695937436627 0.20239972022729136 0.6186649311566725 0.24805842712521553 0.022087462769434504 0.07923849311191589 0.24805842677596956 0.011083990764488922 0.01584267234506806 0.6186649315059185 0.31136038684053347 -0.010821281487079212 0.6186649310984649 0.21246959382096975 0.015440909117516131 0.6186649315168324
65 0.029080510272962018 0.33347744124476325 0.2864551880377459 0.33347744117304107 0.3196370304439327 -0.1368366040022028 0.10634316510901438 0.11199697556218736 0.451127623762768 0.33347744117261663 0.11199697535424996 0.40035471348092505 0.40236605189337205 0.10634316554997288 0.2864551891575885 0.35756046110015816 0.10634316489512859 0.31963702918741355 0.10450743055969719 0.10634316584713101
16 0.7360698252989119 0.014264733653732901 0.12812678818351447 0.014264733511701003 0.017674240648572308 0.09806116892273312 0.010431289601991585 0.11147426713253722 0.3451519708283805 0.014264733746362135 0.11147426706940664 0.5117064603790153 0.6406600312896715 0.010431289440830488 0.12812678764823485 0.3627008244033469 0.010431289528409672 0.017674241367461502 0.6777822783634767 0.010431289370569993
33 0.5323438502030305 0.11567706920025722 0.09778478248344653 0.1156770687606213 0.05011447926601886 0.13110919622137573 0.01108399081328344 0.11357394775291524 0.3539260039952055 0.11567706886143561 0.11357394767175569 0.8830547835093471 0.5623717391888537 0.011083990928159195 0.09778478234317309 0.23939462176396817 0.011083990681238264 0.05011448006872303 0.5746473474762218 0.011083990713391945
76 0.04933586967526878 0.7311374846528003 0.09100638233574951 0.7311374851080635 0.3722339485749374 0.12054403251027733 0.0792384929231094 0.1077066383446652 0.09899089226123176 0.7311374856076185 0.10770663801050728 0.11567706894972642 0.09795302294651595 0.0792384926354507 0.09100638238228022 0.02541430479732279 0.0792384932081198 0.37223394882572264 0.06269797136276285 0.07923849325150656
133 0.338861871217087 0.06645226150528705 0.3736706687185544 0.066452261674066 0.04002167458639691 0.16983494080972725 0.04550076980243736 0.23923383013568641 0.5760135947038443 0.06645226195299885 0.23923382999352524 0.2521851443410539 0.3796922133845705 0.045500770055743 0.3736706689800862 0.8039107812299301 0.04550077006929911 0.04002167449001375 0.4811814396625766 0.045500770009693506
51 0.3435319014078662 0.40548016335817794 0.14096734233186006 0.4054801630764393 0.18642158272542073 0.12010591275775918 0.06289449108491638 0.15832150334168293 0.4314803703269458 0.40548016301597767 0.1583215030725499 0.4832963853652925 0.7452722201118095 0.0628944911993979 0.14096734271435452 0.12193619050650098 0.062894490277394 0.18642158409381804 0.32033063168429243 0.06289449086293503
207 0.030450661163859537 0.34804067939415595 0.2591016834631908 0.3480406792034127 0.28632407904055174 -0.1038804403347642 0.1151045475182104 0.10503646679571436 0.4496270860418804 0.3480406791416221 0.10503646671155174 0.37003277022234715 0.41035623976996044 0.11510454784518492 0.2591016844633844 0.354228817606371 0.11510454715696114 0.28632407813920746 0.1297137355792099 0.11510454804240768
82 -0.0055870274169214605 0.27568054233840283 0.2805490021431177 0.2756805423098907 0.6902966798641521 0.05011331944934144 0.30294633445240304 0.3057160449009948 0.10623439253871601 0.27568054235756073 0.3057160446862485 0.1151185342817195 0.056847590725336884 0.3029463349590905 0.2805490037175938 -0.023620061831786533 0.30294633434395557 0.690296677624226 0.0380936633266122 0.30294633531034487
112 0.11720117497150523 0.20459500392984983 0.4468487541999032 0.2045950043989234 0.35715840895104173 0.04602759228916712 0.17166823755938343 0.2816191035661812 0.5122244343433972 0.20459500402035274 0.2816191031870085 0.39450117947807883 0.28817973731026536 0.17166823816412344 0.44684875542614677 0.42622239023789554 0.17166823765321124 0.35715840732735665 0.0873028416084304 0.1716682385863766
20 0.6445598721355474 0.11043086678379445 0.10370531692208582 0.11043086642638544 0.03820040882424522 0.11367789294626343 0.012226433969169503 0.11756796331072039 0.4320639264281525 0.11043086634895638 0.117567963253777 0.5953379377268702 0.7342389855026873 0.012226433944118523 0.1037053167859554 0.2793287334309195 0.012226433548574502 0.03820041002998296 0.5686265894287423 0.012226433568203222
96 0.04933586967526878 0.7311374846528003 0.09100638233574951 0.7311374851080635 0.3722339485749374 0.12054403251027733 0.0792384929231094 0.1077066383446652 0.09899089226123176 0.7311374856076185 0.10770663801050728 0.11567706894972642 0.09795302294651595 0.0792384926354507 0.09100638238228022 0.02541430479732279 0.0792384932081198 0.37223394882572264 0.06269797136276285 0.07923849325150656
159 -0.0055870274169214605 0.27568054233840283 0.2805490021431177 0.2756805423098907 0.6902966798641521 0.05011331944934144 0.30294633445240304 0.3057160449009948 0.10623439253871601 0.27568054235756073 0.3057160446862485 0.1151185342817195 0.056847590725336884 0.3029463349590905 0.2805490037175938 -0.023620061831786533 0.30294633434395557 0.690296677624226 0.0380936633266122 0.30294633531034487
191 -0.0055870274169214605 0.27568054233840283 0.2805490021431177 0.2756805423098907 0.6902966798641521 0.05011331944934144 0.30294633445240304 0.3057160449009948 0.10623439253871601 0.27568054235756073 0.3057160446862485 0.1151185342817195 0.056847590725336884 0.3029463349590905 0.2805490037175938 -0.023620061831786533 0.30294633434395557 0.690296677624226 0.0380936633266122 0.30294633531034487
47 0.34978953891572645 0.41166088180562327 0.13056749016276564 0.4116608813941606 0.19240225260714042 0.13532634383889167 0.05972926825870399 0.1526633284193419 0.4337015174429981 0.41166088136886164 0.15266332818226855 0.5031317401755493 0.7348448977422953 0.059729268435453 0.13056749049505392 0.10999599149607973 0.0597292676361818 0.19240225410937276 0.30567975103140876 0.05972926796226497
186 0.1379774320567415 0.07372172054746515 0.6263188625665231 0.0737217208233846 0.12902121514117582 0.33654818264323644 0.3858193716021811 0.39289452709623995 0.20300737648951028 0.0737217214652317 0.3928945265627257 0.0927205051680444 0.10742364096881754 0.3858193715575999 0.6263188628282181 0.23251382465820192 0.3858193720478083 0.1290212147903859 0.11804538789469152 0.3858193721987018
214 0.1379774320567415 0.07372172054746515 0.6263188625665231 0.0737217208233846 0.12902121514117582 0.33654818264323644 0.3858193716021811 0.39289452709623995 0.20300737648951028 0.0737217214652317 0.3928945265627257 0.0927205051680444 0.10742364096881754 0.3858193715575999 0.6263188628282181 0.23251382465820192 0.3858193720478083 0.1290212147903859 0.11804538789469152 0.3858193721987018
111 -0.0055870274169214605 0.27568054233840283 0.2805490021431177 0.2756805423098907 0.6902966798641521 0.05011331944934144 0.30294633445240304 0.3057160449009948 0.10623439253871601 0.27568054235756073 0.3057160446862485 0.1151185342817195 0.056847590725336884 0.3029463349590905 0.2805490037175938 -0.023620061831786533 0.30294633434395557 0.690296677624226 0.0380936633266122 0.30294633531034487
18 0.6078952548436605 0.10083224625232251 0.1811763385657532 0.10083224586717633 0.11473809094148957 0.16547124819862039 0.05063204191484258 0.16432673110997065 0.3179480074089243 0.10083224613996263 0.16432673099588294 0.7257721567672613 0.5522486199086283 0.05063204190189837 0.1811763382481585 0.22859110889621212 0.050632042076214315 0.11473809127154289 0.6348697580593785 0.05063204186299795
62 -0.0055870274169214605 0.27568054233840283 0.2805490021431177 0.2756805423098907 0.6902966798641521 0.05011331944934144 0.30294633445240304 0.3057160449009948 0.10623439253871601 0.27568054235756073 0.3057160446862485 0.1151185342817195 0.056847590725336884 0.3029463349590905 0.2805490037175938 -0.023620061831786533 0.30294633434395557 0.690296677624226 0.0380936633266122 0.30294633531034487
7 0.7113153533273008 0.01672879576885404 0.11258688959174469 0.01672879557838333 0.02493833256347631 0.11611176029105699 0.010575107301994189 0.11053467352802512 0.29571486440274214 0.01672879571270789 0.11053467345097412 0.7002803718720124 0.5660741078824862 0.010575107122346699 0.11258688908444134 0.2918706477129451 0.010575107255375162 0.02493833322269354 0.6616680173683513 0.010575107002333783
100 0.04933586967526878 0.7311374846528003 0.09100638233574951 0.7311374851080635 0.3722339485749374 0.12054403251027733 0.0792384929231094 0.1077066383446652 0.09899089226123176 0.7311374856076185 0.10770663801050728 0.11567706894972642 0.09795302294651595 0.0792384926354507 0.09100638238228022 0.02541430479732279 0.0792384932081198 0.37223394882572264 0.06269797136276285 0.07923849325150656
46 0.46515435428996504 0.09270367657545238 0.31707220726268875 0.09270367630450899 0.06107508428609947 0.08332707732557132 0.06218154657793535 0.18719785077539428 0.45215827376450257 0.09270367655338828 0.18719785060022454 0.27563641697312957 0.6224583291576157 0.06218154669948825 0.3170722071347815 0.5597271012439706 0.062181546643820536 0.061075084344588006 0.6460758755333476 0.06218154676758657
42 0.7383293295722233 0.047825208577042845 0.17612535561141135 0.04782520844572568 0.08955028153294127 0.187889177410963 0.04879552855024446 0.17669521997171134 0.33451556599331594 0.047825208759898936 0.17669521983674316 0.6261532392745917 0.523448415859675 0.04879552833842364 0.17612535506969074 0.24063490474304258 0.048795528723353444 0.08955028200634156 0.6422468384753454 0.04879552853002126
27 0.6893896218514128 0.04795066562303636 0.09897808898520569 0.04795066524797383 0.018900621723488643 0.08523561313053532 0.00483752912168975 0.09381384152343807 0.31787886165214563 0.047950665410097876 0.0938138414459163 0.6505500077057129 0.6781999342009644 0.004837529182766592 0.09897808847177723 0.29889303331939215 0.004837529013381054 0.018900622690691815 0.6265075956120305 0.004837528876983558
117 0.04504867342567535 0.3722339483994143 0.22199442138745268 0.37223394889231204 0.6987848145696193 0.3634441545655429 0.21246959355178202 0.30376888838109806 0.06070066085027139 0.3722339491175375 0.3037688879329855 0.050114479633173184 0.03976507776628701 0.21246959360683945 0.22199442193616437 -0.01873345230178208 0.2124695938541573 0.6987848138402949 0.04229093772881848 0.21246959428430098
118 0.04504867342567535 0.3722339483994143 0.22199442138745268 0.37223394889231204 0.6987848145696193 0.3634441545655429 0.21246959355178202 0.30376888838109806 0.06070066085027139 0.3722339491175375 0.3037688879329855 0.050114479633173184 0.03976507776628701 0.21246959360683945 0.22199442193616437 -0.01873345230178208 0.2124695938541573 0.6987848138402949 0.04229093772881848 0.21246959428430098
39 0.6658778814045648 0.016614204669857052 0.14545878586983305 0.01661420462166553 0.0495591357675637 0.16326471285565108 0.02166173076095508 0.14689201879952526 0.33201682683210154 0.016614204840499573 0.14689201867309037 0.7290125847725548 0.47589383008891445 0.021661730738976596 0.14545878529553755 0.29352465255554244 0.021661731075610167 0.04955913607197573 0.6919830918353979 0.021661730822082923
110 -0.0055870274169214605 0.27568054233840283 0.2805490021431177 0.2756805423098907 0.6902966798641521 0.05011331944934144 0.30294633445240304 0.3057160449009948 0.10623439253871601 0.27568054235756073 0.3057160446862485 0.1151185342817195 0.056847590725336884 0.3029463349590905 0.2805490037175938 -0.023620061831786533 0.30294633434395557 0.690296677624226 0.0380936633266122 0.30294633531034487
190 -0.0055870274169214605 0.27568054233840283 0.2805490021431177 0.2756805423098907 0.6902966798641521 0.05011331944934144 0.30294633445240304 0.3057160449009948 0.10623439253871601 0.27568054235756073 0.3057160446862485 0.1151185342817195 0.056847590725336884 0.3029463349590905 0.2805490037175938 -0.023620061831786533 0.30294633434395557 0.690296677624226 0.0380936633266122 0.30294633531034487
31 0.5935045778012186 0.10721909042175368 0.10846206875984507 0.10721908984892657 0.043821134334811974 0.10980047179365729 0.01217366304668067 0.11393427685854629 0.3731118398412411 0.10721908994176194 0.113934276787191 0.7300953272918146 0.6634387166489989 0.012173663152884035 0.10846206854128242 0.26770566391764955 0.012173662792750754 0.043821135230760165 0.6019004645071762 0.01217366280470623
23 0.6351421778619847 0.09998548574824052 0.11160390014436211 0.09998548520126746 0.04156940521868408 0.09667229094671266 0.014509122583172825 0.10679746055023395 0.35362439599258905 0.0999854853699602 0.10679746049840332 0.6591823782653463 0.7148556252096967 0.014509122714380165 0.11160389984385626 0.2740952179394233 0.014509122330376784 0.04156940618243848 0.5986956887170856 0.014509122261830393
70 0.2349480161811486 0.04358350914194479 0.10429946701437857 0.04358350868385747 -0.03845480499728132 0.16965581329699897 -0.02332048004226678 0.16934508757530262 0.8101129411372567 0.043583508675705984 0.16934508752239258 0.3228001390511746 0.2822382816582134 -0.02332047973844976 0.10429946759082728 0.8938100450460986 -0.02332048058372844 -0.038454804359021676 0.41714503607815473 -0.023320480164408987
69 0.02743212346061307 0.079238492748118 0.3113603859965224 0.07923849276266992 0.2124695937436627 0.20239972022729136 0.6186649311566725 0.24805842712521553 0.022087462769434504 0.07923849311191589 0.24805842677596956 0.011083990764488922 0.01584267234506806 0.6186649315059185 0.31136038684053347 -0.010821281487079212 0.6186649310984649 0.21246959382096975 0.015440909117516131 0.6186649315168324
162 0.029080510272962018 0.33347744124476325 0.2864551880377459 0.33347744117304107 0.3196370304439327 -0.1368366040022028 0.10634316510901438 0.11199697556218736 0.451127623762768 0.33347744117261663 0.11199697535424996 0.40035471348092505 0.40236605189337205 0.10634316554997288 0.2864551891575885 0.35756046110015816 0.10634316489512859 0.31963702918741355 0.10450743055969719 0.10634316584713101
8 0.6864084656945694 -0.0034352885777105173 0.10083284715526798 -0.0034352888982459567 0.01036521242567218 0.10702947945666531 0.0014281385660852854 0.10044070526434884 0.26780842109549235 -0.0034352886985045254 0.10044070517460221 0.7598771818888601 0.5133949710155034 0.0014281384815371426 0.10083284654300415 0.30282690498373394 0.0014281387216509846 0.010365212927232068 0.672903782943152 0.001428138380094758
151 0.02743212346061307 0.079238492748118 0.3113603859965224 0.07923849276266992 0.2124695937436627 0.20239972022729136 0.6186649311566725 0.24805842712521553 0.022087462769434504 0.07923849311191589 0.24805842677596956 0.011083990764488922 0.01584267234506806 0.6186649315059185 0.31136038684053347 -0.010821281487079212 0.6186649310984649 0.21246959382096975 0.015440909117516131 0.6186649315168324
44 0.5662755647187375 0.05914445397250234 0.16490986177024294 0.059144453622448794 0.042524052099284844 0.15366834620494768 0.016083397322182037 0.162821303285361 0.47443859227902896 0.05914445391732475 0.1628213031805831 0.5879596890181326 0.559123328639554 0.016083397425528136 0.1649098615144128 0.3831610449356663 0.016083397360541544 0.04252405259335783 0.7089082283680839 0.016083397248690012
198 0.04225204457614869 0.7266116545011966 0.09547388134337124 0.726611654797648 0.3822587528998609 0.10514827516106169 0.08075928069568872 0.10502994473155758 0.10532948280641301 0.7266116551089699 0.10502994448111594 0.11851299520336303 0.10328644026391712 0.08075928050431577 0.09547388152970562 0.024100698032309957 0.08075928106230407 0.3822587530473301 0.06370124154133687 0.08075928114557293
30 0.738514764063881 0.04358811648289596 0.10312117641767624 0.043588116100725806 0.016378939993572823 0.07256565478425737 0.006438745154524935 0.08820956156759949 0.32644160528624083 0.043588116203479785 0.08820956151144098 0.5108127478260773 0.7474906731944437 0.006438745196835077 0.10312117593229897 0.32643171067990695 0.006438744995846406 0.016378941148372482 0.6050061902612863 0.006438744824505451
204 0.07176497063810088 0.15424066197617145 0.40865656914858534 0.1542406621434882 0.49267180605722216 0.11845787718953343 0.36462576986091205 0.360787893072421 0.24823753290822856 0.15424066209502657 0.3607878925917865 0.2773830470193269 0.10001494596137121 0.3646257704192326 0.4086565705826291 0.1421803264355008 0.3646257696570192 0.4926718042893537 0.054809362035249644 0.36462577060956414
219 0.1379774320567415 0.07372172054746515 0.6263188625665231 0.0737217208233846 0.12902121514117582 0.33654818264323644 0.3858193716021811 0.39289452709623995 0.20300737648951028 0.0737217214652317 0.3928945265627257 0.0927205051680444 0.10742364096881754 0.3858193715575999 0.6263188628282181 0.23251382465820192 0.3858193720478083 0.1290212147903859 0.11804538789469152 0.3858193721987018
101 0.13336528108847062 0.12054403224309915 0.42979438271787024 0.12054403245084426 0.36344415432732974 0.6299527042805098 0.20239972021118846 0.5378051220757109 0.31275114639304147 0.12054403254262713 0.5378051217955788 0.13110919622135436 0.09321485096718522 0.20239972021508917 0.429794383444245 0.1264709194334176 0.2023997201313054 0.363444154891677 0.16165668006062053 0.2023997204254535
3 0.6914336552978848 -0.00498557435698185 0.13023852613271567 -0.004985574538405825 0.02047818706893839 0.1279194126985891 0.007977758442704094 0.13259527697112794 0.33937386847011897 -0.004985574322417741 0.13259527682871955 0.6638012978410068 0.5037016834828005 0.007977758374591503 0.13023852561492982 0.34430455562032297 0.007977758598955487 0.02047818741696879 0.704505479352717 0.007977758385870719
102 0.13336528108847062 0.12054403224309915 0.42979438271787024 0.12054403245084426 0.36344415432732974 0.6299527042805098 0.20239972021118846 0.5378051220757109 0.31275114639304147 0.12054403254262713 0.5378051217955788 0.13110919622135436 0.09321485096718522 0.20239972021508917 0.429794383444245 0.1264709194334176 0.2023997201313054 0.363444154891677 0.16165668006062053 0.2023997204254535
125 0.04933586967526878 0.7311374846528003 0.09100638233574951 0.7311374851080635 0.3722339485749374 0.12054403251027733 0.0792384929231094 0.1077066383446652 0.09899089226123176 0.7311374856076185 0.10770663801050728 0.11567706894972642 0.09795302294651595 0.0792384926354507 0.09100638238228022 0.02541430479732279 0.0792384932081198 0.37223394882572264 0.06269797136276285 0.07923849325150656
127 0.04933586967526878 0.7311374846528003 0.09100638233574951 0.7311374851080635 0.3722339485749374 0.12054403251027733 0.0792384929231094 0.1077066383446652 0.09899089226123176 0.7311374856076185 0.10770663801050728 0.11567706894972642 0.09795302294651595 0.0792384926354507 0.09100638238228022 0.02541430479732279 0.0792384932081198 0.37223394882572264 0.06269797136276285 0.07923849325150656
184 0.02743212346061307 0.079238492748118 0.3113603859965224 0.07923849276266992 0.2124695937436627 0.20239972022729136 0.6186649311566725 0.24805842712521553 0.022087462769434504 0.07923849311191589 0.24805842677596956 0.011083990764488922 0.01584267234506806 0.6186649315059185 0.31136038684053347 -0.010821281487079212 0.6186649310984649 0.21246959382096975 0.015440909117516131 0.6186649315168324
174 0.25014613661493196 0.024613071084670257 0.14960026427218862 0.02461307075330413 -0.020774791738927382 0.09371174285498979 -0.017222875515110196 0.13224844591278245 0.5290947434623032 0.024613070721004614 0.13224844591246343 0.23743155164423918 0.2957277762919979 -0.01722287527832195 0.1496002647081682 1.129991598155646 -0.017222875934417858 -0.02077479120763642 0.3772429694793811 -0.017222875716865246
41 0.46334960089868343 0.0625738070425276 0.15991765558932722 0.06257380665308432 0.060001143719123004 0.16891100821002594 0.013691611853612683 0.1680438887974832 0.41796327529469873 0.06257380679562202 0.1680438886860397 0.8315431482725464 0.41333422373634826 0.01369161199723576 0.15991765533884084 0.34318790502597185 0.013691612007871582 0.0600011437795958 0.6838635185239592 0.013691611973912861
136 0.11720117497150523 0.20459500392984983 0.4468487541999032 0.2045950043989234 0.35715840895104173 0.04602759228916712 0.17166823755938343 0.2816191035661812 0.5122244343433972 0.20459500402035274 0.2816191031870085 0.39450117947807883 0.28817973731026536 0.17166823816412344 0.44684875542614677 0.42622239023789554 0.17166823765321124 0.35715840732735665 0.0873028416084304 0.1716682385863766
93 0.04933586967526878 0.7311374846528003 0.09100638233574951 0.7311374851080635 0.3722339485749374 0.12054403251027733 0.0792384929231094 0.1077066383446652 0.09899089226123176 0.7311374856076185 0.10770663801050728 0.11567706894972642 0.09795302294651595 0.0792384926354507 0.09100638238228022 0.02541430479732279 0.0792384932081198 0.37223394882572264 0.06269797136276285 0.07923849325150656
55 0.3069366023544272 0.37007117654860505 0.17439716612756237 0.37007117604083173 0.18764106051167542 0.06756816557516125 0.07196007556777927 0.1471476569833473 0.40539342829220226 0.3700711757167571 0.1471476568400277 0.4488878061778454 0.7980856811558396 0.07196007585773821 0.1743971666259189 0.14825681936628332 0.0719600748890195 0.18764106164310504 0.36899704718775345 0.07196007532147584
108 0.02743212346061307 0.079238492748118 0.3113603859965224 0.07923849276266992 0.2124695937436627 0.20239972022729136 0.6186649311566725 0.24805842712521553 0.022087462769434504 0.07923849311191589 0.24805842677596956 0.011083990764488922 0.01584267234506806 0.6186649315059185 0.31136038684053347 -0.010821281487079212 0.6186649310984649 0.21246959382096975 0.015440909117516131 0.6186649315168324
104 0.02743212346061307 0.079238492748118 0.3113603859965224 0.07923849276266992 0.2124695937436627 0.20239972022729136 0.6186649311566725 0.24805842712521553 0.022087462769434504 0.07923849311191589 0.24805842677596956 0.011083990764488922 0.01584267234506806 0.6186649315059185 0.31136038684053347 -0.010821281487079212 0.6186649310984649 0.21246959382096975 0.015440909117516131 0.6186649315168324
220 0.02743212346061307 0.079238492748118 0.3113603859965224 0.07923849276266992 0.2124695937436627 0.20239972022729136 0.6186649311566725 0.24805842712521553 0.022087462769434504 0.07923849311191589 0.24805842677596956 0.011083990764488922 0.01584267234506806 0.6186649315059185 0.31136038684053347 -0.010821281487079212 0.6186649310984649 0.21246959382096975 0.015440909117516131 0.6186649315168324
171 0.12427134006930379 0.10770663819803597 0.4966711303384913 0.10770663813085449 0.3037688880951495 0.5378051220022364 0.24805842683854 0.536953516467328 0.29213427031807004 0.10770663847184304 0.53695351582446 0.11357394771468725 0.10303824565603575 0.24805842715495813 0.49667113104436555 0.15122314777295287 0.24805842675792458 0.303768888217548 0.1676536372108266 0.248058427136442
216 0.02743212346061307 0.079238492748118 0.3113603859965224 0.07923849276266992 0.2124695937436627 0.20239972022729136 0.6186649311566725 0.24805842712521553 0.022087462769434504 0.07923849311191589 0.24805842677596956 0.011083990764488922 0.01584267234506806 0.6186649315059185 0.31136038684053347 -0.010821281487079212 0.6186649310984649 0.21246959382096975 0.015440909117516131 0.6186649315168324
167 0.04225204457614869 0.7266116545011966 0.09547388134337124 0.726611654797648 0.3822587528998609 0.10514827516106169 0.08075928069568872 0.10502994473155758 0.10532948280641301 0.7266116551089699 0.10502994448111594 0.11851299520336303 0.10328644026391712 0.08075928050431577 0.09547388152970562 0.024100698032309957 0.08075928106230407 0.3822587530473301 0.06370124154133687 0.08075928114557293
153 0.12319146891494824 0.09100638233669263 0.56945208727948 0.09100638246758633 0.22199442188607588 0.42979438302589845 0.3113603861964921 0.49667113083151876 0.25579753181706977 0.09100638245607445 0.49667113020821246 0.09778478235616779 0.10972839466121544 0.3113603865036809 0.5694520879673478 0.18740682744229797 0.3113603862714886 0.22199442164333344 0.15760169205286403 0.31136038633640545
183 0.02743212346061307 0.079238492748118 0.3113603859965224 0.07923849276266992 0.2124695937436627 0.20239972022729136 0.6186649311566725 0.24805842712521553 0.022087462769434504 0.07923849311191589 0.24805842677596956 0.011083990764488922 0.01584267234506806 0.6186649315059185 0.31136038684053347 -0.010821281487079212 0.6186649310984649 0.21246959382096975 0.015440909117516131 0.6186649315168324
164 0.04225204457614869 0.7266116545011966 0.09547388134337124 0.726611654797648 0.3822587528998609 0.10514827516106169 0.08075928069568872 0.10502994473155758 0.10532948280641301 0.7266116551089699 0.10502994448111594 0.11851299520336303 0.10328644026391712 0.08075928050431577 0.09547388152970562 0.024100698032309957 0.08075928106230407 0.3822587530473301 0.06370124154133687 0.08075928114557293
123 0.04933586967526878 0.7311374846528003 0.09100638233574951 0.7311374851080635 0.3722339485749374 0.12054403251027733 0.0792384929231094 0.1077066383446652 0.09899089226123176 0.7311374856076185 0.10770663801050728 0.11567706894972642 0.09795302294651595 0.0792384926354507 0.09100638238228022 0.02541430479732279 0.0792384932081198 0.37223394882572264 0.06269797136276285 0.07923849325150656
25 0.16940410492904343 0.443263829184328 0.15376325334309923 0.44326382887382065 0.2321414271571716 0.1232278579127744 0.051673671189903334 0.1746488464072039 0.4574480483277642 0.4432638290890017 0.17464884618557908 0.6988770879488938 0.4765371187668482 0.05167367137065033 0.1537632539867528 0.15309863505535704 0.051673670692540696 0.23214142750925276 0.33891497984039065 0.051673671280525496
156 0.02743212346061307 0.079238492748118 0.3113603859965224 0.07923849276266992 0.2124695937436627 0.20239972022729136 0.6186649311566725 0.24805842712521553 0.022087462769434504 0.07923849311191589 0.24805842677596956 0.011083990764488922 0.01584267234506806 0.6186649315059185 0.31136038684053347 -0.010821281487079212 0.6186649310984649 0.21246959382096975 0.015440909117516131 0.6186649315168324
161 0.11720117497150523 0.20459500392984983 0.4468487541999032 0.2045950043989234 0.35715840895104173 0.04602759228916712 0.17166823755938343 0.2816191035661812 0.5122244343433972 0.20459500402035274 0.2816191031870085 0.39450117947807883 0.28817973731026536 0.17166823816412344 0.44684875542614677 0.42622239023789554 0.17166823765321124 0.35715840732735665 0.0873028416084304 0.1716682385863766
178 0.04933586967526878 0.7311374846528003 0.09100638233574951 0.7311374851080635 0.3722339485749374 0.12054403251027733 0.0792384929231094 0.1077066383446652 0.09899089226123176 0.7311374856076185 0.10770663801050728 0.11567706894972642 0.09795302294651595 0.0792384926354507 0.09100638238228022 0.02541430479732279 0.0792384932081198 0.37223394882572264 0.06269797136276285 0.07923849325150656
71 0.04933586967526878 0.7311374846528003 0.09100638233574951 0.7311374851080635 0.3722339485749374 0.12054403251027733 0.0792384929231094 0.1077066383446652 0.09899089226123176 0.7311374856076185 0.10770663801050728 0.11567706894972642 0.09795302294651595 0.0792384926354507 0.09100638238228022 0.02541430479732279 0.0792384932081198 0.37223394882572264 0.06269797136276285 0.07923849325150656
193 0.11720117497150523 0.20459500392984983 0.4468487541999032 0.2045950043989234 0.35715840895104173 0.04602759228916712 0.17166823755938343 0.2816191035661812 0.5122244343433972 0.20459500402035274 0.2816191031870085 0.39450117947807883 0.28817973731026536 0.17166823816412344 0.44684875542614677 0.42622239023789554 0.17166823765321124 0.35715840732735665 0.0873028416084304 0.1716682385863766
68 0.02743212346061307 0.079238492748118 0.3113603859965224 0.07923849276266992 0.2124695937436627 0.20239972022729136 0.6186649311566725 0.24805842712521553 0.022087462769434504 0.07923849311191589 0.24805842677596956 0.011083990764488922 0.01584267234506806 0.6186649315059185 0.31136038684053347 -0.010821281487079212 0.6186649310984649 0.21246959382096975 0.015440909117516131 0.6186649315168324
142 0.02743212346061307 0.079238492748118 0.3113603859965224 0.07923849276266992 0.2124695937436627 0.20239972022729136 0.6186649311566725 0.24805842712521553 0.022087462769434504 0.07923849311191589 0.24805842677596956 0.011083990764488922 0.01584267234506806 0.6186649315059185 0.31136038684053347 -0.010821281487079212 0.6186649310984649 0.21246959382096975 0.015440909117516131 0.6186649315168324
21 0.27591685217603834 0.38696367587581443 0.18715760417610072 0.3869636753804955 0.18287223658447943 0.06709859980306065 0.07147759067104863 0.1683549380855335 0.44851571274637636 0.3869636752582169 0.16835493799027562 0.4195592874699404 0.7552945118953673 0.07147759109580208 0.1871576047699555 0.17835015889371866 0.07147758999415767 0.18287223741384606 0.3697875251470393 0.07147759068648586
9 0.6698665710139806 -0.0025988699282862597 0.10296875156963194 -0.002598870150216799 0.00878325871259495 0.10986291034129911 0.00027798636472685617 0.10465870246578746 0.29233628607160095 -0.002598869907996762 0.10465870240044654 0.7485138276626812 0.5081990370832293 0.00027798618906175505 0.10296875107265956 0.3186494786177678 0.0002779863881281238 0.008783259176842464 0.6865312375732731 0.0002779861822807521
115 0.2945194952631724 0.021362459814949372 0.24263884777122666 0.021362459956766514 -0.011826137821234345 0.13612971041085736 0.002228317483675188 0.15077765501936266 0.48257375096600696 0.02136245997245532 0.15077765498743861 0.23485487968968854 0.25481752431280025 0.002228317724048015 0.24263884797904586 1.1315831819868218 0.002228317574617504 -0.011826137406415662 0.3033822350110204 0.002228317578852317
83 -0.0055870274169214605 0.27568054233840283 0.2805490021431177 0.2756805423098907 0.6902966798641521 0.05011331944934144 0.30294633445240304 0.3057160449009948 0.10623439253871601 0.27568054235756073 0.3057160446862485 0.1151185342817195 0.056847590725336884 0.3029463349590905 0.2805490037175938 -0.023620061831786533 0.30294633434395557 0.690296677624226 0.0380936633266122 0.30294633531034487
210 0.07338326497284295 0.16696104712331455 0.38135860477377825 0.16696104713423457 0.4701810346849172 0.13256289929455375 0.37371807008360636 0.35799483664410015 0.2617754817594975 0.16696104720894284 0.3579948363549444 0.2584257068872132 0.10180046197634882 0.3737180706705096 0.38135860611248257 0.14110609445931543 0.3737180699030624 0.4701810332994857 0.07248101216937426 0.3737180707918251
113 0.11720117497150523 0.20459500392984983 0.4468487541999032 0.2045950043989234 0.35715840895104173 0.04602759228916712 0.17166823755938343 0.2816191035661812 0.5122244343433972 0.20459500402035274 0.2816191031870085 0.39450117947807883 0.28817973731026536 0.17166823816412344 0.44684875542614677 0.42622239023789554 0.17166823765321124 0.35715840732735665 0.0873028416084304 0.1716682385863766
52 0.648947471457669 0.11293451716829023 0.10080902520817454 0.11293451665573179 0.03885083323845656 0.11832916228004782 0.012292154587812635 0.11716742485414083 0.4525885644519656 0.11293451668006882 0.11716742478673922 0.5698809965190116 0.748726573587275 0.01229215472231927 0.10080902499433979 0.27712276612578823 0.012292154223528381 0.038850834585314596 0.5538589685974945 0.012292154271070325
43 0.6287878944160689 0.10046613048552219 0.1788891467795587 0.10046613049816089 0.11349610862049547 0.1654384124440014 0.05100884572637303 0.1621493154564958 0.32605196075874654 0.10046613076453817 0.1621493153325368 0.693977219002445 0.5776179233668556 0.05100884572024463 0.1788891463526857 0.2250039927000959 0.051008845841786485 0.11349610911631519 0.6282145325134517 0.05100884568917619
209 0.07338326497284295 0.16696104712331455 0.38135860477377825 0.16696104713423457 0.4701810346849172 0.13256289929455375 0.37371807008360636 0.35799483664410015 0.2617754817594975 0.16696104720894284 0.3579948363549444 0.2584257068872132 0.10180046197634882 0.3737180706705096 0.38135860611248257 0.14110609445931543 0.3737180699030624 0.4701810332994857 0.07248101216937426 0.3737180707918251
201 0.04225204457614869 0.7266116545011966 0.09547388134337124 0.726611654797648 0.3822587528998609 0.10514827516106169 0.08075928069568872 0.10502994473155758 0.10532948280641301 0.7266116551089699 0.10502994448111594 0.11851299520336303 0.10328644026391712 0.08075928050431577 0.09547388152970562 0.024100698032309957 0.08075928106230407 0.3822587530473301 0.06370124154133687 0.08075928114557293
138 0.029080510272962018 0.33347744124476325 0.2864551880377459 0.33347744117304107 0.3196370304439327 -0.1368366040022028 0.10634316510901438 0.11199697556218736 0.451127623762768 0.33347744117261663 0.11199697535424996 0.40035471348092505 0.40236605189337205 0.10634316554997288 0.2864551891575885 0.35756046110015816 0.10634316489512859 0.31963702918741355 0.10450743055969719 0.10634316584713101
67 0.12319146891494824 0.09100638233669263 0.56945208727948 0.09100638246758633 0.22199442188607588 0.42979438302589845 0.3113603861964921 0.49667113083151876 0.25579753181706977 0.09100638245607445 0.49667113020821246 0.09778478235616779 0.10972839466121544 0.3113603865036809 0.5694520879673478 0.18740682744229797 0.3113603862714886 0.22199442164333344 0.15760169205286403 0.31136038633640545
180 0.04933586967526878 0.7311374846528003 0.09100638233574951 0.7311374851080635 0.3722339485749374 0.12054403251027733 0.0792384929231094 0.1077066383446652 0.09899089226123176 0.7311374856076185 0.10770663801050728 0.11567706894972642 0.09795302294651595 0.0792384926354507 0.09100638238228022 0.02541430479732279 0.0792384932081198 0.37223394882572264 0.06269797136276285 0.07923849325150656
203 -0.0033389936683953293 0.2909015638588196 0.2555005215282218 0.2909015639099494 0.6654977558341395 0.06249520835291957 0.314530622486205 0.3115829483315575 0.11394931522710386 0.29090156405277323 0.3115829479487752 0.10151270056156379 0.054672180508011994 0.31453062307033053 0.25550052310123317 -0.023588793114783093 0.3145306224118276 0.6654977540982551 0.05214370208995514 0.3145306234310961
81 0.3469493849933117 0.09899089216748683 0.2557975316625367 0.09899089216819063 0.060700660637406825 0.3127511463930572 0.022087462806142166 0.2921342703703443 0.7838764034285138 0.09899089218608824 0.29213427018451577 0.3539260039952111 0.3697411862092897 0.022087462974430434 0.25579753201367184 0.5636453857845531 0.022087462623773594 0.06070066112097455 0.49740785450290576 0.022087462962405588
175 0.04933586967526878 0.7311374846528003 0.09100638233574951 0.7311374851080635 0.3722339485749374 0.12054403251027733 0.0792384929231094 0.1077066383446652 0.09899089226123176 0.7311374856076185 0.10770663801050728 0.11567706894972642 0.09795302294651595 0.0792384926354507 0.09100638238228022 0.02541430479732279 0.0792384932081198 0.37223394882572264 0.06269797136276285 0.07923849325150656
54 0.6500703707910288 0.08322912741716826 0.13724714563569354 0.08322912695845468 0.03751136666141864 0.06571743516086923 0.01767130041008436 0.09142617719065516 0.3450784042264789 0.08322912703968319 0.0914261771306248 0.4647260783551038 0.8054969938939539 0.017671300504897087 0.1372471452200339 0.34805691966165414 0.017671300200638434 0.03751136771984494 0.6203452572009268 0.017671300162604688
80 0.02743212346061307 0.079238492748118 0.3113603859965224 0.07923849276266992 0.2124695937436627 0.20239972022729136 0.6186649311566725 0.24805842712521553 0.022087462769434504 0.07923849311191589 0.24805842677596956 0.011083990764488922 0.01584267234506806 0.6186649315059185 0.31136038684053347 -0.010821281487079212 0.6186649310984649 0.21246959382096975 0.015440909117516131 0.6186649315168324
197 0.05324400339119461 0.3845584184352764 0.21092007604703533 0.3845584191075751 0.6822057600531966 0.410661966286347 0.2042186157216557 0.30349053027476675 0.047134456685116524 0.38455841920393746 0.3034905299688611 0.04360605330382847 0.03455633583867655 0.20421861572907307 0.21092007634724688 -0.015997490595258748 0.20421861605049216 0.6822057596306796 0.04493126482997283 0.20421861637555527
12 0.750298898665713 0.04930359448021926 0.09081469272214561 0.04930359404898492 0.015116301044881755 0.0860241822447406 0.006115074227571871 0.09339980185479148 0.34407376129014694 0.04930359413088093 0.09339980178383475 0.54714130404179 0.7341468101194324 0.006115074244335045 0.09081469225404085 0.29657976208980075 0.006115074043383462 0.015116302276020864 0.5789569561886809 0.006115073955017548
109 0.32788657640144786 0.057922923408199344 0.3883021555142839 0.05792292349611968 0.04014079354020888 0.14428514024889422 0.04877108175559366 0.2239332768636393 0.5373219803116022 0.057922923826865876 0.22393327675725497 0.23468203571367913 0.3935196518621033 0.04877108176766512 0.38830215558545506 0.8211215987474476 0.04877108189709461 0.04014079320083055 0.503530377065204 0.048771082023741516
97 0.04933586967526878 0.7311374846528003 0.09100638233574951 0.7311374851080635 0.3722339485749374 0.12054403251027733 0.0792384929231094 0.1077066383446652 0.09899089226123176 0.7311374856076185 0.10770663801050728 0.11567706894972642 0.09795302294651595 0.0792384926354507 0.09100638238228022 0.02541430479732279 0.0792384932081198 0.37223394882572264 0.06269797136276285 0.07923849325150656
48 0.7355828218599302 0.015426384051433432 0.09897435136942269 0.015426383624554604 0.0017079230842353872 0.06637238707811165 -0.0019310674299819423 0.08736336754299726 0.3358971169017881 0.01542638373333282 0.08736336753580608 0.4910227133761612 0.6952889600987678 -0.0019310674777301864 0.09897435088857925 0.37866190296589713 -0.0019310675599419835 0.00170792407916506 0.6473046383062833 -0.0019310677756497782
172 0.02743212346061307 0.079238492748118 0.3113603859965224 0.07923849276266992 0.2124695937436627 0.20239972022729136 0.6186649311566725 0.24805842712521553 0.022087462769434504 0.07923849311191589 0.24805842677596956 0.011083990764488922 0.01584267234506806 0.6186649315059185 0.31136038684053347 -0.010821281487079212 0.6186649310984649 0.21246959382096975 0.015440909117516131 0.6186649315168324
147 0.11020905983859496 0.21733349259426163 0.4253738472751243 0.21733349285177547 0.33974081928696614 0.05972387492409618 0.18157677464355487 0.2771815238365096 0.5278729084029958 0.21733349260068466 0.277181523618059 0.372114078938439 0.29757286908532593 0.18157677514135653 0.4253738484782941 0.4229148887136274 0.1815767745506285 0.33974081789314703 0.11297909494166115 0.18157677558898716
199 0.04225204457614869 0.7266116545011966 0.09547388134337124 0.726611654797648 0.3822587528998609 0.10514827516106169 0.08075928069568872 0.10502994473155758 0.10532948280641301 0.7266116551089699 0.10502994448111594 0.11851299520336303 0.10328644026391712 0.08075928050431577 0.09547388152970562 0.024100698032309957 0.08075928106230407 0.3822587530473301 0.06370124154133687 0.08075928114557293
154 0.12319146891494824 0.09100638233669263 0.56945208727948 0.09100638246758633 0.22199442188607588 0.42979438302589845 0.3113603861964921 0.49667113083151876 0.25579753181706977 0.09100638245607445 0.49667113020821246 0.09778478235616779 0.10972839466121544 0.3113603865036809 0.5694520879673478 0.18740682744229797 0.3113603862714886 0.22199442164333344 0.15760169205286403 0.31136038633640545
53 0.7119656807531883 0.10299919942968928 0.0946650954111713 0.10299919900578365 0.038775671484693144 0.10451121795952313 0.01683420893104001 0.1027584953794846 0.3708169793345294 0.10299919906188544 0.10275849533963025 0.5747173294361835 0.7749334194404415 0.016834208984656866 0.09466509507919443 0.24715792151189073 0.016834208567563295 0.0387756729321821 0.5264164597188786 0.016834208530498832
45 0.5031031596052816 0.18493784243025893 0.15032272244112885 0.18493784180908462 0.09216524433144205 0.085789764643254 0.032994612256714406 0.12089947110980151 0.3803356781885498 0.1849378418588981 0.12089947100844094 0.626013275159763 0.7738752033375457 0.032994612399404516 0.15032272236758573 0.25049207987917477 0.03299461190296294 0.09216524530623865 0.5650817580807466 0.032994612021655
185 0.1379774320567415 0.07372172054746515 0.6263188625665231 0.0737217208233846 0.12902121514117582 0.33654818264323644 0.3858193716021811 0.39289452709623995 0.20300737648951028 0.0737217214652317 0.3928945265627257 0.0927205051680444 0.10742364096881754 0.3858193715575999 0.6263188628282181 0.23251382465820192 0.3858193720478083 0.1290212147903859 0.11804538789469152 0.3858193721987018
107 0.02743212346061307 0.079238492748118 0.3113603859965224 0.07923849276266992 0.2124695937436627 0.20239972022729136 0.6186649311566725 0.24805842712521553 0.022087462769434504 0.07923849311191589 0.24805842677596956 0.011083990764488922 0.01584267234506806 0.6186649315059185 0.31136038684053347 -0.010821281487079212 0.6186649310984649 0.21246959382096975 0.015440909117516131 0.6186649315168324
121 0.04504867342567535 0.3722339483994143 0.22199442138745268 0.37223394889231204 0.6987848145696193 0.3634441545655429 0.21246959355178202 0.30376888838109806 0.06070066085027139 0.3722339491175375 0.3037688879329855 0.050114479633173184 0.03976507776628701 0.21246959360683945 0.22199442193616437 -0.01873345230178208 0.2124695938541573 0.6987848138402949 0.04229093772881848 0.21246959428430098
92 0.04933586967526878 0.7311374846528003 0.09100638233574951 0.7311374851080635 0.3722339485749374 0.12054403251027733 0.0792384929231094 0.1077066383446652 0.09899089226123176 0.7311374856076185 0.10770663801050728 0.11567706894972642 0.09795302294651595 0.0792384926354507 0.09100638238228022 0.02541430479732279 0.0792384932081198 0.37223394882572264 0.06269797136276285 0.07923849325150656
11 0.6275308599663255 0.11688088765838896 0.1634613180123348 0.11688088745550132 0.11625441171903929 0.2010262585118639 0.04608870509079783 0.180963741519226 0.4010434686089405 0.1168808876654249 0.18096374132270732 0.6858660460432054 0.5682403949835994 0.04608870507655895 0.16346131770072994 0.21394359658699935 0.04608870508289291 0.11625441237928327 0.5908596400496239 0.0460887050467102
