id,x_0,x_1,x_2,x_3,x_4,x_5,x_6,x_7,x_8,x_9,x_10,x_11,x_12,x_13,x_14
0.0,2.220446049250313e-16,0.006494466312075765,0.4833255964316356,0.4533675691048391,2.220446049250313e-16,2.220446049250313e-16,0.3859761956263694,2.220446049250313e-16,2.220446049250313e-16,0.525140699309223,0.10785332505117566,2.220446049250313e-16,0.31346228752365657,2.220446049250313e-16,0.05501953844951231
1.0,0.3879517987473932,2.220446049250313e-16,0.48513462732760015,2.220446049250313e-16,0.027835353021711282,2.220446049250313e-16,2.220446049250313e-16,2.220446049250313e-16,2.220446049250313e-16,0.20660316166951773,2.220446049250313e-16,2.220446049250313e-16,0.341005102265341,0.45983147068310637,2.220446049250313e-16
2.0,2.220446049250313e-16,0.006944904191515018,2.220446049250313e-16,0.4471656464486099,2.220446049250313e-16,2.220446049250313e-16,2.220446049250313e-16,0.09722750533793036,0.4450291135942552,0.5144112958842553,0.04974171603154242,2.220446049250313e-16,0.2570608190321444,2.220446049250313e-16,0.1954548924827912
3.0,2.220446049250313e-16,2.220446049250313e-16,0.4833261089375819,0.4079866526428458,2.220446049250313e-16,0.3901659173093951,0.410322678443018,2.220446049250313e-16,2.220446049250313e-16,0.19953061701086758,2.220446049250313e-16,2.220446049250313e-16,0.019925980661192368,0.5660400167103421,2.220446049250313e-16
4.0,2.220446049250313e-16,0.0056599168491169895,0.48332559643163553,2.220446049250313e-16,2.220446049250313e-16,2.220446049250313e-16,2.220446049250313e-16,0.6535278699965302,2.220446049250313e-16,0.5450196177459278,2.220446049250313e-16,2.220446049250313e-16,0.3134622875236566,2.220446049250313e-16,0.013859651445708852
5.0,2.220446049250313e-16,0.005805470071428178,0.48305152012091446,2.220446049250313e-16,0.1542189592717601,2.220446049250313e-16,2.220446049250313e-16,0.645379171961965,2.220446049250313e-16,0.5415525486709976,0.08351218276452775,2.220446049250313e-16,2.220446049250313e-16,0.003868069174786097,2.220446049250313e-16
6.0,2.220446049250313e-16,0.40649636171035397,0.4830943941184388,2.220446049250313e-16,0.13014243011325455,2.220446049250313e-16,2.220446049250313e-16,0.4518475695453849,2.220446049250313e-16,0.3147714750823925,0.2988466967445252,2.220446049250313e-16,2.220446049250313e-16,2.220446049250313e-16,2.220446049250313e-16
7.0,2.220446049250313e-16,0.005661022395179803,0.48332614372777,2.220446049250313e-16,2.220446049250313e-16,0.390165917309395,2.220446049250313e-16,0.6535664197649627,2.220446049250313e-16,0.5449932837046411,2.220446049250313e-16,2.220446049250313e-16,2.220446049250313e-16,0.0012686609368535412,0.0136569906383752
8.0,2.220446049250313e-16,2.220446049250313e-16,0.48332555818685313,0.4078159399839419,2.220446049250313e-16,2.220446049250313e-16,0.41074567925104366,2.220446049250313e-16,2.220446049250313e-16,0.20000410433637744,2.220446049250313e-16,2.220446049250313e-16,0.33536687702608176,0.5418039469323003,0.0031094185969644285
9.0,0.22818524170661067,0.01974931775546039,0.48543839399024125,2.220446049250313e-16,0.04996076103259949,2.220446049250313e-16,2.220446049250313e-16,2.220446049250313e-16,0.03814007434995254,0.2094109284224032,2.220446049250313e-16,2.220446049250313e-16,0.4815443862796952,0.3447367656831266,0.056001125600029
10.0,2.220446049250313e-16,0.3875815144313884,2.220446049250313e-16,2.220446049250313e-16,0.38345261601411185,0.3901659173093949,2.220446049250313e-16,0.6987553297369183,2.220446049250313e-16,0.08548350967613812,2.220446049250313e-16,2.220446049250313e-16,0.05054248691185853,0.1904756085735171,2.220446049250313e-16
11.0,2.220446049250313e-16,2.220446049250313e-16,0.48332559643163525,0.03916464988804269,2.220446049250313e-16,2.220446049250313e-16,0.38563356082179934,2.220446049250313e-16,2.220446049250313e-16,0.692295335530441,0.09283943205273512,2.220446049250313e-16,0.3134622875236563,2.220446049250313e-16,0.06639834546010874
12.0,2.220446049250313e-16,2.220446049250313e-16,0.4833260571524162,2.220446049250313e-16,2.220446049250313e-16,0.3901659173093952,2.220446049250313e-16,0.6762211292304736,2.220446049250313e-16,0.31754304975985903,0.00718814353139901,2.220446049250313e-16,0.04958578555616711,0.20253674536243002,2.220446049250313e-16
13.0,0.18476433768866624,0.010612206215550923,0.0015114156337248527,2.220446049250313e-16,0.4402521523329389,0.39016591730939565,2.220446049250313e-16,2.220446049250313e-16,0.00024218336216794072,0.42705638038277266,2.220446049250313e-16,5.4643789493269423e-17,2.220446049250313e-16,0.39797123248955846,0.03962907459442499
14.0,2.220446049250313e-16,0.005661022395179803,0.48332614372777,2.220446049250313e-16,2.220446049250313e-16,0.390165917309395,2.220446049250313e-16,0.6535664197649627,2.220446049250313e-16,0.5449932837046411,2.220446049250313e-16,2.220446049250313e-16,2.220446049250313e-16,0.0012686609368535412,0.0136569906383752
15.0,2.220446049250313e-16,0.41163428898217,2.220446049250313e-16,0.40631079050001395,0.5466774160926212,2.220446049250313e-16,0.41405470279438683,2.220446049250313e-16,2.220446049250313e-16,0.19238635388412156,0.010087430579491628,2.220446049250313e-16,2.220446049250313e-16,0.3474009687907407,0.03083909671217509
16.0,2.220446049250313e-16,0.005661022395179803,0.48332614372777,2.220446049250313e-16,2.220446049250313e-16,0.390165917309395,2.220446049250313e-16,0.6535664197649627,2.220446049250313e-16,0.5449932837046411,2.220446049250313e-16,2.220446049250313e-16,2.220446049250313e-16,0.0012686609368535412,0.0136569906383752
17.0,2.220446049250313e-16,0.00015887894920217158,0.4833261437277701,0.03360176399344222,2.220446049250313e-16,0.39016591730939515,2.220446049250313e-16,0.17066132981391868,2.220446049250313e-16,0.6760540124502656,0.02870537442394319,2.220446049250313e-16,2.220446049250313e-16,2.220446049250313e-16,0.198299151628666
18.0,2.220446049250313e-16,0.005661022395179803,0.48332614372777,2.220446049250313e-16,2.220446049250313e-16,0.390165917309395,2.220446049250313e-16,0.6535664197649627,2.220446049250313e-16,0.5449932837046411,2.220446049250313e-16,2.220446049250313e-16,2.220446049250313e-16,0.0012686609368535412,0.0136569906383752
19.0,2.220446049250313e-16,0.005661022395179803,0.48332614372777,2.220446049250313e-16,2.220446049250313e-16,0.390165917309395,2.220446049250313e-16,0.6535664197649627,2.220446049250313e-16,0.5449932837046411,2.220446049250313e-16,2.220446049250313e-16,2.220446049250313e-16,0.0012686609368535412,0.0136569906383752
20.0,2.220446049250313e-16,2.220446049250313e-16,2.220446049250313e-16,2.220446049250313e-16,0.3752330249979172,0.3901659173093951,0.3777712511203042,0.0377472818787739,2.220446049250313e-16,0.4174872152551785,0.0735248126201922,2.220446049250313e-16,0.028336934256265746,0.4626288863059469,2.220446049250313e-16
21.0,2.220446049250313e-16,0.005661022395179803,0.48332614372777,2.220446049250313e-16,2.220446049250313e-16,0.390165917309395,2.220446049250313e-16,0.6535664197649627,2.220446049250313e-16,0.5449932837046411,2.220446049250313e-16,2.220446049250313e-16,2.220446049250313e-16,0.0012686609368535412,0.0136569906383752
22.0,2.220446049250313e-16,2.220446049250313e-16,0.48332554354481255,2.220446049250313e-16,2.220446049250313e-16,2.220446049250313e-16,0.378274407713676,0.03082929298800202,2.220446049250313e-16,0.4156582438974607,0.12763303810745993,2.220446049250313e-16,0.34375306379738224,0.43902490518551346,2.220446049250313e-16
23.0,2.220446049250313e-16,2.220446049250313e-16,2.220446049250313e-16,0.03927769942201615,0.37975412117044327,0.3901659173093952,0.38513441321571573,0.002467477068672623,2.220446049250313e-16,0.6947112046724941,0.03310267100110503,2.220446049250313e-16,2.220446049250313e-16,2.220446049250313e-16,0.08297489928262977
24.0,2.220446049250313e-16,0.40677992837962446,0.48305375807498924,2.220446049250313e-16,0.15296220297056784,2.220446049250313e-16,2.220446049250313e-16,0.665636617893833,2.220446049250313e-16,0.30801693393176116,0.09475229987305167,2.220446049250313e-16,2.220446049250313e-16,2.220446049250313e-16,2.220446049250313e-16
25.0,2.220446049250313e-16,0.0056599168491169895,0.48332559643163553,2.220446049250313e-16,2.220446049250313e-16,2.220446049250313e-16,2.220446049250313e-16,0.6535278699965302,2.220446049250313e-16,0.5450196177459278,2.220446049250313e-16,2.220446049250313e-16,0.3134622875236566,2.220446049250313e-16,0.013859651445708852
26.0,2.220446049250313e-16,2.220446049250313e-16,0.4833261437277702,0.039164649888042545,2.220446049250313e-16,0.3901659173093951,0.38563356082179884,2.220446049250313e-16,2.220446049250313e-16,0.6922953355304411,0.09283943205273522,2.220446049250313e-16,2.220446049250313e-16,2.220446049250313e-16,0.06639834546010893
27.0,2.220446049250313e-16,0.01072951233573468,0.48332614372777005,0.4031731642952774,2.220446049250313e-16,0.39016591730939537,0.41400155104793357,2.220446049250313e-16,2.220446049250313e-16,0.4242621555959087,2.220446049250313e-16,2.220446049250313e-16,2.220446049250313e-16,0.36081676494664217,0.023106963326203298
28.0,2.220446049250313e-16,0.4066258595043585,0.48332614372777044,2.220446049250313e-16,2.220446049250313e-16,0.3901659173093949,2.220446049250313e-16,0.6741133472698375,2.220446049250313e-16,0.31168684535221053,0.001438159967611135,2.220446049250313e-16,2.220446049250313e-16,2.220446049250313e-16,0.01912077056945222
29.0,2.220446049250313e-16,0.4004502721470743,0.48332614372776994,0.04256965464154301,2.220446049250313e-16,0.39016591730939476,0.3855415800855724,0.01764939698706339,2.220446049250313e-16,0.4587889679022117,0.1031689305766121,2.220446049250313e-16,2.220446049250313e-16,2.220446049250313e-16,0.06945300024775343
30.0,2.220446049250313e-16,0.00031013639664716035,0.48305972115400103,0.03338749488766701,0.14961354751544148,2.220446049250313e-16,2.220446049250313e-16,0.16307058829861276,2.220446049250313e-16,0.6724510690728384,0.12470184493285122,2.220446049250313e-16,2.220446049250313e-16,2.220446049250313e-16,0.17219684046336806
31.0,2.220446049250313e-16,0.00031013639664716035,0.48305972115400103,0.03338749488766701,0.14961354751544148,2.220446049250313e-16,2.220446049250313e-16,0.16307058829861276,2.220446049250313e-16,0.6724510690728384,0.12470184493285122,2.220446049250313e-16,2.220446049250313e-16,2.220446049250313e-16,0.17219684046336806
32.0,2.220446049250313e-16,0.3875881982847756,0.4831274638753622,2.220446049250313e-16,0.11157161766742019,2.220446049250313e-16,2.220446049250313e-16,0.45143892327092694,2.220446049250313e-16,0.08532430068706524,0.46493944399687526,2.220446049250313e-16,2.220446049250313e-16,2.220446049250313e-16,2.220446049250313e-16
33.0,2.220446049250313e-16,0.4067733472075317,0.4833261437277703,2.220446049250313e-16,2.220446049250313e-16,2.220446049250313e-16,2.220446049250313e-16,0.6505332090203895,2.220446049250313e-16,0.30817369705850856,2.220446049250313e-16,2.220446049250313e-16,2.220446049250313e-16,2.220446049250313e-16,0.15439148218124787
34.0,2.220446049250313e-16,0.4063261801851542,0.4833261437277699,2.220446049250313e-16,2.220446049250313e-16,0.390165917309395,9.71445146547012e-17,0.46333770232780896,2.220446049250313e-16,0.31882518886334055,0.2082563674189575,2.220446049250313e-16,2.220446049250313e-16,2.220446049250313e-16,2.220446049250313e-16
35.0,2.220446049250313e-16,0.005661022395179803,0.48332614372777,2.220446049250313e-16,2.220446049250313e-16,0.390165917309395,2.220446049250313e-16,0.6535664197649627,2.220446049250313e-16,0.5449932837046411,2.220446049250313e-16,2.220446049250313e-16,2.220446049250313e-16,0.0012686609368535412,0.0136569906383752
36.0,2.220446049250313e-16,0.00031013639664716035,0.48305972115400103,0.03338749488766701,0.14961354751544148,2.220446049250313e-16,2.220446049250313e-16,0.16307058829861276,2.220446049250313e-16,0.6724510690728384,0.12470184493285122,2.220446049250313e-16,2.220446049250313e-16,2.220446049250313e-16,0.17219684046336806
37.0,2.220446049250313e-16,0.00031013639664716035,0.48305972115400103,0.03338749488766701,0.14961354751544148,2.220446049250313e-16,2.220446049250313e-16,0.16307058829861276,2.220446049250313e-16,0.6724510690728384,0.12470184493285122,2.220446049250313e-16,2.220446049250313e-16,2.220446049250313e-16,0.17219684046336806
38.0,2.220446049250313e-16,0.005351764437549657,0.4833261437277705,2.220446049250313e-16,2.220446049250313e-16,0.39016591730939526,2.220446049250313e-16,0.44305664225118946,2.220446049250313e-16,0.5523597898118283,0.1971972312297735,2.220446049250313e-16,2.220446049250313e-16,0.0035844781181001355,2.220446049250313e-16
39.0,2.220446049250313e-16,0.0038275885346091146,2.220446049250313e-16,2.220446049250313e-16,0.5478052873358608,8.326672684688674e-17,0.41399554105268843,0.026669134916542804,2.220446049250313e-16,0.5886655689208663,2.220446049250313e-16,2.220446049250313e-16,2.220446049250313e-16,0.3558156705575727,0.026846920052878073
40.0,2.220446049250313e-16,0.005661022395179803,0.48332614372777,2.220446049250313e-16,2.220446049250313e-16,0.390165917309395,2.220446049250313e-16,0.6535664197649627,2.220446049250313e-16,0.5449932837046411,2.220446049250313e-16,2.220446049250313e-16,2.220446049250313e-16,0.0012686609368535412,0.0136569906383752
41.0,2.220446049250313e-16,0.003827588534608988,2.220446049250313e-16,2.220446049250313e-16,0.3834553164750724,0.39016591730939537,0.41399554105269065,0.026669134916542457,2.220446049250313e-16,0.5886655689208662,2.220446049250313e-16,1.1102230246251565e-16,2.220446049250313e-16,0.35581567055757146,0.02684692005287799
42.0,2.220446049250313e-16,0.0056599168491169895,0.48332559643163553,2.220446049250313e-16,2.220446049250313e-16,2.220446049250313e-16,2.220446049250313e-16,0.6535278699965302,2.220446049250313e-16,0.5450196177459278,2.220446049250313e-16,2.220446049250313e-16,0.3134622875236566,2.220446049250313e-16,0.013859651445708852
43.0,2.220446049250313e-16,0.40477958790719015,2.220446049250313e-16,2.220446049250313e-16,0.547805287335861,2.220446049250313e-16,0.41404651467680625,0.046961424898343825,2.220446049250313e-16,0.35566492468855987,2.220446049250313e-16,2.220446049250313e-16,2.220446049250313e-16,0.34241857328006803,0.0346381509994217
44.0,2.220446049250313e-16,0.4066258595043585,0.48332614372777044,2.220446049250313e-16,2.220446049250313e-16,0.3901659173093949,2.220446049250313e-16,0.6741133472698375,2.220446049250313e-16,0.31168684535221053,0.001438159967611135,2.220446049250313e-16,2.220446049250313e-16,2.220446049250313e-16,0.01912077056945222
45.0,2.220446049250313e-16,0.4116153336738503,0.48332614372777005,0.40632156405897246,2.220446049250313e-16,0.3901659173093954,0.4139777956566591,2.220446049250313e-16,2.220446049250313e-16,0.19283786819783674,2.220446049250313e-16,2.220446049250313e-16,2.220446049250313e-16,0.3468495628068347,0.033783511876315904
46.0,2.220446049250313e-16,0.40792618334019654,0.4833261437277704,0.45057722792747057,2.220446049250313e-16,0.3901659173093953,2.220446049250313e-16,0.11710720595920834,2.220446049250313e-16,0.2807132091314265,0.05979614320702114,2.220446049250313e-16,2.220446049250313e-16,2.220446049250313e-16,0.1985323976418617
47.0,2.220446049250313e-16,0.0056599168491169895,0.48332559643163553,2.220446049250313e-16,2.220446049250313e-16,2.220446049250313e-16,2.220446049250313e-16,0.6535278699965302,2.220446049250313e-16,0.5450196177459278,2.220446049250313e-16,2.220446049250313e-16,0.3134622875236566,2.220446049250313e-16,0.013859651445708852
48.0,2.220446049250313e-16,2.220446049250313e-16,0.48332605302797177,0.04154248922406379,2.220446049250313e-16,0.3901659173093951,2.220446049250313e-16,0.45774602014487664,2.220446049250313e-16,0.37402183166353364,2.220446049250313e-16,2.220446049250313e-16,0.05194804910379706,0.1735854245297361,0.14854979575729285
49.0,0.38969921322073686,2.220446049250313e-16,0.485130972383256,2.220446049250313e-16,0.027582598081623996,2.220446049250313e-16,2.220446049250313e-16,2.220446049250313e-16,0.031280242668800334,2.220446049250313e-16,2.220446049250313e-16,2.220446049250313e-16,0.54091656508652,0.43210109087014664,2.220446049250313e-16
50.0,0.10975669661357484,2.220446049250313e-16,0.4830667403574099,0.40610084237850413,0.01290892712938309,2.220446049250313e-16,0.4141257015694123,2.220446049250313e-16,2.220446049250313e-16,0.2037492815908636,2.220446049250313e-16,2.220446049250313e-16,0.2854989494268682,0.33867594267738244,0.03465785306810796
51.0,2.220446049250313e-16,2.220446049250313e-16,2.220446049250313e-16,0.04410777493627854,0.377488095962718,0.39016591730939515,0.38214225700406135,0.026176066632159597,2.220446049250313e-16,0.4673358208413196,0.05334500124001454,2.220446049250313e-16,0.05126440396334914,0.18163340430675626,0.05376196033607828
52.0,2.220446049250313e-16,0.005351764437549657,0.4833261437277705,2.220446049250313e-16,2.220446049250313e-16,0.39016591730939526,2.220446049250313e-16,0.44305664225118946,2.220446049250313e-16,0.5523597898118283,0.1971972312297735,2.220446049250313e-16,2.220446049250313e-16,0.0035844781181001355,2.220446049250313e-16
53.0,2.220446049250313e-16,2.220446049250313e-16,2.220446049250313e-16,2.220446049250313e-16,0.38345423463930467,0.3901659173093952,0.41041394410361387,0.0525692399245124,2.220446049250313e-16,0.36170689830018676,2.220446049250313e-16,2.220446049250313e-16,0.020247902472990534,0.5617585803582961,2.220446049250313e-16
54.0,2.220446049250313e-16,0.0056599168491169895,0.48332559643163553,2.220446049250313e-16,2.220446049250313e-16,2.220446049250313e-16,2.220446049250313e-16,0.6535278699965302,2.220446049250313e-16,0.5450196177459278,2.220446049250313e-16,2.220446049250313e-16,0.3134622875236566,2.220446049250313e-16,0.013859651445708852
55.0,0.17960704986272916,2.220446049250313e-16,0.0015212016898891179,2.220446049250313e-16,0.4409657301859077,0.39016591730939515,2.220446049250313e-16,2.220446049250313e-16,2.220446049250313e-16,0.20238770307519388,2.220446049250313e-16,8.326672684688674e-17,0.01639496880232461,0.60371909444351,0.015859862764829567
56.0,2.220446049250313e-16,0.005661022395179803,0.48332614372777,2.220446049250313e-16,2.220446049250313e-16,0.390165917309395,2.220446049250313e-16,0.6535664197649627,2.220446049250313e-16,0.5449932837046411,2.220446049250313e-16,2.220446049250313e-16,2.220446049250313e-16,0.0012686609368535412,0.0136569906383752
57.0,2.220446049250313e-16,0.4049073043653658,2.220446049250313e-16,2.220446049250313e-16,0.38345531647507275,2.220446049250313e-16,0.4104017754722361,0.022481544109855325,2.220446049250313e-16,0.35262272627158736,2.220446049250313e-16,2.220446049250313e-16,2.220446049250313e-16,0.31702386737745253,0.17365630913529426
58.0,2.220446049250313e-16,0.005351764437549657,0.4833261437277705,2.220446049250313e-16,2.220446049250313e-16,0.39016591730939526,2.220446049250313e-16,0.44305664225118946,2.220446049250313e-16,0.5523597898118283,0.1971972312297735,2.220446049250313e-16,2.220446049250313e-16,0.0035844781181001355,2.220446049250313e-16
59.0,2.220446049250313e-16,2.220446049250313e-16,0.4833261089375819,0.4079866526428458,2.220446049250313e-16,0.3901659173093951,0.410322678443018,2.220446049250313e-16,2.220446049250313e-16,0.19953061701086758,2.220446049250313e-16,2.220446049250313e-16,0.019925980661192368,0.5660400167103421,2.220446049250313e-16
60.0,2.220446049250313e-16,0.005615878173188294,2.220446049250313e-16,2.220446049250313e-16,2.220446049250313e-16,2.220446049250313e-16,2.220446049250313e-16,0.4249623429953573,0.21172513655348302,0.5460686163801657,0.3397903363988605,2.220446049250313e-16,0.28662953528755175,2.220446049250313e-16,2.220446049250313e-16
61.0,0.14988760638233514,2.220446049250313e-16,2.220446049250313e-16,2.220446049250313e-16,2.220446049250313e-16,2.220446049250313e-16,0.37104413290238025,2.220446049250313e-16,0.47107295757980233,0.1978232898623942,2.220446049250313e-16,2.220446049250313e-16,2.220446049250313e-16,0.5758111455470692,0.14328193648490736
62.0,0.14988760638233514,2.220446049250313e-16,2.220446049250313e-16,2.220446049250313e-16,2.220446049250313e-16,2.220446049250313e-16,0.37104413290238025,2.220446049250313e-16,0.47107295757980233,0.1978232898623942,2.220446049250313e-16,2.220446049250313e-16,2.220446049250313e-16,0.5758111455470692,0.14328193648490736
63.0,2.220446049250313e-16,0.007523205675961474,2.220446049250313e-16,0.4336352729918469,2.220446049250313e-16,2.220446049250313e-16,2.220446049250313e-16,0.03770243812998788,2.220446049250313e-16,0.5006361890135659,0.24326486129276292,2.220446049250313e-16,0.31346337055386253,2.220446049250313e-16,0.394499460543767
64.0,2.220446049250313e-16,0.007523205675961474,2.220446049250313e-16,0.4336352729918469,2.220446049250313e-16,2.220446049250313e-16,2.220446049250313e-16,0.03770243812998788,2.220446049250313e-16,0.5006361890135659,0.24326486129276292,2.220446049250313e-16,0.31346337055386253,2.220446049250313e-16,0.394499460543767
65.0,0.30655374175100253,0.4114738822584203,2.220446049250313e-16,2.220446049250313e-16,0.11294372400719244,2.220446049250313e-16,0.38193910294903793,2.220446049250313e-16,0.470425091663847,0.1962072324774732,0.07993524315798808,2.220446049250313e-16,2.220446049250313e-16,0.26710745784002415,2.220446049250313e-16
66.0,2.220446049250313e-16,0.4085424774386374,1.0086847773023571e-16,0.4428964391477066,2.220446049250313e-16,0.3901659173093954,2.220446049250313e-16,2.220446049250313e-16,2.220446049250313e-16,0.26603312046119354,0.49857121065007515,2.220446049250313e-16,2.220446049250313e-16,2.220446049250313e-16,0.20641877367830466
67.0,2.220446049250313e-16,0.4085424774386374,1.0086847773023571e-16,0.4428964391477066,2.220446049250313e-16,0.3901659173093954,2.220446049250313e-16,2.220446049250313e-16,2.220446049250313e-16,0.26603312046119354,0.49857121065007515,2.220446049250313e-16,2.220446049250313e-16,2.220446049250313e-16,0.20641877367830466
68.0,2.220446049250313e-16,0.41274387065922175,2.220446049250313e-16,2.220446049250313e-16,2.220446049250313e-16,2.220446049250313e-16,0.007152113438472857,0.05037040721226982,0.00011607320619429875,0.16595618451012836,0.013636906249691598,2.220446049250313e-16,2.220446049250313e-16,0.352624070826103,0.6670817713815734
69.0,2.220446049250313e-16,0.41274387065922175,2.220446049250313e-16,2.220446049250313e-16,2.220446049250313e-16,2.220446049250313e-16,0.007152113438472857,0.05037040721226982,0.00011607320619429875,0.16595618451012836,0.013636906249691598,2.220446049250313e-16,2.220446049250313e-16,0.352624070826103,0.6670817713815734
70.0,0.0001940035188670333,2.220446049250313e-16,2.220446049250313e-16,0.4042014273289204,2.220446049250313e-16,2.220446049250313e-16,2.220446049250313e-16,0.5849528948366273,0.5119701507434802,2.220446049250313e-16,0.16207543363250984,2.220446049250313e-16,0.4501946545212015,2.220446049250313e-16,0.08027648961041887
71.0,0.5780082686682629,0.39117025178242715,0.0003695955977590319,2.220446049250313e-16,0.6067889665209196,2.220446049250313e-16,2.220446049250313e-16,2.220446049250313e-16,2.220446049250313e-16,2.220446049250313e-16,0.02142014002708434,2.220446049250313e-16,2.220446049250313e-16,0.0005923847366578642,2.220446049250313e-16
72.0,0.5780082686682629,0.39117025178242715,0.0003695955977590319,2.220446049250313e-16,0.6067889665209196,2.220446049250313e-16,2.220446049250313e-16,2.220446049250313e-16,2.220446049250313e-16,2.220446049250313e-16,0.02142014002708434,2.220446049250313e-16,2.220446049250313e-16,0.0005923847366578642,2.220446049250313e-16
73.0,0.5780082686682629,0.39117025178242715,0.0003695955977590319,2.220446049250313e-16,0.6067889665209196,2.220446049250313e-16,2.220446049250313e-16,2.220446049250313e-16,2.220446049250313e-16,2.220446049250313e-16,0.02142014002708434,2.220446049250313e-16,2.220446049250313e-16,0.0005923847366578642,2.220446049250313e-16
74.0,0.5780082686682629,0.39117025178242715,0.0003695955977590319,2.220446049250313e-16,0.6067889665209196,2.220446049250313e-16,2.220446049250313e-16,2.220446049250313e-16,2.220446049250313e-16,2.220446049250313e-16,0.02142014002708434,2.220446049250313e-16,2.220446049250313e-16,0.0005923847366578642,2.220446049250313e-16
75.0,0.5780082686682629,0.39117025178242715,0.0003695955977590319,2.220446049250313e-16,0.6067889665209196,2.220446049250313e-16,2.220446049250313e-16,2.220446049250313e-16,2.220446049250313e-16,2.220446049250313e-16,0.02142014002708434,2.220446049250313e-16,2.220446049250313e-16,0.0005923847366578642,2.220446049250313e-16
76.0,0.5780082686682629,0.39117025178242715,0.0003695955977590319,2.220446049250313e-16,0.6067889665209196,2.220446049250313e-16,2.220446049250313e-16,2.220446049250313e-16,2.220446049250313e-16,2.220446049250313e-16,0.02142014002708434,2.220446049250313e-16,2.220446049250313e-16,0.0005923847366578642,2.220446049250313e-16
77.0,2.220446049250313e-16,2.220446049250313e-16,2.220446049250313e-16,0.3924789607059092,0.06198558446093866,2.220446049250313e-16,2.220446049250313e-16,0.057407122776223576,2.220446049250313e-16,2.220446049250313e-16,0.915524398559858,0.3942246222479975,2.220446049250313e-16,2.220446049250313e-16,0.0581609317639787
78.0,2.220446049250313e-16,2.220446049250313e-16,2.220446049250313e-16,0.3924789607059092,0.06198558446093866,2.220446049250313e-16,2.220446049250313e-16,0.057407122776223576,2.220446049250313e-16,2.220446049250313e-16,0.915524398559858,0.3942246222479975,2.220446049250313e-16,2.220446049250313e-16,0.0581609317639787
79.0,2.220446049250313e-16,2.220446049250313e-16,2.220446049250313e-16,0.004999018601307439,2.220446049250313e-16,2.220446049250313e-16,0.005894078973746275,0.008879489153888396,0.00011262128783922216,2.220446049250313e-16,0.09122264432902655,0.3942246222479973,2.220446049250313e-16,0.040751617000814123,0.9296409781459888
80.0,2.220446049250313e-16,2.220446049250313e-16,2.220446049250313e-16,0.004999018601307439,2.220446049250313e-16,2.220446049250313e-16,0.005894078973746275,0.008879489153888396,0.00011262128783922216,2.220446049250313e-16,0.09122264432902655,0.3942246222479973,2.220446049250313e-16,0.040751617000814123,0.9296409781459888
81.0,2.220446049250313e-16,2.220446049250313e-16,2.220446049250313e-16,0.44411121555026295,2.220446049250313e-16,2.220446049250313e-16,2.220446049250313e-16,0.3512690616090745,0.0286722123683374,2.220446049250313e-16,0.07472247787878697,2.220446049250313e-16,0.5710570671443249,0.07970640513905443,0.40266536542247217
82.0,0.5666815747302454,2.220446049250313e-16,2.220446049250313e-16,1.6653345369377348e-16,2.220446049250313e-16,0.3901659173093949,0.3876329254387852,2.220446049250313e-16,0.5433343825257502,2.220446049250313e-16,2.220446049250313e-16,2.220446049250313e-16,0.13106153211371904,2.220446049250313e-16,2.220446049250313e-16
83.0,0.5666815747302454,2.220446049250313e-16,2.220446049250313e-16,1.6653345369377348e-16,2.220446049250313e-16,0.3901659173093949,0.3876329254387852,2.220446049250313e-16,0.5433343825257502,2.220446049250313e-16,2.220446049250313e-16,2.220446049250313e-16,0.13106153211371904,2.220446049250313e-16,2.220446049250313e-16
84.0,2.220446049250313e-16,2.220446049250313e-16,2.220446049250313e-16,2.220446049250313e-16,2.220446049250313e-16,2.220446049250313e-16,0.40546634787502916,2.220446049250313e-16,0.5106707232831647,2.220446049250313e-16,2.220446049250313e-16,2.220446049250313e-16,0.4667387071983519,0.6095268577952564,0.13049226137728764
85.0,2.220446049250313e-16,2.220446049250313e-16,2.220446049250313e-16,2.220446049250313e-16,2.220446049250313e-16,2.220446049250313e-16,0.40546634787502916,2.220446049250313e-16,0.5106707232831647,2.220446049250313e-16,2.220446049250313e-16,2.220446049250313e-16,0.4667387071983519,0.6095268577952564,0.13049226137728764
86.0,0.38969921322073686,2.220446049250313e-16,0.485130972383256,2.220446049250313e-16,0.027582598081623996,2.220446049250313e-16,2.220446049250313e-16,2.220446049250313e-16,0.031280242668800334,2.220446049250313e-16,2.220446049250313e-16,2.220446049250313e-16,0.54091656508652,0.43210109087014664,2.220446049250313e-16
87.0,0.0001940035188670333,2.220446049250313e-16,2.220446049250313e-16,0.4042014273289204,2.220446049250313e-16,2.220446049250313e-16,2.220446049250313e-16,0.5849528948366273,0.5119701507434802,2.220446049250313e-16,0.16207543363250984,2.220446049250313e-16,0.4501946545212015,2.220446049250313e-16,0.08027648961041887
88.0,0.5780082686682627,1.1102230246251565e-16,0.0003695955977569749,2.220446049250313e-16,0.6067889665209193,2.220446049250313e-16,2.220446049250313e-16,2.220446049250313e-16,2.220446049250313e-16,2.220446049250313e-16,0.02142014002708441,0.39422462224799726,2.220446049250313e-16,0.0005923847366579209,2.220446049250313e-16
89.0,0.5780082686682627,1.1102230246251565e-16,0.0003695955977569749,2.220446049250313e-16,0.6067889665209193,2.220446049250313e-16,2.220446049250313e-16,2.220446049250313e-16,2.220446049250313e-16,2.220446049250313e-16,0.02142014002708441,0.39422462224799726,2.220446049250313e-16,0.0005923847366579209,2.220446049250313e-16
90.0,0.5780082686682627,1.1102230246251565e-16,0.0003695955977569749,2.220446049250313e-16,0.6067889665209193,2.220446049250313e-16,2.220446049250313e-16,2.220446049250313e-16,2.220446049250313e-16,2.220446049250313e-16,0.02142014002708441,0.39422462224799726,2.220446049250313e-16,0.0005923847366579209,2.220446049250313e-16
91.0,0.5780082686682627,1.1102230246251565e-16,0.0003695955977569749,2.220446049250313e-16,0.6067889665209193,2.220446049250313e-16,2.220446049250313e-16,2.220446049250313e-16,2.220446049250313e-16,2.220446049250313e-16,0.02142014002708441,0.39422462224799726,2.220446049250313e-16,0.0005923847366579209,2.220446049250313e-16
92.0,0.5780082686682627,1.1102230246251565e-16,0.0003695955977569749,2.220446049250313e-16,0.6067889665209193,2.220446049250313e-16,2.220446049250313e-16,2.220446049250313e-16,2.220446049250313e-16,2.220446049250313e-16,0.02142014002708441,0.39422462224799726,2.220446049250313e-16,0.0005923847366579209,2.220446049250313e-16
93.0,0.5780082686682627,1.1102230246251565e-16,0.0003695955977569749,2.220446049250313e-16,0.6067889665209193,2.220446049250313e-16,2.220446049250313e-16,2.220446049250313e-16,2.220446049250313e-16,2.220446049250313e-16,0.02142014002708441,0.39422462224799726,2.220446049250313e-16,0.0005923847366579209,2.220446049250313e-16
94.0,0.0001940035188670333,2.220446049250313e-16,2.220446049250313e-16,0.4042014273289204,2.220446049250313e-16,2.220446049250313e-16,2.220446049250313e-16,0.5849528948366273,0.5119701507434802,2.220446049250313e-16,0.16207543363250984,2.220446049250313e-16,0.4501946545212015,2.220446049250313e-16,0.08027648961041887
95.0,0.5780082686682627,1.1102230246251565e-16,0.0003695955977569749,2.220446049250313e-16,0.6067889665209193,2.220446049250313e-16,2.220446049250313e-16,2.220446049250313e-16,2.220446049250313e-16,2.220446049250313e-16,0.02142014002708441,0.39422462224799726,2.220446049250313e-16,0.0005923847366579209,2.220446049250313e-16
96.0,0.5780082686682627,1.1102230246251565e-16,0.0003695955977569749,2.220446049250313e-16,0.6067889665209193,2.220446049250313e-16,2.220446049250313e-16,2.220446049250313e-16,2.220446049250313e-16,2.220446049250313e-16,0.02142014002708441,0.39422462224799726,2.220446049250313e-16,0.0005923847366579209,2.220446049250313e-16
97.0,0.5780082686682627,1.1102230246251565e-16,0.0003695955977569749,2.220446049250313e-16,0.6067889665209193,2.220446049250313e-16,2.220446049250313e-16,2.220446049250313e-16,2.220446049250313e-16,2.220446049250313e-16,0.02142014002708441,0.39422462224799726,2.220446049250313e-16,0.0005923847366579209,2.220446049250313e-16
98.0,0.5780082686682627,1.1102230246251565e-16,0.0003695955977569749,2.220446049250313e-16,0.6067889665209193,2.220446049250313e-16,2.220446049250313e-16,2.220446049250313e-16,2.220446049250313e-16,2.220446049250313e-16,0.02142014002708441,0.39422462224799726,2.220446049250313e-16,0.0005923847366579209,2.220446049250313e-16
99.0,0.5780082686682627,1.1102230246251565e-16,0.0003695955977569749,2.220446049250313e-16,0.6067889665209193,2.220446049250313e-16,2.220446049250313e-16,2.220446049250313e-16,2.220446049250313e-16,2.220446049250313e-16,0.02142014002708441,0.39422462224799726,2.220446049250313e-16,0.0005923847366579209,2.220446049250313e-16
100.0,0.5780082686682627,1.1102230246251565e-16,0.0003695955977569749,2.220446049250313e-16,0.6067889665209193,2.220446049250313e-16,2.220446049250313e-16,2.220446049250313e-16,2.220446049250313e-16,2.220446049250313e-16,0.02142014002708441,0.39422462224799726,2.220446049250313e-16,0.0005923847366579209,2.220446049250313e-16
101.0,2.220446049250313e-16,0.39117025178242687,2.220446049250313e-16,0.39247896070590926,0.06198558446093849,2.220446049250313e-16,2.220446049250313e-16,0.057407122776223445,2.220446049250313e-16,2.220446049250313e-16,0.9155243985598575,2.220446049250313e-16,2.220446049250313e-16,2.220446049250313e-16,0.058160931763979094
102.0,2.220446049250313e-16,0.39117025178242687,2.220446049250313e-16,0.39247896070590926,0.06198558446093849,2.220446049250313e-16,2.220446049250313e-16,0.057407122776223445,2.220446049250313e-16,2.220446049250313e-16,0.9155243985598575,2.220446049250313e-16,2.220446049250313e-16,2.220446049250313e-16,0.058160931763979094
103.0,2.220446049250313e-16,2.220446049250313e-16,2.220446049250313e-16,0.004999018601307439,2.220446049250313e-16,2.220446049250313e-16,0.005894078973746275,0.008879489153888396,0.00011262128783922216,2.220446049250313e-16,0.09122264432902655,0.3942246222479973,2.220446049250313e-16,0.040751617000814123,0.9296409781459888
104.0,2.220446049250313e-16,2.220446049250313e-16,2.220446049250313e-16,0.004999018601307439,2.220446049250313e-16,2.220446049250313e-16,0.005894078973746275,0.008879489153888396,0.00011262128783922216,2.220446049250313e-16,0.09122264432902655,0.3942246222479973,2.220446049250313e-16,0.040751617000814123,0.9296409781459888
105.0,2.220446049250313e-16,0.38988502824342575,2.220446049250313e-16,0.44065370718175895,0.08081999249671812,5.551115123125783e-17,2.220446049250313e-16,2.220446049250313e-16,2.220446049250313e-16,0.03061394805067391,0.7470736248519675,2.220446049250313e-16,2.220446049250313e-16,2.220446049250313e-16,0.24008705402748975
106.0,2.220446049250313e-16,0.38988502824342575,2.220446049250313e-16,0.44065370718175895,0.08081999249671812,5.551115123125783e-17,2.220446049250313e-16,2.220446049250313e-16,2.220446049250313e-16,0.03061394805067391,0.7470736248519675,2.220446049250313e-16,2.220446049250313e-16,2.220446049250313e-16,0.24008705402748975
107.0,2.220446049250313e-16,0.3911702517824269,2.220446049250313e-16,0.004999018601307427,2.220446049250313e-16,2.220446049250313e-16,0.005894078973746386,0.008879489153887758,0.0001126212878389427,2.220446049250313e-16,0.09122264432902635,2.220446049250313e-16,2.220446049250313e-16,0.04075161700081376,0.9296409781459886
108.0,2.220446049250313e-16,0.3911702517824269,2.220446049250313e-16,0.004999018601307427,2.220446049250313e-16,2.220446049250313e-16,0.005894078973746386,0.008879489153887758,0.0001126212878389427,2.220446049250313e-16,0.09122264432902635,2.220446049250313e-16,2.220446049250313e-16,0.04075161700081376,0.9296409781459886
109.0,2.220446049250313e-16,2.220446049250313e-16,2.220446049250313e-16,0.04437992915198861,2.220446049250313e-16,2.220446049250313e-16,2.220446049250313e-16,0.4758361909352482,0.5061721561410663,0.1551672462196906,2.220446049250313e-16,2.220446049250313e-16,0.506883298183164,0.124512171989296,0.16131423058131472
110.0,0.31521850277333446,1.6653345369377348e-16,2.220446049250313e-16,5.551115123125783e-17,2.220446049250313e-16,0.39016591730939465,0.3779045299619735,2.397328857385541e-17,0.540410421950292,2.220446049250313e-16,1.7894168540206424e-17,2.220446049250313e-16,0.16105935980415173,0.45637653603574685,2.220446049250313e-16
111.0,0.31521850277333446,1.6653345369377348e-16,2.220446049250313e-16,5.551115123125783e-17,2.220446049250313e-16,0.39016591730939465,0.3779045299619735,2.397328857385541e-17,0.540410421950292,2.220446049250313e-16,1.7894168540206424e-17,2.220446049250313e-16,0.16105935980415173,0.45637653603574685,2.220446049250313e-16
112.0,2.220446049250313e-16,2.220446049250313e-16,2.220446049250313e-16,2.220446049250313e-16,2.220446049250313e-16,2.220446049250313e-16,0.40546634787502916,2.220446049250313e-16,0.5106707232831647,2.220446049250313e-16,2.220446049250313e-16,2.220446049250313e-16,0.4667387071983519,0.6095268577952564,0.13049226137728764
113.0,2.220446049250313e-16,2.220446049250313e-16,2.220446049250313e-16,2.220446049250313e-16,2.220446049250313e-16,2.220446049250313e-16,0.40546634787502916,2.220446049250313e-16,0.5106707232831647,2.220446049250313e-16,2.220446049250313e-16,2.220446049250313e-16,0.4667387071983519,0.6095268577952564,0.13049226137728764
114.0,0.38969921322073686,2.220446049250313e-16,0.485130972383256,2.220446049250313e-16,0.027582598081623996,2.220446049250313e-16,2.220446049250313e-16,2.220446049250313e-16,0.031280242668800334,2.220446049250313e-16,2.220446049250313e-16,2.220446049250313e-16,0.54091656508652,0.43210109087014664,2.220446049250313e-16
115.0,0.000513050529230475,1.6653345369377348e-16,2.220446049250313e-16,0.3904681267565747,2.220446049250313e-16,1.1102230246251565e-16,2.220446049250313e-16,0.524250702662252,0.034844815499501684,2.220446049250313e-16,0.35499366913104236,2.220446049250313e-16,0.5106640951139566,2.220446049250313e-16,0.2791786266364383
116.0,0.5780082686682627,1.1102230246251565e-16,0.0003695955977569749,2.220446049250313e-16,0.6067889665209193,2.220446049250313e-16,2.220446049250313e-16,2.220446049250313e-16,2.220446049250313e-16,2.220446049250313e-16,0.02142014002708441,0.39422462224799726,2.220446049250313e-16,0.0005923847366579209,2.220446049250313e-16
117.0,0.5780082686682627,1.1102230246251565e-16,0.0003695955977569749,2.220446049250313e-16,0.6067889665209193,2.220446049250313e-16,2.220446049250313e-16,2.220446049250313e-16,2.220446049250313e-16,2.220446049250313e-16,0.02142014002708441,0.39422462224799726,2.220446049250313e-16,0.0005923847366579209,2.220446049250313e-16
118.0,0.5780082686682627,1.1102230246251565e-16,0.0003695955977569749,2.220446049250313e-16,0.6067889665209193,2.220446049250313e-16,2.220446049250313e-16,2.220446049250313e-16,2.220446049250313e-16,2.220446049250313e-16,0.02142014002708441,0.39422462224799726,2.220446049250313e-16,0.0005923847366579209,2.220446049250313e-16
119.0,0.5780082686682627,1.1102230246251565e-16,0.0003695955977569749,2.220446049250313e-16,0.6067889665209193,2.220446049250313e-16,2.220446049250313e-16,2.220446049250313e-16,2.220446049250313e-16,2.220446049250313e-16,0.02142014002708441,0.39422462224799726,2.220446049250313e-16,0.0005923847366579209,2.220446049250313e-16
120.0,0.5780082686682627,1.1102230246251565e-16,0.0003695955977569749,2.220446049250313e-16,0.6067889665209193,2.220446049250313e-16,2.220446049250313e-16,2.220446049250313e-16,2.220446049250313e-16,2.220446049250313e-16,0.02142014002708441,0.39422462224799726,2.220446049250313e-16,0.0005923847366579209,2.220446049250313e-16
121.0,0.5780082686682627,1.1102230246251565e-16,0.0003695955977569749,2.220446049250313e-16,0.6067889665209193,2.220446049250313e-16,2.220446049250313e-16,2.220446049250313e-16,2.220446049250313e-16,2.220446049250313e-16,0.02142014002708441,0.39422462224799726,2.220446049250313e-16,0.0005923847366579209,2.220446049250313e-16
122.0,0.000513050529230475,1.6653345369377348e-16,2.220446049250313e-16,0.3904681267565747,2.220446049250313e-16,1.1102230246251565e-16,2.220446049250313e-16,0.524250702662252,0.034844815499501684,2.220446049250313e-16,0.35499366913104236,2.220446049250313e-16,0.5106640951139566,2.220446049250313e-16,0.2791786266364383
123.0,0.5780082686682629,0.39117025178242715,0.0003695955977590319,2.220446049250313e-16,0.6067889665209196,2.220446049250313e-16,2.220446049250313e-16,2.220446049250313e-16,2.220446049250313e-16,2.220446049250313e-16,0.02142014002708434,2.220446049250313e-16,2.220446049250313e-16,0.0005923847366578642,2.220446049250313e-16
124.0,0.5780082686682629,0.39117025178242715,0.0003695955977590319,2.220446049250313e-16,0.6067889665209196,2.220446049250313e-16,2.220446049250313e-16,2.220446049250313e-16,2.220446049250313e-16,2.220446049250313e-16,0.02142014002708434,2.220446049250313e-16,2.220446049250313e-16,0.0005923847366578642,2.220446049250313e-16
125.0,0.5780082686682629,0.39117025178242715,0.0003695955977590319,2.220446049250313e-16,0.6067889665209196,2.220446049250313e-16,2.220446049250313e-16,2.220446049250313e-16,2.220446049250313e-16,2.220446049250313e-16,0.02142014002708434,2.220446049250313e-16,2.220446049250313e-16,0.0005923847366578642,2.220446049250313e-16
126.0,0.5780082686682629,0.39117025178242715,0.0003695955977590319,2.220446049250313e-16,0.6067889665209196,2.220446049250313e-16,2.220446049250313e-16,2.220446049250313e-16,2.220446049250313e-16,2.220446049250313e-16,0.02142014002708434,2.220446049250313e-16,2.220446049250313e-16,0.0005923847366578642,2.220446049250313e-16
127.0,0.5780082686682629,0.39117025178242715,0.0003695955977590319,2.220446049250313e-16,0.6067889665209196,2.220446049250313e-16,2.220446049250313e-16,2.220446049250313e-16,2.220446049250313e-16,2.220446049250313e-16,0.02142014002708434,2.220446049250313e-16,2.220446049250313e-16,0.0005923847366578642,2.220446049250313e-16
128.0,0.5780082686682629,0.39117025178242715,0.0003695955977590319,2.220446049250313e-16,0.6067889665209196,2.220446049250313e-16,2.220446049250313e-16,2.220446049250313e-16,2.220446049250313e-16,2.220446049250313e-16,0.02142014002708434,2.220446049250313e-16,2.220446049250313e-16,0.0005923847366578642,2.220446049250313e-16
129.0,2.220446049250313e-16,0.39117025178242687,2.220446049250313e-16,0.39247896070590926,0.06198558446093849,2.220446049250313e-16,2.220446049250313e-16,0.057407122776223445,2.220446049250313e-16,2.220446049250313e-16,0.9155243985598575,2.220446049250313e-16,2.220446049250313e-16,2.220446049250313e-16,0.058160931763979094
130.0,2.220446049250313e-16,0.39117025178242687,2.220446049250313e-16,0.39247896070590926,0.06198558446093849,2.220446049250313e-16,2.220446049250313e-16,0.057407122776223445,2.220446049250313e-16,2.220446049250313e-16,0.9155243985598575,2.220446049250313e-16,2.220446049250313e-16,2.220446049250313e-16,0.058160931763979094
131.0,2.220446049250313e-16,2.220446049250313e-16,2.220446049250313e-16,0.004999018601307439,2.220446049250313e-16,2.220446049250313e-16,0.005894078973746275,0.008879489153888396,0.00011262128783922216,2.220446049250313e-16,0.09122264432902655,0.3942246222479973,2.220446049250313e-16,0.040751617000814123,0.9296409781459888
132.0,2.220446049250313e-16,2.220446049250313e-16,2.220446049250313e-16,0.004999018601307439,2.220446049250313e-16,2.220446049250313e-16,0.005894078973746275,0.008879489153888396,0.00011262128783922216,2.220446049250313e-16,0.09122264432902655,0.3942246222479973,2.220446049250313e-16,0.040751617000814123,0.9296409781459888
133.0,2.220446049250313e-16,2.220446049250313e-16,2.220446049250313e-16,0.4579231984885712,2.220446049250313e-16,2.220446049250313e-16,2.220446049250313e-16,0.40361666915435357,0.5061990945282897,2.220446049250313e-16,2.220446049250313e-16,2.220446049250313e-16,0.5065821951377992,0.12816057391346045,0.1637410791927684
134.0,0.5666815747302454,2.220446049250313e-16,2.220446049250313e-16,1.6653345369377348e-16,2.220446049250313e-16,0.3901659173093949,0.3876329254387852,2.220446049250313e-16,0.5433343825257502,2.220446049250313e-16,2.220446049250313e-16,2.220446049250313e-16,0.13106153211371904,2.220446049250313e-16,2.220446049250313e-16
135.0,0.5666815747302454,2.220446049250313e-16,2.220446049250313e-16,1.6653345369377348e-16,2.220446049250313e-16,0.3901659173093949,0.3876329254387852,2.220446049250313e-16,0.5433343825257502,2.220446049250313e-16,2.220446049250313e-16,2.220446049250313e-16,0.13106153211371904,2.220446049250313e-16,2.220446049250313e-16
136.0,2.220446049250313e-16,2.220446049250313e-16,2.220446049250313e-16,2.220446049250313e-16,2.220446049250313e-16,2.220446049250313e-16,0.40546634787502916,2.220446049250313e-16,0.5106707232831647,2.220446049250313e-16,2.220446049250313e-16,2.220446049250313e-16,0.4667387071983519,0.6095268577952564,0.13049226137728764
137.0,2.220446049250313e-16,2.220446049250313e-16,2.220446049250313e-16,2.220446049250313e-16,2.220446049250313e-16,2.220446049250313e-16,0.40546634787502916,2.220446049250313e-16,0.5106707232831647,2.220446049250313e-16,2.220446049250313e-16,2.220446049250313e-16,0.4667387071983519,0.6095268577952564,0.13049226137728764
138.0,0.38969921322073686,2.220446049250313e-16,0.485130972383256,2.220446049250313e-16,0.027582598081623996,2.220446049250313e-16,2.220446049250313e-16,2.220446049250313e-16,0.031280242668800334,2.220446049250313e-16,2.220446049250313e-16,2.220446049250313e-16,0.54091656508652,0.43210109087014664,2.220446049250313e-16
139.0,2.220446049250313e-16,0.38988502824342575,2.220446049250313e-16,0.44065370718175895,0.08081999249671812,5.551115123125783e-17,2.220446049250313e-16,2.220446049250313e-16,2.220446049250313e-16,0.03061394805067391,0.7470736248519675,2.220446049250313e-16,2.220446049250313e-16,2.220446049250313e-16,0.24008705402748975
140.0,2.220446049250313e-16,0.38988502824342575,2.220446049250313e-16,0.44065370718175895,0.08081999249671812,5.551115123125783e-17,2.220446049250313e-16,2.220446049250313e-16,2.220446049250313e-16,0.03061394805067391,0.7470736248519675,2.220446049250313e-16,2.220446049250313e-16,2.220446049250313e-16,0.24008705402748975
141.0,2.220446049250313e-16,0.3911702517824269,2.220446049250313e-16,0.004999018601307427,2.220446049250313e-16,2.220446049250313e-16,0.005894078973746386,0.008879489153887758,0.0001126212878389427,2.220446049250313e-16,0.09122264432902635,2.220446049250313e-16,2.220446049250313e-16,0.04075161700081376,0.9296409781459886
142.0,2.220446049250313e-16,0.3911702517824269,2.220446049250313e-16,0.004999018601307427,2.220446049250313e-16,2.220446049250313e-16,0.005894078973746386,0.008879489153887758,0.0001126212878389427,2.220446049250313e-16,0.09122264432902635,2.220446049250313e-16,2.220446049250313e-16,0.04075161700081376,0.9296409781459886
143.0,0.00019404383938640272,0.019333668326387388,2.220446049250313e-16,0.4536028520304263,2.220446049250313e-16,2.220446049250313e-16,2.220446049250313e-16,0.3804737983532072,0.5119098526034047,0.2193116730343599,2.220446049250313e-16,2.220446049250313e-16,0.4502022965274627,2.220446049250313e-16,0.17910352336428662
144.0,0.5654132322732465,2.220446049250313e-16,2.220446049250313e-16,2.220446049250313e-16,2.220446049250313e-16,0.3901659173093949,0.38750241596301244,2.220446049250313e-16,0.4702332184491662,0.21783291667173812,2.220446049250313e-16,2.220446049250313e-16,2.220446049250313e-16,0.00612243433306855,2.220446049250313e-16
145.0,0.5654132322732465,2.220446049250313e-16,2.220446049250313e-16,2.220446049250313e-16,2.220446049250313e-16,0.3901659173093949,0.38750241596301244,2.220446049250313e-16,0.4702332184491662,0.21783291667173812,2.220446049250313e-16,2.220446049250313e-16,2.220446049250313e-16,0.00612243433306855,2.220446049250313e-16
146.0,2.220446049250313e-16,2.220446049250313e-16,2.220446049250313e-16,2.220446049250313e-16,2.220446049250313e-16,2.220446049250313e-16,0.40546634787502916,2.220446049250313e-16,0.5106707232831647,2.220446049250313e-16,2.220446049250313e-16,2.220446049250313e-16,0.4667387071983519,0.6095268577952564,0.13049226137728764
147.0,2.220446049250313e-16,2.220446049250313e-16,2.220446049250313e-16,2.220446049250313e-16,2.220446049250313e-16,2.220446049250313e-16,0.40546634787502916,2.220446049250313e-16,0.5106707232831647,2.220446049250313e-16,2.220446049250313e-16,2.220446049250313e-16,0.4667387071983519,0.6095268577952564,0.13049226137728764
148.0,0.38969921322073686,2.220446049250313e-16,0.485130972383256,2.220446049250313e-16,0.027582598081623996,2.220446049250313e-16,2.220446049250313e-16,2.220446049250313e-16,0.031280242668800334,2.220446049250313e-16,2.220446049250313e-16,2.220446049250313e-16,0.54091656508652,0.43210109087014664,2.220446049250313e-16
149.0,2.220446049250313e-16,2.220446049250313e-16,2.220446049250313e-16,2.220446049250313e-16,2.220446049250313e-16,2.220446049250313e-16,2.220446049250313e-16,0.1796633410370369,0.4709147330264496,0.171245962299137,0.5450971477403226,0.39422462224799737,2.220446049250313e-16,2.220446049250313e-16,0.03885368756762166
150.0,2.220446049250313e-16,2.220446049250313e-16,2.220446049250313e-16,2.220446049250313e-16,2.220446049250313e-16,2.220446049250313e-16,2.220446049250313e-16,0.1796633410370369,0.4709147330264496,0.171245962299137,0.5450971477403226,0.39422462224799737,2.220446049250313e-16,2.220446049250313e-16,0.03885368756762166
151.0,2.220446049250313e-16,2.220446049250313e-16,2.220446049250313e-16,0.004999018601307439,2.220446049250313e-16,2.220446049250313e-16,0.005894078973746275,0.008879489153888396,0.00011262128783922216,2.220446049250313e-16,0.09122264432902655,0.3942246222479973,2.220446049250313e-16,0.040751617000814123,0.9296409781459888
152.0,2.220446049250313e-16,2.220446049250313e-16,2.220446049250313e-16,0.004999018601307439,2.220446049250313e-16,2.220446049250313e-16,0.005894078973746275,0.008879489153888396,0.00011262128783922216,2.220446049250313e-16,0.09122264432902655,0.3942246222479973,2.220446049250313e-16,0.040751617000814123,0.9296409781459888
153.0,2.220446049250313e-16,2.220446049250313e-16,2.220446049250313e-16,2.220446049250313e-16,0.07507520541453407,2.220446049250313e-16,5.551115123125783e-17,0.15435250439073195,0.24048309500393994,0.16095087211650497,0.7984537280621463,0.39422462224799737,2.220446049250313e-16,2.220446049250313e-16,2.220446049250313e-16
154.0,2.220446049250313e-16,2.220446049250313e-16,2.220446049250313e-16,2.220446049250313e-16,0.07507520541453407,2.220446049250313e-16,5.551115123125783e-17,0.15435250439073195,0.24048309500393994,0.16095087211650497,0.7984537280621463,0.39422462224799737,2.220446049250313e-16,2.220446049250313e-16,2.220446049250313e-16
155.0,2.220446049250313e-16,2.220446049250313e-16,2.220446049250313e-16,0.004999018601307439,2.220446049250313e-16,2.220446049250313e-16,0.005894078973746275,0.008879489153888396,0.00011262128783922216,2.220446049250313e-16,0.09122264432902655,0.3942246222479973,2.220446049250313e-16,0.040751617000814123,0.9296409781459888
156.0,2.220446049250313e-16,2.220446049250313e-16,2.220446049250313e-16,0.004999018601307439,2.220446049250313e-16,2.220446049250313e-16,0.005894078973746275,0.008879489153888396,0.00011262128783922216,2.220446049250313e-16,0.09122264432902655,0.3942246222479973,2.220446049250313e-16,0.040751617000814123,0.9296409781459888
157.0,2.220446049250313e-16,2.220446049250313e-16,2.220446049250313e-16,0.4579231984885712,2.220446049250313e-16,2.220446049250313e-16,2.220446049250313e-16,0.40361666915435357,0.5061990945282897,2.220446049250313e-16,2.220446049250313e-16,2.220446049250313e-16,0.5065821951377992,0.12816057391346045,0.1637410791927684
158.0,0.5666815747302454,2.220446049250313e-16,2.220446049250313e-16,1.6653345369377348e-16,2.220446049250313e-16,0.3901659173093949,0.3876329254387852,2.220446049250313e-16,0.5433343825257502,2.220446049250313e-16,2.220446049250313e-16,2.220446049250313e-16,0.13106153211371904,2.220446049250313e-16,2.220446049250313e-16
159.0,0.5666815747302454,2.220446049250313e-16,2.220446049250313e-16,1.6653345369377348e-16,2.220446049250313e-16,0.3901659173093949,0.3876329254387852,2.220446049250313e-16,0.5433343825257502,2.220446049250313e-16,2.220446049250313e-16,2.220446049250313e-16,0.13106153211371904,2.220446049250313e-16,2.220446049250313e-16
160.0,2.220446049250313e-16,2.220446049250313e-16,2.220446049250313e-16,2.220446049250313e-16,2.220446049250313e-16,2.220446049250313e-16,0.40546634787502916,2.220446049250313e-16,0.5106707232831647,2.220446049250313e-16,2.220446049250313e-16,2.220446049250313e-16,0.4667387071983519,0.6095268577952564,0.13049226137728764
161.0,2.220446049250313e-16,2.220446049250313e-16,2.220446049250313e-16,2.220446049250313e-16,2.220446049250313e-16,2.220446049250313e-16,0.40546634787502916,2.220446049250313e-16,0.5106707232831647,2.220446049250313e-16,2.220446049250313e-16,2.220446049250313e-16,0.4667387071983519,0.6095268577952564,0.13049226137728764
162.0,0.38969921322073686,2.220446049250313e-16,0.485130972383256,2.220446049250313e-16,0.027582598081623996,2.220446049250313e-16,2.220446049250313e-16,2.220446049250313e-16,0.031280242668800334,2.220446049250313e-16,2.220446049250313e-16,2.220446049250313e-16,0.54091656508652,0.43210109087014664,2.220446049250313e-16
163.0,0.0001940035188670333,2.220446049250313e-16,2.220446049250313e-16,0.4042014273289204,2.220446049250313e-16,2.220446049250313e-16,2.220446049250313e-16,0.5849528948366273,0.5119701507434802,2.220446049250313e-16,0.16207543363250984,2.220446049250313e-16,0.4501946545212015,2.220446049250313e-16,0.08027648961041887
164.0,0.5780082686682627,1.1102230246251565e-16,0.0003695955977569749,2.220446049250313e-16,0.6067889665209193,2.220446049250313e-16,2.220446049250313e-16,2.220446049250313e-16,2.220446049250313e-16,2.220446049250313e-16,0.02142014002708441,0.39422462224799726,2.220446049250313e-16,0.0005923847366579209,2.220446049250313e-16
165.0,0.5780082686682627,1.1102230246251565e-16,0.0003695955977569749,2.220446049250313e-16,0.6067889665209193,2.220446049250313e-16,2.220446049250313e-16,2.220446049250313e-16,2.220446049250313e-16,2.220446049250313e-16,0.02142014002708441,0.39422462224799726,2.220446049250313e-16,0.0005923847366579209,2.220446049250313e-16
166.0,0.5780082686682627,1.1102230246251565e-16,0.0003695955977569749,2.220446049250313e-16,0.6067889665209193,2.220446049250313e-16,2.220446049250313e-16,2.220446049250313e-16,2.220446049250313e-16,2.220446049250313e-16,0.02142014002708441,0.39422462224799726,2.220446049250313e-16,0.0005923847366579209,2.220446049250313e-16
167.0,0.5780082686682627,1.1102230246251565e-16,0.0003695955977569749,2.220446049250313e-16,0.6067889665209193,2.220446049250313e-16,2.220446049250313e-16,2.220446049250313e-16,2.220446049250313e-16,2.220446049250313e-16,0.02142014002708441,0.39422462224799726,2.220446049250313e-16,0.0005923847366579209,2.220446049250313e-16
168.0,0.5780082686682627,1.1102230246251565e-16,0.0003695955977569749,2.220446049250313e-16,0.6067889665209193,2.220446049250313e-16,2.220446049250313e-16,2.220446049250313e-16,2.220446049250313e-16,2.220446049250313e-16,0.02142014002708441,0.39422462224799726,2.220446049250313e-16,0.0005923847366579209,2.220446049250313e-16
169.0,0.5780082686682627,1.1102230246251565e-16,0.0003695955977569749,2.220446049250313e-16,0.6067889665209193,2.220446049250313e-16,2.220446049250313e-16,2.220446049250313e-16,2.220446049250313e-16,2.220446049250313e-16,0.02142014002708441,0.39422462224799726,2.220446049250313e-16,0.0005923847366579209,2.220446049250313e-16
170.0,2.220446049250313e-16,2.220446049250313e-16,2.220446049250313e-16,0.3924789607059092,0.06198558446093866,2.220446049250313e-16,2.220446049250313e-16,0.057407122776223576,2.220446049250313e-16,2.220446049250313e-16,0.915524398559858,0.3942246222479975,2.220446049250313e-16,2.220446049250313e-16,0.0581609317639787
171.0,2.220446049250313e-16,2.220446049250313e-16,2.220446049250313e-16,0.3924789607059092,0.06198558446093866,2.220446049250313e-16,2.220446049250313e-16,0.057407122776223576,2.220446049250313e-16,2.220446049250313e-16,0.915524398559858,0.3942246222479975,2.220446049250313e-16,2.220446049250313e-16,0.0581609317639787
172.0,2.220446049250313e-16,2.220446049250313e-16,2.220446049250313e-16,0.004999018601307439,2.220446049250313e-16,2.220446049250313e-16,0.005894078973746275,0.008879489153888396,0.00011262128783922216,2.220446049250313e-16,0.09122264432902655,0.3942246222479973,2.220446049250313e-16,0.040751617000814123,0.9296409781459888
173.0,2.220446049250313e-16,2.220446049250313e-16,2.220446049250313e-16,0.004999018601307439,2.220446049250313e-16,2.220446049250313e-16,0.005894078973746275,0.008879489153888396,0.00011262128783922216,2.220446049250313e-16,0.09122264432902655,0.3942246222479973,2.220446049250313e-16,0.040751617000814123,0.9296409781459888
174.0,0.0005129803302027342,2.220446049250313e-16,2.220446049250313e-16,2.220446049250313e-16,2.220446049250313e-16,2.220446049250313e-16,2.220446049250313e-16,0.4151280324203801,0.03494979606210211,0.08972909992500507,0.5933390131272149,2.220446049250313e-16,0.5106507901908585,2.220446049250313e-16,0.10711830121574577
175.0,0.1492807806827772,2.220446049250313e-16,2.220446049250313e-16,2.220446049250313e-16,2.220446049250313e-16,0.39016591730939504,0.37459505669700527,2.220446049250313e-16,0.47114302618365994,0.20279661180130468,2.220446049250313e-16,2.220446049250313e-16,2.220446049250313e-16,0.6005195141146763,0.007865232931407284
176.0,0.1492807806827772,2.220446049250313e-16,2.220446049250313e-16,2.220446049250313e-16,2.220446049250313e-16,0.39016591730939504,0.37459505669700527,2.220446049250313e-16,0.47114302618365994,0.20279661180130468,2.220446049250313e-16,2.220446049250313e-16,2.220446049250313e-16,0.6005195141146763,0.007865232931407284
177.0,0.5958451957876004,0.3911702517824269,0.0006240563705072576,2.220446049250313e-16,0.442362498097518,2.220446049250313e-16,2.220446049250313e-16,2.220446049250313e-16,2.220446049250313e-16,2.220446049250313e-16,2.220446049250313e-16,2.220446049250313e-16,2.220446049250313e-16,2.220446049250313e-16,0.13129743583944697
178.0,0.1492807806827772,2.220446049250313e-16,2.220446049250313e-16,2.220446049250313e-16,2.220446049250313e-16,0.39016591730939504,0.37459505669700527,2.220446049250313e-16,0.47114302618365994,0.20279661180130468,2.220446049250313e-16,2.220446049250313e-16,2.220446049250313e-16,0.6005195141146763,0.007865232931407284
179.0,0.1492807806827772,2.220446049250313e-16,2.220446049250313e-16,2.220446049250313e-16,2.220446049250313e-16,0.39016591730939504,0.37459505669700527,2.220446049250313e-16,0.47114302618365994,0.20279661180130468,2.220446049250313e-16,2.220446049250313e-16,2.220446049250313e-16,0.6005195141146763,0.007865232931407284
180.0,0.5958451957876004,0.3911702517824269,0.0006240563705072576,2.220446049250313e-16,0.442362498097518,2.220446049250313e-16,2.220446049250313e-16,2.220446049250313e-16,2.220446049250313e-16,2.220446049250313e-16,2.220446049250313e-16,2.220446049250313e-16,2.220446049250313e-16,2.220446049250313e-16,0.13129743583944697
181.0,2.220446049250313e-16,0.39117025178242687,2.220446049250313e-16,0.39247896070590926,0.06198558446093849,2.220446049250313e-16,2.220446049250313e-16,0.057407122776223445,2.220446049250313e-16,2.220446049250313e-16,0.9155243985598575,2.220446049250313e-16,2.220446049250313e-16,2.220446049250313e-16,0.058160931763979094
182.0,2.220446049250313e-16,0.39117025178242687,2.220446049250313e-16,0.39247896070590926,0.06198558446093849,2.220446049250313e-16,2.220446049250313e-16,0.057407122776223445,2.220446049250313e-16,2.220446049250313e-16,0.9155243985598575,2.220446049250313e-16,2.220446049250313e-16,2.220446049250313e-16,0.058160931763979094
183.0,2.220446049250313e-16,2.220446049250313e-16,2.220446049250313e-16,0.004999018601307439,2.220446049250313e-16,2.220446049250313e-16,0.005894078973746275,0.008879489153888396,0.00011262128783922216,2.220446049250313e-16,0.09122264432902655,0.3942246222479973,2.220446049250313e-16,0.040751617000814123,0.9296409781459888
184.0,2.220446049250313e-16,2.220446049250313e-16,2.220446049250313e-16,0.004999018601307439,2.220446049250313e-16,2.220446049250313e-16,0.005894078973746275,0.008879489153888396,0.00011262128783922216,2.220446049250313e-16,0.09122264432902655,0.3942246222479973,2.220446049250313e-16,0.040751617000814123,0.9296409781459888
185.0,2.220446049250313e-16,0.3911702517824268,9.893977323898482e-17,0.3927845079281027,2.220446049250313e-16,0.3901659173093953,2.220446049250313e-16,0.06644244488414704,2.220446049250313e-16,2.220446049250313e-16,0.8058812979545596,2.220446049250313e-16,2.220446049250313e-16,2.220446049250313e-16,0.0880715883805639
186.0,2.220446049250313e-16,0.3911702517824268,9.893977323898482e-17,0.3927845079281027,2.220446049250313e-16,0.3901659173093953,2.220446049250313e-16,0.06644244488414704,2.220446049250313e-16,2.220446049250313e-16,0.8058812979545596,2.220446049250313e-16,2.220446049250313e-16,2.220446049250313e-16,0.0880715883805639
187.0,2.220446049250313e-16,0.41274387065922175,2.220446049250313e-16,2.220446049250313e-16,2.220446049250313e-16,2.220446049250313e-16,0.007152113438472857,0.05037040721226982,0.00011607320619429875,0.16595618451012836,0.013636906249691598,2.220446049250313e-16,2.220446049250313e-16,0.352624070826103,0.6670817713815734
188.0,2.220446049250313e-16,0.41274387065922175,2.220446049250313e-16,2.220446049250313e-16,2.220446049250313e-16,2.220446049250313e-16,0.007152113438472857,0.05037040721226982,0.00011607320619429875,0.16595618451012836,0.013636906249691598,2.220446049250313e-16,2.220446049250313e-16,0.352624070826103,0.6670817713815734
189.0,2.220446049250313e-16,2.220446049250313e-16,2.220446049250313e-16,0.4579231984885712,2.220446049250313e-16,2.220446049250313e-16,2.220446049250313e-16,0.40361666915435357,0.5061990945282897,2.220446049250313e-16,2.220446049250313e-16,2.220446049250313e-16,0.5065821951377992,0.12816057391346045,0.1637410791927684
190.0,0.5666815747302454,2.220446049250313e-16,2.220446049250313e-16,1.6653345369377348e-16,2.220446049250313e-16,0.3901659173093949,0.3876329254387852,2.220446049250313e-16,0.5433343825257502,2.220446049250313e-16,2.220446049250313e-16,2.220446049250313e-16,0.13106153211371904,2.220446049250313e-16,2.220446049250313e-16
191.0,0.5666815747302454,2.220446049250313e-16,2.220446049250313e-16,1.6653345369377348e-16,2.220446049250313e-16,0.3901659173093949,0.3876329254387852,2.220446049250313e-16,0.5433343825257502,2.220446049250313e-16,2.220446049250313e-16,2.220446049250313e-16,0.13106153211371904,2.220446049250313e-16,2.220446049250313e-16
192.0,2.220446049250313e-16,2.220446049250313e-16,2.220446049250313e-16,2.220446049250313e-16,2.220446049250313e-16,2.220446049250313e-16,0.40546634787502916,2.220446049250313e-16,0.5106707232831647,2.220446049250313e-16,2.220446049250313e-16,2.220446049250313e-16,0.4667387071983519,0.6095268577952564,0.13049226137728764
193.0,2.220446049250313e-16,2.220446049250313e-16,2.220446049250313e-16,2.220446049250313e-16,2.220446049250313e-16,2.220446049250313e-16,0.40546634787502916,2.220446049250313e-16,0.5106707232831647,2.220446049250313e-16,2.220446049250313e-16,2.220446049250313e-16,0.4667387071983519,0.6095268577952564,0.13049226137728764
194.0,0.38969921322073686,2.220446049250313e-16,0.485130972383256,2.220446049250313e-16,0.027582598081623996,2.220446049250313e-16,2.220446049250313e-16,2.220446049250313e-16,0.031280242668800334,2.220446049250313e-16,2.220446049250313e-16,2.220446049250313e-16,0.54091656508652,0.43210109087014664,2.220446049250313e-16
195.0,0.0005130505292304749,1.6653345369377348e-16,2.220446049250313e-16,0.3904681267565748,2.220446049250313e-16,1.1102230246251565e-16,2.220446049250313e-16,0.5242507026622519,0.03484481549950163,2.220446049250313e-16,0.3549936691310423,2.220446049250313e-16,0.5106640951139565,2.220446049250313e-16,0.27917862663643833
196.0,0.5780082686682629,0.39117025178242715,0.0003695955977590319,2.220446049250313e-16,0.6067889665209196,2.220446049250313e-16,2.220446049250313e-16,2.220446049250313e-16,2.220446049250313e-16,2.220446049250313e-16,0.02142014002708434,2.220446049250313e-16,2.220446049250313e-16,0.0005923847366578642,2.220446049250313e-16
197.0,0.5780082686682629,0.39117025178242715,0.0003695955977590319,2.220446049250313e-16,0.6067889665209196,2.220446049250313e-16,2.220446049250313e-16,2.220446049250313e-16,2.220446049250313e-16,2.220446049250313e-16,0.02142014002708434,2.220446049250313e-16,2.220446049250313e-16,0.0005923847366578642,2.220446049250313e-16
198.0,0.5780082686682629,0.39117025178242715,0.0003695955977590319,2.220446049250313e-16,0.6067889665209196,2.220446049250313e-16,2.220446049250313e-16,2.220446049250313e-16,2.220446049250313e-16,2.220446049250313e-16,0.02142014002708434,2.220446049250313e-16,2.220446049250313e-16,0.0005923847366578642,2.220446049250313e-16
199.0,0.5780082686682629,0.39117025178242715,0.0003695955977590319,2.220446049250313e-16,0.6067889665209196,2.220446049250313e-16,2.220446049250313e-16,2.220446049250313e-16,2.220446049250313e-16,2.220446049250313e-16,0.02142014002708434,2.220446049250313e-16,2.220446049250313e-16,0.0005923847366578642,2.220446049250313e-16
200.0,0.5780082686682629,0.39117025178242715,0.0003695955977590319,2.220446049250313e-16,0.6067889665209196,2.220446049250313e-16,2.220446049250313e-16,2.220446049250313e-16,2.220446049250313e-16,2.220446049250313e-16,0.02142014002708434,2.220446049250313e-16,2.220446049250313e-16,0.0005923847366578642,2.220446049250313e-16
201.0,0.5780082686682629,0.39117025178242715,0.0003695955977590319,2.220446049250313e-16,0.6067889665209196,2.220446049250313e-16,2.220446049250313e-16,2.220446049250313e-16,2.220446049250313e-16,2.220446049250313e-16,0.02142014002708434,2.220446049250313e-16,2.220446049250313e-16,0.0005923847366578642,2.220446049250313e-16
202.0,2.220446049250313e-16,2.220446049250313e-16,2.220446049250313e-16,0.04437992915198861,2.220446049250313e-16,2.220446049250313e-16,2.220446049250313e-16,0.4758361909352482,0.5061721561410663,0.1551672462196906,2.220446049250313e-16,2.220446049250313e-16,0.506883298183164,0.124512171989296,0.16131423058131472
203.0,0.31521850277333446,1.6653345369377348e-16,2.220446049250313e-16,5.551115123125783e-17,2.220446049250313e-16,0.39016591730939465,0.3779045299619735,2.397328857385541e-17,0.540410421950292,2.220446049250313e-16,1.7894168540206424e-17,2.220446049250313e-16,0.16105935980415173,0.45637653603574685,2.220446049250313e-16
204.0,0.31521850277333446,1.6653345369377348e-16,2.220446049250313e-16,5.551115123125783e-17,2.220446049250313e-16,0.39016591730939465,0.3779045299619735,2.397328857385541e-17,0.540410421950292,2.220446049250313e-16,1.7894168540206424e-17,2.220446049250313e-16,0.16105935980415173,0.45637653603574685,2.220446049250313e-16
205.0,2.220446049250313e-16,2.220446049250313e-16,2.220446049250313e-16,2.220446049250313e-16,2.220446049250313e-16,2.220446049250313e-16,0.40546634787502916,2.220446049250313e-16,0.5106707232831647,2.220446049250313e-16,2.220446049250313e-16,2.220446049250313e-16,0.4667387071983519,0.6095268577952564,0.13049226137728764
206.0,2.220446049250313e-16,2.220446049250313e-16,2.220446049250313e-16,2.220446049250313e-16,2.220446049250313e-16,2.220446049250313e-16,0.40546634787502916,2.220446049250313e-16,0.5106707232831647,2.220446049250313e-16,2.220446049250313e-16,2.220446049250313e-16,0.4667387071983519,0.6095268577952564,0.13049226137728764
207.0,0.38969921322073686,2.220446049250313e-16,0.485130972383256,2.220446049250313e-16,0.027582598081623996,2.220446049250313e-16,2.220446049250313e-16,2.220446049250313e-16,0.031280242668800334,2.220446049250313e-16,2.220446049250313e-16,2.220446049250313e-16,0.54091656508652,0.43210109087014664,2.220446049250313e-16
208.0,2.220446049250313e-16,2.220446049250313e-16,2.220446049250313e-16,0.4579231984885712,2.220446049250313e-16,2.220446049250313e-16,2.220446049250313e-16,0.40361666915435357,0.5061990945282897,2.220446049250313e-16,2.220446049250313e-16,2.220446049250313e-16,0.5065821951377992,0.12816057391346045,0.1637410791927684
209.0,0.5666815747302454,2.220446049250313e-16,2.220446049250313e-16,1.6653345369377348e-16,2.220446049250313e-16,0.3901659173093949,0.3876329254387852,2.220446049250313e-16,0.5433343825257502,2.220446049250313e-16,2.220446049250313e-16,2.220446049250313e-16,0.13106153211371904,2.220446049250313e-16,2.220446049250313e-16
210.0,0.5666815747302454,2.220446049250313e-16,2.220446049250313e-16,1.6653345369377348e-16,2.220446049250313e-16,0.3901659173093949,0.3876329254387852,2.220446049250313e-16,0.5433343825257502,2.220446049250313e-16,2.220446049250313e-16,2.220446049250313e-16,0.13106153211371904,2.220446049250313e-16,2.220446049250313e-16
211.0,2.220446049250313e-16,2.220446049250313e-16,2.220446049250313e-16,2.220446049250313e-16,2.220446049250313e-16,2.220446049250313e-16,0.40546634787502916,2.220446049250313e-16,0.5106707232831647,2.220446049250313e-16,2.220446049250313e-16,2.220446049250313e-16,0.4667387071983519,0.6095268577952564,0.13049226137728764
212.0,2.220446049250313e-16,2.220446049250313e-16,2.220446049250313e-16,2.220446049250313e-16,2.220446049250313e-16,2.220446049250313e-16,0.40546634787502916,2.220446049250313e-16,0.5106707232831647,2.220446049250313e-16,2.220446049250313e-16,2.220446049250313e-16,0.4667387071983519,0.6095268577952564,0.13049226137728764
213.0,0.38969921322073686,2.220446049250313e-16,0.485130972383256,2.220446049250313e-16,0.027582598081623996,2.220446049250313e-16,2.220446049250313e-16,2.220446049250313e-16,0.031280242668800334,2.220446049250313e-16,2.220446049250313e-16,2.220446049250313e-16,0.54091656508652,0.43210109087014664,2.220446049250313e-16
214.0,2.220446049250313e-16,2.220446049250313e-16,2.220446049250313e-16,0.3924789607059092,0.06198558446093866,2.220446049250313e-16,2.220446049250313e-16,0.057407122776223576,2.220446049250313e-16,2.220446049250313e-16,0.915524398559858,0.3942246222479975,2.220446049250313e-16,2.220446049250313e-16,0.0581609317639787
215.0,2.220446049250313e-16,2.220446049250313e-16,2.220446049250313e-16,0.3924789607059092,0.06198558446093866,2.220446049250313e-16,2.220446049250313e-16,0.057407122776223576,2.220446049250313e-16,2.220446049250313e-16,0.915524398559858,0.3942246222479975,2.220446049250313e-16,2.220446049250313e-16,0.0581609317639787
216.0,2.220446049250313e-16,2.220446049250313e-16,2.220446049250313e-16,0.004999018601307439,2.220446049250313e-16,2.220446049250313e-16,0.005894078973746275,0.008879489153888396,0.00011262128783922216,2.220446049250313e-16,0.09122264432902655,0.3942246222479973,2.220446049250313e-16,0.040751617000814123,0.9296409781459888
217.0,2.220446049250313e-16,2.220446049250313e-16,2.220446049250313e-16,0.004999018601307439,2.220446049250313e-16,2.220446049250313e-16,0.005894078973746275,0.008879489153888396,0.00011262128783922216,2.220446049250313e-16,0.09122264432902655,0.3942246222479973,2.220446049250313e-16,0.040751617000814123,0.9296409781459888
218.0,2.220446049250313e-16,2.220446049250313e-16,2.220446049250313e-16,2.220446049250313e-16,0.07507520541453407,2.220446049250313e-16,5.551115123125783e-17,0.15435250439073195,0.24048309500393994,0.16095087211650497,0.7984537280621463,0.39422462224799737,2.220446049250313e-16,2.220446049250313e-16,2.220446049250313e-16
219.0,2.220446049250313e-16,2.220446049250313e-16,2.220446049250313e-16,2.220446049250313e-16,0.07507520541453407,2.220446049250313e-16,5.551115123125783e-17,0.15435250439073195,0.24048309500393994,0.16095087211650497,0.7984537280621463,0.39422462224799737,2.220446049250313e-16,2.220446049250313e-16,2.220446049250313e-16
220.0,2.220446049250313e-16,2.220446049250313e-16,2.220446049250313e-16,0.00499901860130748,2.220446049250313e-16,2.220446049250313e-16,0.005894078973746275,0.008879489153888285,0.00011262128783919408,2.220446049250313e-16,0.09122264432902649,0.3942246222479975,2.220446049250313e-16,0.040751617000814214,0.929640978145989
221.0,2.220446049250313e-16,2.220446049250313e-16,2.220446049250313e-16,0.00499901860130748,2.220446049250313e-16,2.220446049250313e-16,0.005894078973746275,0.008879489153888285,0.00011262128783919408,2.220446049250313e-16,0.09122264432902649,0.3942246222479975,2.220446049250313e-16,0.040751617000814214,0.929640978145989
