6 0.37927422382204107 0.31757465290157405 0.04481608183297311 0.19208816270101764 0.2557419918072039 0.13352394919261845 0.044816081697887276 0.04481608162681981 0.21228061308826274 0.5156410322477679 0.016773088584914338 0.04481608163134806 0.40954105350561315 0.416880838806204 0.19853603048157492 0.47514002489746554 0.43388976944649493 0.051018420449543724 0.6903766499992641 0.1985360303318857
218 0.0881138143313811 0.09679736965661714 0.07603094552177936 0.39113744829659586 0.33127104849449984 0.27395967533162624 0.07603094552177936 0.07603094517253339 0.09128878143790842 0.14487598351339198 0.5047097212906522 0.07603094528894871 0.09271580419589287 0.28753746893739496 0.7771393118600827 0.07846079550389068 0.10396226533358355 0.07352056210778973 0.1279505272602248 0.7771393123039161
27 0.5057830759140862 0.3359026932092714 0.03305932085774727 0.08711754087779831 0.17723548132339303 -0.00815423776208128 0.03305932077431387 0.03305932084551116 0.34510562034883 0.41905339396640456 -0.0052992898674900394 0.03305932063223132 0.49720405344624985 0.31703094042038893 0.0758832640106276 0.6309428314623943 0.44402796649307286 0.026286270649033164 0.5801793907544831 0.07588326354937769
38 0.607396307148583 0.11925262990439152 0.024917098995066864 0.08301788085168467 0.17176136531196515 0.04941219291511126 0.0249170988942873 0.02491709893771907 0.5173069983804013 0.4993995042932216 0.021921914186840273 0.024917098752048554 0.5703590972857346 0.36697833299643823 0.13857012303456692 0.4993593806610479 0.4636499958521381 0.044894106433570696 0.2942740270885996 0.13857012268631266
162 0.28846836128262965 0.3889803911541148 0.16829963640170714 0.30115333583518095 0.9367756358228861 0.28269794717767066 0.16829963616773508 0.1682996360029851 0.15475161602694684 0.043108107004781175 0.08440759318752242 0.16829963595734335 0.17934001783392284 0.1985686972782896 0.08673655906061122 0.10997268859496528 0.3269236877298466 0.4967550079384462 0.16360482796487066 0.08673655943546363
91 0.06050430293596103 0.3132188746984174 0.5857146686138526 0.16993608743503755 0.16125387253520013 0.27049266506085634 0.5857146680161205 0.5857146681179121 0.14132367650253028 0.09399491790877919 0.09168312112949199 0.5857146684280263 0.0631662692553362 0.06751754644278196 0.07603094509818525 -0.015261665406726568 0.12979005978572547 0.5684376935885255 0.02039833526639478 0.07603094520796835
87 0.465424053239985 0.15005784635868144 0.012591992489639365 0.006899404540050351 0.46112615915906346 -0.11558002650173627 0.01259199263636796 0.012591992621288028 0.12288328714500295 0.04744632435365123 -0.042752257099452955 0.012591992200215557 0.17507419440693664 1.0195004553829548 0.1406674826971384 0.3358283955753172 0.2996323586343582 -0.007664529823176761 0.3258619929941129 0.14066748221735229
215 0.02935934600734381 0.11569362917731464 0.11026369368731678 0.43096389335081126 0.29263638517151974 0.38394515019797887 0.11026369343207129 0.11026369307830347 0.12228573232946258 0.2302443845790242 0.37312348453923166 0.11026369336204966 0.08027472597898302 0.3799140675929535 0.7376810343778425 0.0741267241167565 0.11042436680452847 0.07185449609644107 0.16766876684779025 0.7376810347591216
109 0.34424320716370704 0.20523301513257816 0.05227438815088668 0.15760180797189446 0.40163934418165353 0.037982224594807136 0.05227438813860681 0.05227438808740277 0.2597712637558296 0.28333960877847997 -0.010861069390665527 0.05227438797835772 0.36321240810637423 0.9016602883100407 0.3197138612831671 0.28935538052799964 0.3790561444094965 0.07142473418717622 0.32706150290606695 0.31971386149446523
64 0.16517451798046992 0.2796735076517968 0.16125387273624034 0.46661946055376124 0.9179120924358617 0.31217066203853927 0.16125387258862248 0.1612538723121323 0.19061132040145976 0.18970274853042485 0.15228409219520864 0.16125387241074518 0.18789348176286957 0.3490521291742218 0.3312710484599938 0.15938995638416967 0.2312388403154525 0.1748521533866965 0.22618478492031505 0.33127104866978574
129 0.0017436736805069998 0.12635424283128108 0.14255865489295064 0.4476229432014913 0.2505572657119749 0.45761954403402255 0.14255865459911454 0.1425586545182247 0.1547134720133872 0.3163250971391636 0.27455326028715804 0.1425586547135897 0.04903001071187983 0.441469845549846 0.6736336228148203 0.06436722699590412 0.09316778775407669 0.07592981824250564 0.2077252462704107 0.6736336232929473
174 0.5416740399060667 0.08198580514853286 0.010022451892838007 0.0025163379973931225 0.5071021819054031 -0.11868144906676191 0.010022452048576748 0.010022452118500431 0.06851085939977657 0.012257425279683027 -0.053554467492112956 0.010022451564311936 0.12060198472139749 0.9560459582546855 0.15498345948542175 0.3344226498177987 0.32315378257389693 -0.004902232684380583 0.2869115044064121 0.15498345875913558
20 0.5720809572771243 0.29039242227791023 0.06423631309618903 0.07850879626168886 0.16460223440098304 0.019956550421038232 0.06423631296413344 0.06423631305050397 0.568509110689665 0.44881326982504927 0.013144912121180076 0.06423631287095596 0.5573127107513585 0.32921745375956524 0.08479861159924276 0.48950509325176667 0.46370572329255866 0.06729614075115652 0.3475590171114522 0.08479861119537478
204 0.06334028955477695 0.18788449187516165 0.1772423245523646 0.7733642150903769 0.5104404815906692 0.5492596385439441 0.17724232439374432 0.17724232413807434 0.0980569953358494 0.18294400602910835 0.449639170526504 0.17724232436642073 0.10788664569838506 0.13720858848082457 0.4107071242918805 0.0728677673928003 0.09869540527140094 0.10181499144911695 0.1699073873691414 0.4107071245601886
63 0.16517451798046992 0.2796735076517968 0.16125387273624034 0.46661946055376124 0.9179120924358617 0.31217066203853927 0.16125387258862248 0.1612538723121323 0.19061132040145976 0.18970274853042485 0.15228409219520864 0.16125387241074518 0.18789348176286957 0.3490521291742218 0.3312710484599938 0.15938995638416967 0.2312388403154525 0.1748521533866965 0.22618478492031505 0.33127104866978574
121 -0.01255376448017851 0.09227344086156032 0.40105470475835164 0.4718004783632091 0.20032302575844352 0.7770335363932398 0.40105470427633055 0.40105470423941353 0.10543076404539527 0.25911063794478156 0.2597048464449151 0.40105470440598223 -0.06540098731234825 0.1283720151367679 0.272005697264945 -0.01778939803317246 0.05661765840993581 0.2916144582918835 0.04975141921088256 0.27200569758912746
201 0.06101275602574462 0.3223710145902754 0.5684376940820389 0.16132589332675565 0.17485215338669907 0.3005879885484258 0.5684376934696153 0.5684376932706299 0.13979698440611016 0.08644203963961952 0.09201167260364486 0.5684376938165798 0.0630535721556436 0.06495490462233179 0.07352056239766185 -0.011196205047529561 0.13277045761406694 0.6167339952762679 0.01775072700641956 0.07352056221115769
156 0.009518537016607423 0.04052439159353738 0.09168312131503054 0.45972121504680347 0.15228409219520442 0.3783399769878488 0.09168312110724759 0.09168312109291125 0.037677262798425926 0.04601849626661425 1.0318609269725443 0.0916831210334949 0.006121360250892917 -0.004157227382218221 0.5047097209617792 -0.012907809164026092 0.021148636251491625 0.0920116726036437 0.009796924985729597 0.5047097215877732
86 0.28846836128262965 0.3889803911541148 0.16829963640170714 0.30115333583518095 0.9367756358228861 0.28269794717767066 0.16829963616773508 0.1682996360029851 0.15475161602694684 0.043108107004781175 0.08440759318752242 0.16829963595734335 0.17934001783392284 0.1985686972782896 0.08673655906061122 0.10997268859496528 0.3269236877298466 0.4967550079384462 0.16360482796487066 0.08673655943546363
8 0.5159793467608432 0.18068847901914814 -0.015261665366574351 0.07395452053887228 0.15938995638417555 -0.028335215033334755 -0.015261665325902375 -0.015261665303009727 0.3315369804839327 0.4327007652341514 -0.01290780916402766 -0.015261665609370544 0.5038924399733402 0.29511987183003546 0.07846079572284932 0.7247833721136967 0.3800467559183142 -0.011196205047522508 0.5899214488126913 0.07846079533032728
46 0.5021450778208018 0.1258693454970199 0.034389128776139526 0.21486402522460643 0.5094593535512716 0.06617799854240522 0.03438912874628027 0.0343891286886294 0.18656092309681077 0.25019793486635794 0.005261568871966303 0.034389128509388675 0.46066580291010023 0.5970115202917387 0.29796896238022397 0.28885917074919665 0.6226963368283401 0.12660944889137404 0.22911997885393406 0.29796896238380416
62 0.026646226165718614 0.1843061886031369 0.2704926653077708 0.49995844854571353 0.3121706620385381 0.9550340451301123 0.270492665023443 0.27049266481396295 0.0505592866455655 0.12384566700465235 0.3783399769878485 0.27049266507894787 0.022399503397869204 0.0421862510522316 0.2739596751750695 -0.02833521503333796 0.07745866654092927 0.300587988548424 0.05076276264649729 0.273959675468686
36 0.6389000937644057 0.05567462806831818 0.00021682284046371501 0.06085840160785972 0.1650809389755136 0.020707597130227923 0.00021682279658832179 0.0002168228776401142 0.4160760164279852 0.42498227156923146 -0.0038411774548112315 0.00021682257762811212 0.5988874934407837 0.3698885954941423 0.1301511861601421 0.5784587020927158 0.46915606084130423 0.01917747371275188 0.3314567473854821 0.13015118577786272
16 0.4980733674018546 0.18562545160192678 -0.014422201139631132 0.07112396292029949 0.14924185648117386 -0.02850912979940452 -0.014422201130630438 -0.014422201129394005 0.2777547385924648 0.3900562315978971 -0.015423893001500433 -0.01442220141124789 0.5005945654713035 0.38080127768533134 0.08763486318458313 0.7125593455791764 0.4085023504628233 -0.009512503149291633 0.610126278186375 0.08763486286325804
195 0.4393313195264758 0.16103627656581446 0.014190606357937053 0.03300599247130732 0.4423147481396443 -0.1021544145524454 0.014190606429637253 0.01419060646028067 0.13952763582446515 0.07505754208796839 -0.045046998149626996 0.01419060605673389 0.17665593052459344 1.0317784854428584 0.1822907749485197 0.3337703652232727 0.2845259208891896 -0.005773870180699942 0.3301447767250749 0.1822907745379133
132 0.009518537016607423 0.04052439159353738 0.09168312131503054 0.45972121504680347 0.15228409219520442 0.3783399769878488 0.09168312110724759 0.09168312109291125 0.037677262798425926 0.04601849626661425 1.0318609269725443 0.0916831210334949 0.006121360250892917 -0.004157227382218221 0.5047097209617792 -0.012907809164026092 0.021148636251491625 0.0920116726036437 0.009796924985729597 0.5047097215877732
180 0.06050430293596103 0.3132188746984174 0.5857146686138526 0.16993608743503755 0.16125387253520013 0.27049266506085634 0.5857146680161205 0.5857146681179121 0.14132367650253028 0.09399491790877919 0.09168312112949199 0.5857146684280263 0.0631662692553362 0.06751754644278196 0.07603094509818525 -0.015261665406726568 0.12979005978572547 0.5684376935885255 0.02039833526639478 0.07603094520796835
110 0.026646226165718614 0.1843061886031369 0.2704926653077708 0.49995844854571353 0.3121706620385381 0.9550340451301123 0.270492665023443 0.27049266481396295 0.0505592866455655 0.12384566700465235 0.3783399769878485 0.27049266507894787 0.022399503397869204 0.0421862510522316 0.2739596751750695 -0.02833521503333796 0.07745866654092927 0.300587988548424 0.05076276264649729 0.273959675468686
203 0.03636058744458828 0.1852677560801619 0.2647373055477147 0.5746164406633711 0.2777443117703617 0.9043067074171468 0.264737305185981 0.26473730509443755 0.047137857986185014 0.11614315925690942 0.39165572283299943 0.26473730533592754 -0.002891401303951398 0.062469556005472694 0.25898405468370134 -0.018745175801596542 0.0995897808123289 0.36398010215035603 0.03480189992259083 0.2589840551915844
95 0.06050430293596103 0.3132188746984174 0.5857146686138526 0.16993608743503755 0.16125387253520013 0.27049266506085634 0.5857146680161205 0.5857146681179121 0.14132367650253028 0.09399491790877919 0.09168312112949199 0.5857146684280263 0.0631662692553362 0.06751754644278196 0.07603094509818525 -0.015261665406726568 0.12979005978572547 0.5684376935885255 0.02039833526639478 0.07603094520796835
125 0.06050430293596103 0.3132188746984174 0.5857146686138526 0.16993608743503755 0.16125387253520013 0.27049266506085634 0.5857146680161205 0.5857146681179121 0.14132367650253028 0.09399491790877919 0.09168312112949199 0.5857146684280263 0.0631662692553362 0.06751754644278196 0.07603094509818525 -0.015261665406726568 0.12979005978572547 0.5684376935885255 0.02039833526639478 0.07603094520796835
107 0.009518537016607423 0.04052439159353738 0.09168312131503054 0.45972121504680347 0.15228409219520442 0.3783399769878488 0.09168312110724759 0.09168312109291125 0.037677262798425926 0.04601849626661425 1.0318609269725443 0.0916831210334949 0.006121360250892917 -0.004157227382218221 0.5047097209617792 -0.012907809164026092 0.021148636251491625 0.0920116726036437 0.009796924985729597 0.5047097215877732
14 0.48189268821109593 0.14875381089247003 -0.015343508504893227 0.04227493424810801 0.22199383191881297 -0.03141378748995918 -0.015343508527664494 -0.015343508523000555 0.25434707486507724 0.33503658191830055 -0.01869496795409701 -0.01534350877269444 0.5235546324632646 0.5546399378366593 0.1033609464862598 0.6297571039671492 0.4291043099943179 -0.004895260516874241 0.569358626965474 0.10336094630533374
216 0.009518537016607423 0.04052439159353738 0.09168312131503054 0.45972121504680347 0.15228409219520442 0.3783399769878488 0.09168312110724759 0.09168312109291125 0.037677262798425926 0.04601849626661425 1.0318609269725443 0.0916831210334949 0.006121360250892917 -0.004157227382218221 0.5047097209617792 -0.012907809164026092 0.021148636251491625 0.0920116726036437 0.009796924985729597 0.5047097215877732
181 0.010816002795233454 0.12269060517984022 0.12229609366131312 0.4165603777285228 0.28172136660223307 0.4882767261237864 0.12229609339237915 0.12229609329415156 0.14466107133996142 0.2762784586916163 0.28855791627933614 0.12229609338020617 0.06712199123892118 0.42237183201588685 0.6888290419575417 0.05920008355798866 0.10638264407397531 0.09024130949449716 0.21405749296572313 0.6888290423512549
71 0.06050430293596103 0.3132188746984174 0.5857146686138526 0.16993608743503755 0.16125387253520013 0.27049266506085634 0.5857146680161205 0.5857146681179121 0.14132367650253028 0.09399491790877919 0.09168312112949199 0.5857146684280263 0.0631662692553362 0.06751754644278196 0.07603094509818525 -0.015261665406726568 0.12979005978572547 0.5684376935885255 0.02039833526639478 0.07603094520796835
80 0.009518537016607423 0.04052439159353738 0.09168312131503054 0.45972121504680347 0.15228409219520442 0.3783399769878488 0.09168312110724759 0.09168312109291125 0.037677262798425926 0.04601849626661425 1.0318609269725443 0.0916831210334949 0.006121360250892917 -0.004157227382218221 0.5047097209617792 -0.012907809164026092 0.021148636251491625 0.0920116726036437 0.009796924985729597 0.5047097215877732
145 0.06334028955477695 0.18788449187516165 0.1772423245523646 0.7733642150903769 0.5104404815906692 0.5492596385439441 0.17724232439374432 0.17724232413807434 0.0980569953358494 0.18294400602910835 0.449639170526504 0.17724232436642073 0.10788664569838506 0.13720858848082457 0.4107071242918805 0.0728677673928003 0.09869540527140094 0.10181499144911695 0.1699073873691414 0.4107071245601886
193 0.16517451798046992 0.2796735076517968 0.16125387273624034 0.46661946055376124 0.9179120924358617 0.31217066203853927 0.16125387258862248 0.1612538723121323 0.19061132040145976 0.18970274853042485 0.15228409219520864 0.16125387241074518 0.18789348176286957 0.3490521291742218 0.3312710484599938 0.15938995638416967 0.2312388403154525 0.1748521533866965 0.22618478492031505 0.33127104866978574
100 0.06050430293596103 0.3132188746984174 0.5857146686138526 0.16993608743503755 0.16125387253520013 0.27049266506085634 0.5857146680161205 0.5857146681179121 0.14132367650253028 0.09399491790877919 0.09168312112949199 0.5857146684280263 0.0631662692553362 0.06751754644278196 0.07603094509818525 -0.015261665406726568 0.12979005978572547 0.5684376935885255 0.02039833526639478 0.07603094520796835
93 0.06050430293596103 0.3132188746984174 0.5857146686138526 0.16993608743503755 0.16125387253520013 0.27049266506085634 0.5857146680161205 0.5857146681179121 0.14132367650253028 0.09399491790877919 0.09168312112949199 0.5857146684280263 0.0631662692553362 0.06751754644278196 0.07603094509818525 -0.015261665406726568 0.12979005978572547 0.5684376935885255 0.02039833526639478 0.07603094520796835
57 0.5579324680369702 0.3343014681113682 0.0631680088465662 0.08555244930703315 0.17123917113247597 0.02868074974751574 0.06316800876223506 0.06316800885931033 0.45761099999363547 0.4417534656383698 0.007745841208358757 0.06316800866706912 0.5328079725480053 0.2926116310014701 0.0875065164398979 0.5323040992619816 0.4961088630632662 0.05990996659332611 0.44815557174736415 0.08750651607193437
66 -0.004453567474562226 0.13016069594143348 0.16717829752639765 0.44926242501890506 0.21490729900006986 0.4989398207895997 0.1671782974738104 0.1671782973628702 0.18105545701939424 0.3849632821139268 0.21107800518586817 0.16717829738430667 0.014711073041610869 0.47524184676077647 0.6091561070448746 0.053602226587811774 0.06849247836711912 0.08172659833461278 0.2399866111938273 0.6091561074014246
182 0.010816002795233454 0.12269060517984022 0.12229609366131312 0.4165603777285228 0.28172136660223307 0.4882767261237864 0.12229609339237915 0.12229609329415156 0.14466107133996142 0.2762784586916163 0.28855791627933614 0.12229609338020617 0.06712199123892118 0.42237183201588685 0.6888290419575417 0.05920008355798866 0.10638264407397531 0.09024130949449716 0.21405749296572313 0.6888290423512549
221 0.009518537016607423 0.04052439159353738 0.09168312131503054 0.45972121504680347 0.15228409219520442 0.3783399769878488 0.09168312110724759 0.09168312109291125 0.037677262798425926 0.04601849626661425 1.0318609269725443 0.0916831210334949 0.006121360250892917 -0.004157227382218221 0.5047097209617792 -0.012907809164026092 0.021148636251491625 0.0920116726036437 0.009796924985729597 0.5047097215877732
167 0.06101275602574462 0.3223710145902754 0.5684376940820389 0.16132589332675565 0.17485215338669907 0.3005879885484258 0.5684376934696153 0.5684376932706299 0.13979698440611016 0.08644203963961952 0.09201167260364486 0.5684376938165798 0.0630535721556436 0.06495490462233179 0.07352056239766185 -0.011196205047529561 0.13277045761406694 0.6167339952762679 0.01775072700641956 0.07352056221115769
99 0.06050430293596103 0.3132188746984174 0.5857146686138526 0.16993608743503755 0.16125387253520013 0.27049266506085634 0.5857146680161205 0.5857146681179121 0.14132367650253028 0.09399491790877919 0.09168312112949199 0.5857146684280263 0.0631662692553362 0.06751754644278196 0.07603094509818525 -0.015261665406726568 0.12979005978572547 0.5684376935885255 0.02039833526639478 0.07603094520796835
178 0.06050430293596103 0.3132188746984174 0.5857146686138526 0.16993608743503755 0.16125387253520013 0.27049266506085634 0.5857146680161205 0.5857146681179121 0.14132367650253028 0.09399491790877919 0.09168312112949199 0.5857146684280263 0.0631662692553362 0.06751754644278196 0.07603094509818525 -0.015261665406726568 0.12979005978572547 0.5684376935885255 0.02039833526639478 0.07603094520796835
68 0.009518537016607423 0.04052439159353738 0.09168312131503054 0.45972121504680347 0.15228409219520442 0.3783399769878488 0.09168312110724759 0.09168312109291125 0.037677262798425926 0.04601849626661425 1.0318609269725443 0.0916831210334949 0.006121360250892917 -0.004157227382218221 0.5047097209617792 -0.012907809164026092 0.021148636251491625 0.0920116726036437 0.009796924985729597 0.5047097215877732
67 -0.004453567474562226 0.13016069594143348 0.16717829752639765 0.44926242501890506 0.21490729900006986 0.4989398207895997 0.1671782974738104 0.1671782973628702 0.18105545701939424 0.3849632821139268 0.21107800518586817 0.16717829738430667 0.014711073041610869 0.47524184676077647 0.6091561070448746 0.053602226587811774 0.06849247836711912 0.08172659833461278 0.2399866111938273 0.6091561074014246
54 0.6672692484226177 0.1369148756443678 0.03859591289745781 0.05723233673709177 0.19834301648837246 0.03573463247848687 0.03859591276793036 0.0385959128408327 0.5233494429792184 0.3587072895707502 0.0033917757611447645 0.03859591264999222 0.6003583043395885 0.33893282715838163 0.1161106989458851 0.44175712005177326 0.5614714020995472 0.07421422893677676 0.23764099295463445 0.1161106986076307
101 -0.00028778622299224023 0.13030194293554165 0.1844861370132146 0.4440820796128209 0.1877320122141574 0.5196111485781657 0.18448613687819715 0.18448613667202643 0.2004950468937932 0.4349528326830482 0.1729227742024722 0.18448613670285646 -0.015448474478348705 0.4914956936892577 0.5546977081232581 0.04409313080795872 0.04464471686995436 0.08730800588048228 0.2636952014969352 0.5546977084574032
50 0.6500274591259882 0.09519973639296792 0.0012656993980615697 0.044421327727411586 0.14824423864010988 -0.009244830081220385 0.0012656993880305386 0.0012656995026687024 0.4850927339169152 0.3933255186764126 -0.013918457081979856 0.0012656991959188527 0.6184750317234533 0.34316491058629195 0.0863807544069306 0.599915726902425 0.41982066064490253 0.013006731253227181 0.31451124488067955 0.0863807539614753
208 0.3003493879116794 0.08074286301828185 0.03976434961447952 0.3002302706238361 0.3854515345436274 0.11101534760427287 0.039764349588322305 0.03976434948919067 0.15433745694292267 0.29616955197628947 0.08946831489806455 0.0397643493975167 0.2446845904587265 0.7151221009477527 0.5958847141945972 0.2203775017085374 0.360818105740405 0.08391710255854988 0.21345260735620208 0.5958847144683996
33 0.5351818903834652 0.3973204278693105 0.06754066903908341 0.09481439274630947 0.1739980824915633 0.028459833525744268 0.06754066897269272 0.0675406690589412 0.41198213557424285 0.4540905340714564 0.00923742795922328 0.06754066886052512 0.4801363538010909 0.2448748508395708 0.0769701485028037 0.5582611345054904 0.4623362627902281 0.0618848924615182 0.5370255663732176 0.07697014794593096
115 0.5403378544327927 0.0659674705479606 0.011592727447734055 0.060436342224363275 0.5142014020053138 -0.11191726606919614 0.011592727657553797 0.011592727525639604 0.07436718879200595 0.05086658798972465 -0.061080613205293316 0.011592727096320941 0.0678133162325727 0.9156592221692307 0.2559407453617087 0.33799889307791503 0.28979814388284564 -0.002977945093019471 0.25059123963811764 0.25594074453674465
13 0.3611749488968134 0.700261657996794 0.324346946331158 0.1645336245199944 0.18788524577174007 0.16289046757129522 0.32434694588096064 0.32434694598638136 0.3802738185921443 0.4254604934856744 0.04956260107756251 0.32434694607489045 0.267351809298129 0.20089419395429925 0.08303381206283558 0.18234908620550658 0.38665218482998676 0.27644026261224935 0.38440656652313004 0.08303381157694759
72 0.06050430293596103 0.3132188746984174 0.5857146686138526 0.16993608743503755 0.16125387253520013 0.27049266506085634 0.5857146680161205 0.5857146681179121 0.14132367650253028 0.09399491790877919 0.09168312112949199 0.5857146684280263 0.0631662692553362 0.06751754644278196 0.07603094509818525 -0.015261665406726568 0.12979005978572547 0.5684376935885255 0.02039833526639478 0.07603094520796835
170 0.007390337952475694 0.12975307709145806 0.19023939829261557 0.4260080430631746 0.17948061934675785 0.5471664856818738 0.19023939809952095 0.19023939777597698 0.21259222387675758 0.4594340031580485 0.15138136291751977 0.19023939804030732 -0.03290803784801431 0.4955439107218252 0.5181472206073692 0.03448160955950635 0.028249628736138607 0.09880215586964683 0.28551018944626516 0.5181472209612991
187 0.009518537016607423 0.04052439159353738 0.09168312131503054 0.45972121504680347 0.15228409219520442 0.3783399769878488 0.09168312110724759 0.09168312109291125 0.037677262798425926 0.04601849626661425 1.0318609269725443 0.0916831210334949 0.006121360250892917 -0.004157227382218221 0.5047097209617792 -0.012907809164026092 0.021148636251491625 0.0920116726036437 0.009796924985729597 0.5047097215877732
137 0.16517451798046992 0.2796735076517968 0.16125387273624034 0.46661946055376124 0.9179120924358617 0.31217066203853927 0.16125387258862248 0.1612538723121323 0.19061132040145976 0.18970274853042485 0.15228409219520864 0.16125387241074518 0.18789348176286957 0.3490521291742218 0.3312710484599938 0.15938995638416967 0.2312388403154525 0.1748521533866965 0.22618478492031505 0.33127104866978574
44 0.4767289571532702 0.22692023516150817 0.01183024861453364 0.11931630659104649 0.17209887644266061 0.058640056941655166 0.011830248625691191 0.011830248545062374 0.28418822702538576 0.4939045040161699 0.01019257166069677 0.011830248415486527 0.47406317011913857 0.3805957802196096 0.14677295190943404 0.5927144943044584 0.43770526499526774 0.024348938315022807 0.624571979993528 0.14677295169494176
103 0.009518537016607423 0.04052439159353738 0.09168312131503054 0.45972121504680347 0.15228409219520442 0.3783399769878488 0.09168312110724759 0.09168312109291125 0.037677262798425926 0.04601849626661425 1.0318609269725443 0.0916831210334949 0.006121360250892917 -0.004157227382218221 0.5047097209617792 -0.012907809164026092 0.021148636251491625 0.0920116726036437 0.009796924985729597 0.5047097215877732
151 0.009518537016607423 0.04052439159353738 0.09168312131503054 0.45972121504680347 0.15228409219520442 0.3783399769878488 0.09168312110724759 0.09168312109291125 0.037677262798425926 0.04601849626661425 1.0318609269725443 0.0916831210334949 0.006121360250892917 -0.004157227382218221 0.5047097209617792 -0.012907809164026092 0.021148636251491625 0.0920116726036437 0.009796924985729597 0.5047097215877732
69 0.009518537016607423 0.04052439159353738 0.09168312131503054 0.45972121504680347 0.15228409219520442 0.3783399769878488 0.09168312110724759 0.09168312109291125 0.037677262798425926 0.04601849626661425 1.0318609269725443 0.0916831210334949 0.006121360250892917 -0.004157227382218221 0.5047097209617792 -0.012907809164026092 0.021148636251491625 0.0920116726036437 0.009796924985729597 0.5047097215877732
206 0.182617946149229 0.2992710406442958 0.1538114942698554 0.5467479681569746 0.869933632081388 0.26962151065854656 0.15381149411256648 0.15381149393342705 0.18640418215242674 0.177040625115945 0.15986616358907907 0.15381149394640645 0.18398700710570184 0.37746231535437086 0.3153407612161728 0.15473172089772957 0.24666206215425285 0.23151259601990565 0.1964200365773861 0.31534076155763063
59 0.49465886918556673 0.43966106151200735 0.12979005986991263 0.11929009752737821 0.23123884031545752 0.0774586665409266 0.1297900597862832 0.12979005969553614 0.48841622115732186 0.4301671282025884 0.021148636251487767 0.12979005972211138 0.5032811414154161 0.313285137405967 0.10396226547390323 0.380046755918334 0.5714382952910577 0.1327704576140639 0.3677296121105147 0.10396226519426041
45 0.5115630729455075 0.4389526304533309 0.11261512372885324 0.11741603283560799 0.26642091625245673 0.09740271100223548 0.11261512357823102 0.11261512350965723 0.40582215523782134 0.3956020328419778 0.01593307260763408 0.11261512356904284 0.5081301573884615 0.30363072858898055 0.11212980517205355 0.3779229597354515 0.6133048832848179 0.15132396237292312 0.4000064454316221 0.1121298049669938
76 0.06050430293596103 0.3132188746984174 0.5857146686138526 0.16993608743503755 0.16125387253520013 0.27049266506085634 0.5857146680161205 0.5857146681179121 0.14132367650253028 0.09399491790877919 0.09168312112949199 0.5857146684280263 0.0631662692553362 0.06751754644278196 0.07603094509818525 -0.015261665406726568 0.12979005978572547 0.5684376935885255 0.02039833526639478 0.07603094520796835
190 0.026646226165718614 0.1843061886031369 0.2704926653077708 0.49995844854571353 0.3121706620385381 0.9550340451301123 0.270492665023443 0.27049266481396295 0.0505592866455655 0.12384566700465235 0.3783399769878485 0.27049266507894787 0.022399503397869204 0.0421862510522316 0.2739596751750695 -0.02833521503333796 0.07745866654092927 0.300587988548424 0.05076276264649729 0.273959675468686
198 0.06101275602574462 0.3223710145902754 0.5684376940820389 0.16132589332675565 0.17485215338669907 0.3005879885484258 0.5684376934696153 0.5684376932706299 0.13979698440611016 0.08644203963961952 0.09201167260364486 0.5684376938165798 0.0630535721556436 0.06495490462233179 0.07352056239766185 -0.011196205047529561 0.13277045761406694 0.6167339952762679 0.01775072700641956 0.07352056221115769
209 0.0829505155907233 0.19357809888186156 0.16993608770232171 0.8449669989405697 0.46661946055376124 0.49995844854571553 0.16993608741872981 0.16993608731875873 0.09333406946413614 0.1754979346381145 0.45972121504680696 0.1699360873386152 0.08598662277002887 0.16418486122400347 0.3911374481393148 0.07395452053886716 0.11929009752738014 0.16132589332675465 0.14685043225597413 0.39113744841461406
179 0.06050430293596103 0.3132188746984174 0.5857146686138526 0.16993608743503755 0.16125387253520013 0.27049266506085634 0.5857146680161205 0.5857146681179121 0.14132367650253028 0.09399491790877919 0.09168312112949199 0.5857146684280263 0.0631662692553362 0.06751754644278196 0.07603094509818525 -0.015261665406726568 0.12979005978572547 0.5684376935885255 0.02039833526639478 0.07603094520796835
70 0.3470799271933609 0.27696432322992387 0.013078657923742881 0.006638022229861145 0.38850243590803224 -0.10137804773172004 0.01307865788111314 0.013078657934380334 0.2402073841328525 0.10697784472456259 -0.019239133809773122 0.013078657680254234 0.2518621407493808 1.0574742477107764 0.1071701494182827 0.32041047498716274 0.2284857128776259 0.0018522200528240716 0.42911585942396296 0.10717014936157301
199 0.06101275602574462 0.3223710145902754 0.5684376940820389 0.16132589332675565 0.17485215338669907 0.3005879885484258 0.5684376934696153 0.5684376932706299 0.13979698440611016 0.08644203963961952 0.09201167260364486 0.5684376938165798 0.0630535721556436 0.06495490462233179 0.07352056239766185 -0.011196205047529561 0.13277045761406694 0.6167339952762679 0.01775072700641956 0.07352056221115769
61 0.026646226165718614 0.1843061886031369 0.2704926653077708 0.49995844854571353 0.3121706620385381 0.9550340451301123 0.270492665023443 0.27049266481396295 0.0505592866455655 0.12384566700465235 0.3783399769878485 0.27049266507894787 0.022399503397869204 0.0421862510522316 0.2739596751750695 -0.02833521503333796 0.07745866654092927 0.300587988548424 0.05076276264649729 0.273959675468686
202 0.3689341637568377 0.09597884932996185 0.04003360246815413 0.2455052960311608 0.4583524270375189 0.04521047921487465 0.04003360243014105 0.04003360226828595 0.1580954757160026 0.2524768218889953 0.023359532184056092 0.04003360208044535 0.28640939634594625 0.791169832741119 0.48526339499417315 0.26330221630171136 0.4006367437165014 0.06972602858410258 0.22793621976993725 0.48526339503072513
18 0.520465928068486 0.23147237954457994 0.00962576922169531 0.09055306193819337 0.1815162033912669 0.015076301711089233 0.009625769216271793 0.009625769246651225 0.3848493751013457 0.4889060891262598 0.004638766958908934 0.009625768992876805 0.5089343286787609 0.3011679269505987 0.09612265672607126 0.6342505457995783 0.40496971710536267 0.016058038686131124 0.5579042789128563 0.09612265633888328
43 0.4973129483643814 0.1523117391889515 -0.015132397531247791 0.10574173963699598 0.15769084229674898 0.010308557920867684 -0.015132397459095016 -0.015132397456036008 0.3045453152467075 0.49459283498101436 0.0002263200275361937 -0.015132397754255502 0.4819895726460602 0.2984690101128604 0.11473132055195172 0.6949005718458857 0.38513226094403363 -0.006970532276417569 0.6121308942511473 0.11473132022852266
106 -0.00028778622299224023 0.13030194293554165 0.1844861370132146 0.4440820796128209 0.1877320122141574 0.5196111485781657 0.18448613687819715 0.18448613667202643 0.2004950468937932 0.4349528326830482 0.1729227742024722 0.18448613670285646 -0.015448474478348705 0.4914956936892577 0.5546977081232581 0.04409313080795872 0.04464471686995436 0.08730800588048228 0.2636952014969352 0.5546977084574032
188 0.009518537016607423 0.04052439159353738 0.09168312131503054 0.45972121504680347 0.15228409219520442 0.3783399769878488 0.09168312110724759 0.09168312109291125 0.037677262798425926 0.04601849626661425 1.0318609269725443 0.0916831210334949 0.006121360250892917 -0.004157227382218221 0.5047097209617792 -0.012907809164026092 0.021148636251491625 0.0920116726036437 0.009796924985729597 0.5047097215877732
177 0.06050430293596103 0.3132188746984174 0.5857146686138526 0.16993608743503755 0.16125387253520013 0.27049266506085634 0.5857146680161205 0.5857146681179121 0.14132367650253028 0.09399491790877919 0.09168312112949199 0.5857146684280263 0.0631662692553362 0.06751754644278196 0.07603094509818525 -0.015261665406726568 0.12979005978572547 0.5684376935885255 0.02039833526639478 0.07603094520796835
157 0.34424320716370704 0.20523301513257816 0.05227438815088668 0.15760180797189446 0.40163934418165353 0.037982224594807136 0.05227438813860681 0.05227438808740277 0.2597712637558296 0.28333960877847997 -0.010861069390665527 0.05227438797835772 0.36321240810637423 0.9016602883100407 0.3197138612831671 0.28935538052799964 0.3790561444094965 0.07142473418717622 0.32706150290606695 0.31971386149446523
74 0.06050430293596103 0.3132188746984174 0.5857146686138526 0.16993608743503755 0.16125387253520013 0.27049266506085634 0.5857146680161205 0.5857146681179121 0.14132367650253028 0.09399491790877919 0.09168312112949199 0.5857146684280263 0.0631662692553362 0.06751754644278196 0.07603094509818525 -0.015261665406726568 0.12979005978572547 0.5684376935885255 0.02039833526639478 0.07603094520796835
105 -0.00028778622299224023 0.13030194293554165 0.1844861370132146 0.4440820796128209 0.1877320122141574 0.5196111485781657 0.18448613687819715 0.18448613667202643 0.2004950468937932 0.4349528326830482 0.1729227742024722 0.18448613670285646 -0.015448474478348705 0.4914956936892577 0.5546977081232581 0.04409313080795872 0.04464471686995436 0.08730800588048228 0.2636952014969352 0.5546977084574032
131 0.009518537016607423 0.04052439159353738 0.09168312131503054 0.45972121504680347 0.15228409219520442 0.3783399769878488 0.09168312110724759 0.09168312109291125 0.037677262798425926 0.04601849626661425 1.0318609269725443 0.0916831210334949 0.006121360250892917 -0.004157227382218221 0.5047097209617792 -0.012907809164026092 0.021148636251491625 0.0920116726036437 0.009796924985729597 0.5047097215877732
56 0.5280630569511758 0.18938927643788578 0.032447458403012955 0.08704420658617829 0.18448821599066087 0.042831121228416605 0.03244745831033825 0.03244745838878892 0.47815745401944443 0.4658702787286989 0.015059266206113189 0.03244745818245296 0.5646397363930993 0.5259977820453673 0.14801043052893464 0.4700773308351079 0.4523549132016356 0.0563761190563342 0.34473905727011206 0.14801043043759118
176 0.06050430293596103 0.3132188746984174 0.5857146686138526 0.16993608743503755 0.16125387253520013 0.27049266506085634 0.5857146680161205 0.5857146681179121 0.14132367650253028 0.09399491790877919 0.09168312112949199 0.5857146684280263 0.0631662692553362 0.06751754644278196 0.07603094509818525 -0.015261665406726568 0.12979005978572547 0.5684376935885255 0.02039833526639478 0.07603094520796835
51 0.5077785906052333 0.3647571893361452 0.1413236766510469 0.09333406946414197 0.19061132040147014 0.0505592866455746 0.14132367644369695 0.1413236764989772 0.6926934706391581 0.4517684732773784 0.037677262798429666 0.14132367647938127 0.4867806173832748 0.328596073270221 0.09128878168102479 0.33153698048392877 0.4884162211573161 0.1397969844061193 0.2582177895919419 0.09128878130550341
84 0.16517451798046992 0.2796735076517968 0.16125387273624034 0.46661946055376124 0.9179120924358617 0.31217066203853927 0.16125387258862248 0.1612538723121323 0.19061132040145976 0.18970274853042485 0.15228409219520864 0.16125387241074518 0.18789348176286957 0.3490521291742218 0.3312710484599938 0.15938995638416967 0.2312388403154525 0.1748521533866965 0.22618478492031505 0.33127104866978574
138 0.28846836128262965 0.3889803911541148 0.16829963640170714 0.30115333583518095 0.9367756358228861 0.28269794717767066 0.16829963616773508 0.1682996360029851 0.15475161602694684 0.043108107004781175 0.08440759318752242 0.16829963595734335 0.17934001783392284 0.1985686972782896 0.08673655906061122 0.10997268859496528 0.3269236877298466 0.4967550079384462 0.16360482796487066 0.08673655943546363
185 0.0881138143313811 0.09679736965661714 0.07603094552177936 0.39113744829659586 0.33127104849449984 0.27395967533162624 0.07603094552177936 0.07603094517253339 0.09128878143790842 0.14487598351339198 0.5047097212906522 0.07603094528894871 0.09271580419589287 0.28753746893739496 0.7771393118600827 0.07846079550389068 0.10396226533358355 0.07352056210778973 0.1279505272602248 0.7771393123039161
200 0.06101275602574462 0.3223710145902754 0.5684376940820389 0.16132589332675565 0.17485215338669907 0.3005879885484258 0.5684376934696153 0.5684376932706299 0.13979698440611016 0.08644203963961952 0.09201167260364486 0.5684376938165798 0.0630535721556436 0.06495490462233179 0.07352056239766185 -0.011196205047529561 0.13277045761406694 0.6167339952762679 0.01775072700641956 0.07352056221115769
219 0.0881138143313811 0.09679736965661714 0.07603094552177936 0.39113744829659586 0.33127104849449984 0.27395967533162624 0.07603094552177936 0.07603094517253339 0.09128878143790842 0.14487598351339198 0.5047097212906522 0.07603094528894871 0.09271580419589287 0.28753746893739496 0.7771393118600827 0.07846079550389068 0.10396226533358355 0.07352056210778973 0.1279505272602248 0.7771393123039161
214 0.02935934600734381 0.11569362917731464 0.11026369368731678 0.43096389335081126 0.29263638517151974 0.38394515019797887 0.11026369343207129 0.11026369307830347 0.12228573232946258 0.2302443845790242 0.37312348453923166 0.11026369336204966 0.08027472597898302 0.3799140675929535 0.7376810343778425 0.0741267241167565 0.11042436680452847 0.07185449609644107 0.16766876684779025 0.7376810347591216
17 0.5235776792043128 0.23467740788095914 0.010674802040883632 0.09392881010629713 0.15999342348004664 0.013650947857334346 0.010674802068449863 0.010674802052996682 0.3841433460542204 0.4885880491099622 0.00483830127077118 0.010674801808151854 0.5070066272188625 0.3034485694544387 0.09654400484579632 0.64183774890276 0.40480294895105423 0.013847102029889015 0.5527385360027259 0.09654400449138294
10 0.5088195446810498 0.2061450733688688 0.00998603432074475 0.07800654112805562 0.21298939122414526 0.009193495666512112 0.009986034268749947 0.00998603427989371 0.4610351958486241 0.488746234211973 0.005724878807642478 0.009986034112388178 0.5572474609339356 0.4202564187127858 0.10062897908487842 0.5714614119728665 0.3847624212564806 0.02120752902870944 0.4574319321093973 0.1006289789468043
47 0.2963171140214789 0.6895979744702756 0.31321887487354355 0.19357809888186134 0.2796735076517967 0.18430618860313336 0.31321887461124065 0.31321887471065246 0.3647571893361317 0.3701889076845675 0.040524391593535006 0.3132188747740545 0.30829801238144966 0.27234782884891795 0.09679736982540005 0.18068847901912508 0.4396610615119661 0.32237101459027667 0.32404390449384646 0.09679736978911255
58 0.49187102311208014 0.18495343504591638 0.049075300909404866 0.1940694060221386 0.34552234383828656 0.09102200931580455 0.04907530089465169 0.04907530086858414 0.2725803228991469 0.364144520102077 0.013722685523344989 0.04907530071363838 0.5135181999576236 0.5608884599455654 0.2608237542845511 0.3407460496456863 0.6289792017116278 0.11274591225733517 0.2882180787763028 0.2608237543473986
146 0.3113103062633342 0.1507202049195169 0.07815388230328356 0.5005274563078717 0.8650666396026552 0.03904052256085988 0.07815388235137213 0.07815388214962801 0.13184090386131256 0.16606635356168042 0.14303109768644676 0.07815388198795296 0.11147121792017173 0.42055262603889404 0.45241483496052515 0.202837087256538 0.2066705620748616 0.08075605088348907 0.16927243023109592 0.4524148346723613
102 -0.00028778622299224023 0.13030194293554165 0.1844861370132146 0.4440820796128209 0.1877320122141574 0.5196111485781657 0.18448613687819715 0.18448613667202643 0.2004950468937932 0.4349528326830482 0.1729227742024722 0.18448613670285646 -0.015448474478348705 0.4914956936892577 0.5546977081232581 0.04409313080795872 0.04464471686995436 0.08730800588048228 0.2636952014969352 0.5546977084574032
19 0.44874752257642203 0.22367068647335214 -0.013106824650697424 0.0737095522476179 0.19953880495925344 -0.03755717558292648 -0.01310682467208222 -0.01310682466967741 0.26381901203218205 0.3954219581976055 -0.014602951279615074 -0.013106824872536909 0.46579694246273307 0.38311416851825114 0.0823926723094065 0.7032934621744839 0.3921833049966083 -0.012163488981757583 0.6697303826251269 0.08239267198387969
24 0.6184796068599526 0.055811980524390875 0.0010743998345244903 0.06320316559817318 0.1750019456183024 0.011560174153280199 0.0010743998932339779 0.001074399867834215 0.3806384828318072 0.38199166754481556 -0.009883800839923407 0.001074399605496961 0.6049000115385291 0.48732416006813817 0.14429769261904624 0.5474556804991052 0.4869277149526701 0.02271195262449988 0.31064459021835283 0.14429769230937484
123 0.06050430293596103 0.3132188746984174 0.5857146686138526 0.16993608743503755 0.16125387253520013 0.27049266506085634 0.5857146680161205 0.5857146681179121 0.14132367650253028 0.09399491790877919 0.09168312112949199 0.5857146684280263 0.0631662692553362 0.06751754644278196 0.07603094509818525 -0.015261665406726568 0.12979005978572547 0.5684376935885255 0.02039833526639478 0.07603094520796835
153 0.0017436736805069998 0.12635424283128108 0.14255865489295064 0.4476229432014913 0.2505572657119749 0.45761954403402255 0.14255865459911454 0.1425586545182247 0.1547134720133872 0.3163250971391636 0.27455326028715804 0.1425586547135897 0.04903001071187983 0.441469845549846 0.6736336228148203 0.06436722699590412 0.09316778775407669 0.07592981824250564 0.2077252462704107 0.6736336232929473
82 0.026646226165718614 0.1843061886031369 0.2704926653077708 0.49995844854571353 0.3121706620385381 0.9550340451301123 0.270492665023443 0.27049266481396295 0.0505592866455655 0.12384566700465235 0.3783399769878485 0.27049266507894787 0.022399503397869204 0.0421862510522316 0.2739596751750695 -0.02833521503333796 0.07745866654092927 0.300587988548424 0.05076276264649729 0.273959675468686
53 0.5841180886270247 0.22899946606874275 0.026525740402569033 0.06723140700399909 0.15570768727542336 -0.001594719859189967 0.026525740332234593 0.02652574038954441 0.4837642983594024 0.42834844895290514 -0.0018800552359334029 0.026525740190298915 0.5786265169086643 0.3384055383607151 0.08072441621878697 0.5809276756243 0.4412201962048228 0.031554930066062845 0.40200085074458936 0.08072441582259243
213 0.3395433741348576 0.40371802280034214 0.15971067912327394 0.4302920750060796 0.7689308887367576 0.1708679800222801 0.1597106788433597 0.15971067876410217 0.16357077768716974 0.0085138482664428 0.09566816680717878 0.1597106788159841 0.16555567931413123 0.2475488862431612 0.06785399666108081 0.09070977431581889 0.3329008497264383 0.5816642015473685 0.12148748164897191 0.06785399722060032
160 0.16517451798046992 0.2796735076517968 0.16125387273624034 0.46661946055376124 0.9179120924358617 0.31217066203853927 0.16125387258862248 0.1612538723121323 0.19061132040145976 0.18970274853042485 0.15228409219520864 0.16125387241074518 0.18789348176286957 0.3490521291742218 0.3312710484599938 0.15938995638416967 0.2312388403154525 0.1748521533866965 0.22618478492031505 0.33127104866978574
142 0.009518537016607423 0.04052439159353738 0.09168312131503054 0.45972121504680347 0.15228409219520442 0.3783399769878488 0.09168312110724759 0.09168312109291125 0.037677262798425926 0.04601849626661425 1.0318609269725443 0.0916831210334949 0.006121360250892917 -0.004157227382218221 0.5047097209617792 -0.012907809164026092 0.021148636251491625 0.0920116726036437 0.009796924985729597 0.5047097215877732
15 0.45662293501424067 0.37930169202372266 0.0868595236025181 0.18269475370637214 0.18184418460864352 0.13274060521723907 0.08685952353321719 0.08685952355934867 0.346956081304911 0.5766108014935822 0.03822669128074071 0.08685952343118335 0.4273655547148832 0.30869451658903524 0.15691610923971622 0.45463919577916606 0.4711917361589928 0.07643282856180167 0.5624482951769412 0.15691610895615665
4 0.5185877322457298 0.11385560700515641 -0.024151492988944437 0.0810894499428993 0.15670770755544375 -0.008375513269871878 -0.02415149299142072 -0.024151492889322737 0.33038635997011034 0.4694534473987099 -0.006964697963861888 -0.024151493231080012 0.5179527889102415 0.3259237505956922 0.10312658007495298 0.7096541547837258 0.372010790856266 -0.012899104266651758 0.5618423309203509 0.10312657974664417
126 0.06050430293596103 0.3132188746984174 0.5857146686138526 0.16993608743503755 0.16125387253520013 0.27049266506085634 0.5857146680161205 0.5857146681179121 0.14132367650253028 0.09399491790877919 0.09168312112949199 0.5857146684280263 0.0631662692553362 0.06751754644278196 0.07603094509818525 -0.015261665406726568 0.12979005978572547 0.5684376935885255 0.02039833526639478 0.07603094520796835
161 0.16517451798046992 0.2796735076517968 0.16125387273624034 0.46661946055376124 0.9179120924358617 0.31217066203853927 0.16125387258862248 0.1612538723121323 0.19061132040145976 0.18970274853042485 0.15228409219520864 0.16125387241074518 0.18789348176286957 0.3490521291742218 0.3312710484599938 0.15938995638416967 0.2312388403154525 0.1748521533866965 0.22618478492031505 0.33127104866978574
159 0.026646226165718614 0.1843061886031369 0.2704926653077708 0.49995844854571353 0.3121706620385381 0.9550340451301123 0.270492665023443 0.27049266481396295 0.0505592866455655 0.12384566700465235 0.3783399769878485 0.27049266507894787 0.022399503397869204 0.0421862510522316 0.2739596751750695 -0.02833521503333796 0.07745866654092927 0.300587988548424 0.05076276264649729 0.273959675468686
3 0.4652111833363732 0.20094378367096363 -0.0030873539034061166 0.11257636507991128 0.19480133893593118 0.007512075857179826 -0.003087353923670297 -0.003087353845783315 0.269250843317732 0.4622258492879784 -0.005429858557041931 -0.0030873541317120927 0.48175668166263685 0.364645144946272 0.12072456868678234 0.6597210443498606 0.42055617436820514 -0.0007142524412529821 0.6314640160990426 0.12072456846070838
85 0.16517451798046992 0.2796735076517968 0.16125387273624034 0.46661946055376124 0.9179120924358617 0.31217066203853927 0.16125387258862248 0.1612538723121323 0.19061132040145976 0.18970274853042485 0.15228409219520864 0.16125387241074518 0.18789348176286957 0.3490521291742218 0.3312710484599938 0.15938995638416967 0.2312388403154525 0.1748521533866965 0.22618478492031505 0.33127104866978574
112 0.16517451798046992 0.2796735076517968 0.16125387273624034 0.46661946055376124 0.9179120924358617 0.31217066203853927 0.16125387258862248 0.1612538723121323 0.19061132040145976 0.18970274853042485 0.15228409219520864 0.16125387241074518 0.18789348176286957 0.3490521291742218 0.3312710484599938 0.15938995638416967 0.2312388403154525 0.1748521533866965 0.22618478492031505 0.33127104866978574
135 0.026646226165718614 0.1843061886031369 0.2704926653077708 0.49995844854571353 0.3121706620385381 0.9550340451301123 0.270492665023443 0.27049266481396295 0.0505592866455655 0.12384566700465235 0.3783399769878485 0.27049266507894787 0.022399503397869204 0.0421862510522316 0.2739596751750695 -0.02833521503333796 0.07745866654092927 0.300587988548424 0.05076276264649729 0.273959675468686
2 0.42424083166132326 0.2854746527212937 -0.0006781258285994422 0.08399382656285888 0.19778968204857847 -0.021562630299890504 -0.0006781258674670875 -0.0006781257583349595 0.2680167461464543 0.40317068495858543 -0.007324849173895273 -0.000678125986400621 0.4456659124496772 0.4220883930281925 0.08869513107192407 0.6606425505076994 0.38570154938146944 0.0005201011569537371 0.6917638474373188 0.08869513084064097
11 0.4436776032456152 0.37018890768457025 0.09399491807648905 0.1754979346381098 0.189702748530421 0.12384566700464844 0.0939949179356905 0.09399491790421678 0.4517684732773661 0.6098172188077627 0.046018496266609525 0.09399491780942448 0.4307518942735164 0.338180749101496 0.14487598367663793 0.43270076523413714 0.43016712820257097 0.08644203963961718 0.49891765294284635 0.14487598335329574
147 0.182617946149229 0.2992710406442958 0.1538114942698554 0.5467479681569746 0.869933632081388 0.26962151065854656 0.15381149411256648 0.15381149393342705 0.18640418215242674 0.177040625115945 0.15986616358907907 0.15381149394640645 0.18398700710570184 0.37746231535437086 0.3153407612161728 0.15473172089772957 0.24666206215425285 0.23151259601990565 0.1964200365773861 0.31534076155763063
31 0.5502359546932778 0.30829801238144156 0.06316626932304548 0.08598662277004125 0.18789348176287152 0.022399503397890583 0.06316626920694057 0.06316626928183389 0.4867806173832613 0.4307518942735046 0.006121360250902914 0.06316626912074462 0.5614151635241084 0.35144956383848147 0.09271580428358783 0.5038924399733201 0.5032811414153888 0.06305357215566411 0.39169109408919184 0.09271580396516932
140 0.007390337952475694 0.12975307709145806 0.19023939829261557 0.4260080430631746 0.17948061934675785 0.5471664856818738 0.19023939809952095 0.19023939777597698 0.21259222387675758 0.4594340031580485 0.15138136291751977 0.19023939804030732 -0.03290803784801431 0.4955439107218252 0.5181472206073692 0.03448160955950635 0.028249628736138607 0.09880215586964683 0.28551018944626516 0.5181472209612991
79 0.009518537016607423 0.04052439159353738 0.09168312131503054 0.45972121504680347 0.15228409219520442 0.3783399769878488 0.09168312110724759 0.09168312109291125 0.037677262798425926 0.04601849626661425 1.0318609269725443 0.0916831210334949 0.006121360250892917 -0.004157227382218221 0.5047097209617792 -0.012907809164026092 0.021148636251491625 0.0920116726036437 0.009796924985729597 0.5047097215877732
98 0.06050430293596103 0.3132188746984174 0.5857146686138526 0.16993608743503755 0.16125387253520013 0.27049266506085634 0.5857146680161205 0.5857146681179121 0.14132367650253028 0.09399491790877919 0.09168312112949199 0.5857146684280263 0.0631662692553362 0.06751754644278196 0.07603094509818525 -0.015261665406726568 0.12979005978572547 0.5684376935885255 0.02039833526639478 0.07603094520796835
81 0.27352213065298486 0.30391629881619875 0.071082475487314 0.1537561156061904 0.3296839616173923 0.056919087064052964 0.0710824752933079 0.07108247531074176 0.3630271501222512 0.35766381061647917 0.0017635942945203435 0.0710824752759475 0.34354283077221115 0.9129353931239368 0.2671917439582012 0.28850722577196125 0.278353300099192 0.07260010581281391 0.3940047112334518 0.26719174419139435
139 0.007390337952475694 0.12975307709145806 0.19023939829261557 0.4260080430631746 0.17948061934675785 0.5471664856818738 0.19023939809952095 0.19023939777597698 0.21259222387675758 0.4594340031580485 0.15138136291751977 0.19023939804030732 -0.03290803784801431 0.4955439107218252 0.5181472206073692 0.03448160955950635 0.028249628736138607 0.09880215586964683 0.28551018944626516 0.5181472209612991
48 0.6342984058994968 0.06190949365699119 -0.010777107459143453 0.029395468238275876 0.1556815944151612 -0.01817968985037652 -0.01077710756043023 -0.010777107463263144 0.40738405203750716 0.3519760372356461 -0.021713356439188668 -0.010777107732213225 0.6222916858524683 0.41769721390677655 0.08975722490060178 0.6237614648194858 0.4256310796552799 0.0029010203830090206 0.3508541275177981 0.08975722456424778
88 0.06050430293596103 0.3132188746984174 0.5857146686138526 0.16993608743503755 0.16125387253520013 0.27049266506085634 0.5857146680161205 0.5857146681179121 0.14132367650253028 0.09399491790877919 0.09168312112949199 0.5857146684280263 0.0631662692553362 0.06751754644278196 0.07603094509818525 -0.015261665406726568 0.12979005978572547 0.5684376935885255 0.02039833526639478 0.07603094520796835
169 0.06101275602574462 0.3223710145902754 0.5684376940820389 0.16132589332675565 0.17485215338669907 0.3005879885484258 0.5684376934696153 0.5684376932706299 0.13979698440611016 0.08644203963961952 0.09201167260364486 0.5684376938165798 0.0630535721556436 0.06495490462233179 0.07352056239766185 -0.011196205047529561 0.13277045761406694 0.6167339952762679 0.01775072700641956 0.07352056221115769
65 0.28846836128262965 0.3889803911541148 0.16829963640170714 0.30115333583518095 0.9367756358228861 0.28269794717767066 0.16829963616773508 0.1682996360029851 0.15475161602694684 0.043108107004781175 0.08440759318752242 0.16829963595734335 0.17934001783392284 0.1985686972782896 0.08673655906061122 0.10997268859496528 0.3269236877298466 0.4967550079384462 0.16360482796487066 0.08673655943546363
197 -0.008982762818906842 0.0817518811582294 0.42322296223855405 0.4856023721820336 0.17245564800989183 0.7186959336460098 0.42322296192204434 0.4232229618300293 0.10223554776307273 0.28077336403676906 0.25058216884974455 0.42322296201211596 -0.07367421514781863 0.1373110371539701 0.27349969227086957 -0.02454435457981048 0.05598515122063971 0.25942268931888585 0.050569667178341576 0.273499692419828
55 0.5624730320118675 0.3283782874313295 0.11104746364757324 0.09442626244352668 0.21400219295777503 0.0781579856544197 0.1110474633793548 0.11104746351843528 0.584788474690367 0.40865048475394494 0.02914991554549116 0.11104746343051725 0.5227543522763259 0.2937054518224105 0.11053461958903965 0.3413905592445485 0.602482321998444 0.14018800278364285 0.26642161959218574 0.11053461928810007
144 0.03636058744458828 0.1852677560801619 0.2647373055477147 0.5746164406633711 0.2777443117703617 0.9043067074171468 0.264737305185981 0.26473730509443755 0.047137857986185014 0.11614315925690942 0.39165572283299943 0.26473730533592754 -0.002891401303951398 0.062469556005472694 0.25898405468370134 -0.018745175801596542 0.0995897808123289 0.36398010215035603 0.03480189992259083 0.2589840551915844
75 0.06050430293596103 0.3132188746984174 0.5857146686138526 0.16993608743503755 0.16125387253520013 0.27049266506085634 0.5857146680161205 0.5857146681179121 0.14132367650253028 0.09399491790877919 0.09168312112949199 0.5857146684280263 0.0631662692553362 0.06751754644278196 0.07603094509818525 -0.015261665406726568 0.12979005978572547 0.5684376935885255 0.02039833526639478 0.07603094520796835
78 0.05086088261753072 0.10591994536581807 0.08151053289813492 0.3839310826934244 0.33218998784968945 0.4160180116991425 0.08151053287750394 0.08151053264529752 0.10737177218912164 0.1736189522634884 0.39641040275061923 0.0815105326489382 0.10035458288062334 0.34587415330299387 0.7486009263454497 0.06515111948668967 0.12679600305550104 0.09032857632835943 0.1753779047461949 0.7486009268235269
1 0.5208188275803686 0.28735376171308885 0.028107446777736377 0.07253190159731406 0.21315704364296 -0.002167790903426815 0.028107446728911595 0.028107446768061702 0.34377347304846884 0.4018737591973201 -0.008598760942027965 0.0281074465272416 0.5339174797830384 0.3507213721808331 0.08491018578319684 0.6057163575481742 0.47705773409774865 0.03061931473336273 0.5421199369297122 0.0849101855092868
23 0.518803705567211 0.32114005047049665 0.02980286824680713 0.08023682291284431 0.19411445210373976 -0.0017974220056705878 0.02980286822361437 0.029802868342374816 0.32439786883570776 0.4123852594717064 -0.006724407847644301 0.02980286804083467 0.49178173349387294 0.2856539246638213 0.07799084503196342 0.6344019305938543 0.4573370550904902 0.0282486923084222 0.596559530116126 0.07799084464237009
113 0.16517451798046992 0.2796735076517968 0.16125387273624034 0.46661946055376124 0.9179120924358617 0.31217066203853927 0.16125387258862248 0.1612538723121323 0.19061132040145976 0.18970274853042485 0.15228409219520864 0.16125387241074518 0.18789348176286957 0.3490521291742218 0.3312710484599938 0.15938995638416967 0.2312388403154525 0.1748521533866965 0.22618478492031505 0.33127104866978574
189 0.2905626535970329 0.2723478288489281 0.06751754655604435 0.16418486122400455 0.34905212917422224 0.04218625105223287 0.06751754660296522 0.06751754637153949 0.32859607327021184 0.3381807491014998 -0.00415722738221452 0.06751754633423095 0.35144956383849674 0.9177732976731843 0.28753746881701037 0.29511987183002913 0.3132851374059562 0.06495490462232544 0.35998644450496897 0.28753746903981786
40 0.4720436703384813 0.1597734965215689 -0.02267020590381799 0.06798238531004464 0.17776189597746314 -0.029017589695465914 -0.022670205863564375 -0.022670205869188095 0.2911799428593162 0.40873245955467974 -0.01321968304922481 -0.02267020610882024 0.5058874767755623 0.43074019800467644 0.09397762376801057 0.695900856160901 0.3833908192030183 -0.015425724026483166 0.6071110964626699 0.0939776235752577
164 0.06101275602574462 0.3223710145902754 0.5684376940820389 0.16132589332675565 0.17485215338669907 0.3005879885484258 0.5684376934696153 0.5684376932706299 0.13979698440611016 0.08644203963961952 0.09201167260364486 0.5684376938165798 0.0630535721556436 0.06495490462233179 0.07352056239766185 -0.011196205047529561 0.13277045761406694 0.6167339952762679 0.01775072700641956 0.07352056221115769
184 0.009518537016607423 0.04052439159353738 0.09168312131503054 0.45972121504680347 0.15228409219520442 0.3783399769878488 0.09168312110724759 0.09168312109291125 0.037677262798425926 0.04601849626661425 1.0318609269725443 0.0916831210334949 0.006121360250892917 -0.004157227382218221 0.5047097209617792 -0.012907809164026092 0.021148636251491625 0.0920116726036437 0.009796924985729597 0.5047097215877732
41 0.3697918204572616 0.3375863000500584 0.021815441623379218 0.16467364453051966 0.2555570617674925 0.04566028855359499 0.02181544171341153 0.021815441640796303 0.17210504599887283 0.46074349676478643 0.0026149995526443233 0.02181544147280522 0.33914940545296685 0.31086524052471626 0.13177443264899344 0.6035129256296928 0.3718629603804942 0.008661691542124997 0.8122939232717924 0.13177443221890606
108 0.009518537016607423 0.04052439159353738 0.09168312131503054 0.45972121504680347 0.15228409219520442 0.3783399769878488 0.09168312110724759 0.09168312109291125 0.037677262798425926 0.04601849626661425 1.0318609269725443 0.0916831210334949 0.006121360250892917 -0.004157227382218221 0.5047097209617792 -0.012907809164026092 0.021148636251491625 0.0920116726036437 0.009796924985729597 0.5047097215877732
141 0.009518537016607423 0.04052439159353738 0.09168312131503054 0.45972121504680347 0.15228409219520442 0.3783399769878488 0.09168312110724759 0.09168312109291125 0.037677262798425926 0.04601849626661425 1.0318609269725443 0.0916831210334949 0.006121360250892917 -0.004157227382218221 0.5047097209617792 -0.012907809164026092 0.021148636251491625 0.0920116726036437 0.009796924985729597 0.5047097215877732
212 0.32938200076361746 0.17020098124713098 0.07174405152787225 0.5656042700745232 0.8188863851840671 0.008377088020206968 0.07174405152373609 0.07174405141211053 0.1292318399696319 0.1567786208825596 0.14946941632485 0.07174405110997231 0.10977185173690664 0.4447919712328944 0.43458717743404207 0.19524735570628665 0.21719697305842928 0.1232652124962713 0.14371505242464364 0.43458717722078
0 0.5388054575508475 0.35463388787904926 0.06218595718419951 0.08227971802947735 0.19748246593791538 0.03288337052763231 0.06218595704683505 0.06218595717242443 0.4245327490199915 0.43148553187426014 0.006372743783348639 0.06218595702471345 0.5258479098620583 0.3086983242675015 0.08761337422911883 0.5272403876541328 0.49809990647208674 0.0699764465782032 0.4858542088245196 0.08761337378510585
207 0.31195739801007655 0.4012640720253345 0.1631567726588876 0.3751647057713381 0.8552788268724381 0.22512606438920096 0.1631567723678711 0.16315677243954768 0.1580465241377991 0.02456460982664671 0.08993935466201952 0.16315677226670272 0.17475285440994737 0.2260306767421659 0.07595957163371261 0.10115133719830237 0.3331204202132085 0.5485383818791721 0.13869033603230133 0.07595957194733464
49 0.5737052154301019 0.33486631650331716 0.12374009076549333 0.09528322920267422 0.16377424275139496 0.06359486945159792 0.1237400905817407 0.12374009054383006 0.6426112150752672 0.44833479438519097 0.03670918446690397 0.12374009050666178 0.4934246494571484 0.2461030111185112 0.09785158561841273 0.35797293798311924 0.5529493020597763 0.11667823197682409 0.2661554438028148 0.09785158527655229
133 0.42429171219015477 0.10801000049767776 0.03970334008551314 0.18498034652605028 0.5118852784105226 -0.014171584747500134 0.03970334006245858 0.039703340036465244 0.15593768866748628 0.2069867286835874 -0.019771240489950624 0.03970333979323136 0.309809702480079 0.8388157736661364 0.37084688672388 0.29704091658985027 0.42473145581530625 0.05343999374965504 0.23444356073285927 0.3708468866420599
134 0.026646226165718614 0.1843061886031369 0.2704926653077708 0.49995844854571353 0.3121706620385381 0.9550340451301123 0.270492665023443 0.27049266481396295 0.0505592866455655 0.12384566700465235 0.3783399769878485 0.27049266507894787 0.022399503397869204 0.0421862510522316 0.2739596751750695 -0.02833521503333796 0.07745866654092927 0.300587988548424 0.05076276264649729 0.273959675468686
130 0.0017436736805069998 0.12635424283128108 0.14255865489295064 0.4476229432014913 0.2505572657119749 0.45761954403402255 0.14255865459911454 0.1425586545182247 0.1547134720133872 0.3163250971391636 0.27455326028715804 0.1425586547135897 0.04903001071187983 0.441469845549846 0.6736336228148203 0.06436722699590412 0.09316778775407669 0.07592981824250564 0.2077252462704107 0.6736336232929473
211 0.32938200076361746 0.17020098124713098 0.07174405152787225 0.5656042700745232 0.8188863851840671 0.008377088020206968 0.07174405152373609 0.07174405141211053 0.1292318399696319 0.1567786208825596 0.14946941632485 0.07174405110997231 0.10977185173690664 0.4447919712328944 0.43458717743404207 0.19524735570628665 0.21719697305842928 0.1232652124962713 0.14371505242464364 0.43458717722078
196 -0.008982762818906842 0.0817518811582294 0.42322296223855405 0.4856023721820336 0.17245564800989183 0.7186959336460098 0.42322296192204434 0.4232229618300293 0.10223554776307273 0.28077336403676906 0.25058216884974455 0.42322296201211596 -0.07367421514781863 0.1373110371539701 0.27349969227086957 -0.02454435457981048 0.05598515122063971 0.25942268931888585 0.050569667178341576 0.273499692419828
119 0.06322084286795635 0.33108001388729386 0.5474526647014571 0.1510613867514018 0.1901008509751744 0.33352482692641217 0.5474526641887935 0.5474526641124037 0.13783933991689903 0.07739521702815663 0.0931431045842484 0.5474526646026546 0.06264503514188409 0.061641403844581784 0.07076689412322187 -0.00819735680873308 0.1366279215811761 0.668570293874606 0.015546030002328425 0.07076689455577313
30 0.5936879664763612 0.18058080878725682 0.0038281066632338736 0.05359944551773433 0.15350794789855013 -0.011257081680275245 0.003828106571314225 0.003828106626006634 0.40737805449158465 0.40634517810669313 -0.011559975548536276 0.003828106379492208 0.5671609754515523 0.3028837677184087 0.07780699430925653 0.6519772264300505 0.4313734439203804 0.012639210157537672 0.46815360138128065 0.07780699387684994
96 0.06050430293596103 0.3132188746984174 0.5857146686138526 0.16993608743503755 0.16125387253520013 0.27049266506085634 0.5857146680161205 0.5857146681179121 0.14132367650253028 0.09399491790877919 0.09168312112949199 0.5857146684280263 0.0631662692553362 0.06751754644278196 0.07603094509818525 -0.015261665406726568 0.12979005978572547 0.5684376935885255 0.02039833526639478 0.07603094520796835
210 0.0829505155907233 0.19357809888186156 0.16993608770232171 0.8449669989405697 0.46661946055376124 0.49995844854571553 0.16993608741872981 0.16993608731875873 0.09333406946413614 0.1754979346381145 0.45972121504680696 0.1699360873386152 0.08598662277002887 0.16418486122400347 0.3911374481393148 0.07395452053886716 0.11929009752738014 0.16132589332675465 0.14685043225597413 0.39113744841461406
158 0.026646226165718614 0.1843061886031369 0.2704926653077708 0.49995844854571353 0.3121706620385381 0.9550340451301123 0.270492665023443 0.27049266481396295 0.0505592866455655 0.12384566700465235 0.3783399769878485 0.27049266507894787 0.022399503397869204 0.0421862510522316 0.2739596751750695 -0.02833521503333796 0.07745866654092927 0.300587988548424 0.05076276264649729 0.273959675468686
83 0.026646226165718614 0.1843061886031369 0.2704926653077708 0.49995844854571353 0.3121706620385381 0.9550340451301123 0.270492665023443 0.27049266481396295 0.0505592866455655 0.12384566700465235 0.3783399769878485 0.27049266507894787 0.022399503397869204 0.0421862510522316 0.2739596751750695 -0.02833521503333796 0.07745866654092927 0.300587988548424 0.05076276264649729 0.273959675468686
29 0.48154071873730403 0.4291784620350311 0.07402629166873037 0.09495879665592809 0.19591826872355453 0.02178602656923666 0.07402629153475218 0.07402629163234897 0.3992233939263309 0.4384894586750612 0.007367783205014491 0.07402629146965772 0.4865298136070761 0.34106495309108215 0.07955023448979101 0.5352328723223997 0.4513842106999734 0.06980115822437184 0.5474001593164146 0.07955023416345086
122 0.5648168913176441 0.07484392806730994 0.013844492888668805 0.015974285398107763 0.5316229438760599 -0.1351465218196503 0.013844493067943962 0.013844493105365039 0.07183131387238972 0.02909027920138759 -0.059532895003572395 0.013844492526022498 0.05793825773775161 0.9093746909569859 0.15790549161908143 0.35381979712908196 0.2982621265821977 -0.01779535166506698 0.24111950175598512 0.15790549069097667
127 0.06050430293596103 0.3132188746984174 0.5857146686138526 0.16993608743503755 0.16125387253520013 0.27049266506085634 0.5857146680161205 0.5857146681179121 0.14132367650253028 0.09399491790877919 0.09168312112949199 0.5857146684280263 0.0631662692553362 0.06751754644278196 0.07603094509818525 -0.015261665406726568 0.12979005978572547 0.5684376935885255 0.02039833526639478 0.07603094520796835
5 0.3705112297892122 0.4376269125595056 0.04937133077028155 0.15655886790109982 0.27412137910246526 0.04697420571058547 0.04937133064078179 0.04937133085335964 0.2210949584913153 0.4658742603723446 0.008190792290857951 0.04937133053059796 0.3325138903058016 0.3028450190698138 0.10558734135720091 0.5663222992550658 0.34923164002346385 0.036467849675936 0.789832028583803 0.10558734108465626
28 0.5305391091292543 0.10138954836347892 -0.023553583861822994 0.06251895334360301 0.14340493837242113 -0.02079751041916891 -0.023553583807979585 -0.023553583834828296 0.2949314915362677 0.39651542790584904 -0.01678208852335691 -0.02355358412221991 0.5428677904129029 0.422606036106363 0.10308949636363313 0.7005741854019617 0.4060919021757809 -0.01212829049779537 0.5325666224826351 0.10308949610894598
116 -0.01255376448017851 0.09227344086156032 0.40105470475835164 0.4718004783632091 0.20032302575844352 0.7770335363932398 0.40105470427633055 0.40105470423941353 0.10543076404539527 0.25911063794478156 0.2597048464449151 0.40105470440598223 -0.06540098731234825 0.1283720151367679 0.272005697264945 -0.01778939803317246 0.05661765840993581 0.2916144582918835 0.04975141921088256 0.27200569758912746
183 0.009518537016607423 0.04052439159353738 0.09168312131503054 0.45972121504680347 0.15228409219520442 0.3783399769878488 0.09168312110724759 0.09168312109291125 0.037677262798425926 0.04601849626661425 1.0318609269725443 0.0916831210334949 0.006121360250892917 -0.004157227382218221 0.5047097209617792 -0.012907809164026092 0.021148636251491625 0.0920116726036437 0.009796924985729597 0.5047097215877732
154 0.0017436736805069998 0.12635424283128108 0.14255865489295064 0.4476229432014913 0.2505572657119749 0.45761954403402255 0.14255865459911454 0.1425586545182247 0.1547134720133872 0.3163250971391636 0.27455326028715804 0.1425586547135897 0.04903001071187983 0.441469845549846 0.6736336228148203 0.06436722699590412 0.09316778775407669 0.07592981824250564 0.2077252462704107 0.6736336232929473
171 0.007390337952475694 0.12975307709145806 0.19023939829261557 0.4260080430631746 0.17948061934675785 0.5471664856818738 0.19023939809952095 0.19023939777597698 0.21259222387675758 0.4594340031580485 0.15138136291751977 0.19023939804030732 -0.03290803784801431 0.4955439107218252 0.5181472206073692 0.03448160955950635 0.028249628736138607 0.09880215586964683 0.28551018944626516 0.5181472209612991
217 0.009518537016607423 0.04052439159353738 0.09168312131503054 0.45972121504680347 0.15228409219520442 0.3783399769878488 0.09168312110724759 0.09168312109291125 0.037677262798425926 0.04601849626661425 1.0318609269725443 0.0916831210334949 0.006121360250892917 -0.004157227382218221 0.5047097209617792 -0.012907809164026092 0.021148636251491625 0.0920116726036437 0.009796924985729597 0.5047097215877732
117 -0.01255376448017851 0.09227344086156032 0.40105470475835164 0.4718004783632091 0.20032302575844352 0.7770335363932398 0.40105470427633055 0.40105470423941353 0.10543076404539527 0.25911063794478156 0.2597048464449151 0.40105470440598223 -0.06540098731234825 0.1283720151367679 0.272005697264945 -0.01778939803317246 0.05661765840993581 0.2916144582918835 0.04975141921088256 0.27200569758912746
124 0.06050430293596103 0.3132188746984174 0.5857146686138526 0.16993608743503755 0.16125387253520013 0.27049266506085634 0.5857146680161205 0.5857146681179121 0.14132367650253028 0.09399491790877919 0.09168312112949199 0.5857146684280263 0.0631662692553362 0.06751754644278196 0.07603094509818525 -0.015261665406726568 0.12979005978572547 0.5684376935885255 0.02039833526639478 0.07603094520796835
77 0.05086088261753072 0.10591994536581807 0.08151053289813492 0.3839310826934244 0.33218998784968945 0.4160180116991425 0.08151053287750394 0.08151053264529752 0.10737177218912164 0.1736189522634884 0.39641040275061923 0.0815105326489382 0.10035458288062334 0.34587415330299387 0.7486009263454497 0.06515111948668967 0.12679600305550104 0.09032857632835943 0.1753779047461949 0.7486009268235269
32 0.4634883749223579 0.2130600323224394 -0.004507309909699133 0.06440969136469758 0.21021166562221436 -0.017069948965247335 -0.004507310016454106 -0.004507309968695298 0.2880868365813763 0.37837976492391096 -0.010844372204808743 -0.004507310188626037 0.5161415442244768 0.5218393076321062 0.10400043463498557 0.6156854145271144 0.4201830815742754 0.0067305430062676724 0.5876273964910714 0.10400043457390871
94 0.32298016716002304 0.30236932961665836 0.016315215763752212 0.017490819285590712 0.37377517909013364 -0.10758649338214153 0.01631521577098876 0.016315215754350885 0.2659230726208775 0.12943021394239143 -0.0178952706555595 0.016315215558550998 0.2486085563312406 1.0598955449835386 0.10246489273417506 0.3314447897278328 0.20576382707144028 -0.0064785772947033235 0.4214054013935828 0.1024648926766629
60 0.42429171219015477 0.10801000049767776 0.03970334008551314 0.18498034652605028 0.5118852784105226 -0.014171584747500134 0.03970334006245858 0.039703340036465244 0.15593768866748628 0.2069867286835874 -0.019771240489950624 0.03970333979323136 0.309809702480079 0.8388157736661364 0.37084688672388 0.29704091658985027 0.42473145581530625 0.05343999374965504 0.23444356073285927 0.3708468866420599
175 0.06050430293596103 0.3132188746984174 0.5857146686138526 0.16993608743503755 0.16125387253520013 0.27049266506085634 0.5857146680161205 0.5857146681179121 0.14132367650253028 0.09399491790877919 0.09168312112949199 0.5857146684280263 0.0631662692553362 0.06751754644278196 0.07603094509818525 -0.015261665406726568 0.12979005978572547 0.5684376935885255 0.02039833526639478 0.07603094520796835
34 0.37145254832674324 0.3558618801891609 0.01912950551565661 0.09831160875299046 0.23976898954977005 -0.0013297053670243985 0.019129505437074385 0.01912950546722509 0.24530466090114164 0.3876629838607911 -0.004011689044465892 0.01912950527681037 0.41675579371307353 0.5241920281109332 0.107935966865092 0.5741804780853696 0.38071300472342057 0.023369896589604335 0.7119958898064999 0.10793596673540497
168 -0.008982762818906842 0.0817518811582294 0.42322296223855405 0.4856023721820336 0.17245564800989183 0.7186959336460098 0.42322296192204434 0.4232229618300293 0.10223554776307273 0.28077336403676906 0.25058216884974455 0.42322296201211596 -0.07367421514781863 0.1373110371539701 0.27349969227086957 -0.02454435457981048 0.05598515122063971 0.25942268931888585 0.050569667178341576 0.273499692419828
172 0.009518537016607423 0.04052439159353738 0.09168312131503054 0.45972121504680347 0.15228409219520442 0.3783399769878488 0.09168312110724759 0.09168312109291125 0.037677262798425926 0.04601849626661425 1.0318609269725443 0.0916831210334949 0.006121360250892917 -0.004157227382218221 0.5047097209617792 -0.012907809164026092 0.021148636251491625 0.0920116726036437 0.009796924985729597 0.5047097215877732
128 0.06050430293596103 0.3132188746984174 0.5857146686138526 0.16993608743503755 0.16125387253520013 0.27049266506085634 0.5857146680161205 0.5857146681179121 0.14132367650253028 0.09399491790877919 0.09168312112949199 0.5857146684280263 0.0631662692553362 0.06751754644278196 0.07603094509818525 -0.015261665406726568 0.12979005978572547 0.5684376935885255 0.02039833526639478 0.07603094520796835
21 0.33573385263870037 0.5467644222213651 0.18149009699144508 0.13547972259319424 0.26219010547677674 0.030502464833490006 0.18149009654944093 0.18149009677085984 0.5529072015922745 0.4355349680504574 0.02367261703959432 0.1814900966559546 0.435327944233269 0.48317906565601 0.08333157752268815 0.3385929361698593 0.37073651228914584 0.16555111364152109 0.39208370530022774 0.08333157740665759
73 0.06050430293596103 0.3132188746984174 0.5857146686138526 0.16993608743503755 0.16125387253520013 0.27049266506085634 0.5857146680161205 0.5857146681179121 0.14132367650253028 0.09399491790877919 0.09168312112949199 0.5857146684280263 0.0631662692553362 0.06751754644278196 0.07603094509818525 -0.015261665406726568 0.12979005978572547 0.5684376935885255 0.02039833526639478 0.07603094520796835
39 0.3897510285706324 0.3240439044938525 0.02039833538180925 0.14685043225597494 0.22618478492031527 0.05076276264650207 0.02039833527913633 0.020398335243928836 0.25821778959193376 0.498917652942847 0.009796924985731984 0.020398335126097157 0.39169109408921626 0.3599864445049649 0.1279505272541209 0.5899214488126884 0.3677296121104937 0.017750727006417645 0.742381519111558 0.12795052709467497
155 0.009518537016607423 0.04052439159353738 0.09168312131503054 0.45972121504680347 0.15228409219520442 0.3783399769878488 0.09168312110724759 0.09168312109291125 0.037677262798425926 0.04601849626661425 1.0318609269725443 0.0916831210334949 0.006121360250892917 -0.004157227382218221 0.5047097209617792 -0.012907809164026092 0.021148636251491625 0.0920116726036437 0.009796924985729597 0.5047097215877732
186 0.0881138143313811 0.09679736965661714 0.07603094552177936 0.39113744829659586 0.33127104849449984 0.27395967533162624 0.07603094552177936 0.07603094517253339 0.09128878143790842 0.14487598351339198 0.5047097212906522 0.07603094528894871 0.09271580419589287 0.28753746893739496 0.7771393118600827 0.07846079550389068 0.10396226533358355 0.07352056210778973 0.1279505272602248 0.7771393123039161
136 0.16517451798046992 0.2796735076517968 0.16125387273624034 0.46661946055376124 0.9179120924358617 0.31217066203853927 0.16125387258862248 0.1612538723121323 0.19061132040145976 0.18970274853042485 0.15228409219520864 0.16125387241074518 0.18789348176286957 0.3490521291742218 0.3312710484599938 0.15938995638416967 0.2312388403154525 0.1748521533866965 0.22618478492031505 0.33127104866978574
194 0.28846836128262965 0.3889803911541148 0.16829963640170714 0.30115333583518095 0.9367756358228861 0.28269794717767066 0.16829963616773508 0.1682996360029851 0.15475161602694684 0.043108107004781175 0.08440759318752242 0.16829963595734335 0.17934001783392284 0.1985686972782896 0.08673655906061122 0.10997268859496528 0.3269236877298466 0.4967550079384462 0.16360482796487066 0.08673655943546363
149 -0.004453567474562226 0.13016069594143348 0.16717829752639765 0.44926242501890506 0.21490729900006986 0.4989398207895997 0.1671782974738104 0.1671782973628702 0.18105545701939424 0.3849632821139268 0.21107800518586817 0.16717829738430667 0.014711073041610869 0.47524184676077647 0.6091561070448746 0.053602226587811774 0.06849247836711912 0.08172659833461278 0.2399866111938273 0.6091561074014246
120 0.06322084286795635 0.33108001388729386 0.5474526647014571 0.1510613867514018 0.1901008509751744 0.33352482692641217 0.5474526641887935 0.5474526641124037 0.13783933991689903 0.07739521702815663 0.0931431045842484 0.5474526646026546 0.06264503514188409 0.061641403844581784 0.07076689412322187 -0.00819735680873308 0.1366279215811761 0.668570293874606 0.015546030002328425 0.07076689455577313
148 0.31195739801007655 0.4012640720253345 0.1631567726588876 0.3751647057713381 0.8552788268724381 0.22512606438920096 0.1631567723678711 0.16315677243954768 0.1580465241377991 0.02456460982664671 0.08993935466201952 0.16315677226670272 0.17475285440994737 0.2260306767421659 0.07595957163371261 0.10115133719830237 0.3331204202132085 0.5485383818791721 0.13869033603230133 0.07595957194733464
205 0.3113103062633342 0.1507202049195169 0.07815388230328356 0.5005274563078717 0.8650666396026552 0.03904052256085988 0.07815388235137213 0.07815388214962801 0.13184090386131256 0.16606635356168042 0.14303109768644676 0.07815388198795296 0.11147121792017173 0.42055262603889404 0.45241483496052515 0.202837087256538 0.2066705620748616 0.08075605088348907 0.16927243023109592 0.4524148346723613
163 0.5127402467819304 0.09525584660667533 0.011161207274982285 0.0280619681970754 0.4899232622581337 -0.10821060359571273 0.01116120738886298 0.011161207277381293 0.08523178690072154 0.038494620382926774 -0.05498058589564383 0.011161206850374902 0.1266932268044386 0.9741747882464833 0.19817890811405864 0.3331893277296178 0.30930263963726706 -0.003066719985406451 0.2908464756011877 0.19817890750772138
12 0.5269120971844408 0.15261797112637657 -0.02346749249519488 0.04312998207666965 0.1463260866725821 -0.04756215471408982 -0.023467492465413686 -0.023467492462718273 0.3591031322156955 0.37975857791915524 -0.018479820828479238 -0.0234674927682438 0.5551071584961382 0.40368289115127953 0.06359575190553923 0.7142823226562285 0.36578106689677986 -0.017468487950589476 0.5230520536325386 0.06359575155241194
166 -0.008982762818906842 0.0817518811582294 0.42322296223855405 0.4856023721820336 0.17245564800989183 0.7186959336460098 0.42322296192204434 0.4232229618300293 0.10223554776307273 0.28077336403676906 0.25058216884974455 0.42322296201211596 -0.07367421514781863 0.1373110371539701 0.27349969227086957 -0.02454435457981048 0.05598515122063971 0.25942268931888585 0.050569667178341576 0.273499692419828
118 -0.01255376448017851 0.09227344086156032 0.40105470475835164 0.4718004783632091 0.20032302575844352 0.7770335363932398 0.40105470427633055 0.40105470423941353 0.10543076404539527 0.25911063794478156 0.2597048464449151 0.40105470440598223 -0.06540098731234825 0.1283720151367679 0.272005697264945 -0.01778939803317246 0.05661765840993581 0.2916144582918835 0.04975141921088256 0.27200569758912746
25 0.58192377965625 0.296317114021476 0.060504303024724274 0.08295051559069726 0.1651745179804449 0.02664622616568956 0.060504302891417526 0.060504302956197194 0.5077785906052215 0.44367760324559197 0.009518537016587387 0.060504302835960935 0.5502359546933533 0.29056265359702144 0.08811381455828732 0.5159793467608372 0.4946588691855456 0.06101275602572018 0.3897510285706584 0.08811381410929713
114 0.28846836128262965 0.3889803911541148 0.16829963640170714 0.30115333583518095 0.9367756358228861 0.28269794717767066 0.16829963616773508 0.1682996360029851 0.15475161602694684 0.043108107004781175 0.08440759318752242 0.16829963595734335 0.17934001783392284 0.1985686972782896 0.08673655906061122 0.10997268859496528 0.3269236877298466 0.4967550079384462 0.16360482796487066 0.08673655943546363
143 0.28335210579566666 0.19611509707297936 0.06382596685972701 0.22637921748160683 0.3375231724942271 0.10182469048918107 0.06382596684369447 0.06382596655829786 0.2677937596998979 0.3599039927488176 0.016167314591657503 0.06382596656301526 0.30905681730705004 0.8697160773008165 0.41601917054877663 0.26003156707894254 0.34184822244326396 0.0764325940454006 0.3133259509591694 0.4160191707911489
191 0.026646226165718614 0.1843061886031369 0.2704926653077708 0.49995844854571353 0.3121706620385381 0.9550340451301123 0.270492665023443 0.27049266481396295 0.0505592866455655 0.12384566700465235 0.3783399769878485 0.27049266507894787 0.022399503397869204 0.0421862510522316 0.2739596751750695 -0.02833521503333796 0.07745866654092927 0.300587988548424 0.05076276264649729 0.273959675468686
192 0.16517451798046992 0.2796735076517968 0.16125387273624034 0.46661946055376124 0.9179120924358617 0.31217066203853927 0.16125387258862248 0.1612538723121323 0.19061132040145976 0.18970274853042485 0.15228409219520864 0.16125387241074518 0.18789348176286957 0.3490521291742218 0.3312710484599938 0.15938995638416967 0.2312388403154525 0.1748521533866965 0.22618478492031505 0.33127104866978574
35 0.5223695196083569 0.4245644233906548 0.12409916020638093 0.11318158632280949 0.21358499408135787 0.08137806039510759 0.12409915996244497 0.12409915998889579 0.4996546233624587 0.43352206743241495 0.02409082340730885 0.12409915998033141 0.5005466278095985 0.28100245526664974 0.10238246099584936 0.38219083494403777 0.5781455588572633 0.13270619786983884 0.365500848402344 0.10238246070748536
173 0.009518537016607423 0.04052439159353738 0.09168312131503054 0.45972121504680347 0.15228409219520442 0.3783399769878488 0.09168312110724759 0.09168312109291125 0.037677262798425926 0.04601849626661425 1.0318609269725443 0.0916831210334949 0.006121360250892917 -0.004157227382218221 0.5047097209617792 -0.012907809164026092 0.021148636251491625 0.0920116726036437 0.009796924985729597 0.5047097215877732
92 0.06050430293596103 0.3132188746984174 0.5857146686138526 0.16993608743503755 0.16125387253520013 0.27049266506085634 0.5857146680161205 0.5857146681179121 0.14132367650253028 0.09399491790877919 0.09168312112949199 0.5857146684280263 0.0631662692553362 0.06751754644278196 0.07603094509818525 -0.015261665406726568 0.12979005978572547 0.5684376935885255 0.02039833526639478 0.07603094520796835
165 0.06101275602574462 0.3223710145902754 0.5684376940820389 0.16132589332675565 0.17485215338669907 0.3005879885484258 0.5684376934696153 0.5684376932706299 0.13979698440611016 0.08644203963961952 0.09201167260364486 0.5684376938165798 0.0630535721556436 0.06495490462233179 0.07352056239766185 -0.011196205047529561 0.13277045761406694 0.6167339952762679 0.01775072700641956 0.07352056221115769
22 0.5393076835574355 0.31281933982642074 0.06762941518228434 0.08376888939804908 0.19078503291949625 0.016602062262045893 0.06762941512219385 0.06762941509791404 0.5486254006178797 0.4482376907666358 0.010705657784752775 0.06762941493271489 0.558561514502554 0.3610351469756583 0.08493482597143207 0.48676580278916626 0.4632027898939552 0.06784117653499036 0.3664044394245791 0.08493482578586066
220 0.009518537016607423 0.04052439159353738 0.09168312131503054 0.45972121504680347 0.15228409219520442 0.3783399769878488 0.09168312110724759 0.09168312109291125 0.037677262798425926 0.04601849626661425 1.0318609269725443 0.0916831210334949 0.006121360250892917 -0.004157227382218221 0.5047097209617792 -0.012907809164026092 0.021148636251491625 0.0920116726036437 0.009796924985729597 0.5047097215877732
89 0.06050430293596103 0.3132188746984174 0.5857146686138526 0.16993608743503755 0.16125387253520013 0.27049266506085634 0.5857146680161205 0.5857146681179121 0.14132367650253028 0.09399491790877919 0.09168312112949199 0.5857146684280263 0.0631662692553362 0.06751754644278196 0.07603094509818525 -0.015261665406726568 0.12979005978572547 0.5684376935885255 0.02039833526639478 0.07603094520796835
9 0.5037621560115081 0.13439721531069704 -0.022880399937026084 0.09301512031235282 0.14725966671847257 -0.011794091465060315 -0.02288039998101006 -0.022880399883510386 0.2929652955126722 0.45937618818987647 -0.00896232441205993 -0.022880400229521265 0.48844141499118265 0.30100356308540893 0.10263144240233457 0.729977539643539 0.3797999242367738 -0.014186396636709325 0.6081096605557007 0.10263144203945249
90 0.06050430293596103 0.3132188746984174 0.5857146686138526 0.16993608743503755 0.16125387253520013 0.27049266506085634 0.5857146680161205 0.5857146681179121 0.14132367650253028 0.09399491790877919 0.09168312112949199 0.5857146684280263 0.0631662692553362 0.06751754644278196 0.07603094509818525 -0.015261665406726568 0.12979005978572547 0.5684376935885255 0.02039833526639478 0.07603094520796835
52 0.5607777885057338 0.27507626432298526 0.06111559619379004 0.06902422576152492 0.19865499282473167 0.021457425377046986 0.06111559598772496 0.06111559595331179 0.5748224862148893 0.42577887434244577 0.011979718361386735 0.06111559594003082 0.5747149407286775 0.3889223753848109 0.08951982713911427 0.4537322603148727 0.4687862613540924 0.08366383266410826 0.32514631812272243 0.08951982689837704
7 0.5485444701630516 0.19328358737206278 0.00777769989768181 0.08810084287865448 0.16541302234976607 0.016099425687971902 0.007777699896482682 0.007777699935601202 0.3839447243901685 0.4781134271544129 0.0020941393052008287 0.007777699705435188 0.5333228329272949 0.3096942218875355 0.10422203166442684 0.6340515256152259 0.42861065646314894 0.014388468695027046 0.511409969308391 0.1042220312770395
111 0.026646226165718614 0.1843061886031369 0.2704926653077708 0.49995844854571353 0.3121706620385381 0.9550340451301123 0.270492665023443 0.27049266481396295 0.0505592866455655 0.12384566700465235 0.3783399769878485 0.27049266507894787 0.022399503397869204 0.0421862510522316 0.2739596751750695 -0.02833521503333796 0.07745866654092927 0.300587988548424 0.05076276264649729 0.273959675468686
152 0.009518537016607423 0.04052439159353738 0.09168312131503054 0.45972121504680347 0.15228409219520442 0.3783399769878488 0.09168312110724759 0.09168312109291125 0.037677262798425926 0.04601849626661425 1.0318609269725443 0.0916831210334949 0.006121360250892917 -0.004157227382218221 0.5047097209617792 -0.012907809164026092 0.021148636251491625 0.0920116726036437 0.009796924985729597 0.5047097215877732
37 0.5448555500205673 0.1948209877368045 0.0635380436284303 0.13919055483157908 0.1993232269510508 0.12001843063911265 0.06353804356114999 0.06353804344305271 0.46384507277988596 0.545973885616233 0.04581212286011469 0.06353804342263875 0.5109650584549332 0.35136579164465254 0.18979083473224043 0.4050301143672642 0.5680080282357857 0.07962755722815847 0.31978252849519967 0.18979083457826063
42 0.5337837041250887 0.17355588360338364 0.0345147394287101 0.15829236226330576 0.15788670645743846 0.11618994879916668 0.03451473935117768 0.03451473931689705 0.40655516549200343 0.6333051554732361 0.05026237690322063 0.03451473915580125 0.47507378070031414 0.27026078432056744 0.17242441305403108 0.5061635853459657 0.4660488237075376 0.042406244942352456 0.45548018841044374 0.17242441272225703
104 0.009518537016607423 0.04052439159353738 0.09168312131503054 0.45972121504680347 0.15228409219520442 0.3783399769878488 0.09168312110724759 0.09168312109291125 0.037677262798425926 0.04601849626661425 1.0318609269725443 0.0916831210334949 0.006121360250892917 -0.004157227382218221 0.5047097209617792 -0.012907809164026092 0.021148636251491625 0.0920116726036437 0.009796924985729597 0.5047097215877732
97 0.06050430293596103 0.3132188746984174 0.5857146686138526 0.16993608743503755 0.16125387253520013 0.27049266506085634 0.5857146680161205 0.5857146681179121 0.14132367650253028 0.09399491790877919 0.09168312112949199 0.5857146684280263 0.0631662692553362 0.06751754644278196 0.07603094509818525 -0.015261665406726568 0.12979005978572547 0.5684376935885255 0.02039833526639478 0.07603094520796835
26 0.5999220952689883 0.23944805258250082 0.05181224473212971 0.07440748671704242 0.1983482851251126 0.029988566883272755 0.051812244674119524 0.05181224465483984 0.507731634079428 0.4091290331640392 0.005502101306715854 0.05181224452589265 0.5831364529589249 0.3348215693966111 0.10003021514896748 0.48027391636497446 0.5300762680017264 0.0707634662772487 0.3323033098138194 0.10003021485913982
150 -0.004453567474562226 0.13016069594143348 0.16717829752639765 0.44926242501890506 0.21490729900006986 0.4989398207895997 0.1671782974738104 0.1671782973628702 0.18105545701939424 0.3849632821139268 0.21107800518586817 0.16717829738430667 0.014711073041610869 0.47524184676077647 0.6091561070448746 0.053602226587811774 0.06849247836711912 0.08172659833461278 0.2399866111938273 0.6091561074014246
