id,x_0,x_1,x_2,x_3,x_4,x_5,x_6,x_7,x_8,x_9,x_10,x_11,x_12,x_13,x_14,x_15,x_16
0.0,0.09058974244164505,0.38265929190432424,0.43499367540835554,2.220446049250313e-16,2.220446049250313e-16,8.326672684688674e-17,0.37585343064318194,2.220446049250313e-16,0.47051842509359854,0.5092070213818501,0.02523773118274644,1.3877787807814457e-16,2.220446049250313e-16,2.220446049250313e-16,0.08839829283573744,0.21902814314589716,2.220446049250313e-16
1.0,2.220446049250313e-16,0.3826592919043242,0.4426216450709306,2.220446049250313e-16,2.220446049250313e-16,2.220446049250313e-16,2.220446049250313e-16,0.07186639502085362,0.5586268056747403,2.220446049250313e-16,0.4833008998534976,2.220446049250313e-16,0.05293359586469961,0.22728790788756026,2.220446049250313e-16,0.10814413230699095,2.220446049250313e-16
2.0,2.220446049250313e-16,2.220446049250313e-16,0.05169003651149512,0.37820009099701124,0.4763421174376523,2.220446049250313e-16,2.220446049250313e-16,2.220446049250313e-16,0.0038378286674226607,2.220446049250313e-16,2.220446049250313e-16,0.4078897721676775,0.06954835188024522,2.220446049250313e-16,0.5859068351928469,0.1273610436437443,0.39422462212980786
3.0,2.220446049250313e-16,0.38265929190432413,0.4420772812693216,2.220446049250313e-16,2.220446049250313e-16,2.220446049250313e-16,0.375853430643182,0.07044158974833348,0.5574871978331046,2.220446049250313e-16,0.1084760761351414,2.220446049250313e-16,0.5764859343793185,2.220446049250313e-16,0.07554586525196391,0.11590233392150878,2.220446049250313e-16
4.0,0.37126288829835946,2.220446049250313e-16,0.4440533342118974,2.220446049250313e-16,2.220446049250313e-16,2.220446049250313e-16,0.375853430643182,0.07085384599005033,0.5579672988402237,2.220446049250313e-16,2.220446049250313e-16,2.220446049250313e-16,0.42085280389279367,2.220446049250313e-16,0.3712042217818592,0.08784994211215785,2.220446049250313e-16
5.0,2.220446049250313e-16,2.220446049250313e-16,2.220446049250313e-16,2.220446049250313e-16,2.220446049250313e-16,0.3819254623436731,0.37585343064318183,0.5146052281583402,0.19047738741259462,2.220446049250313e-16,2.220446049250313e-16,2.220446049250313e-16,0.4154955365936168,2.220446049250313e-16,0.3744516682089157,2.220446049250313e-16,2.220446049250313e-16
6.0,2.220446049250313e-16,2.220446049250313e-16,2.220446049250313e-16,0.025444930871286818,2.220446049250313e-16,0.0025416427123673424,2.220446049250313e-16,0.6049632477706102,0.509993939543363,0.6247034178509555,2.220446049250313e-16,2.220446049250313e-16,2.220446049250313e-16,2.220446049250313e-16,0.025901950196322007,0.016165486533802773,2.220446049250313e-16
7.0,2.220446049250313e-16,2.220446049250313e-16,2.220446049250313e-16,2.220446049250313e-16,2.220446049250313e-16,0.5531727216807243,0.3758534306431819,0.5382575223082746,2.220446049250313e-16,0.16675096941130738,2.220446049250313e-16,2.220446049250313e-16,0.4589751255188121,0.0013668481461513486,0.07086270036325029,2.220446049250313e-16,2.220446049250313e-16
8.0,2.220446049250313e-16,2.220446049250313e-16,2.220446049250313e-16,2.220446049250313e-16,2.220446049250313e-16,0.0023296225499520105,0.3758534306431817,0.6128127296404438,0.5094190617773726,0.49426299039229443,2.220446049250313e-16,2.220446049250313e-16,2.220446049250313e-16,2.220446049250313e-16,0.09680142205015618,2.220446049250313e-16,2.220446049250313e-16
9.0,2.220446049250313e-16,2.220446049250313e-16,2.220446049250313e-16,2.220446049250313e-16,2.220446049250313e-16,0.0023296225499520105,0.3758534306431817,0.6128127296404438,0.5094190617773726,0.49426299039229443,2.220446049250313e-16,2.220446049250313e-16,2.220446049250313e-16,2.220446049250313e-16,0.09680142205015618,2.220446049250313e-16,2.220446049250313e-16
10.0,2.220446049250313e-16,2.220446049250313e-16,2.220446049250313e-16,0.014139167152372633,2.220446049250313e-16,0.5537620379608058,2.220446049250313e-16,0.5164441043098017,2.220446049250313e-16,0.5536050118938174,2.220446049250313e-16,0.4078897721676775,2.220446049250313e-16,0.0013594987103780563,2.220446049250313e-16,2.220446049250313e-16,2.220446049250313e-16
11.0,2.220446049250313e-16,2.220446049250313e-16,2.220446049250313e-16,2.220446049250313e-16,2.220446049250313e-16,0.5536770449227582,0.3758534306431816,0.519590103713795,2.220446049250313e-16,0.5010178977925183,2.220446049250313e-16,2.220446049250313e-16,2.220446049250313e-16,0.001360558669003812,0.0957952082801457,2.220446049250313e-16,2.220446049250313e-16
12.0,0.3806525193113055,2.220446049250313e-16,0.38960951335317134,2.220446049250313e-16,2.220446049250313e-16,2.220446049250313e-16,0.37585343064318144,0.24982390228724033,0.5395753607048197,0.5205651449573885,2.220446049250313e-16,2.220446049250313e-16,2.220446049250313e-16,2.220446049250313e-16,0.09288344234499235,2.220446049250313e-16,2.220446049250313e-16
13.0,2.220446049250313e-16,2.220446049250313e-16,0.3896092891639674,0.0043177307987741775,2.220446049250313e-16,2.220446049250313e-16,2.220446049250313e-16,0.2479174554586259,0.5396810517469776,2.220446049250313e-16,0.6515124604892211,1.0408340855860843e-16,0.023966682203936038,0.21666188572110467,2.220446049250313e-16,2.220446049250313e-16,2.220446049250313e-16
14.0,0.3696612514749514,1.1102230246251565e-16,0.053417955127188034,0.1724254551471089,0.4871295079438911,2.220446049250313e-16,2.220446049250313e-16,2.220446049250313e-16,0.004133350979352447,0.2754109024436854,2.220446049250313e-16,0.40788977216767763,2.220446049250313e-16,2.168404344971009e-19,0.3966794900579465,0.1028349507911041,0.39422462212980786
15.0,2.220446049250313e-16,2.220446049250313e-16,0.05036965173003888,2.220446049250313e-16,2.220446049250313e-16,0.007209964630155219,0.37585343064318255,0.4321310612520744,0.5277286408242358,2.220446049250313e-16,2.220446049250313e-16,2.220446049250313e-16,0.4196962190410538,2.220446049250313e-16,0.3701724560178465,0.13032822767247587,2.220446049250313e-16
16.0,2.220446049250313e-16,0.3826592919043242,0.38960951335317123,2.220446049250313e-16,2.220446049250313e-16,2.220446049250313e-16,2.220446049250313e-16,0.24982390228724016,0.5395753607048199,0.5205651449573885,2.220446049250313e-16,0.40788977216767747,2.220446049250313e-16,2.220446049250313e-16,0.0928834423449921,2.220446049250313e-16,2.220446049250313e-16
17.0,2.220446049250313e-16,2.220446049250313e-16,2.220446049250313e-16,2.220446049250313e-16,2.220446049250313e-16,0.0023296225499520105,0.3758534306431817,0.6128127296404438,0.5094190617773726,0.49426299039229443,2.220446049250313e-16,2.220446049250313e-16,2.220446049250313e-16,2.220446049250313e-16,0.09680142205015618,2.220446049250313e-16,2.220446049250313e-16
18.0,2.220446049250313e-16,2.220446049250313e-16,0.3896412021140013,2.220446049250313e-16,2.220446049250313e-16,2.220446049250313e-16,0.37585343064318144,0.42623524010399033,0.5246361125120085,0.5077823871294835,2.220446049250313e-16,2.220446049250313e-16,2.220446049250313e-16,2.220446049250313e-16,0.09478756718091819,2.220446049250313e-16,2.220446049250313e-16
19.0,2.220446049250313e-16,2.220446049250313e-16,2.220446049250313e-16,2.220446049250313e-16,2.220446049250313e-16,0.19150570810860226,0.3758534306431821,0.6303505975613296,0.27437971483106777,2.220446049250313e-16,2.220446049250313e-16,2.220446049250313e-16,0.4191400268140913,2.220446049250313e-16,0.3739279198632437,2.220446049250313e-16,2.220446049250313e-16
20.0,2.220446049250313e-16,2.220446049250313e-16,2.220446049250313e-16,0.014139167152372633,2.220446049250313e-16,0.5537620379608058,2.220446049250313e-16,0.5164441043098017,2.220446049250313e-16,0.5536050118938174,2.220446049250313e-16,0.4078897721676775,2.220446049250313e-16,0.0013594987103780563,2.220446049250313e-16,2.220446049250313e-16,2.220446049250313e-16
21.0,2.220446049250313e-16,2.220446049250313e-16,2.220446049250313e-16,2.220446049250313e-16,2.220446049250313e-16,0.5535426790758983,0.3758534306431819,0.524563627238146,2.220446049250313e-16,2.220446049250313e-16,2.220446049250313e-16,2.220446049250313e-16,0.41602362945138155,0.0013622343619974664,0.37437577617906104,2.220446049250313e-16,2.220446049250313e-16
22.0,0.38065251931130556,2.220446049250313e-16,2.220446049250313e-16,2.220446049250313e-16,2.220446049250313e-16,0.006951653697410992,0.3758534306431816,0.441694335613611,0.5229349701945021,2.220446049250313e-16,2.220446049250313e-16,2.220446049250313e-16,0.4191413042626997,2.220446049250313e-16,0.3739277362815751,2.220446049250313e-16,2.220446049250313e-16
23.0,2.220446049250313e-16,2.220446049250313e-16,2.220446049250313e-16,2.220446049250313e-16,2.220446049250313e-16,0.0022034370580777322,0.37585343064318166,0.6174844114249487,0.5080498844494835,2.220446049250313e-16,2.220446049250313e-16,2.220446049250313e-16,0.4184947363891047,2.220446049250313e-16,0.37402065431226644,2.220446049250313e-16,2.220446049250313e-16
24.0,2.220446049250313e-16,2.220446049250313e-16,0.05169003651149512,0.37820009099701124,0.4763421174376523,2.220446049250313e-16,2.220446049250313e-16,2.220446049250313e-16,0.0038378286674226607,2.220446049250313e-16,2.220446049250313e-16,0.4078897721676775,0.06954835188024522,2.220446049250313e-16,0.5859068351928469,0.1273610436437443,0.39422462212980786
25.0,2.220446049250313e-16,2.220446049250313e-16,2.220446049250313e-16,0.4039210897141193,2.220446049250313e-16,2.220446049250313e-16,2.220446049250313e-16,2.220446049250313e-16,0.4675351477662354,2.220446049250313e-16,0.6051862226257506,2.220446049250313e-16,0.028677157863132016,0.21958834112384487,2.220446049250313e-16,2.220446049250313e-16,0.39422462212980786
26.0,2.220446049250313e-16,2.220446049250313e-16,2.220446049250313e-16,0.4130991426099372,2.220446049250313e-16,2.220446049250313e-16,0.37585343064318205,2.220446049250313e-16,0.4667534108653645,2.220446049250313e-16,0.5011967686023596,2.220446049250313e-16,0.3647143989527929,2.220446049250313e-16,2.220446049250313e-16,2.220446049250313e-16,0.39422462212980786
27.0,2.220446049250313e-16,2.220446049250313e-16,0.4423289604629809,2.220446049250313e-16,2.220446049250313e-16,2.220446049250313e-16,0.375853430643182,0.24650829902206348,0.5429575432890587,2.220446049250313e-16,2.220446049250313e-16,2.220446049250313e-16,0.42030878260276516,2.220446049250313e-16,0.37057964385435765,0.11276859250045244,2.220446049250313e-16
28.0,2.220446049250313e-16,2.220446049250313e-16,0.4424733891386731,2.220446049250313e-16,2.7755575615628914e-17,2.220446049250313e-16,2.220446049250313e-16,0.24189694344217896,0.5443372365081592,0.49339217667088536,2.220446049250313e-16,0.4078897721676775,2.220446049250313e-16,2.220446049250313e-16,0.0938097893782511,0.11067778926648793,2.220446049250313e-16
29.0,2.220446049250313e-16,2.220446049250313e-16,2.220446049250313e-16,0.01434760465753052,2.220446049250313e-16,0.0024154138171924577,2.220446049250313e-16,0.609636536446714,0.509687041903514,0.5469761494719417,2.220446049250313e-16,0.4078897721676774,0.0004265554156036386,2.220446049250313e-16,2.220446049250313e-16,2.220446049250313e-16,2.220446049250313e-16
30.0,2.220446049250313e-16,2.220446049250313e-16,0.4423289604629809,2.220446049250313e-16,2.220446049250313e-16,2.220446049250313e-16,0.375853430643182,0.24650829902206348,0.5429575432890587,2.220446049250313e-16,2.220446049250313e-16,2.220446049250313e-16,0.42030878260276516,2.220446049250313e-16,0.37057964385435765,0.11276859250045244,2.220446049250313e-16
31.0,2.220446049250313e-16,0.3826592919043242,0.38961339537463147,2.220446049250313e-16,2.220446049250313e-16,2.220446049250313e-16,0.37585343064318216,0.255648598648574,0.5377452329066778,2.220446049250313e-16,0.11242957683102933,2.220446049250313e-16,0.5746640296927641,2.220446049250313e-16,0.07907638323216047,2.220446049250313e-16,2.220446049250313e-16
32.0,0.4743344783236687,1.942890293094024e-16,0.43738805883882104,2.220446049250313e-16,0.25050007474494196,2.220446049250313e-16,2.220446049250313e-16,2.220446049250313e-16,0.23564162491618085,0.2805837921803133,0.016455765718878437,0.4078897721676775,2.220446049250313e-16,2.220446049250313e-16,0.39571410562036785,0.19212366861772684,2.220446049250313e-16
33.0,2.220446049250313e-16,2.220446049250313e-16,0.4423289604629809,2.220446049250313e-16,2.220446049250313e-16,2.220446049250313e-16,0.37585343064318205,0.24650829902206337,0.5429575432890588,2.220446049250313e-16,2.220446049250313e-16,2.220446049250313e-16,0.42030878260276516,2.220446049250313e-16,0.37057964385435765,0.11276859250045247,2.220446049250313e-16
34.0,0.10582245565481868,0.3826592919043247,0.3849328226279484,2.220446049250313e-16,0.25041822706141964,2.220446049250313e-16,2.220446049250313e-16,0.14834193977762367,0.2190184904809643,0.29766832043424085,0.027427240162295953,0.4078897721676778,2.220446049250313e-16,2.220446049250313e-16,0.396443988522402,0.076004737899243,2.220446049250313e-16
35.0,2.220446049250313e-16,2.220446049250313e-16,0.38964425488588017,2.220446049250313e-16,2.220446049250313e-16,2.220446049250313e-16,0.3758534306431818,0.431714791620081,0.523196923487831,2.220446049250313e-16,2.220446049250313e-16,2.220446049250313e-16,0.419179746051281,2.220446049250313e-16,0.37392221182631197,2.220446049250313e-16,2.220446049250313e-16
36.0,2.220446049250313e-16,2.220446049250313e-16,2.220446049250313e-16,0.4130991426099372,2.220446049250313e-16,2.220446049250313e-16,0.37585343064318205,2.220446049250313e-16,0.4667534108653645,2.220446049250313e-16,0.5011967686023596,2.220446049250313e-16,0.3647143989527929,2.220446049250313e-16,2.220446049250313e-16,2.220446049250313e-16,0.39422462212980786
37.0,2.220446049250313e-16,2.220446049250313e-16,2.220446049250313e-16,0.4228661725170224,2.220446049250313e-16,2.220446049250313e-16,2.220446049250313e-16,2.220446049250313e-16,0.467601860587829,2.220446049250313e-16,0.39053406933518897,2.220446049250313e-16,2.220446049250313e-16,0.35432275495204235,2.220446049250313e-16,2.220446049250313e-16,0.39422462212980786
38.0,0.37184153194742275,2.220446049250313e-16,0.39007430749733424,0.02800979872212741,2.220446049250313e-16,0.18736338637813707,0.3758534306431817,0.0846482275716995,0.3204542939187256,2.220446049250313e-16,0.35724453308111137,2.220446049250313e-16,0.22738835542138872,2.220446049250313e-16,0.2394459318370006,2.220446049250313e-16,2.220446049250313e-16
39.0,2.220446049250313e-16,2.220446049250313e-16,2.220446049250313e-16,0.01434760465753052,2.220446049250313e-16,0.0024154138171924577,2.220446049250313e-16,0.609636536446714,0.509687041903514,0.5469761494719417,2.220446049250313e-16,0.4078897721676774,0.0004265554156036386,2.220446049250313e-16,2.220446049250313e-16,2.220446049250313e-16,2.220446049250313e-16
40.0,2.220446049250313e-16,2.220446049250313e-16,2.220446049250313e-16,0.025444930871286818,2.220446049250313e-16,0.0025416427123673424,2.220446049250313e-16,0.6049632477706102,0.509993939543363,0.6247034178509555,2.220446049250313e-16,2.220446049250313e-16,2.220446049250313e-16,2.220446049250313e-16,0.025901950196322007,0.016165486533802773,2.220446049250313e-16
41.0,2.220446049250313e-16,2.220446049250313e-16,2.220446049250313e-16,0.01434760465753052,2.220446049250313e-16,0.0024154138171924577,2.220446049250313e-16,0.609636536446714,0.509687041903514,0.5469761494719417,2.220446049250313e-16,0.4078897721676774,0.0004265554156036386,2.220446049250313e-16,2.220446049250313e-16,2.220446049250313e-16,2.220446049250313e-16
42.0,2.220446049250313e-16,2.220446049250313e-16,2.220446049250313e-16,2.220446049250313e-16,2.220446049250313e-16,0.0023296225499519828,2.220446049250313e-16,0.6128127296404442,0.5094190617773728,0.4942629903922946,2.220446049250313e-16,0.4078897721676775,2.220446049250313e-16,2.220446049250313e-16,0.09680142205015599,2.220446049250313e-16,2.220446049250313e-16
43.0,2.220446049250313e-16,2.220446049250313e-16,2.220446049250313e-16,2.220446049250313e-16,2.220446049250313e-16,0.0022034370580777322,0.37585343064318166,0.6174844114249487,0.5080498844494835,2.220446049250313e-16,2.220446049250313e-16,2.220446049250313e-16,0.4184947363891047,2.220446049250313e-16,0.37402065431226644,2.220446049250313e-16,2.220446049250313e-16
44.0,2.220446049250313e-16,0.3826592919043242,2.220446049250313e-16,0.01395273462201671,2.220446049250313e-16,0.007184060332213527,2.220446049250313e-16,0.43309009889607775,0.5246362036007516,0.5595340580784708,2.220446049250313e-16,0.40788977216767747,0.0010626831153321848,2.220446049250313e-16,2.220446049250313e-16,2.220446049250313e-16,2.220446049250313e-16
45.0,2.220446049250313e-16,2.220446049250313e-16,2.220446049250313e-16,2.220446049250313e-16,2.220446049250313e-16,0.5497988346393504,2.220446049250313e-16,0.5257440780898717,2.220446049250313e-16,2.220446049250313e-16,0.4873793287657751,2.220446049250313e-16,0.04786783842107895,0.2284391954661556,2.220446049250313e-16,2.220446049250313e-16,2.220446049250313e-16
46.0,2.220446049250313e-16,2.220446049250313e-16,2.220446049250313e-16,0.01434760465753052,2.220446049250313e-16,0.0024154138171924577,2.220446049250313e-16,0.609636536446714,0.509687041903514,0.5469761494719417,2.220446049250313e-16,0.4078897721676774,0.0004265554156036386,2.220446049250313e-16,2.220446049250313e-16,2.220446049250313e-16,2.220446049250313e-16
47.0,2.220446049250313e-16,2.220446049250313e-16,2.220446049250313e-16,2.220446049250313e-16,2.220446049250313e-16,0.5497988346393504,2.220446049250313e-16,0.5257440780898717,2.220446049250313e-16,2.220446049250313e-16,0.4873793287657751,2.220446049250313e-16,0.04786783842107895,0.2284391954661556,2.220446049250313e-16,2.220446049250313e-16,2.220446049250313e-16
48.0,0.10554963967314006,0.38265929190432435,0.3842648156497922,0.01058908065148624,2.220446049250313e-16,2.220446049250313e-16,2.220446049250313e-16,0.13643799993180655,0.45503711420846205,0.579235987404102,0.028197277891167053,0.4078897721676775,2.220446049250313e-16,2.220446049250313e-16,2.220446049250313e-16,0.07837952993880141,2.220446049250313e-16
49.0,2.220446049250313e-16,2.220446049250313e-16,2.220446049250313e-16,2.220446049250313e-16,2.220446049250313e-16,0.0022034370580777322,0.37585343064318166,0.6174844114249487,0.5080498844494835,2.220446049250313e-16,2.220446049250313e-16,2.220446049250313e-16,0.4184947363891047,2.220446049250313e-16,0.37402065431226644,2.220446049250313e-16,2.220446049250313e-16
50.0,2.220446049250313e-16,2.220446049250313e-16,2.220446049250313e-16,2.220446049250313e-16,2.220446049250313e-16,0.0023296225499520105,0.3758534306431817,0.6128127296404438,0.5094190617773726,0.49426299039229443,2.220446049250313e-16,2.220446049250313e-16,2.220446049250313e-16,2.220446049250313e-16,0.09680142205015618,2.220446049250313e-16,2.220446049250313e-16
51.0,2.220446049250313e-16,2.220446049250313e-16,2.220446049250313e-16,2.220446049250313e-16,2.220446049250313e-16,0.0023296225499520105,0.3758534306431817,0.6128127296404438,0.5094190617773726,0.49426299039229443,2.220446049250313e-16,2.220446049250313e-16,2.220446049250313e-16,2.220446049250313e-16,0.09680142205015618,2.220446049250313e-16,2.220446049250313e-16
52.0,2.220446049250313e-16,0.38265929190432424,2.220446049250313e-16,2.220446049250313e-16,2.220446049250313e-16,0.007098605358773731,0.3758534306431817,0.4362538417074255,0.524370757670956,0.5070564396951757,2.220446049250313e-16,2.220446049250313e-16,2.220446049250313e-16,2.220446049250313e-16,0.0948957046077437,2.220446049250313e-16,2.220446049250313e-16
53.0,2.220446049250313e-16,2.220446049250313e-16,2.220446049250313e-16,2.220446049250313e-16,2.220446049250313e-16,2.220446049250313e-16,2.220446049250313e-16,0.6185566279706373,0.5088155753335759,2.220446049250313e-16,0.4871587044480535,2.220446049250313e-16,0.050323987869318944,0.22704420812649398,2.220446049250313e-16,2.220446049250313e-16,2.220446049250313e-16
54.0,2.220446049250313e-16,2.220446049250313e-16,2.220446049250313e-16,0.014139167152372657,2.220446049250313e-16,0.5537620379608058,2.220446049250313e-16,0.5164441043098018,2.220446049250313e-16,0.5536050118938174,2.220446049250313e-16,0.4078897721676775,2.220446049250313e-16,0.0013594987103780563,2.220446049250313e-16,2.220446049250313e-16,2.220446049250313e-16
55.0,2.220446049250313e-16,2.220446049250313e-16,2.220446049250313e-16,2.220446049250313e-16,2.220446049250313e-16,0.38192546234367314,0.37585343064318183,0.5146052281583402,0.19047738741259462,2.220446049250313e-16,2.220446049250313e-16,2.220446049250313e-16,0.4154955365936168,2.220446049250313e-16,0.3744516682089157,2.220446049250313e-16,2.220446049250313e-16
56.0,0.48929609507613436,2.220446049250313e-16,0.3871142321500478,2.220446049250313e-16,0.49602979322422025,2.220446049250313e-16,2.220446049250313e-16,0.16588502008279934,2.220446049250313e-16,0.2967822747967802,0.018609850309870953,0.40788977216767747,2.220446049250313e-16,2.220446049250313e-16,0.3972629754780699,0.051644832232948495,2.220446049250313e-16
57.0,2.220446049250313e-16,0.3826592919043242,0.4426216450709306,2.220446049250313e-16,2.220446049250313e-16,2.220446049250313e-16,2.220446049250313e-16,0.07186639502085362,0.5586268056747403,2.220446049250313e-16,0.4833008998534976,2.220446049250313e-16,0.05293359586469961,0.22728790788756026,2.220446049250313e-16,0.10814413230699095,2.220446049250313e-16
58.0,0.0907884527247813,0.38265929190432446,0.4355907016528567,2.220446049250313e-16,0.2504494744616721,2.220446049250313e-16,1.0269562977782698e-15,2.220446049250313e-16,0.2355025498043168,0.2801805373703251,0.023238605389209712,0.40788977216767747,2.220446049250313e-16,2.220446049250313e-16,0.3950548330771065,0.21763030714919698,2.220446049250313e-16
59.0,2.220446049250313e-16,2.220446049250313e-16,2.220446049250313e-16,2.220446049250313e-16,2.220446049250313e-16,0.0023296225499520105,0.3758534306431817,0.6128127296404438,0.5094190617773726,0.49426299039229443,2.220446049250313e-16,2.220446049250313e-16,2.220446049250313e-16,2.220446049250313e-16,0.09680142205015618,2.220446049250313e-16,2.220446049250313e-16
60.0,2.220446049250313e-16,2.220446049250313e-16,2.220446049250313e-16,0.617949077386903,0.4906323286059463,2.220446049250313e-16,2.220446049250313e-16,2.220446049250313e-16,2.220446049250313e-16,0.6199452157164396,0.11109128977206478,2.220446049250313e-16,2.220446049250313e-16,2.220446049250313e-16,0.018680882990963734,0.014261480095758084,2.220446049250313e-16
61.0,0.47110798398431025,2.220446049250313e-16,2.220446049250313e-16,0.14398218223856665,0.5111130534620131,2.220446049250313e-16,0.3758534306431821,2.220446049250313e-16,2.220446049250313e-16,2.220446049250313e-16,0.6963687235052408,2.220446049250313e-16,0.01467646971080398,0.08711833827660649,2.220446049250313e-16,0.06541732916953465,2.220446049250313e-16
62.0,0.47110798398431025,2.220446049250313e-16,2.220446049250313e-16,0.14398218223856665,0.5111130534620131,2.220446049250313e-16,0.3758534306431821,2.220446049250313e-16,2.220446049250313e-16,2.220446049250313e-16,0.6963687235052408,2.220446049250313e-16,0.01467646971080398,0.08711833827660649,2.220446049250313e-16,0.06541732916953465,2.220446049250313e-16
63.0,2.220446049250313e-16,2.220446049250313e-16,2.220446049250313e-16,0.5573481678941954,0.49085753613297,5.551115123125783e-17,0.3758534306431819,2.220446049250313e-16,2.220446049250313e-16,2.220446049250313e-16,0.5067583346215552,2.220446049250313e-16,0.3651389163993335,2.220446049250313e-16,2.220446049250313e-16,2.220446049250313e-16,2.220446049250313e-16
64.0,2.220446049250313e-16,2.220446049250313e-16,2.220446049250313e-16,0.5573481678941954,0.49085753613297,5.551115123125783e-17,0.3758534306431819,2.220446049250313e-16,2.220446049250313e-16,2.220446049250313e-16,0.5067583346215552,2.220446049250313e-16,0.3651389163993335,2.220446049250313e-16,2.220446049250313e-16,2.220446049250313e-16,2.220446049250313e-16
65.0,2.220446049250313e-16,2.220446049250313e-16,2.220446049250313e-16,0.55222254475122,2.220446049250313e-16,2.220446049250313e-16,2.220446049250313e-16,2.220446049250313e-16,0.46760186058782915,2.220446049250313e-16,2.220446049250313e-16,2.220446049250313e-16,2.220446049250313e-16,0.6294785073157222,2.220446049250313e-16,2.220446049250313e-16,2.220446049250313e-16
66.0,0.4402164717252039,2.220446049250313e-16,2.220446049250313e-16,0.05161736702346298,2.220446049250313e-16,2.220446049250313e-16,1.1102230246251565e-16,2.220446049250313e-16,2.220446049250313e-16,0.05548389481905024,0.15967933329243642,2.220446049250313e-16,0.026763407420087978,2.220446049250313e-16,0.6980509974110333,0.4782841358755886,0.3942246221298078
67.0,0.4402164717252039,2.220446049250313e-16,2.220446049250313e-16,0.05161736702346298,2.220446049250313e-16,2.220446049250313e-16,1.1102230246251565e-16,2.220446049250313e-16,2.220446049250313e-16,0.05548389481905024,0.15967933329243642,2.220446049250313e-16,0.026763407420087978,2.220446049250313e-16,0.6980509974110333,0.4782841358755886,0.3942246221298078
68.0,0.037763288278453974,0.38265929190432424,0.016480241730639365,2.220446049250313e-16,2.220446049250313e-16,5.551115123125783e-17,2.220446049250313e-16,2.220446049250313e-16,0.00038333510903998223,2.220446049250313e-16,0.39889584089326835,0.4078897721676776,0.38331308009337534,2.220446049250313e-16,2.220446049250313e-16,0.6270519271217327,0.39422462212980786
69.0,0.037763288278453974,0.38265929190432424,0.016480241730639365,2.220446049250313e-16,2.220446049250313e-16,5.551115123125783e-17,2.220446049250313e-16,2.220446049250313e-16,0.00038333510903998223,2.220446049250313e-16,0.39889584089326835,0.4078897721676776,0.38331308009337534,2.220446049250313e-16,2.220446049250313e-16,0.6270519271217327,0.39422462212980786
70.0,2.220446049250313e-16,2.220446049250313e-16,2.220446049250313e-16,0.6341259580592414,2.220446049250313e-16,2.220446049250313e-16,2.220446049250313e-16,2.220446049250313e-16,2.220446049250313e-16,0.38425481373679155,0.10118537980340414,2.220446049250313e-16,2.220446049250313e-16,2.220446049250313e-16,0.3153267364952166,0.3952948733099686,2.220446049250313e-16
71.0,0.3806525193113056,2.220446049250313e-16,2.220446049250313e-16,2.220446049250313e-16,2.220446049250313e-16,0.5385364273560119,2.220446049250313e-16,2.220446049250313e-16,2.220446049250313e-16,2.220446049250313e-16,2.220446049250313e-16,2.220446049250313e-16,2.220446049250313e-16,0.63102788648762,2.220446049250313e-16,2.220446049250313e-16,0.39422462212980786
72.0,0.3806525193113056,2.220446049250313e-16,2.220446049250313e-16,2.220446049250313e-16,2.220446049250313e-16,0.5385364273560119,2.220446049250313e-16,2.220446049250313e-16,2.220446049250313e-16,2.220446049250313e-16,2.220446049250313e-16,2.220446049250313e-16,2.220446049250313e-16,0.63102788648762,2.220446049250313e-16,2.220446049250313e-16,0.39422462212980786
73.0,0.3806525193113056,2.220446049250313e-16,2.220446049250313e-16,2.220446049250313e-16,2.220446049250313e-16,0.5385364273560119,2.220446049250313e-16,2.220446049250313e-16,2.220446049250313e-16,2.220446049250313e-16,2.220446049250313e-16,2.220446049250313e-16,2.220446049250313e-16,0.63102788648762,2.220446049250313e-16,2.220446049250313e-16,0.39422462212980786
74.0,0.3806525193113056,2.220446049250313e-16,2.220446049250313e-16,2.220446049250313e-16,2.220446049250313e-16,0.5385364273560119,2.220446049250313e-16,2.220446049250313e-16,2.220446049250313e-16,2.220446049250313e-16,2.220446049250313e-16,2.220446049250313e-16,2.220446049250313e-16,0.63102788648762,2.220446049250313e-16,2.220446049250313e-16,0.39422462212980786
75.0,0.3806525193113056,2.220446049250313e-16,2.220446049250313e-16,2.220446049250313e-16,2.220446049250313e-16,0.5385364273560119,2.220446049250313e-16,2.220446049250313e-16,2.220446049250313e-16,2.220446049250313e-16,2.220446049250313e-16,2.220446049250313e-16,2.220446049250313e-16,0.63102788648762,2.220446049250313e-16,2.220446049250313e-16,0.39422462212980786
76.0,0.3806525193113056,2.220446049250313e-16,2.220446049250313e-16,2.220446049250313e-16,2.220446049250313e-16,0.5385364273560119,2.220446049250313e-16,2.220446049250313e-16,2.220446049250313e-16,2.220446049250313e-16,2.220446049250313e-16,2.220446049250313e-16,2.220446049250313e-16,0.63102788648762,2.220446049250313e-16,2.220446049250313e-16,0.39422462212980786
77.0,2.220446049250313e-16,2.220446049250313e-16,2.220446049250313e-16,2.220446049250313e-16,0.49616862352879015,0.0014179343970512415,2.220446049250313e-16,0.6465655555302997,0.03886984499217764,0.5586983070950036,2.220446049250313e-16,2.220446049250313e-16,2.220446049250313e-16,2.220446049250313e-16,0.2065081087105858,0.016019413338191364,2.220446049250313e-16
78.0,2.220446049250313e-16,2.220446049250313e-16,2.220446049250313e-16,2.220446049250313e-16,0.49616862352879015,0.0014179343970512415,2.220446049250313e-16,0.6465655555302997,0.03886984499217764,0.5586983070950036,2.220446049250313e-16,2.220446049250313e-16,2.220446049250313e-16,2.220446049250313e-16,0.2065081087105858,0.016019413338191364,2.220446049250313e-16
79.0,2.220446049250313e-16,2.220446049250313e-16,2.220446049250313e-16,2.220446049250313e-16,2.220446049250313e-16,0.0011943165077373768,2.220446049250313e-16,0.6548444123519623,0.03480524010503744,2.220446049250313e-16,0.09985682364162637,0.40788977216767774,0.5783019124615248,2.220446049250313e-16,0.06786110394697684,0.37913733324225773,2.220446049250313e-16
80.0,2.220446049250313e-16,2.220446049250313e-16,2.220446049250313e-16,2.220446049250313e-16,2.220446049250313e-16,0.0011943165077373768,2.220446049250313e-16,0.6548444123519623,0.03480524010503744,2.220446049250313e-16,0.09985682364162637,0.40788977216767774,0.5783019124615248,2.220446049250313e-16,0.06786110394697684,0.37913733324225773,2.220446049250313e-16
81.0,2.220446049250313e-16,2.220446049250313e-16,2.220446049250313e-16,0.46248425445799235,0.4745906572560084,2.220446049250313e-16,2.220446049250313e-16,2.220446049250313e-16,2.220446049250313e-16,0.6258726685681909,0.10284892739528731,2.220446049250313e-16,2.220446049250313e-16,2.220446049250313e-16,0.019875954848203613,0.014855192850507244,0.3942246221298078
82.0,0.47110798398431025,2.220446049250313e-16,2.220446049250313e-16,0.14398218223856665,0.5111130534620131,2.220446049250313e-16,0.3758534306431821,2.220446049250313e-16,2.220446049250313e-16,2.220446049250313e-16,0.6963687235052408,2.220446049250313e-16,0.01467646971080398,0.08711833827660649,2.220446049250313e-16,0.06541732916953465,2.220446049250313e-16
83.0,0.47110798398431025,2.220446049250313e-16,2.220446049250313e-16,0.14398218223856665,0.5111130534620131,2.220446049250313e-16,0.3758534306431821,2.220446049250313e-16,2.220446049250313e-16,2.220446049250313e-16,0.6963687235052408,2.220446049250313e-16,0.01467646971080398,0.08711833827660649,2.220446049250313e-16,0.06541732916953465,2.220446049250313e-16
84.0,2.220446049250313e-16,2.220446049250313e-16,2.220446049250313e-16,0.5573481678941954,0.49085753613297,5.551115123125783e-17,0.3758534306431819,2.220446049250313e-16,2.220446049250313e-16,2.220446049250313e-16,0.5067583346215552,2.220446049250313e-16,0.3651389163993335,2.220446049250313e-16,2.220446049250313e-16,2.220446049250313e-16,2.220446049250313e-16
85.0,2.220446049250313e-16,2.220446049250313e-16,2.220446049250313e-16,0.5573481678941954,0.49085753613297,5.551115123125783e-17,0.3758534306431819,2.220446049250313e-16,2.220446049250313e-16,2.220446049250313e-16,0.5067583346215552,2.220446049250313e-16,0.3651389163993335,2.220446049250313e-16,2.220446049250313e-16,2.220446049250313e-16,2.220446049250313e-16
86.0,2.220446049250313e-16,2.220446049250313e-16,2.220446049250313e-16,0.55222254475122,2.220446049250313e-16,2.220446049250313e-16,2.220446049250313e-16,2.220446049250313e-16,0.46760186058782915,2.220446049250313e-16,2.220446049250313e-16,2.220446049250313e-16,2.220446049250313e-16,0.6294785073157222,2.220446049250313e-16,2.220446049250313e-16,2.220446049250313e-16
87.0,2.220446049250313e-16,2.220446049250313e-16,2.220446049250313e-16,0.5804486531018219,0.2393698825517504,2.220446049250313e-16,2.220446049250313e-16,0.15949491549374228,2.220446049250313e-16,0.4036847627244863,2.220446049250313e-16,2.220446049250313e-16,2.220446049250313e-16,2.220446049250313e-16,0.318399424429344,0.20936141066546785,2.220446049250313e-16
88.0,2.220446049250313e-16,0.38265929190432413,2.220446049250313e-16,2.220446049250313e-16,2.220446049250313e-16,0.552895399611885,1.1102230246251565e-16,0.1677084705437932,2.220446049250313e-16,2.220446049250313e-16,0.0037144319737236822,2.220446049250313e-16,2.220446049250313e-16,0.6306141711503032,2.220446049250313e-16,2.220446049250313e-16,2.220446049250313e-16
89.0,2.220446049250313e-16,0.38265929190432413,2.220446049250313e-16,2.220446049250313e-16,2.220446049250313e-16,0.552895399611885,1.1102230246251565e-16,0.1677084705437932,2.220446049250313e-16,2.220446049250313e-16,0.0037144319737236822,2.220446049250313e-16,2.220446049250313e-16,0.6306141711503032,2.220446049250313e-16,2.220446049250313e-16,2.220446049250313e-16
90.0,2.220446049250313e-16,0.38265929190432413,2.220446049250313e-16,2.220446049250313e-16,2.220446049250313e-16,0.552895399611885,1.1102230246251565e-16,0.1677084705437932,2.220446049250313e-16,2.220446049250313e-16,0.0037144319737236822,2.220446049250313e-16,2.220446049250313e-16,0.6306141711503032,2.220446049250313e-16,2.220446049250313e-16,2.220446049250313e-16
91.0,2.220446049250313e-16,0.38265929190432413,2.220446049250313e-16,2.220446049250313e-16,2.220446049250313e-16,0.552895399611885,1.1102230246251565e-16,0.1677084705437932,2.220446049250313e-16,2.220446049250313e-16,0.0037144319737236822,2.220446049250313e-16,2.220446049250313e-16,0.6306141711503032,2.220446049250313e-16,2.220446049250313e-16,2.220446049250313e-16
92.0,2.220446049250313e-16,0.38265929190432413,2.220446049250313e-16,2.220446049250313e-16,2.220446049250313e-16,0.552895399611885,1.1102230246251565e-16,0.1677084705437932,2.220446049250313e-16,2.220446049250313e-16,0.0037144319737236822,2.220446049250313e-16,2.220446049250313e-16,0.6306141711503032,2.220446049250313e-16,2.220446049250313e-16,2.220446049250313e-16
93.0,2.220446049250313e-16,0.38265929190432413,2.220446049250313e-16,2.220446049250313e-16,2.220446049250313e-16,0.552895399611885,1.1102230246251565e-16,0.1677084705437932,2.220446049250313e-16,2.220446049250313e-16,0.0037144319737236822,2.220446049250313e-16,2.220446049250313e-16,0.6306141711503032,2.220446049250313e-16,2.220446049250313e-16,2.220446049250313e-16
94.0,2.220446049250313e-16,2.220446049250313e-16,0.02264245811426453,0.5808056402846861,2.220446049250313e-16,2.220446049250313e-16,5.551115123125783e-17,2.220446049250313e-16,0.0017520181406923646,0.38400993854905724,2.220446049250313e-16,2.220446049250313e-16,2.220446049250313e-16,1.474767717209833e-19,0.3120126321682157,0.5395758969228852,2.220446049250313e-16
95.0,2.220446049250313e-16,0.3826592919043242,0.39075404715664613,2.220446049250313e-16,2.220446049250313e-16,0.538540242406676,2.220446049250313e-16,2.220446049250313e-16,2.220446049250313e-16,2.220446049250313e-16,0.0036937433736217162,2.220446049250313e-16,2.220446049250313e-16,0.6307945029913798,2.220446049250313e-16,2.220446049250313e-16,2.220446049250313e-16
96.0,2.220446049250313e-16,0.3826592919043242,0.39075404715664613,2.220446049250313e-16,2.220446049250313e-16,0.538540242406676,2.220446049250313e-16,2.220446049250313e-16,2.220446049250313e-16,2.220446049250313e-16,0.0036937433736217162,2.220446049250313e-16,2.220446049250313e-16,0.6307945029913798,2.220446049250313e-16,2.220446049250313e-16,2.220446049250313e-16
97.0,2.220446049250313e-16,0.3826592919043242,0.39075404715664613,2.220446049250313e-16,2.220446049250313e-16,0.538540242406676,2.220446049250313e-16,2.220446049250313e-16,2.220446049250313e-16,2.220446049250313e-16,0.0036937433736217162,2.220446049250313e-16,2.220446049250313e-16,0.6307945029913798,2.220446049250313e-16,2.220446049250313e-16,2.220446049250313e-16
98.0,2.220446049250313e-16,0.3826592919043242,0.39075404715664613,2.220446049250313e-16,2.220446049250313e-16,0.538540242406676,2.220446049250313e-16,2.220446049250313e-16,2.220446049250313e-16,2.220446049250313e-16,0.0036937433736217162,2.220446049250313e-16,2.220446049250313e-16,0.6307945029913798,2.220446049250313e-16,2.220446049250313e-16,2.220446049250313e-16
99.0,2.220446049250313e-16,0.3826592919043242,0.39075404715664613,2.220446049250313e-16,2.220446049250313e-16,0.538540242406676,2.220446049250313e-16,2.220446049250313e-16,2.220446049250313e-16,2.220446049250313e-16,0.0036937433736217162,2.220446049250313e-16,2.220446049250313e-16,0.6307945029913798,2.220446049250313e-16,2.220446049250313e-16,2.220446049250313e-16
100.0,2.220446049250313e-16,0.3826592919043242,0.39075404715664613,2.220446049250313e-16,2.220446049250313e-16,0.538540242406676,2.220446049250313e-16,2.220446049250313e-16,2.220446049250313e-16,2.220446049250313e-16,0.0036937433736217162,2.220446049250313e-16,2.220446049250313e-16,0.6307945029913798,2.220446049250313e-16,2.220446049250313e-16,2.220446049250313e-16
101.0,0.42846020154225095,2.220446049250313e-16,0.01661451865258201,0.0034819807975484977,2.220446049250313e-16,2.220446049250313e-16,2.220446049250313e-16,2.220446049250313e-16,0.0011582439352651225,0.055538667541306506,2.220446049250313e-16,2.220446049250313e-16,0.0547321788929337,2.220446049250313e-16,0.6905308655903709,0.6251233679512787,0.39422462212980786
102.0,0.42846020154225095,2.220446049250313e-16,0.01661451865258201,0.0034819807975484977,2.220446049250313e-16,2.220446049250313e-16,2.220446049250313e-16,2.220446049250313e-16,0.0011582439352651225,0.055538667541306506,2.220446049250313e-16,2.220446049250313e-16,0.0547321788929337,2.220446049250313e-16,0.6905308655903709,0.6251233679512787,0.39422462212980786
103.0,0.037763288278453974,0.38265929190432424,0.016480241730639365,2.220446049250313e-16,2.220446049250313e-16,5.551115123125783e-17,2.220446049250313e-16,2.220446049250313e-16,0.00038333510903998223,2.220446049250313e-16,0.39889584089326835,0.4078897721676776,0.38331308009337534,2.220446049250313e-16,2.220446049250313e-16,0.6270519271217327,0.39422462212980786
104.0,0.037763288278453974,0.38265929190432424,0.016480241730639365,2.220446049250313e-16,2.220446049250313e-16,5.551115123125783e-17,2.220446049250313e-16,2.220446049250313e-16,0.00038333510903998223,2.220446049250313e-16,0.39889584089326835,0.4078897721676776,0.38331308009337534,2.220446049250313e-16,2.220446049250313e-16,0.6270519271217327,0.39422462212980786
105.0,0.4303428315607798,2.220446049250313e-16,0.4086109981703556,0.003526306605148215,2.220446049250313e-16,4.85722573273506e-17,2.220446049250313e-16,2.220446049250313e-16,0.000669707544013799,0.05581421018764682,2.220446049250313e-16,2.220446049250313e-16,0.054667809699688465,2.2757665182481487e-17,0.6909952261175457,0.6075093703492084,2.220446049250313e-16
106.0,0.4303428315607798,2.220446049250313e-16,0.4086109981703556,0.003526306605148215,2.220446049250313e-16,4.85722573273506e-17,2.220446049250313e-16,2.220446049250313e-16,0.000669707544013799,0.05581421018764682,2.220446049250313e-16,2.220446049250313e-16,0.054667809699688465,2.2757665182481487e-17,0.6909952261175457,0.6075093703492084,2.220446049250313e-16
107.0,0.04582481462389665,0.3826592919043242,0.40811718318566786,2.220446049250313e-16,2.220446049250313e-16,2.220446049250313e-16,1.6653345369377348e-16,2.220446049250313e-16,2.220446049250313e-16,2.220446049250313e-16,0.12627652762987582,0.40788977216767724,0.5730458159783155,2.220446049250313e-16,0.06197770613251529,0.6145361991670324,2.220446049250313e-16
108.0,0.04582481462389665,0.3826592919043242,0.40811718318566786,2.220446049250313e-16,2.220446049250313e-16,2.220446049250313e-16,1.6653345369377348e-16,2.220446049250313e-16,2.220446049250313e-16,2.220446049250313e-16,0.12627652762987582,0.40788977216767724,0.5730458159783155,2.220446049250313e-16,0.06197770613251529,0.6145361991670324,2.220446049250313e-16
109.0,2.220446049250313e-16,2.220446049250313e-16,2.220446049250313e-16,0.617949077386903,0.4906323286059463,2.220446049250313e-16,2.220446049250313e-16,2.220446049250313e-16,2.220446049250313e-16,0.6199452157164396,0.11109128977206478,2.220446049250313e-16,2.220446049250313e-16,2.220446049250313e-16,0.018680882990963734,0.014261480095758084,2.220446049250313e-16
110.0,0.47110798398431025,2.220446049250313e-16,2.220446049250313e-16,0.14398218223856665,0.5111130534620131,2.220446049250313e-16,0.3758534306431821,2.220446049250313e-16,2.220446049250313e-16,2.220446049250313e-16,0.6963687235052408,2.220446049250313e-16,0.01467646971080398,0.08711833827660649,2.220446049250313e-16,0.06541732916953465,2.220446049250313e-16
111.0,0.47110798398431025,2.220446049250313e-16,2.220446049250313e-16,0.14398218223856665,0.5111130534620131,2.220446049250313e-16,0.3758534306431821,2.220446049250313e-16,2.220446049250313e-16,2.220446049250313e-16,0.6963687235052408,2.220446049250313e-16,0.01467646971080398,0.08711833827660649,2.220446049250313e-16,0.06541732916953465,2.220446049250313e-16
112.0,2.220446049250313e-16,2.220446049250313e-16,2.220446049250313e-16,0.5573481678941954,0.49085753613297,5.551115123125783e-17,0.3758534306431819,2.220446049250313e-16,2.220446049250313e-16,2.220446049250313e-16,0.5067583346215552,2.220446049250313e-16,0.3651389163993335,2.220446049250313e-16,2.220446049250313e-16,2.220446049250313e-16,2.220446049250313e-16
113.0,2.220446049250313e-16,2.220446049250313e-16,2.220446049250313e-16,0.5573481678941954,0.49085753613297,5.551115123125783e-17,0.3758534306431819,2.220446049250313e-16,2.220446049250313e-16,2.220446049250313e-16,0.5067583346215552,2.220446049250313e-16,0.3651389163993335,2.220446049250313e-16,2.220446049250313e-16,2.220446049250313e-16,2.220446049250313e-16
114.0,2.220446049250313e-16,2.220446049250313e-16,2.220446049250313e-16,0.55222254475122,2.220446049250313e-16,2.220446049250313e-16,2.220446049250313e-16,2.220446049250313e-16,0.46760186058782915,2.220446049250313e-16,2.220446049250313e-16,2.220446049250313e-16,2.220446049250313e-16,0.6294785073157222,2.220446049250313e-16,2.220446049250313e-16,2.220446049250313e-16
115.0,2.220446049250313e-16,2.220446049250313e-16,2.220446049250313e-16,0.5804486531018219,0.2393698825517504,2.220446049250313e-16,2.220446049250313e-16,0.15949491549374228,2.220446049250313e-16,0.4036847627244863,2.220446049250313e-16,2.220446049250313e-16,2.220446049250313e-16,2.220446049250313e-16,0.318399424429344,0.20936141066546785,2.220446049250313e-16
116.0,2.220446049250313e-16,0.38265929190432413,2.220446049250313e-16,2.220446049250313e-16,2.220446049250313e-16,0.552895399611885,1.1102230246251565e-16,0.1677084705437932,2.220446049250313e-16,2.220446049250313e-16,0.0037144319737236822,2.220446049250313e-16,2.220446049250313e-16,0.6306141711503032,2.220446049250313e-16,2.220446049250313e-16,2.220446049250313e-16
117.0,2.220446049250313e-16,0.38265929190432413,2.220446049250313e-16,2.220446049250313e-16,2.220446049250313e-16,0.552895399611885,1.1102230246251565e-16,0.1677084705437932,2.220446049250313e-16,2.220446049250313e-16,0.0037144319737236822,2.220446049250313e-16,2.220446049250313e-16,0.6306141711503032,2.220446049250313e-16,2.220446049250313e-16,2.220446049250313e-16
118.0,2.220446049250313e-16,0.38265929190432413,2.220446049250313e-16,2.220446049250313e-16,2.220446049250313e-16,0.552895399611885,1.1102230246251565e-16,0.1677084705437932,2.220446049250313e-16,2.220446049250313e-16,0.0037144319737236822,2.220446049250313e-16,2.220446049250313e-16,0.6306141711503032,2.220446049250313e-16,2.220446049250313e-16,2.220446049250313e-16
119.0,2.220446049250313e-16,0.38265929190432413,2.220446049250313e-16,2.220446049250313e-16,2.220446049250313e-16,0.552895399611885,1.1102230246251565e-16,0.1677084705437932,2.220446049250313e-16,2.220446049250313e-16,0.0037144319737236822,2.220446049250313e-16,2.220446049250313e-16,0.6306141711503032,2.220446049250313e-16,2.220446049250313e-16,2.220446049250313e-16
120.0,2.220446049250313e-16,0.38265929190432413,2.220446049250313e-16,2.220446049250313e-16,2.220446049250313e-16,0.552895399611885,1.1102230246251565e-16,0.1677084705437932,2.220446049250313e-16,2.220446049250313e-16,0.0037144319737236822,2.220446049250313e-16,2.220446049250313e-16,0.6306141711503032,2.220446049250313e-16,2.220446049250313e-16,2.220446049250313e-16
121.0,2.220446049250313e-16,0.38265929190432413,2.220446049250313e-16,2.220446049250313e-16,2.220446049250313e-16,0.552895399611885,1.1102230246251565e-16,0.1677084705437932,2.220446049250313e-16,2.220446049250313e-16,0.0037144319737236822,2.220446049250313e-16,2.220446049250313e-16,0.6306141711503032,2.220446049250313e-16,2.220446049250313e-16,2.220446049250313e-16
122.0,2.220446049250313e-16,2.220446049250313e-16,0.02264245811426453,0.5808056402846861,2.220446049250313e-16,2.220446049250313e-16,5.551115123125783e-17,2.220446049250313e-16,0.0017520181406923646,0.38400993854905724,2.220446049250313e-16,2.220446049250313e-16,2.220446049250313e-16,1.474767717209833e-19,0.3120126321682157,0.5395758969228852,2.220446049250313e-16
123.0,0.3806525193113056,2.220446049250313e-16,2.220446049250313e-16,2.220446049250313e-16,2.220446049250313e-16,0.5385364273560119,2.220446049250313e-16,2.220446049250313e-16,2.220446049250313e-16,2.220446049250313e-16,2.220446049250313e-16,2.220446049250313e-16,2.220446049250313e-16,0.63102788648762,2.220446049250313e-16,2.220446049250313e-16,0.39422462212980786
124.0,0.3806525193113056,2.220446049250313e-16,2.220446049250313e-16,2.220446049250313e-16,2.220446049250313e-16,0.5385364273560119,2.220446049250313e-16,2.220446049250313e-16,2.220446049250313e-16,2.220446049250313e-16,2.220446049250313e-16,2.220446049250313e-16,2.220446049250313e-16,0.63102788648762,2.220446049250313e-16,2.220446049250313e-16,0.39422462212980786
125.0,0.3806525193113056,2.220446049250313e-16,2.220446049250313e-16,2.220446049250313e-16,2.220446049250313e-16,0.5385364273560119,2.220446049250313e-16,2.220446049250313e-16,2.220446049250313e-16,2.220446049250313e-16,2.220446049250313e-16,2.220446049250313e-16,2.220446049250313e-16,0.63102788648762,2.220446049250313e-16,2.220446049250313e-16,0.39422462212980786
126.0,0.3806525193113056,2.220446049250313e-16,2.220446049250313e-16,2.220446049250313e-16,2.220446049250313e-16,0.5385364273560119,2.220446049250313e-16,2.220446049250313e-16,2.220446049250313e-16,2.220446049250313e-16,2.220446049250313e-16,2.220446049250313e-16,2.220446049250313e-16,0.63102788648762,2.220446049250313e-16,2.220446049250313e-16,0.39422462212980786
127.0,0.3806525193113056,2.220446049250313e-16,2.220446049250313e-16,2.220446049250313e-16,2.220446049250313e-16,0.5385364273560119,2.220446049250313e-16,2.220446049250313e-16,2.220446049250313e-16,2.220446049250313e-16,2.220446049250313e-16,2.220446049250313e-16,2.220446049250313e-16,0.63102788648762,2.220446049250313e-16,2.220446049250313e-16,0.39422462212980786
128.0,0.3806525193113056,2.220446049250313e-16,2.220446049250313e-16,2.220446049250313e-16,2.220446049250313e-16,0.5385364273560119,2.220446049250313e-16,2.220446049250313e-16,2.220446049250313e-16,2.220446049250313e-16,2.220446049250313e-16,2.220446049250313e-16,2.220446049250313e-16,0.63102788648762,2.220446049250313e-16,2.220446049250313e-16,0.39422462212980786
129.0,0.4402164717252039,2.220446049250313e-16,2.220446049250313e-16,0.05161736702346298,2.220446049250313e-16,2.220446049250313e-16,1.1102230246251565e-16,2.220446049250313e-16,2.220446049250313e-16,0.05548389481905024,0.15967933329243642,2.220446049250313e-16,0.026763407420087978,2.220446049250313e-16,0.6980509974110333,0.4782841358755886,0.3942246221298078
130.0,0.4402164717252039,2.220446049250313e-16,2.220446049250313e-16,0.05161736702346298,2.220446049250313e-16,2.220446049250313e-16,1.1102230246251565e-16,2.220446049250313e-16,2.220446049250313e-16,0.05548389481905024,0.15967933329243642,2.220446049250313e-16,0.026763407420087978,2.220446049250313e-16,0.6980509974110333,0.4782841358755886,0.3942246221298078
131.0,0.037763288278453974,0.38265929190432424,0.016480241730639365,2.220446049250313e-16,2.220446049250313e-16,5.551115123125783e-17,2.220446049250313e-16,2.220446049250313e-16,0.00038333510903998223,2.220446049250313e-16,0.39889584089326835,0.4078897721676776,0.38331308009337534,2.220446049250313e-16,2.220446049250313e-16,0.6270519271217327,0.39422462212980786
132.0,0.037763288278453974,0.38265929190432424,0.016480241730639365,2.220446049250313e-16,2.220446049250313e-16,5.551115123125783e-17,2.220446049250313e-16,2.220446049250313e-16,0.00038333510903998223,2.220446049250313e-16,0.39889584089326835,0.4078897721676776,0.38331308009337534,2.220446049250313e-16,2.220446049250313e-16,0.6270519271217327,0.39422462212980786
133.0,2.220446049250313e-16,2.220446049250313e-16,2.220446049250313e-16,0.6334901261385119,0.23923813756809004,2.220446049250313e-16,2.220446049250313e-16,2.220446049250313e-16,2.220446049250313e-16,0.3872589576512047,0.10527927494284008,2.220446049250313e-16,2.220446049250313e-16,2.220446049250313e-16,0.32020340030566985,0.2068128369085644,2.220446049250313e-16
134.0,2.220446049250313e-16,2.220446049250313e-16,2.220446049250313e-16,0.5241606864984303,0.4915859506259718,2.220446049250313e-16,0.3758534306431818,2.220446049250313e-16,2.220446049250313e-16,2.220446049250313e-16,0.1819787823502359,2.220446049250313e-16,0.10135332944311291,0.3700981381339849,2.220446049250313e-16,2.220446049250313e-16,2.220446049250313e-16
135.0,2.220446049250313e-16,2.220446049250313e-16,2.220446049250313e-16,0.5241606864984303,0.4915859506259718,2.220446049250313e-16,0.3758534306431818,2.220446049250313e-16,2.220446049250313e-16,2.220446049250313e-16,0.1819787823502359,2.220446049250313e-16,0.10135332944311291,0.3700981381339849,2.220446049250313e-16,2.220446049250313e-16,2.220446049250313e-16
136.0,2.220446049250313e-16,2.220446049250313e-16,2.220446049250313e-16,0.5573481678941954,0.49085753613297,5.551115123125783e-17,0.3758534306431819,2.220446049250313e-16,2.220446049250313e-16,2.220446049250313e-16,0.5067583346215552,2.220446049250313e-16,0.3651389163993335,2.220446049250313e-16,2.220446049250313e-16,2.220446049250313e-16,2.220446049250313e-16
137.0,2.220446049250313e-16,2.220446049250313e-16,2.220446049250313e-16,0.5573481678941954,0.49085753613297,5.551115123125783e-17,0.3758534306431819,2.220446049250313e-16,2.220446049250313e-16,2.220446049250313e-16,0.5067583346215552,2.220446049250313e-16,0.3651389163993335,2.220446049250313e-16,2.220446049250313e-16,2.220446049250313e-16,2.220446049250313e-16
138.0,2.220446049250313e-16,2.220446049250313e-16,2.220446049250313e-16,0.55222254475122,2.220446049250313e-16,2.220446049250313e-16,2.220446049250313e-16,2.220446049250313e-16,0.46760186058782915,2.220446049250313e-16,2.220446049250313e-16,2.220446049250313e-16,2.220446049250313e-16,0.6294785073157222,2.220446049250313e-16,2.220446049250313e-16,2.220446049250313e-16
139.0,0.04670950540056694,0.3826592919043242,0.40685712005910485,2.220446049250313e-16,2.220446049250313e-16,6.938893903907228e-17,2.220446049250313e-16,2.220446049250313e-16,0.0006611939306724504,0.34075749738563105,0.013012973756249524,2.220446049250313e-16,2.220446049250313e-16,2.220446049250313e-16,0.4940907912433107,0.6323951607796064,2.220446049250313e-16
140.0,0.04670950540056694,0.3826592919043242,0.40685712005910485,2.220446049250313e-16,2.220446049250313e-16,6.938893903907228e-17,2.220446049250313e-16,2.220446049250313e-16,0.0006611939306724504,0.34075749738563105,0.013012973756249524,2.220446049250313e-16,2.220446049250313e-16,2.220446049250313e-16,0.4940907912433107,0.6323951607796064,2.220446049250313e-16
141.0,0.04582481462389665,0.3826592919043242,0.40811718318566786,2.220446049250313e-16,2.220446049250313e-16,2.220446049250313e-16,1.6653345369377348e-16,2.220446049250313e-16,2.220446049250313e-16,2.220446049250313e-16,0.12627652762987582,0.40788977216767724,0.5730458159783155,2.220446049250313e-16,0.06197770613251529,0.6145361991670324,2.220446049250313e-16
142.0,0.04582481462389665,0.3826592919043242,0.40811718318566786,2.220446049250313e-16,2.220446049250313e-16,2.220446049250313e-16,1.6653345369377348e-16,2.220446049250313e-16,2.220446049250313e-16,2.220446049250313e-16,0.12627652762987582,0.40788977216767724,0.5730458159783155,2.220446049250313e-16,0.06197770613251529,0.6145361991670324,2.220446049250313e-16
143.0,2.220446049250313e-16,2.220446049250313e-16,2.220446049250313e-16,0.6334901261385119,0.23923813756809004,2.220446049250313e-16,2.220446049250313e-16,2.220446049250313e-16,2.220446049250313e-16,0.3872589576512047,0.10527927494284008,2.220446049250313e-16,2.220446049250313e-16,2.220446049250313e-16,0.32020340030566985,0.2068128369085644,2.220446049250313e-16
144.0,2.220446049250313e-16,2.220446049250313e-16,2.220446049250313e-16,0.5241606864984303,0.4915859506259718,2.220446049250313e-16,0.3758534306431818,2.220446049250313e-16,2.220446049250313e-16,2.220446049250313e-16,0.1819787823502359,2.220446049250313e-16,0.10135332944311291,0.3700981381339849,2.220446049250313e-16,2.220446049250313e-16,2.220446049250313e-16
145.0,2.220446049250313e-16,2.220446049250313e-16,2.220446049250313e-16,0.5241606864984303,0.4915859506259718,2.220446049250313e-16,0.3758534306431818,2.220446049250313e-16,2.220446049250313e-16,2.220446049250313e-16,0.1819787823502359,2.220446049250313e-16,0.10135332944311291,0.3700981381339849,2.220446049250313e-16,2.220446049250313e-16,2.220446049250313e-16
146.0,2.220446049250313e-16,2.220446049250313e-16,2.220446049250313e-16,0.5573481678941954,0.49085753613297,5.551115123125783e-17,0.3758534306431819,2.220446049250313e-16,2.220446049250313e-16,2.220446049250313e-16,0.5067583346215552,2.220446049250313e-16,0.3651389163993335,2.220446049250313e-16,2.220446049250313e-16,2.220446049250313e-16,2.220446049250313e-16
147.0,2.220446049250313e-16,2.220446049250313e-16,2.220446049250313e-16,0.5573481678941954,0.49085753613297,5.551115123125783e-17,0.3758534306431819,2.220446049250313e-16,2.220446049250313e-16,2.220446049250313e-16,0.5067583346215552,2.220446049250313e-16,0.3651389163993335,2.220446049250313e-16,2.220446049250313e-16,2.220446049250313e-16,2.220446049250313e-16
148.0,2.220446049250313e-16,2.220446049250313e-16,2.220446049250313e-16,0.55222254475122,2.220446049250313e-16,2.220446049250313e-16,2.220446049250313e-16,2.220446049250313e-16,0.46760186058782915,2.220446049250313e-16,2.220446049250313e-16,2.220446049250313e-16,2.220446049250313e-16,0.6294785073157222,2.220446049250313e-16,2.220446049250313e-16,2.220446049250313e-16
149.0,0.42846020154225095,2.220446049250313e-16,0.01661451865258201,0.0034819807975484977,2.220446049250313e-16,2.220446049250313e-16,2.220446049250313e-16,2.220446049250313e-16,0.0011582439352651225,0.055538667541306506,2.220446049250313e-16,2.220446049250313e-16,0.0547321788929337,2.220446049250313e-16,0.6905308655903709,0.6251233679512787,0.39422462212980786
150.0,0.42846020154225095,2.220446049250313e-16,0.01661451865258201,0.0034819807975484977,2.220446049250313e-16,2.220446049250313e-16,2.220446049250313e-16,2.220446049250313e-16,0.0011582439352651225,0.055538667541306506,2.220446049250313e-16,2.220446049250313e-16,0.0547321788929337,2.220446049250313e-16,0.6905308655903709,0.6251233679512787,0.39422462212980786
151.0,0.043954411364072535,0.3826592919043241,0.016120906316370347,2.220446049250313e-16,2.220446049250313e-16,2.220446049250313e-16,8.326672684688674e-17,2.220446049250313e-16,2.220446049250313e-16,2.220446049250313e-16,0.12572953105042328,0.4078897721676772,0.5732117981099671,2.220446049250313e-16,0.061456767065912764,0.6321620249269543,0.3942246221298078
152.0,0.043954411364072535,0.3826592919043241,0.016120906316370347,2.220446049250313e-16,2.220446049250313e-16,2.220446049250313e-16,8.326672684688674e-17,2.220446049250313e-16,2.220446049250313e-16,2.220446049250313e-16,0.12572953105042328,0.4078897721676772,0.5732117981099671,2.220446049250313e-16,0.061456767065912764,0.6321620249269543,0.3942246221298078
153.0,0.4303428315607798,2.220446049250313e-16,0.4086109981703556,0.003526306605148215,2.220446049250313e-16,4.85722573273506e-17,2.220446049250313e-16,2.220446049250313e-16,0.000669707544013799,0.05581421018764682,2.220446049250313e-16,2.220446049250313e-16,0.054667809699688465,2.2757665182481487e-17,0.6909952261175457,0.6075093703492084,2.220446049250313e-16
154.0,0.4303428315607798,2.220446049250313e-16,0.4086109981703556,0.003526306605148215,2.220446049250313e-16,4.85722573273506e-17,2.220446049250313e-16,2.220446049250313e-16,0.000669707544013799,0.05581421018764682,2.220446049250313e-16,2.220446049250313e-16,0.054667809699688465,2.2757665182481487e-17,0.6909952261175457,0.6075093703492084,2.220446049250313e-16
155.0,0.043954411364072535,0.3826592919043241,0.016120906316370347,2.220446049250313e-16,2.220446049250313e-16,2.220446049250313e-16,8.326672684688674e-17,2.220446049250313e-16,2.220446049250313e-16,2.220446049250313e-16,0.12572953105042328,0.4078897721676772,0.5732117981099671,2.220446049250313e-16,0.061456767065912764,0.6321620249269543,0.3942246221298078
156.0,0.043954411364072535,0.3826592919043241,0.016120906316370347,2.220446049250313e-16,2.220446049250313e-16,2.220446049250313e-16,8.326672684688674e-17,2.220446049250313e-16,2.220446049250313e-16,2.220446049250313e-16,0.12572953105042328,0.4078897721676772,0.5732117981099671,2.220446049250313e-16,0.061456767065912764,0.6321620249269543,0.3942246221298078
157.0,2.220446049250313e-16,2.220446049250313e-16,2.220446049250313e-16,0.6415735437066074,0.23889498358458522,2.220446049250313e-16,2.220446049250313e-16,2.220446049250313e-16,2.220446049250313e-16,0.10190963884959738,0.0944742934683605,2.220446049250313e-16,0.06367419236782457,2.220446049250313e-16,0.5150896550591695,0.20756181834743948,2.220446049250313e-16
158.0,2.220446049250313e-16,2.220446049250313e-16,2.220446049250313e-16,0.5241606864984303,0.4915859506259718,2.220446049250313e-16,0.3758534306431818,2.220446049250313e-16,2.220446049250313e-16,2.220446049250313e-16,0.1819787823502359,2.220446049250313e-16,0.10135332944311291,0.3700981381339849,2.220446049250313e-16,2.220446049250313e-16,2.220446049250313e-16
159.0,2.220446049250313e-16,2.220446049250313e-16,2.220446049250313e-16,0.5241606864984303,0.4915859506259718,2.220446049250313e-16,0.3758534306431818,2.220446049250313e-16,2.220446049250313e-16,2.220446049250313e-16,0.1819787823502359,2.220446049250313e-16,0.10135332944311291,0.3700981381339849,2.220446049250313e-16,2.220446049250313e-16,2.220446049250313e-16
160.0,2.220446049250313e-16,2.220446049250313e-16,2.220446049250313e-16,0.5573481678941954,0.49085753613297,5.551115123125783e-17,0.3758534306431819,2.220446049250313e-16,2.220446049250313e-16,2.220446049250313e-16,0.5067583346215552,2.220446049250313e-16,0.3651389163993335,2.220446049250313e-16,2.220446049250313e-16,2.220446049250313e-16,2.220446049250313e-16
161.0,2.220446049250313e-16,2.220446049250313e-16,2.220446049250313e-16,0.5573481678941954,0.49085753613297,5.551115123125783e-17,0.3758534306431819,2.220446049250313e-16,2.220446049250313e-16,2.220446049250313e-16,0.5067583346215552,2.220446049250313e-16,0.3651389163993335,2.220446049250313e-16,2.220446049250313e-16,2.220446049250313e-16,2.220446049250313e-16
162.0,2.220446049250313e-16,2.220446049250313e-16,2.220446049250313e-16,0.55222254475122,2.220446049250313e-16,2.220446049250313e-16,2.220446049250313e-16,2.220446049250313e-16,0.46760186058782915,2.220446049250313e-16,2.220446049250313e-16,2.220446049250313e-16,2.220446049250313e-16,0.6294785073157222,2.220446049250313e-16,2.220446049250313e-16,2.220446049250313e-16
163.0,2.220446049250313e-16,2.220446049250313e-16,2.220446049250313e-16,0.6341259580592414,2.220446049250313e-16,2.220446049250313e-16,2.220446049250313e-16,2.220446049250313e-16,2.220446049250313e-16,0.38425481373679155,0.10118537980340414,2.220446049250313e-16,2.220446049250313e-16,2.220446049250313e-16,0.3153267364952166,0.3952948733099686,2.220446049250313e-16
164.0,0.3806525193113056,2.220446049250313e-16,2.220446049250313e-16,2.220446049250313e-16,2.220446049250313e-16,0.5385364273560119,2.220446049250313e-16,2.220446049250313e-16,2.220446049250313e-16,2.220446049250313e-16,2.220446049250313e-16,2.220446049250313e-16,2.220446049250313e-16,0.63102788648762,2.220446049250313e-16,2.220446049250313e-16,0.39422462212980786
165.0,0.3806525193113056,2.220446049250313e-16,2.220446049250313e-16,2.220446049250313e-16,2.220446049250313e-16,0.5385364273560119,2.220446049250313e-16,2.220446049250313e-16,2.220446049250313e-16,2.220446049250313e-16,2.220446049250313e-16,2.220446049250313e-16,2.220446049250313e-16,0.63102788648762,2.220446049250313e-16,2.220446049250313e-16,0.39422462212980786
166.0,0.3806525193113056,2.220446049250313e-16,2.220446049250313e-16,2.220446049250313e-16,2.220446049250313e-16,0.5385364273560119,2.220446049250313e-16,2.220446049250313e-16,2.220446049250313e-16,2.220446049250313e-16,2.220446049250313e-16,2.220446049250313e-16,2.220446049250313e-16,0.63102788648762,2.220446049250313e-16,2.220446049250313e-16,0.39422462212980786
167.0,0.3806525193113056,2.220446049250313e-16,2.220446049250313e-16,2.220446049250313e-16,2.220446049250313e-16,0.5385364273560119,2.220446049250313e-16,2.220446049250313e-16,2.220446049250313e-16,2.220446049250313e-16,2.220446049250313e-16,2.220446049250313e-16,2.220446049250313e-16,0.63102788648762,2.220446049250313e-16,2.220446049250313e-16,0.39422462212980786
168.0,0.3806525193113056,2.220446049250313e-16,2.220446049250313e-16,2.220446049250313e-16,2.220446049250313e-16,0.5385364273560119,2.220446049250313e-16,2.220446049250313e-16,2.220446049250313e-16,2.220446049250313e-16,2.220446049250313e-16,2.220446049250313e-16,2.220446049250313e-16,0.63102788648762,2.220446049250313e-16,2.220446049250313e-16,0.39422462212980786
169.0,0.3806525193113056,2.220446049250313e-16,2.220446049250313e-16,2.220446049250313e-16,2.220446049250313e-16,0.5385364273560119,2.220446049250313e-16,2.220446049250313e-16,2.220446049250313e-16,2.220446049250313e-16,2.220446049250313e-16,2.220446049250313e-16,2.220446049250313e-16,0.63102788648762,2.220446049250313e-16,2.220446049250313e-16,0.39422462212980786
170.0,2.220446049250313e-16,2.220446049250313e-16,2.220446049250313e-16,2.220446049250313e-16,0.49616862352879015,0.0014179343970512415,2.220446049250313e-16,0.6465655555302997,0.03886984499217764,0.5586983070950036,2.220446049250313e-16,2.220446049250313e-16,2.220446049250313e-16,2.220446049250313e-16,0.2065081087105858,0.016019413338191364,2.220446049250313e-16
171.0,2.220446049250313e-16,2.220446049250313e-16,2.220446049250313e-16,2.220446049250313e-16,0.49616862352879015,0.0014179343970512415,2.220446049250313e-16,0.6465655555302997,0.03886984499217764,0.5586983070950036,2.220446049250313e-16,2.220446049250313e-16,2.220446049250313e-16,2.220446049250313e-16,0.2065081087105858,0.016019413338191364,2.220446049250313e-16
172.0,2.220446049250313e-16,2.220446049250313e-16,2.220446049250313e-16,2.220446049250313e-16,2.220446049250313e-16,0.0011943165077373768,2.220446049250313e-16,0.6548444123519623,0.03480524010503744,2.220446049250313e-16,0.09985682364162637,0.40788977216767774,0.5783019124615248,2.220446049250313e-16,0.06786110394697684,0.37913733324225773,2.220446049250313e-16
173.0,2.220446049250313e-16,2.220446049250313e-16,2.220446049250313e-16,2.220446049250313e-16,2.220446049250313e-16,0.0011943165077373768,2.220446049250313e-16,0.6548444123519623,0.03480524010503744,2.220446049250313e-16,0.09985682364162637,0.40788977216767774,0.5783019124615248,2.220446049250313e-16,0.06786110394697684,0.37913733324225773,2.220446049250313e-16
174.0,2.220446049250313e-16,2.220446049250313e-16,0.02264245811426455,0.5808056402846862,2.220446049250313e-16,2.220446049250313e-16,2.220446049250313e-16,2.220446049250313e-16,0.0017520181406924617,0.38400993854905713,2.220446049250313e-16,1.3877787807814457e-17,2.220446049250313e-16,2.220446049250313e-16,0.3120126321682155,0.5395758969228854,2.220446049250313e-16
175.0,2.220446049250313e-16,0.3826592919043242,0.39075404715664613,2.220446049250313e-16,2.220446049250313e-16,0.538540242406676,2.220446049250313e-16,2.220446049250313e-16,2.220446049250313e-16,2.220446049250313e-16,0.0036937433736217162,2.220446049250313e-16,2.220446049250313e-16,0.6307945029913798,2.220446049250313e-16,2.220446049250313e-16,2.220446049250313e-16
176.0,2.220446049250313e-16,0.3826592919043242,0.39075404715664613,2.220446049250313e-16,2.220446049250313e-16,0.538540242406676,2.220446049250313e-16,2.220446049250313e-16,2.220446049250313e-16,2.220446049250313e-16,0.0036937433736217162,2.220446049250313e-16,2.220446049250313e-16,0.6307945029913798,2.220446049250313e-16,2.220446049250313e-16,2.220446049250313e-16
177.0,2.220446049250313e-16,0.3826592919043242,0.39075404715664613,2.220446049250313e-16,2.220446049250313e-16,0.538540242406676,2.220446049250313e-16,2.220446049250313e-16,2.220446049250313e-16,2.220446049250313e-16,0.0036937433736217162,2.220446049250313e-16,2.220446049250313e-16,0.6307945029913798,2.220446049250313e-16,2.220446049250313e-16,2.220446049250313e-16
178.0,2.220446049250313e-16,0.3826592919043242,0.39075404715664613,2.220446049250313e-16,2.220446049250313e-16,0.538540242406676,2.220446049250313e-16,2.220446049250313e-16,2.220446049250313e-16,2.220446049250313e-16,0.0036937433736217162,2.220446049250313e-16,2.220446049250313e-16,0.6307945029913798,2.220446049250313e-16,2.220446049250313e-16,2.220446049250313e-16
179.0,2.220446049250313e-16,0.3826592919043242,0.39075404715664613,2.220446049250313e-16,2.220446049250313e-16,0.538540242406676,2.220446049250313e-16,2.220446049250313e-16,2.220446049250313e-16,2.220446049250313e-16,0.0036937433736217162,2.220446049250313e-16,2.220446049250313e-16,0.6307945029913798,2.220446049250313e-16,2.220446049250313e-16,2.220446049250313e-16
180.0,2.220446049250313e-16,0.3826592919043242,0.39075404715664613,2.220446049250313e-16,2.220446049250313e-16,0.538540242406676,2.220446049250313e-16,2.220446049250313e-16,2.220446049250313e-16,2.220446049250313e-16,0.0036937433736217162,2.220446049250313e-16,2.220446049250313e-16,0.6307945029913798,2.220446049250313e-16,2.220446049250313e-16,2.220446049250313e-16
181.0,2.220446049250313e-16,0.38265929190432424,2.220446049250313e-16,2.220446049250313e-16,2.220446049250313e-16,0.006172368725977576,2.220446049250313e-16,0.4705452863204812,0.051646191818102954,0.5653946141401393,2.220446049250313e-16,2.220446049250313e-16,2.220446049250313e-16,2.220446049250313e-16,0.19470392579616913,0.39920671663166324,2.220446049250313e-16
182.0,2.220446049250313e-16,0.38265929190432424,2.220446049250313e-16,2.220446049250313e-16,2.220446049250313e-16,0.006172368725977576,2.220446049250313e-16,0.4705452863204812,0.051646191818102954,0.5653946141401393,2.220446049250313e-16,2.220446049250313e-16,2.220446049250313e-16,2.220446049250313e-16,0.19470392579616913,0.39920671663166324,2.220446049250313e-16
183.0,2.220446049250313e-16,0.38265929190432413,0.4157913337327929,2.220446049250313e-16,2.220446049250313e-16,2.220446049250313e-16,2.220446049250313e-16,0.10819301584079566,0.08456385905885959,2.220446049250313e-16,0.09542370848055276,0.4078897721676776,0.5815703769656855,2.220446049250313e-16,0.06389528091419606,0.5031036138147459,2.220446049250313e-16
184.0,2.220446049250313e-16,0.38265929190432413,0.4157913337327929,2.220446049250313e-16,2.220446049250313e-16,2.220446049250313e-16,2.220446049250313e-16,0.10819301584079566,0.08456385905885959,2.220446049250313e-16,0.09542370848055276,0.4078897721676776,0.5815703769656855,2.220446049250313e-16,0.06389528091419606,0.5031036138147459,2.220446049250313e-16
185.0,2.220446049250313e-16,0.38265929190432424,2.220446049250313e-16,2.220446049250313e-16,2.220446049250313e-16,0.006172368725977576,2.220446049250313e-16,0.4705452863204812,0.051646191818102954,0.5653946141401393,2.220446049250313e-16,2.220446049250313e-16,2.220446049250313e-16,2.220446049250313e-16,0.19470392579616913,0.39920671663166324,2.220446049250313e-16
186.0,2.220446049250313e-16,0.38265929190432424,2.220446049250313e-16,2.220446049250313e-16,2.220446049250313e-16,0.006172368725977576,2.220446049250313e-16,0.4705452863204812,0.051646191818102954,0.5653946141401393,2.220446049250313e-16,2.220446049250313e-16,2.220446049250313e-16,2.220446049250313e-16,0.19470392579616913,0.39920671663166324,2.220446049250313e-16
187.0,2.220446049250313e-16,0.38265929190432413,0.3650541694556435,2.220446049250313e-16,2.220446049250313e-16,2.220446049250313e-16,2.220446049250313e-16,0.2933899377556592,0.06495691691783459,2.220446049250313e-16,0.10019059764787312,0.4078897721676774,0.5795082495778664,2.220446049250313e-16,0.06815139405956108,0.3626970016459026,2.220446049250313e-16
188.0,2.220446049250313e-16,0.38265929190432413,0.3650541694556435,2.220446049250313e-16,2.220446049250313e-16,2.220446049250313e-16,2.220446049250313e-16,0.2933899377556592,0.06495691691783459,2.220446049250313e-16,0.10019059764787312,0.4078897721676774,0.5795082495778664,2.220446049250313e-16,0.06815139405956108,0.3626970016459026,2.220446049250313e-16
189.0,2.220446049250313e-16,2.220446049250313e-16,2.220446049250313e-16,0.46248425445799235,0.4745906572560084,2.220446049250313e-16,2.220446049250313e-16,2.220446049250313e-16,2.220446049250313e-16,0.6258726685681909,0.10284892739528731,2.220446049250313e-16,2.220446049250313e-16,2.220446049250313e-16,0.019875954848203613,0.014855192850507244,0.3942246221298078
190.0,0.47110798398431025,2.220446049250313e-16,2.220446049250313e-16,0.14398218223856665,0.5111130534620131,2.220446049250313e-16,0.3758534306431821,2.220446049250313e-16,2.220446049250313e-16,2.220446049250313e-16,0.6963687235052408,2.220446049250313e-16,0.01467646971080398,0.08711833827660649,2.220446049250313e-16,0.06541732916953465,2.220446049250313e-16
191.0,0.47110798398431025,2.220446049250313e-16,2.220446049250313e-16,0.14398218223856665,0.5111130534620131,2.220446049250313e-16,0.3758534306431821,2.220446049250313e-16,2.220446049250313e-16,2.220446049250313e-16,0.6963687235052408,2.220446049250313e-16,0.01467646971080398,0.08711833827660649,2.220446049250313e-16,0.06541732916953465,2.220446049250313e-16
192.0,2.220446049250313e-16,2.220446049250313e-16,2.220446049250313e-16,0.5573481678941954,0.49085753613297,5.551115123125783e-17,0.3758534306431819,2.220446049250313e-16,2.220446049250313e-16,2.220446049250313e-16,0.5067583346215552,2.220446049250313e-16,0.3651389163993335,2.220446049250313e-16,2.220446049250313e-16,2.220446049250313e-16,2.220446049250313e-16
193.0,2.220446049250313e-16,2.220446049250313e-16,2.220446049250313e-16,0.5573481678941954,0.49085753613297,5.551115123125783e-17,0.3758534306431819,2.220446049250313e-16,2.220446049250313e-16,2.220446049250313e-16,0.5067583346215552,2.220446049250313e-16,0.3651389163993335,2.220446049250313e-16,2.220446049250313e-16,2.220446049250313e-16,2.220446049250313e-16
194.0,2.220446049250313e-16,2.220446049250313e-16,2.220446049250313e-16,0.578836458016312,2.220446049250313e-16,2.220446049250313e-16,2.220446049250313e-16,2.220446049250313e-16,0.46760186058782915,2.220446049250313e-16,0.3988915758858088,2.220446049250313e-16,2.220446049250313e-16,0.3537948064000667,2.220446049250313e-16,2.220446049250313e-16,2.220446049250313e-16
195.0,2.220446049250313e-16,2.220446049250313e-16,2.220446049250313e-16,0.5764565193727645,2.220446049250313e-16,2.220446049250313e-16,2.220446049250313e-16,0.16979398034054982,2.220446049250313e-16,0.6291201483933005,2.220446049250313e-16,2.220446049250313e-16,2.220446049250313e-16,2.220446049250313e-16,0.006984944615085351,0.40034286978943623,2.220446049250313e-16
196.0,2.220446049250313e-16,2.220446049250313e-16,0.390754047156646,2.220446049250313e-16,2.220446049250313e-16,0.5342687764710309,2.220446049250313e-16,0.1581071766989769,2.220446049250313e-16,2.220446049250313e-16,0.0036875873525258067,2.220446049250313e-16,2.220446049250313e-16,0.6308481618475845,2.220446049250313e-16,2.220446049250313e-16,2.220446049250313e-16
197.0,2.220446049250313e-16,2.220446049250313e-16,2.220446049250313e-16,0.20357526971392165,2.220446049250313e-16,2.220446049250313e-16,0.37585343064318183,0.07222295157109715,0.5551377943633787,2.220446049250313e-16,0.6431022467917148,2.220446049250313e-16,0.02601520525403261,0.09048321260597975,2.220446049250313e-16,2.220446049250313e-16,0.3942246221298078
198.0,2.220446049250313e-16,2.220446049250313e-16,0.390754047156646,2.220446049250313e-16,2.220446049250313e-16,0.5342687764710309,2.220446049250313e-16,0.1581071766989769,2.220446049250313e-16,2.220446049250313e-16,0.0036875873525258067,2.220446049250313e-16,2.220446049250313e-16,0.6308481618475845,2.220446049250313e-16,2.220446049250313e-16,2.220446049250313e-16
199.0,2.220446049250313e-16,2.220446049250313e-16,0.390754047156646,2.220446049250313e-16,2.220446049250313e-16,0.5342687764710309,2.220446049250313e-16,0.1581071766989769,2.220446049250313e-16,2.220446049250313e-16,0.0036875873525258067,2.220446049250313e-16,2.220446049250313e-16,0.6308481618475845,2.220446049250313e-16,2.220446049250313e-16,2.220446049250313e-16
200.0,2.220446049250313e-16,2.220446049250313e-16,2.220446049250313e-16,0.20357526971392165,2.220446049250313e-16,2.220446049250313e-16,0.37585343064318183,0.07222295157109715,0.5551377943633787,2.220446049250313e-16,0.6431022467917148,2.220446049250313e-16,0.02601520525403261,0.09048321260597975,2.220446049250313e-16,2.220446049250313e-16,0.3942246221298078
201.0,2.220446049250313e-16,2.220446049250313e-16,0.390754047156646,2.220446049250313e-16,2.220446049250313e-16,0.5342687764710309,2.220446049250313e-16,0.1581071766989769,2.220446049250313e-16,2.220446049250313e-16,0.0036875873525258067,2.220446049250313e-16,2.220446049250313e-16,0.6308481618475845,2.220446049250313e-16,2.220446049250313e-16,2.220446049250313e-16
202.0,2.220446049250313e-16,2.220446049250313e-16,2.220446049250313e-16,0.617949077386903,0.4906323286059463,2.220446049250313e-16,2.220446049250313e-16,2.220446049250313e-16,2.220446049250313e-16,0.6199452157164396,0.11109128977206478,2.220446049250313e-16,2.220446049250313e-16,2.220446049250313e-16,0.018680882990963734,0.014261480095758084,2.220446049250313e-16
203.0,0.47110798398431025,2.220446049250313e-16,2.220446049250313e-16,0.14398218223856665,0.5111130534620131,2.220446049250313e-16,0.3758534306431821,2.220446049250313e-16,2.220446049250313e-16,2.220446049250313e-16,0.6963687235052408,2.220446049250313e-16,0.01467646971080398,0.08711833827660649,2.220446049250313e-16,0.06541732916953465,2.220446049250313e-16
204.0,0.47110798398431025,2.220446049250313e-16,2.220446049250313e-16,0.14398218223856665,0.5111130534620131,2.220446049250313e-16,0.3758534306431821,2.220446049250313e-16,2.220446049250313e-16,2.220446049250313e-16,0.6963687235052408,2.220446049250313e-16,0.01467646971080398,0.08711833827660649,2.220446049250313e-16,0.06541732916953465,2.220446049250313e-16
205.0,2.220446049250313e-16,2.220446049250313e-16,2.220446049250313e-16,0.5573481678941954,0.49085753613297,5.551115123125783e-17,0.3758534306431819,2.220446049250313e-16,2.220446049250313e-16,2.220446049250313e-16,0.5067583346215552,2.220446049250313e-16,0.3651389163993335,2.220446049250313e-16,2.220446049250313e-16,2.220446049250313e-16,2.220446049250313e-16
206.0,2.220446049250313e-16,2.220446049250313e-16,2.220446049250313e-16,0.5573481678941954,0.49085753613297,5.551115123125783e-17,0.3758534306431819,2.220446049250313e-16,2.220446049250313e-16,2.220446049250313e-16,0.5067583346215552,2.220446049250313e-16,0.3651389163993335,2.220446049250313e-16,2.220446049250313e-16,2.220446049250313e-16,2.220446049250313e-16
207.0,2.220446049250313e-16,2.220446049250313e-16,2.220446049250313e-16,0.55222254475122,2.220446049250313e-16,2.220446049250313e-16,2.220446049250313e-16,2.220446049250313e-16,0.46760186058782915,2.220446049250313e-16,2.220446049250313e-16,2.220446049250313e-16,2.220446049250313e-16,0.6294785073157222,2.220446049250313e-16,2.220446049250313e-16,2.220446049250313e-16
208.0,2.220446049250313e-16,2.220446049250313e-16,0.049533031777254884,0.40930850756997544,0.47471131082138984,1.1102230246251565e-16,2.220446049250313e-16,2.220446049250313e-16,0.0038327450932801894,0.6256407633421736,2.220446049250313e-16,2.220446049250313e-16,2.220446049250313e-16,5.088844393607114e-18,0.01659095510822593,0.1579666387955855,0.3942246221298078
209.0,0.47127668729980926,2.220446049250313e-16,2.220446049250313e-16,2.220446049250313e-16,0.4944815979813354,2.220446049250313e-16,0.3758534306431821,2.220446049250313e-16,2.220446049250313e-16,2.220446049250313e-16,0.6864944581639875,2.220446049250313e-16,0.01634032478157386,0.08774210136397767,2.220446049250313e-16,0.06611747139306505,0.3942246221298078
210.0,0.47127668729980926,2.220446049250313e-16,2.220446049250313e-16,2.220446049250313e-16,0.4944815979813354,2.220446049250313e-16,0.3758534306431821,2.220446049250313e-16,2.220446049250313e-16,2.220446049250313e-16,0.6864944581639875,2.220446049250313e-16,0.01634032478157386,0.08774210136397767,2.220446049250313e-16,0.06611747139306505,0.3942246221298078
211.0,2.220446049250313e-16,2.220446049250313e-16,2.220446049250313e-16,0.5573481678941954,0.49085753613297,5.551115123125783e-17,0.3758534306431819,2.220446049250313e-16,2.220446049250313e-16,2.220446049250313e-16,0.5067583346215552,2.220446049250313e-16,0.3651389163993335,2.220446049250313e-16,2.220446049250313e-16,2.220446049250313e-16,2.220446049250313e-16
212.0,2.220446049250313e-16,2.220446049250313e-16,2.220446049250313e-16,0.5573481678941954,0.49085753613297,5.551115123125783e-17,0.3758534306431819,2.220446049250313e-16,2.220446049250313e-16,2.220446049250313e-16,0.5067583346215552,2.220446049250313e-16,0.3651389163993335,2.220446049250313e-16,2.220446049250313e-16,2.220446049250313e-16,2.220446049250313e-16
213.0,2.220446049250313e-16,2.220446049250313e-16,2.220446049250313e-16,0.578836458016312,2.220446049250313e-16,2.220446049250313e-16,2.220446049250313e-16,2.220446049250313e-16,0.46760186058782915,2.220446049250313e-16,0.3988915758858088,2.220446049250313e-16,2.220446049250313e-16,0.3537948064000667,2.220446049250313e-16,2.220446049250313e-16,2.220446049250313e-16
214.0,0.4303428315607798,2.220446049250313e-16,0.4086109981703556,0.003526306605148215,2.220446049250313e-16,4.85722573273506e-17,2.220446049250313e-16,2.220446049250313e-16,0.000669707544013799,0.05581421018764682,2.220446049250313e-16,2.220446049250313e-16,0.054667809699688465,2.2757665182481487e-17,0.6909952261175457,0.6075093703492084,2.220446049250313e-16
215.0,0.4303428315607798,2.220446049250313e-16,0.4086109981703556,0.003526306605148215,2.220446049250313e-16,4.85722573273506e-17,2.220446049250313e-16,2.220446049250313e-16,0.000669707544013799,0.05581421018764682,2.220446049250313e-16,2.220446049250313e-16,0.054667809699688465,2.2757665182481487e-17,0.6909952261175457,0.6075093703492084,2.220446049250313e-16
216.0,0.037763288278453974,0.38265929190432424,0.016480241730639365,2.220446049250313e-16,2.220446049250313e-16,5.551115123125783e-17,2.220446049250313e-16,2.220446049250313e-16,0.00038333510903998223,2.220446049250313e-16,0.39889584089326835,0.4078897721676776,0.38331308009337534,2.220446049250313e-16,2.220446049250313e-16,0.6270519271217327,0.39422462212980786
217.0,0.037763288278453974,0.38265929190432424,0.016480241730639365,2.220446049250313e-16,2.220446049250313e-16,5.551115123125783e-17,2.220446049250313e-16,2.220446049250313e-16,0.00038333510903998223,2.220446049250313e-16,0.39889584089326835,0.4078897721676776,0.38331308009337534,2.220446049250313e-16,2.220446049250313e-16,0.6270519271217327,0.39422462212980786
218.0,0.4303428315607798,2.220446049250313e-16,0.4086109981703556,0.003526306605148215,2.220446049250313e-16,4.85722573273506e-17,2.220446049250313e-16,2.220446049250313e-16,0.000669707544013799,0.05581421018764682,2.220446049250313e-16,2.220446049250313e-16,0.054667809699688465,2.2757665182481487e-17,0.6909952261175457,0.6075093703492084,2.220446049250313e-16
219.0,0.4303428315607798,2.220446049250313e-16,0.4086109981703556,0.003526306605148215,2.220446049250313e-16,4.85722573273506e-17,2.220446049250313e-16,2.220446049250313e-16,0.000669707544013799,0.05581421018764682,2.220446049250313e-16,2.220446049250313e-16,0.054667809699688465,2.2757665182481487e-17,0.6909952261175457,0.6075093703492084,2.220446049250313e-16
220.0,0.043954411364072535,0.3826592919043241,0.016120906316370347,2.220446049250313e-16,2.220446049250313e-16,2.220446049250313e-16,8.326672684688674e-17,2.220446049250313e-16,2.220446049250313e-16,2.220446049250313e-16,0.12572953105042328,0.4078897721676772,0.5732117981099671,2.220446049250313e-16,0.061456767065912764,0.6321620249269543,0.3942246221298078
221.0,0.043954411364072535,0.3826592919043241,0.016120906316370347,2.220446049250313e-16,2.220446049250313e-16,2.220446049250313e-16,8.326672684688674e-17,2.220446049250313e-16,2.220446049250313e-16,2.220446049250313e-16,0.12572953105042328,0.4078897721676772,0.5732117981099671,2.220446049250313e-16,0.061456767065912764,0.6321620249269543,0.3942246221298078
