id,x_0,x_1,x_2,x_3,x_4,x_5,x_6,x_7,x_8,x_9
0.0,2.220446049250313e-16,0.43948710339501934,0.004562292869337237,0.5398319657177764,2.220446049250313e-16,0.2393696282603024,2.220446049250313e-16,0.2817856666614222,2.220446049250313e-16,0.3967873010067461
1.0,2.220446049250313e-16,2.220446049250313e-16,0.020449669144350913,2.220446049250313e-16,2.220446049250313e-16,0.8309748920658429,0.08970495871886887,0.19732948815484014,0.045188080531715864,0.19963258687367694
2.0,2.220446049250313e-16,0.021265032173601386,2.220446049250313e-16,2.220446049250313e-16,0.4600018913116757,0.003117932583153655,0.8627819485770487,2.220446049250313e-16,0.13793632946340073,0.35610728886186455
3.0,2.220446049250313e-16,2.220446049250313e-16,0.03225172343198663,2.220446049250313e-16,2.220446049250313e-16,0.7784463609431411,0.11316407059124824,0.4324743079366637,0.03682524544676742,2.220446049250313e-16
4.0,2.220446049250313e-16,2.220446049250313e-16,0.14590382931366547,0.2507600393102923,2.220446049250313e-16,0.14590001316493673,0.16892446074362374,0.29484483576675063,2.220446049250313e-16,0.5656874899802657
5.0,2.220446049250313e-16,2.220446049250313e-16,0.03225172343198663,2.220446049250313e-16,2.220446049250313e-16,0.7784463609431411,0.11316407059124824,0.4324743079366637,0.03682524544676742,2.220446049250313e-16
6.0,2.220446049250313e-16,0.021265032173601386,2.220446049250313e-16,2.220446049250313e-16,0.4600018913116757,0.003117932583153655,0.8627819485770487,2.220446049250313e-16,0.13793632946340073,0.35610728886186455
7.0,2.220446049250313e-16,2.220446049250313e-16,0.020449669144350913,2.220446049250313e-16,2.220446049250313e-16,0.8309748920658429,0.08970495871886887,0.19732948815484014,0.045188080531715864,0.19963258687367694
8.0,2.220446049250313e-16,0.4543674279198676,0.014716328398613754,0.539105407283243,2.220446049250313e-16,0.19342427850013105,2.220446049250313e-16,0.5158830914507776,2.220446049250313e-16,0.1471556491878661
9.0,2.220446049250313e-16,0.2963482505087272,0.14716145283205528,2.220446049250313e-16,2.220446049250313e-16,0.6013735424997454,2.220446049250313e-16,0.45900430405119136,2.220446049250313e-16,2.220446049250313e-16
10.0,2.220446049250313e-16,2.220446049250313e-16,0.2622975469125119,0.2426694125240773,2.220446049250313e-16,0.021142709567569203,0.18468164145011112,0.3134471163588911,2.220446049250313e-16,0.4629054568625816
11.0,2.220446049250313e-16,0.2963482505087272,0.14716145283205528,2.220446049250313e-16,2.220446049250313e-16,0.6013735424997454,2.220446049250313e-16,0.45900430405119136,2.220446049250313e-16,2.220446049250313e-16
12.0,2.220446049250313e-16,2.220446049250313e-16,0.14590382931366547,0.2507600393102923,2.220446049250313e-16,0.14590001316493673,0.16892446074362374,0.29484483576675063,2.220446049250313e-16,0.5656874899802657
13.0,2.220446049250313e-16,2.220446049250313e-16,0.03225172343198663,2.220446049250313e-16,2.220446049250313e-16,0.7784463609431411,0.11316407059124824,0.4324743079366637,0.03682524544676742,2.220446049250313e-16
14.0,0.10803369568276847,0.02862855199884662,2.220446049250313e-16,2.220446049250313e-16,0.45907699913165073,2.220446049250313e-16,0.8830451955314438,2.220446049250313e-16,0.17018233630869434,0.09641998342039887
15.0,2.220446049250313e-16,2.220446049250313e-16,0.3939942644252217,0.0341367307443346,2.220446049250313e-16,0.2605636747838683,0.21383815961350894,2.220446049250313e-16,2.220446049250313e-16,0.4891865532696179
16.0,0.10803369568276847,0.02862855199884662,2.220446049250313e-16,2.220446049250313e-16,0.45907699913165073,2.220446049250313e-16,0.8830451955314438,2.220446049250313e-16,0.17018233630869434,0.09641998342039887
17.0,2.220446049250313e-16,2.220446049250313e-16,0.020449669144350913,2.220446049250313e-16,2.220446049250313e-16,0.8309748920658429,0.08970495871886887,0.19732948815484014,0.045188080531715864,0.19963258687367694
18.0,2.220446049250313e-16,0.4543674279198676,0.014716328398613754,0.539105407283243,2.220446049250313e-16,0.19342427850013105,2.220446049250313e-16,0.5158830914507776,2.220446049250313e-16,0.1471556491878661
19.0,2.220446049250313e-16,0.2963482505087272,0.14716145283205528,2.220446049250313e-16,2.220446049250313e-16,0.6013735424997454,2.220446049250313e-16,0.45900430405119136,2.220446049250313e-16,2.220446049250313e-16
20.0,2.220446049250313e-16,2.220446049250313e-16,0.2622975469125119,0.2426694125240773,2.220446049250313e-16,0.021142709567569203,0.18468164145011112,0.3134471163588911,2.220446049250313e-16,0.4629054568625816
21.0,2.220446049250313e-16,0.2963482505087272,0.14716145283205528,2.220446049250313e-16,2.220446049250313e-16,0.6013735424997454,2.220446049250313e-16,0.45900430405119136,2.220446049250313e-16,2.220446049250313e-16
22.0,2.220446049250313e-16,2.220446049250313e-16,0.14590382931366547,0.2507600393102923,2.220446049250313e-16,0.14590001316493673,0.16892446074362374,0.29484483576675063,2.220446049250313e-16,0.5656874899802657
23.0,2.220446049250313e-16,2.220446049250313e-16,0.03225172343198663,2.220446049250313e-16,2.220446049250313e-16,0.7784463609431411,0.11316407059124824,0.4324743079366637,0.03682524544676742,2.220446049250313e-16
24.0,2.220446049250313e-16,0.021265032173601386,2.220446049250313e-16,2.220446049250313e-16,0.4600018913116757,0.003117932583153655,0.8627819485770487,2.220446049250313e-16,0.13793632946340073,0.35610728886186455
25.0,2.220446049250313e-16,2.220446049250313e-16,0.020449669144350913,2.220446049250313e-16,2.220446049250313e-16,0.8309748920658429,0.08970495871886887,0.19732948815484014,0.045188080531715864,0.19963258687367694
26.0,2.220446049250313e-16,0.43948710339501934,0.004562292869337237,0.5398319657177764,2.220446049250313e-16,0.2393696282603024,2.220446049250313e-16,0.2817856666614222,2.220446049250313e-16,0.3967873010067461
27.0,2.220446049250313e-16,2.220446049250313e-16,0.020449669144350913,2.220446049250313e-16,2.220446049250313e-16,0.8309748920658429,0.08970495871886887,0.19732948815484014,0.045188080531715864,0.19963258687367694
28.0,2.220446049250313e-16,0.021265032173601386,2.220446049250313e-16,2.220446049250313e-16,0.4600018913116757,0.003117932583153655,0.8627819485770487,2.220446049250313e-16,0.13793632946340073,0.35610728886186455
29.0,2.220446049250313e-16,2.220446049250313e-16,0.020449669144350913,2.220446049250313e-16,2.220446049250313e-16,0.8309748920658429,0.08970495871886887,0.19732948815484014,0.045188080531715864,0.19963258687367694
30.0,2.220446049250313e-16,0.43948710339501934,0.004562292869337237,0.5398319657177764,2.220446049250313e-16,0.2393696282603024,2.220446049250313e-16,0.2817856666614222,2.220446049250313e-16,0.3967873010067461
31.0,2.220446049250313e-16,2.220446049250313e-16,0.020449669144350913,2.220446049250313e-16,2.220446049250313e-16,0.8309748920658429,0.08970495871886887,0.19732948815484014,0.045188080531715864,0.19963258687367694
32.0,0.10803369568276847,0.02862855199884662,2.220446049250313e-16,2.220446049250313e-16,0.45907699913165073,2.220446049250313e-16,0.8830451955314438,2.220446049250313e-16,0.17018233630869434,0.09641998342039887
33.0,2.220446049250313e-16,2.220446049250313e-16,0.3939942644252217,0.0341367307443346,2.220446049250313e-16,0.2605636747838683,0.21383815961350894,2.220446049250313e-16,2.220446049250313e-16,0.4891865532696179
34.0,0.10803369568276847,0.02862855199884662,2.220446049250313e-16,2.220446049250313e-16,0.45907699913165073,2.220446049250313e-16,0.8830451955314438,2.220446049250313e-16,0.17018233630869434,0.09641998342039887
35.0,2.220446049250313e-16,2.220446049250313e-16,0.020449669144350913,2.220446049250313e-16,2.220446049250313e-16,0.8309748920658429,0.08970495871886887,0.19732948815484014,0.045188080531715864,0.19963258687367694
36.0,2.220446049250313e-16,0.4543674279198676,0.014716328398613754,0.539105407283243,2.220446049250313e-16,0.19342427850013105,2.220446049250313e-16,0.5158830914507776,2.220446049250313e-16,0.1471556491878661
37.0,2.220446049250313e-16,0.2963482505087272,0.14716145283205528,2.220446049250313e-16,2.220446049250313e-16,0.6013735424997454,2.220446049250313e-16,0.45900430405119136,2.220446049250313e-16,2.220446049250313e-16
38.0,2.220446049250313e-16,2.220446049250313e-16,0.14590382931366547,0.2507600393102923,2.220446049250313e-16,0.14590001316493673,0.16892446074362374,0.29484483576675063,2.220446049250313e-16,0.5656874899802657
39.0,2.220446049250313e-16,2.220446049250313e-16,0.03225172343198663,2.220446049250313e-16,2.220446049250313e-16,0.7784463609431411,0.11316407059124824,0.4324743079366637,0.03682524544676742,2.220446049250313e-16
40.0,2.220446049250313e-16,0.021265032173601386,2.220446049250313e-16,2.220446049250313e-16,0.4600018913116757,0.003117932583153655,0.8627819485770487,2.220446049250313e-16,0.13793632946340073,0.35610728886186455
41.0,2.220446049250313e-16,2.220446049250313e-16,0.03225172343198663,2.220446049250313e-16,2.220446049250313e-16,0.7784463609431411,0.11316407059124824,0.4324743079366637,0.03682524544676742,2.220446049250313e-16
42.0,2.220446049250313e-16,2.220446049250313e-16,0.14590382931366547,0.2507600393102923,2.220446049250313e-16,0.14590001316493673,0.16892446074362374,0.29484483576675063,2.220446049250313e-16,0.5656874899802657
43.0,2.220446049250313e-16,2.220446049250313e-16,0.03225172343198663,2.220446049250313e-16,2.220446049250313e-16,0.7784463609431411,0.11316407059124824,0.4324743079366637,0.03682524544676742,2.220446049250313e-16
44.0,0.10803369568276847,0.02862855199884662,2.220446049250313e-16,2.220446049250313e-16,0.45907699913165073,2.220446049250313e-16,0.8830451955314438,2.220446049250313e-16,0.17018233630869434,0.09641998342039887
45.0,2.220446049250313e-16,2.220446049250313e-16,0.3939942644252217,0.0341367307443346,2.220446049250313e-16,0.2605636747838683,0.21383815961350894,2.220446049250313e-16,2.220446049250313e-16,0.4891865532696179
46.0,0.10803369568276847,0.02862855199884662,2.220446049250313e-16,2.220446049250313e-16,0.45907699913165073,2.220446049250313e-16,0.8830451955314438,2.220446049250313e-16,0.17018233630869434,0.09641998342039887
47.0,2.220446049250313e-16,2.220446049250313e-16,0.020449669144350913,2.220446049250313e-16,2.220446049250313e-16,0.8309748920658429,0.08970495871886887,0.19732948815484014,0.045188080531715864,0.19963258687367694
48.0,2.220446049250313e-16,0.4543674279198676,0.014716328398613754,0.539105407283243,2.220446049250313e-16,0.19342427850013105,2.220446049250313e-16,0.5158830914507776,2.220446049250313e-16,0.1471556491878661
49.0,2.220446049250313e-16,0.2963482505087272,0.14716145283205528,2.220446049250313e-16,2.220446049250313e-16,0.6013735424997454,2.220446049250313e-16,0.45900430405119136,2.220446049250313e-16,2.220446049250313e-16
50.0,2.220446049250313e-16,2.220446049250313e-16,0.2622975469125119,0.2426694125240773,2.220446049250313e-16,0.021142709567569203,0.18468164145011112,0.3134471163588911,2.220446049250313e-16,0.4629054568625816
51.0,2.220446049250313e-16,0.2963482505087272,0.14716145283205528,2.220446049250313e-16,2.220446049250313e-16,0.6013735424997454,2.220446049250313e-16,0.45900430405119136,2.220446049250313e-16,2.220446049250313e-16
52.0,2.220446049250313e-16,0.4471540557479596,0.005683941719362873,0.3117251724357173,2.220446049250313e-16,0.2905502431124296,2.220446049250313e-16,0.5021363080637954,2.220446049250313e-16,0.25235239372164303
53.0,2.220446049250313e-16,0.2963482505087272,0.14716145283205528,2.220446049250313e-16,2.220446049250313e-16,0.6013735424997454,2.220446049250313e-16,0.45900430405119136,2.220446049250313e-16,2.220446049250313e-16
54.0,2.220446049250313e-16,0.4543674279198676,0.014716328398613754,0.539105407283243,2.220446049250313e-16,0.19342427850013105,2.220446049250313e-16,0.5158830914507776,2.220446049250313e-16,0.1471556491878661
55.0,2.220446049250313e-16,2.220446049250313e-16,0.020449669144350913,2.220446049250313e-16,2.220446049250313e-16,0.8309748920658429,0.08970495871886887,0.19732948815484014,0.045188080531715864,0.19963258687367694
56.0,0.10803369568276847,0.02862855199884662,2.220446049250313e-16,2.220446049250313e-16,0.45907699913165073,2.220446049250313e-16,0.8830451955314438,2.220446049250313e-16,0.17018233630869434,0.09641998342039887
57.0,2.220446049250313e-16,2.220446049250313e-16,0.3939942644252217,0.0341367307443346,2.220446049250313e-16,0.2605636747838683,0.21383815961350894,2.220446049250313e-16,2.220446049250313e-16,0.4891865532696179
58.0,0.10803369568276847,0.02862855199884662,2.220446049250313e-16,2.220446049250313e-16,0.45907699913165073,2.220446049250313e-16,0.8830451955314438,2.220446049250313e-16,0.17018233630869434,0.09641998342039887
59.0,2.220446049250313e-16,2.220446049250313e-16,0.020449669144350913,2.220446049250313e-16,2.220446049250313e-16,0.8309748920658429,0.08970495871886887,0.19732948815484014,0.045188080531715864,0.19963258687367694
60.0,2.220446049250313e-16,0.06317819816225788,2.220446049250313e-16,2.220446049250313e-16,0.22655883042701774,2.220446049250313e-16,0.725019594073212,0.49126488744355046,0.31663646730991807,2.220446049250313e-16
61.0,2.220446049250313e-16,0.508750254634929,2.220446049250313e-16,2.220446049250313e-16,0.0005970810041564523,0.49302487472707396,0.10744901650144842,2.220446049250313e-16,2.220446049250313e-16,0.6236161397829308
62.0,2.220446049250313e-16,0.508750254634929,2.220446049250313e-16,2.220446049250313e-16,0.0005970810041564523,0.49302487472707396,0.10744901650144842,2.220446049250313e-16,2.220446049250313e-16,0.6236161397829308
63.0,2.220446049250313e-16,0.5570671259949894,0.046460881579252294,0.527337466401678,0.48709449851670783,2.220446049250313e-16,0.07904767151557276,0.4834401860074372,2.220446049250313e-16,2.220446049250313e-16
64.0,2.220446049250313e-16,0.5570671259949894,0.046460881579252294,0.527337466401678,0.48709449851670783,2.220446049250313e-16,0.07904767151557276,0.4834401860074372,2.220446049250313e-16,2.220446049250313e-16
65.0,2.220446049250313e-16,0.2762557140019189,0.01930621943936195,2.220446049250313e-16,2.220446049250313e-16,0.7927390392044527,2.220446049250313e-16,0.2033792828544582,2.220446049250313e-16,0.2036664753326765
66.0,0.24696627013099307,2.220446049250313e-16,0.027868740861560992,2.220446049250313e-16,2.220446049250313e-16,2.220446049250313e-16,0.07760830341352072,2.220446049250313e-16,0.8812020356224539,2.220446049250313e-16
67.0,0.24696627013099307,2.220446049250313e-16,0.027868740861560992,2.220446049250313e-16,2.220446049250313e-16,2.220446049250313e-16,0.07760830341352072,2.220446049250313e-16,0.8812020356224539,2.220446049250313e-16
68.0,0.7605787310773992,2.220446049250313e-16,2.220446049250313e-16,0.4755249003464235,0.48609606273625594,2.220446049250313e-16,2.220446049250313e-16,0.0011113782317014563,0.0253914751207937,2.220446049250313e-16
69.0,0.7605787310773992,2.220446049250313e-16,2.220446049250313e-16,0.4755249003464235,0.48609606273625594,2.220446049250313e-16,2.220446049250313e-16,0.0011113782317014563,0.0253914751207937,2.220446049250313e-16
70.0,0.1444706775547883,2.220446049250313e-16,2.220446049250313e-16,2.220446049250313e-16,2.220446049250313e-16,0.11702940175309018,0.007487640861028222,0.4780776816964062,0.5973985464091607,2.220446049250313e-16
71.0,2.220446049250313e-16,0.00383289641779672,0.7991796186285302,0.0060793816655692655,2.220446049250313e-16,0.03323725565011673,2.220446049250313e-16,2.220446049250313e-16,0.011622374632110948,2.220446049250313e-16
72.0,2.220446049250313e-16,0.00383289641779672,0.7991796186285302,0.0060793816655692655,2.220446049250313e-16,0.03323725565011673,2.220446049250313e-16,2.220446049250313e-16,0.011622374632110948,2.220446049250313e-16
73.0,2.220446049250313e-16,0.00383289641779672,0.7991796186285302,0.0060793816655692655,2.220446049250313e-16,0.03323725565011673,2.220446049250313e-16,2.220446049250313e-16,0.011622374632110948,2.220446049250313e-16
74.0,2.220446049250313e-16,0.00383289641779672,0.7991796186285302,0.0060793816655692655,2.220446049250313e-16,0.03323725565011673,2.220446049250313e-16,2.220446049250313e-16,0.011622374632110948,2.220446049250313e-16
75.0,2.220446049250313e-16,0.00383289641779672,0.7991796186285302,0.0060793816655692655,2.220446049250313e-16,0.03323725565011673,2.220446049250313e-16,2.220446049250313e-16,0.011622374632110948,2.220446049250313e-16
76.0,2.220446049250313e-16,0.00383289641779672,0.7991796186285302,0.0060793816655692655,2.220446049250313e-16,0.03323725565011673,2.220446049250313e-16,2.220446049250313e-16,0.011622374632110948,2.220446049250313e-16
77.0,0.24696627013099307,2.220446049250313e-16,0.027868740861560992,2.220446049250313e-16,2.220446049250313e-16,2.220446049250313e-16,0.07760830341352072,2.220446049250313e-16,0.8812020356224539,2.220446049250313e-16
78.0,0.24696627013099307,2.220446049250313e-16,0.027868740861560992,2.220446049250313e-16,2.220446049250313e-16,2.220446049250313e-16,0.07760830341352072,2.220446049250313e-16,0.8812020356224539,2.220446049250313e-16
79.0,0.7605787310773992,2.220446049250313e-16,2.220446049250313e-16,0.4755249003464235,0.48609606273625594,2.220446049250313e-16,2.220446049250313e-16,0.0011113782317014563,0.0253914751207937,2.220446049250313e-16
80.0,0.7605787310773992,2.220446049250313e-16,2.220446049250313e-16,0.4755249003464235,0.48609606273625594,2.220446049250313e-16,2.220446049250313e-16,0.0011113782317014563,0.0253914751207937,2.220446049250313e-16
81.0,2.220446049250313e-16,0.06317819816225788,2.220446049250313e-16,2.220446049250313e-16,0.22655883042701774,2.220446049250313e-16,0.725019594073212,0.49126488744355046,0.31663646730991807,2.220446049250313e-16
82.0,2.220446049250313e-16,0.508750254634929,2.220446049250313e-16,2.220446049250313e-16,0.0005970810041564523,0.49302487472707396,0.10744901650144842,2.220446049250313e-16,2.220446049250313e-16,0.6236161397829308
83.0,2.220446049250313e-16,0.508750254634929,2.220446049250313e-16,2.220446049250313e-16,0.0005970810041564523,0.49302487472707396,0.10744901650144842,2.220446049250313e-16,2.220446049250313e-16,0.6236161397829308
84.0,2.220446049250313e-16,0.5570671259949894,0.046460881579252294,0.527337466401678,0.48709449851670783,2.220446049250313e-16,0.07904767151557276,0.4834401860074372,2.220446049250313e-16,2.220446049250313e-16
85.0,2.220446049250313e-16,0.5570671259949894,0.046460881579252294,0.527337466401678,0.48709449851670783,2.220446049250313e-16,0.07904767151557276,0.4834401860074372,2.220446049250313e-16,2.220446049250313e-16
86.0,2.220446049250313e-16,0.2762557140019189,0.01930621943936195,2.220446049250313e-16,2.220446049250313e-16,0.7927390392044527,2.220446049250313e-16,0.2033792828544582,2.220446049250313e-16,0.2036664753326765
87.0,0.1444706775547883,2.220446049250313e-16,2.220446049250313e-16,2.220446049250313e-16,2.220446049250313e-16,0.11702940175309018,0.007487640861028222,0.4780776816964062,0.5973985464091607,2.220446049250313e-16
88.0,2.220446049250313e-16,0.00383289641779672,0.7991796186285302,0.0060793816655692655,2.220446049250313e-16,0.03323725565011673,2.220446049250313e-16,2.220446049250313e-16,0.011622374632110948,2.220446049250313e-16
89.0,2.220446049250313e-16,0.00383289641779672,0.7991796186285302,0.0060793816655692655,2.220446049250313e-16,0.03323725565011673,2.220446049250313e-16,2.220446049250313e-16,0.011622374632110948,2.220446049250313e-16
90.0,2.220446049250313e-16,0.00383289641779672,0.7991796186285302,0.0060793816655692655,2.220446049250313e-16,0.03323725565011673,2.220446049250313e-16,2.220446049250313e-16,0.011622374632110948,2.220446049250313e-16
91.0,2.220446049250313e-16,0.00383289641779672,0.7991796186285302,0.0060793816655692655,2.220446049250313e-16,0.03323725565011673,2.220446049250313e-16,2.220446049250313e-16,0.011622374632110948,2.220446049250313e-16
92.0,2.220446049250313e-16,0.00383289641779672,0.7991796186285302,0.0060793816655692655,2.220446049250313e-16,0.03323725565011673,2.220446049250313e-16,2.220446049250313e-16,0.011622374632110948,2.220446049250313e-16
93.0,2.220446049250313e-16,0.00383289641779672,0.7991796186285302,0.0060793816655692655,2.220446049250313e-16,0.03323725565011673,2.220446049250313e-16,2.220446049250313e-16,0.011622374632110948,2.220446049250313e-16
94.0,0.1444706775547883,2.220446049250313e-16,2.220446049250313e-16,2.220446049250313e-16,2.220446049250313e-16,0.11702940175309018,0.007487640861028222,0.4780776816964062,0.5973985464091607,2.220446049250313e-16
95.0,2.220446049250313e-16,0.00383289641779672,0.7991796186285302,0.0060793816655692655,2.220446049250313e-16,0.03323725565011673,2.220446049250313e-16,2.220446049250313e-16,0.011622374632110948,2.220446049250313e-16
96.0,2.220446049250313e-16,0.00383289641779672,0.7991796186285302,0.0060793816655692655,2.220446049250313e-16,0.03323725565011673,2.220446049250313e-16,2.220446049250313e-16,0.011622374632110948,2.220446049250313e-16
97.0,2.220446049250313e-16,0.00383289641779672,0.7991796186285302,0.0060793816655692655,2.220446049250313e-16,0.03323725565011673,2.220446049250313e-16,2.220446049250313e-16,0.011622374632110948,2.220446049250313e-16
98.0,2.220446049250313e-16,0.00383289641779672,0.7991796186285302,0.0060793816655692655,2.220446049250313e-16,0.03323725565011673,2.220446049250313e-16,2.220446049250313e-16,0.011622374632110948,2.220446049250313e-16
99.0,2.220446049250313e-16,0.00383289641779672,0.7991796186285302,0.0060793816655692655,2.220446049250313e-16,0.03323725565011673,2.220446049250313e-16,2.220446049250313e-16,0.011622374632110948,2.220446049250313e-16
100.0,2.220446049250313e-16,0.00383289641779672,0.7991796186285302,0.0060793816655692655,2.220446049250313e-16,0.03323725565011673,2.220446049250313e-16,2.220446049250313e-16,0.011622374632110948,2.220446049250313e-16
101.0,0.24696627013099307,2.220446049250313e-16,0.027868740861560992,2.220446049250313e-16,2.220446049250313e-16,2.220446049250313e-16,0.07760830341352072,2.220446049250313e-16,0.8812020356224539,2.220446049250313e-16
102.0,0.24696627013099307,2.220446049250313e-16,0.027868740861560992,2.220446049250313e-16,2.220446049250313e-16,2.220446049250313e-16,0.07760830341352072,2.220446049250313e-16,0.8812020356224539,2.220446049250313e-16
103.0,0.7605787310773992,2.220446049250313e-16,2.220446049250313e-16,0.4755249003464235,0.48609606273625594,2.220446049250313e-16,2.220446049250313e-16,0.0011113782317014563,0.0253914751207937,2.220446049250313e-16
104.0,0.7605787310773992,2.220446049250313e-16,2.220446049250313e-16,0.4755249003464235,0.48609606273625594,2.220446049250313e-16,2.220446049250313e-16,0.0011113782317014563,0.0253914751207937,2.220446049250313e-16
105.0,0.24696627013099307,2.220446049250313e-16,0.027868740861560992,2.220446049250313e-16,2.220446049250313e-16,2.220446049250313e-16,0.07760830341352072,2.220446049250313e-16,0.8812020356224539,2.220446049250313e-16
106.0,0.24696627013099307,2.220446049250313e-16,0.027868740861560992,2.220446049250313e-16,2.220446049250313e-16,2.220446049250313e-16,0.07760830341352072,2.220446049250313e-16,0.8812020356224539,2.220446049250313e-16
107.0,0.7605787310773992,2.220446049250313e-16,2.220446049250313e-16,0.4755249003464235,0.48609606273625594,2.220446049250313e-16,2.220446049250313e-16,0.0011113782317014563,0.0253914751207937,2.220446049250313e-16
108.0,0.7605787310773992,2.220446049250313e-16,2.220446049250313e-16,0.4755249003464235,0.48609606273625594,2.220446049250313e-16,2.220446049250313e-16,0.0011113782317014563,0.0253914751207937,2.220446049250313e-16
109.0,2.220446049250313e-16,0.06317819816225788,2.220446049250313e-16,2.220446049250313e-16,0.22655883042701774,2.220446049250313e-16,0.725019594073212,0.49126488744355046,0.31663646730991807,2.220446049250313e-16
110.0,2.220446049250313e-16,0.508750254634929,2.220446049250313e-16,2.220446049250313e-16,0.0005970810041564523,0.49302487472707396,0.10744901650144842,2.220446049250313e-16,2.220446049250313e-16,0.6236161397829308
111.0,2.220446049250313e-16,0.508750254634929,2.220446049250313e-16,2.220446049250313e-16,0.0005970810041564523,0.49302487472707396,0.10744901650144842,2.220446049250313e-16,2.220446049250313e-16,0.6236161397829308
112.0,2.220446049250313e-16,0.5570671259949894,0.046460881579252294,0.527337466401678,0.48709449851670783,2.220446049250313e-16,0.07904767151557276,0.4834401860074372,2.220446049250313e-16,2.220446049250313e-16
113.0,2.220446049250313e-16,0.5570671259949894,0.046460881579252294,0.527337466401678,0.48709449851670783,2.220446049250313e-16,0.07904767151557276,0.4834401860074372,2.220446049250313e-16,2.220446049250313e-16
114.0,2.220446049250313e-16,0.2762557140019189,0.01930621943936195,2.220446049250313e-16,2.220446049250313e-16,0.7927390392044527,2.220446049250313e-16,0.2033792828544582,2.220446049250313e-16,0.2036664753326765
115.0,0.1444706775547883,2.220446049250313e-16,2.220446049250313e-16,2.220446049250313e-16,2.220446049250313e-16,0.11702940175309018,0.007487640861028222,0.4780776816964062,0.5973985464091607,2.220446049250313e-16
116.0,2.220446049250313e-16,0.00383289641779672,0.7991796186285302,0.0060793816655692655,2.220446049250313e-16,0.03323725565011673,2.220446049250313e-16,2.220446049250313e-16,0.011622374632110948,2.220446049250313e-16
117.0,2.220446049250313e-16,0.00383289641779672,0.7991796186285302,0.0060793816655692655,2.220446049250313e-16,0.03323725565011673,2.220446049250313e-16,2.220446049250313e-16,0.011622374632110948,2.220446049250313e-16
118.0,2.220446049250313e-16,0.00383289641779672,0.7991796186285302,0.0060793816655692655,2.220446049250313e-16,0.03323725565011673,2.220446049250313e-16,2.220446049250313e-16,0.011622374632110948,2.220446049250313e-16
119.0,2.220446049250313e-16,0.00383289641779672,0.7991796186285302,0.0060793816655692655,2.220446049250313e-16,0.03323725565011673,2.220446049250313e-16,2.220446049250313e-16,0.011622374632110948,2.220446049250313e-16
120.0,2.220446049250313e-16,0.00383289641779672,0.7991796186285302,0.0060793816655692655,2.220446049250313e-16,0.03323725565011673,2.220446049250313e-16,2.220446049250313e-16,0.011622374632110948,2.220446049250313e-16
121.0,2.220446049250313e-16,0.00383289641779672,0.7991796186285302,0.0060793816655692655,2.220446049250313e-16,0.03323725565011673,2.220446049250313e-16,2.220446049250313e-16,0.011622374632110948,2.220446049250313e-16
122.0,0.1444706775547883,2.220446049250313e-16,2.220446049250313e-16,2.220446049250313e-16,2.220446049250313e-16,0.11702940175309018,0.007487640861028222,0.4780776816964062,0.5973985464091607,2.220446049250313e-16
123.0,2.220446049250313e-16,0.00383289641779672,0.7991796186285302,0.0060793816655692655,2.220446049250313e-16,0.03323725565011673,2.220446049250313e-16,2.220446049250313e-16,0.011622374632110948,2.220446049250313e-16
124.0,2.220446049250313e-16,0.00383289641779672,0.7991796186285302,0.0060793816655692655,2.220446049250313e-16,0.03323725565011673,2.220446049250313e-16,2.220446049250313e-16,0.011622374632110948,2.220446049250313e-16
125.0,2.220446049250313e-16,0.00383289641779672,0.7991796186285302,0.0060793816655692655,2.220446049250313e-16,0.03323725565011673,2.220446049250313e-16,2.220446049250313e-16,0.011622374632110948,2.220446049250313e-16
126.0,2.220446049250313e-16,0.00383289641779672,0.7991796186285302,0.0060793816655692655,2.220446049250313e-16,0.03323725565011673,2.220446049250313e-16,2.220446049250313e-16,0.011622374632110948,2.220446049250313e-16
127.0,2.220446049250313e-16,0.00383289641779672,0.7991796186285302,0.0060793816655692655,2.220446049250313e-16,0.03323725565011673,2.220446049250313e-16,2.220446049250313e-16,0.011622374632110948,2.220446049250313e-16
128.0,2.220446049250313e-16,0.00383289641779672,0.7991796186285302,0.0060793816655692655,2.220446049250313e-16,0.03323725565011673,2.220446049250313e-16,2.220446049250313e-16,0.011622374632110948,2.220446049250313e-16
129.0,0.24696627013099307,2.220446049250313e-16,0.027868740861560992,2.220446049250313e-16,2.220446049250313e-16,2.220446049250313e-16,0.07760830341352072,2.220446049250313e-16,0.8812020356224539,2.220446049250313e-16
130.0,0.24696627013099307,2.220446049250313e-16,0.027868740861560992,2.220446049250313e-16,2.220446049250313e-16,2.220446049250313e-16,0.07760830341352072,2.220446049250313e-16,0.8812020356224539,2.220446049250313e-16
131.0,0.7605787310773992,2.220446049250313e-16,2.220446049250313e-16,0.4755249003464235,0.48609606273625594,2.220446049250313e-16,2.220446049250313e-16,0.0011113782317014563,0.0253914751207937,2.220446049250313e-16
132.0,0.7605787310773992,2.220446049250313e-16,2.220446049250313e-16,0.4755249003464235,0.48609606273625594,2.220446049250313e-16,2.220446049250313e-16,0.0011113782317014563,0.0253914751207937,2.220446049250313e-16
133.0,2.220446049250313e-16,0.06317819816225788,2.220446049250313e-16,2.220446049250313e-16,0.22655883042701774,2.220446049250313e-16,0.725019594073212,0.49126488744355046,0.31663646730991807,2.220446049250313e-16
134.0,2.220446049250313e-16,0.508750254634929,2.220446049250313e-16,2.220446049250313e-16,0.0005970810041564523,0.49302487472707396,0.10744901650144842,2.220446049250313e-16,2.220446049250313e-16,0.6236161397829308
135.0,2.220446049250313e-16,0.508750254634929,2.220446049250313e-16,2.220446049250313e-16,0.0005970810041564523,0.49302487472707396,0.10744901650144842,2.220446049250313e-16,2.220446049250313e-16,0.6236161397829308
136.0,2.220446049250313e-16,0.5570671259949894,0.046460881579252294,0.527337466401678,0.48709449851670783,2.220446049250313e-16,0.07904767151557276,0.4834401860074372,2.220446049250313e-16,2.220446049250313e-16
137.0,2.220446049250313e-16,0.5570671259949894,0.046460881579252294,0.527337466401678,0.48709449851670783,2.220446049250313e-16,0.07904767151557276,0.4834401860074372,2.220446049250313e-16,2.220446049250313e-16
138.0,2.220446049250313e-16,0.2762557140019189,0.01930621943936195,2.220446049250313e-16,2.220446049250313e-16,0.7927390392044527,2.220446049250313e-16,0.2033792828544582,2.220446049250313e-16,0.2036664753326765
139.0,0.24696627013099307,2.220446049250313e-16,0.027868740861560992,2.220446049250313e-16,2.220446049250313e-16,2.220446049250313e-16,0.07760830341352072,2.220446049250313e-16,0.8812020356224539,2.220446049250313e-16
140.0,0.24696627013099307,2.220446049250313e-16,0.027868740861560992,2.220446049250313e-16,2.220446049250313e-16,2.220446049250313e-16,0.07760830341352072,2.220446049250313e-16,0.8812020356224539,2.220446049250313e-16
141.0,0.7605787310773992,2.220446049250313e-16,2.220446049250313e-16,0.4755249003464235,0.48609606273625594,2.220446049250313e-16,2.220446049250313e-16,0.0011113782317014563,0.0253914751207937,2.220446049250313e-16
142.0,0.7605787310773992,2.220446049250313e-16,2.220446049250313e-16,0.4755249003464235,0.48609606273625594,2.220446049250313e-16,2.220446049250313e-16,0.0011113782317014563,0.0253914751207937,2.220446049250313e-16
143.0,2.220446049250313e-16,0.06317819816225788,2.220446049250313e-16,2.220446049250313e-16,0.22655883042701774,2.220446049250313e-16,0.725019594073212,0.49126488744355046,0.31663646730991807,2.220446049250313e-16
144.0,2.220446049250313e-16,0.508750254634929,2.220446049250313e-16,2.220446049250313e-16,0.0005970810041564523,0.49302487472707396,0.10744901650144842,2.220446049250313e-16,2.220446049250313e-16,0.6236161397829308
145.0,2.220446049250313e-16,0.508750254634929,2.220446049250313e-16,2.220446049250313e-16,0.0005970810041564523,0.49302487472707396,0.10744901650144842,2.220446049250313e-16,2.220446049250313e-16,0.6236161397829308
146.0,2.220446049250313e-16,0.5570671259949894,0.046460881579252294,0.527337466401678,0.48709449851670783,2.220446049250313e-16,0.07904767151557276,0.4834401860074372,2.220446049250313e-16,2.220446049250313e-16
147.0,2.220446049250313e-16,0.5570671259949894,0.046460881579252294,0.527337466401678,0.48709449851670783,2.220446049250313e-16,0.07904767151557276,0.4834401860074372,2.220446049250313e-16,2.220446049250313e-16
148.0,2.220446049250313e-16,0.2762557140019189,0.01930621943936195,2.220446049250313e-16,2.220446049250313e-16,0.7927390392044527,2.220446049250313e-16,0.2033792828544582,2.220446049250313e-16,0.2036664753326765
149.0,0.24696627013099307,2.220446049250313e-16,0.027868740861560992,2.220446049250313e-16,2.220446049250313e-16,2.220446049250313e-16,0.07760830341352072,2.220446049250313e-16,0.8812020356224539,2.220446049250313e-16
150.0,0.24696627013099307,2.220446049250313e-16,0.027868740861560992,2.220446049250313e-16,2.220446049250313e-16,2.220446049250313e-16,0.07760830341352072,2.220446049250313e-16,0.8812020356224539,2.220446049250313e-16
151.0,0.7605787310773992,2.220446049250313e-16,2.220446049250313e-16,0.4755249003464235,0.48609606273625594,2.220446049250313e-16,2.220446049250313e-16,0.0011113782317014563,0.0253914751207937,2.220446049250313e-16
152.0,0.7605787310773992,2.220446049250313e-16,2.220446049250313e-16,0.4755249003464235,0.48609606273625594,2.220446049250313e-16,2.220446049250313e-16,0.0011113782317014563,0.0253914751207937,2.220446049250313e-16
153.0,0.24696627013099307,2.220446049250313e-16,0.027868740861560992,2.220446049250313e-16,2.220446049250313e-16,2.220446049250313e-16,0.07760830341352072,2.220446049250313e-16,0.8812020356224539,2.220446049250313e-16
154.0,0.24696627013099307,2.220446049250313e-16,0.027868740861560992,2.220446049250313e-16,2.220446049250313e-16,2.220446049250313e-16,0.07760830341352072,2.220446049250313e-16,0.8812020356224539,2.220446049250313e-16
155.0,0.7605787310773992,2.220446049250313e-16,2.220446049250313e-16,0.4755249003464235,0.48609606273625594,2.220446049250313e-16,2.220446049250313e-16,0.0011113782317014563,0.0253914751207937,2.220446049250313e-16
156.0,0.7605787310773992,2.220446049250313e-16,2.220446049250313e-16,0.4755249003464235,0.48609606273625594,2.220446049250313e-16,2.220446049250313e-16,0.0011113782317014563,0.0253914751207937,2.220446049250313e-16
157.0,2.220446049250313e-16,0.06317819816225788,2.220446049250313e-16,2.220446049250313e-16,0.22655883042701774,2.220446049250313e-16,0.725019594073212,0.49126488744355046,0.31663646730991807,2.220446049250313e-16
158.0,2.220446049250313e-16,0.508750254634929,2.220446049250313e-16,2.220446049250313e-16,0.0005970810041564523,0.49302487472707396,0.10744901650144842,2.220446049250313e-16,2.220446049250313e-16,0.6236161397829308
159.0,2.220446049250313e-16,0.508750254634929,2.220446049250313e-16,2.220446049250313e-16,0.0005970810041564523,0.49302487472707396,0.10744901650144842,2.220446049250313e-16,2.220446049250313e-16,0.6236161397829308
160.0,2.220446049250313e-16,0.5570671259949894,0.046460881579252294,0.527337466401678,0.48709449851670783,2.220446049250313e-16,0.07904767151557276,0.4834401860074372,2.220446049250313e-16,2.220446049250313e-16
161.0,2.220446049250313e-16,0.5570671259949894,0.046460881579252294,0.527337466401678,0.48709449851670783,2.220446049250313e-16,0.07904767151557276,0.4834401860074372,2.220446049250313e-16,2.220446049250313e-16
162.0,2.220446049250313e-16,0.2762557140019189,0.01930621943936195,2.220446049250313e-16,2.220446049250313e-16,0.7927390392044527,2.220446049250313e-16,0.2033792828544582,2.220446049250313e-16,0.2036664753326765
163.0,0.1444706775547883,2.220446049250313e-16,2.220446049250313e-16,2.220446049250313e-16,2.220446049250313e-16,0.11702940175309018,0.007487640861028222,0.4780776816964062,0.5973985464091607,2.220446049250313e-16
164.0,2.220446049250313e-16,0.00383289641779672,0.7991796186285302,0.0060793816655692655,2.220446049250313e-16,0.03323725565011673,2.220446049250313e-16,2.220446049250313e-16,0.011622374632110948,2.220446049250313e-16
165.0,2.220446049250313e-16,0.00383289641779672,0.7991796186285302,0.0060793816655692655,2.220446049250313e-16,0.03323725565011673,2.220446049250313e-16,2.220446049250313e-16,0.011622374632110948,2.220446049250313e-16
166.0,2.220446049250313e-16,0.00383289641779672,0.7991796186285302,0.0060793816655692655,2.220446049250313e-16,0.03323725565011673,2.220446049250313e-16,2.220446049250313e-16,0.011622374632110948,2.220446049250313e-16
167.0,2.220446049250313e-16,0.00383289641779672,0.7991796186285302,0.0060793816655692655,2.220446049250313e-16,0.03323725565011673,2.220446049250313e-16,2.220446049250313e-16,0.011622374632110948,2.220446049250313e-16
168.0,2.220446049250313e-16,0.00383289641779672,0.7991796186285302,0.0060793816655692655,2.220446049250313e-16,0.03323725565011673,2.220446049250313e-16,2.220446049250313e-16,0.011622374632110948,2.220446049250313e-16
169.0,2.220446049250313e-16,0.00383289641779672,0.7991796186285302,0.0060793816655692655,2.220446049250313e-16,0.03323725565011673,2.220446049250313e-16,2.220446049250313e-16,0.011622374632110948,2.220446049250313e-16
170.0,0.24696627013099307,2.220446049250313e-16,0.027868740861560992,2.220446049250313e-16,2.220446049250313e-16,2.220446049250313e-16,0.07760830341352072,2.220446049250313e-16,0.8812020356224539,2.220446049250313e-16
171.0,0.24696627013099307,2.220446049250313e-16,0.027868740861560992,2.220446049250313e-16,2.220446049250313e-16,2.220446049250313e-16,0.07760830341352072,2.220446049250313e-16,0.8812020356224539,2.220446049250313e-16
172.0,0.7605787310773992,2.220446049250313e-16,2.220446049250313e-16,0.4755249003464235,0.48609606273625594,2.220446049250313e-16,2.220446049250313e-16,0.0011113782317014563,0.0253914751207937,2.220446049250313e-16
173.0,0.7605787310773992,2.220446049250313e-16,2.220446049250313e-16,0.4755249003464235,0.48609606273625594,2.220446049250313e-16,2.220446049250313e-16,0.0011113782317014563,0.0253914751207937,2.220446049250313e-16
174.0,0.1444706775547883,2.220446049250313e-16,2.220446049250313e-16,2.220446049250313e-16,2.220446049250313e-16,0.11702940175309018,0.007487640861028222,0.4780776816964062,0.5973985464091607,2.220446049250313e-16
175.0,2.220446049250313e-16,0.00383289641779672,0.7991796186285302,0.0060793816655692655,2.220446049250313e-16,0.03323725565011673,2.220446049250313e-16,2.220446049250313e-16,0.011622374632110948,2.220446049250313e-16
176.0,2.220446049250313e-16,0.00383289641779672,0.7991796186285302,0.0060793816655692655,2.220446049250313e-16,0.03323725565011673,2.220446049250313e-16,2.220446049250313e-16,0.011622374632110948,2.220446049250313e-16
177.0,2.220446049250313e-16,0.00383289641779672,0.7991796186285302,0.0060793816655692655,2.220446049250313e-16,0.03323725565011673,2.220446049250313e-16,2.220446049250313e-16,0.011622374632110948,2.220446049250313e-16
178.0,2.220446049250313e-16,0.00383289641779672,0.7991796186285302,0.0060793816655692655,2.220446049250313e-16,0.03323725565011673,2.220446049250313e-16,2.220446049250313e-16,0.011622374632110948,2.220446049250313e-16
179.0,2.220446049250313e-16,0.00383289641779672,0.7991796186285302,0.0060793816655692655,2.220446049250313e-16,0.03323725565011673,2.220446049250313e-16,2.220446049250313e-16,0.011622374632110948,2.220446049250313e-16
180.0,2.220446049250313e-16,0.00383289641779672,0.7991796186285302,0.0060793816655692655,2.220446049250313e-16,0.03323725565011673,2.220446049250313e-16,2.220446049250313e-16,0.011622374632110948,2.220446049250313e-16
181.0,0.24696627013099307,2.220446049250313e-16,0.027868740861560992,2.220446049250313e-16,2.220446049250313e-16,2.220446049250313e-16,0.07760830341352072,2.220446049250313e-16,0.8812020356224539,2.220446049250313e-16
182.0,0.24696627013099307,2.220446049250313e-16,0.027868740861560992,2.220446049250313e-16,2.220446049250313e-16,2.220446049250313e-16,0.07760830341352072,2.220446049250313e-16,0.8812020356224539,2.220446049250313e-16
183.0,0.7605787310773992,2.220446049250313e-16,2.220446049250313e-16,0.4755249003464235,0.48609606273625594,2.220446049250313e-16,2.220446049250313e-16,0.0011113782317014563,0.0253914751207937,2.220446049250313e-16
184.0,0.7605787310773992,2.220446049250313e-16,2.220446049250313e-16,0.4755249003464235,0.48609606273625594,2.220446049250313e-16,2.220446049250313e-16,0.0011113782317014563,0.0253914751207937,2.220446049250313e-16
185.0,0.24696627013099307,2.220446049250313e-16,0.027868740861560992,2.220446049250313e-16,2.220446049250313e-16,2.220446049250313e-16,0.07760830341352072,2.220446049250313e-16,0.8812020356224539,2.220446049250313e-16
186.0,0.24696627013099307,2.220446049250313e-16,0.027868740861560992,2.220446049250313e-16,2.220446049250313e-16,2.220446049250313e-16,0.07760830341352072,2.220446049250313e-16,0.8812020356224539,2.220446049250313e-16
187.0,0.7605787310773992,2.220446049250313e-16,2.220446049250313e-16,0.4755249003464235,0.48609606273625594,2.220446049250313e-16,2.220446049250313e-16,0.0011113782317014563,0.0253914751207937,2.220446049250313e-16
188.0,0.7605787310773992,2.220446049250313e-16,2.220446049250313e-16,0.4755249003464235,0.48609606273625594,2.220446049250313e-16,2.220446049250313e-16,0.0011113782317014563,0.0253914751207937,2.220446049250313e-16
189.0,2.220446049250313e-16,0.06317819816225788,2.220446049250313e-16,2.220446049250313e-16,0.22655883042701774,2.220446049250313e-16,0.725019594073212,0.49126488744355046,0.31663646730991807,2.220446049250313e-16
190.0,2.220446049250313e-16,0.508750254634929,2.220446049250313e-16,2.220446049250313e-16,0.0005970810041564523,0.49302487472707396,0.10744901650144842,2.220446049250313e-16,2.220446049250313e-16,0.6236161397829308
191.0,2.220446049250313e-16,0.508750254634929,2.220446049250313e-16,2.220446049250313e-16,0.0005970810041564523,0.49302487472707396,0.10744901650144842,2.220446049250313e-16,2.220446049250313e-16,0.6236161397829308
192.0,2.220446049250313e-16,0.5570671259949894,0.046460881579252294,0.527337466401678,0.48709449851670783,2.220446049250313e-16,0.07904767151557276,0.4834401860074372,2.220446049250313e-16,2.220446049250313e-16
193.0,2.220446049250313e-16,0.5570671259949894,0.046460881579252294,0.527337466401678,0.48709449851670783,2.220446049250313e-16,0.07904767151557276,0.4834401860074372,2.220446049250313e-16,2.220446049250313e-16
194.0,2.220446049250313e-16,0.2762557140019189,0.01930621943936195,2.220446049250313e-16,2.220446049250313e-16,0.7927390392044527,2.220446049250313e-16,0.2033792828544582,2.220446049250313e-16,0.2036664753326765
195.0,0.1444706775547883,2.220446049250313e-16,2.220446049250313e-16,2.220446049250313e-16,2.220446049250313e-16,0.11702940175309018,0.007487640861028222,0.4780776816964062,0.5973985464091607,2.220446049250313e-16
196.0,2.220446049250313e-16,0.00383289641779672,0.7991796186285302,0.0060793816655692655,2.220446049250313e-16,0.03323725565011673,2.220446049250313e-16,2.220446049250313e-16,0.011622374632110948,2.220446049250313e-16
197.0,2.220446049250313e-16,0.00383289641779672,0.7991796186285302,0.0060793816655692655,2.220446049250313e-16,0.03323725565011673,2.220446049250313e-16,2.220446049250313e-16,0.011622374632110948,2.220446049250313e-16
198.0,2.220446049250313e-16,0.00383289641779672,0.7991796186285302,0.0060793816655692655,2.220446049250313e-16,0.03323725565011673,2.220446049250313e-16,2.220446049250313e-16,0.011622374632110948,2.220446049250313e-16
199.0,2.220446049250313e-16,0.00383289641779672,0.7991796186285302,0.0060793816655692655,2.220446049250313e-16,0.03323725565011673,2.220446049250313e-16,2.220446049250313e-16,0.011622374632110948,2.220446049250313e-16
200.0,2.220446049250313e-16,0.00383289641779672,0.7991796186285302,0.0060793816655692655,2.220446049250313e-16,0.03323725565011673,2.220446049250313e-16,2.220446049250313e-16,0.011622374632110948,2.220446049250313e-16
201.0,2.220446049250313e-16,0.00383289641779672,0.7991796186285302,0.0060793816655692655,2.220446049250313e-16,0.03323725565011673,2.220446049250313e-16,2.220446049250313e-16,0.011622374632110948,2.220446049250313e-16
202.0,2.220446049250313e-16,0.06317819816225788,2.220446049250313e-16,2.220446049250313e-16,0.22655883042701774,2.220446049250313e-16,0.725019594073212,0.49126488744355046,0.31663646730991807,2.220446049250313e-16
203.0,2.220446049250313e-16,0.508750254634929,2.220446049250313e-16,2.220446049250313e-16,0.0005970810041564523,0.49302487472707396,0.10744901650144842,2.220446049250313e-16,2.220446049250313e-16,0.6236161397829308
204.0,2.220446049250313e-16,0.508750254634929,2.220446049250313e-16,2.220446049250313e-16,0.0005970810041564523,0.49302487472707396,0.10744901650144842,2.220446049250313e-16,2.220446049250313e-16,0.6236161397829308
205.0,2.220446049250313e-16,0.5570671259949894,0.046460881579252294,0.527337466401678,0.48709449851670783,2.220446049250313e-16,0.07904767151557276,0.4834401860074372,2.220446049250313e-16,2.220446049250313e-16
206.0,2.220446049250313e-16,0.5570671259949894,0.046460881579252294,0.527337466401678,0.48709449851670783,2.220446049250313e-16,0.07904767151557276,0.4834401860074372,2.220446049250313e-16,2.220446049250313e-16
207.0,2.220446049250313e-16,0.2762557140019189,0.01930621943936195,2.220446049250313e-16,2.220446049250313e-16,0.7927390392044527,2.220446049250313e-16,0.2033792828544582,2.220446049250313e-16,0.2036664753326765
208.0,2.220446049250313e-16,0.06317819816225788,2.220446049250313e-16,2.220446049250313e-16,0.22655883042701774,2.220446049250313e-16,0.725019594073212,0.49126488744355046,0.31663646730991807,2.220446049250313e-16
209.0,2.220446049250313e-16,0.508750254634929,2.220446049250313e-16,2.220446049250313e-16,0.0005970810041564523,0.49302487472707396,0.10744901650144842,2.220446049250313e-16,2.220446049250313e-16,0.6236161397829308
210.0,2.220446049250313e-16,0.508750254634929,2.220446049250313e-16,2.220446049250313e-16,0.0005970810041564523,0.49302487472707396,0.10744901650144842,2.220446049250313e-16,2.220446049250313e-16,0.6236161397829308
211.0,2.220446049250313e-16,0.5570671259949894,0.046460881579252294,0.527337466401678,0.48709449851670783,2.220446049250313e-16,0.07904767151557276,0.4834401860074372,2.220446049250313e-16,2.220446049250313e-16
212.0,2.220446049250313e-16,0.5570671259949894,0.046460881579252294,0.527337466401678,0.48709449851670783,2.220446049250313e-16,0.07904767151557276,0.4834401860074372,2.220446049250313e-16,2.220446049250313e-16
213.0,2.220446049250313e-16,0.2762557140019189,0.01930621943936195,2.220446049250313e-16,2.220446049250313e-16,0.7927390392044527,2.220446049250313e-16,0.2033792828544582,2.220446049250313e-16,0.2036664753326765
214.0,0.24696627013099307,2.220446049250313e-16,0.027868740861560992,2.220446049250313e-16,2.220446049250313e-16,2.220446049250313e-16,0.07760830341352072,2.220446049250313e-16,0.8812020356224539,2.220446049250313e-16
215.0,0.24696627013099307,2.220446049250313e-16,0.027868740861560992,2.220446049250313e-16,2.220446049250313e-16,2.220446049250313e-16,0.07760830341352072,2.220446049250313e-16,0.8812020356224539,2.220446049250313e-16
216.0,0.7605787310773992,2.220446049250313e-16,2.220446049250313e-16,0.4755249003464235,0.48609606273625594,2.220446049250313e-16,2.220446049250313e-16,0.0011113782317014563,0.0253914751207937,2.220446049250313e-16
217.0,0.7605787310773992,2.220446049250313e-16,2.220446049250313e-16,0.4755249003464235,0.48609606273625594,2.220446049250313e-16,2.220446049250313e-16,0.0011113782317014563,0.0253914751207937,2.220446049250313e-16
218.0,0.24696627013099307,2.220446049250313e-16,0.027868740861560992,2.220446049250313e-16,2.220446049250313e-16,2.220446049250313e-16,0.07760830341352072,2.220446049250313e-16,0.8812020356224539,2.220446049250313e-16
219.0,0.24696627013099307,2.220446049250313e-16,0.027868740861560992,2.220446049250313e-16,2.220446049250313e-16,2.220446049250313e-16,0.07760830341352072,2.220446049250313e-16,0.8812020356224539,2.220446049250313e-16
220.0,0.7605787310773992,2.220446049250313e-16,2.220446049250313e-16,0.4755249003464235,0.48609606273625594,2.220446049250313e-16,2.220446049250313e-16,0.0011113782317014563,0.0253914751207937,2.220446049250313e-16
221.0,0.7605787310773992,2.220446049250313e-16,2.220446049250313e-16,0.4755249003464235,0.48609606273625594,2.220446049250313e-16,2.220446049250313e-16,0.0011113782317014563,0.0253914751207937,2.220446049250313e-16
