id,x_0,x_1,x_2,x_3,x_4,x_5,x_6,x_7,x_8,x_9,x_10,x_11,x_12,x_13,x_14,x_15,x_16
0.0,0.03036549839429517,2.220446049250313e-16,2.220446049250313e-16,0.48742891436618624,0.37694403310393576,0.6096928322114519,2.220446049250313e-16,2.220446049250313e-16,2.220446049250313e-16,0.01309396756183345,0.40277983289472663,2.220446049250313e-16,0.48857426481844796,2.220446049250313e-16,2.220446049250313e-16,2.220446049250313e-16,2.220446049250313e-16
1.0,2.220446049250313e-16,2.220446049250313e-16,2.220446049250313e-16,2.220446049250313e-16,2.220446049250313e-16,0.24453228963888723,2.220446049250313e-16,0.24928529236560587,0.254400506073165,0.22087062471921065,2.220446049250313e-16,2.220446049250313e-16,0.2468025251863686,0.2813198061408417,2.220446049250313e-16,0.49025726967477234,0.38218637647926257
2.0,2.220446049250313e-16,0.5726368544838346,0.45181769420272233,2.220446049250313e-16,2.220446049250313e-16,2.220446049250313e-16,2.220446049250313e-16,2.220446049250313e-16,2.220446049250313e-16,2.220446049250313e-16,2.220446049250313e-16,2.220446049250313e-16,0.48857426481844785,2.1583603206279465e-18,0.259899966112561,0.259884953188855,2.220446049250313e-16
3.0,0.02590198167416694,2.220446049250313e-16,2.220446049250313e-16,2.220446049250313e-16,0.37694403310393554,0.6014426694130859,2.220446049250313e-16,2.220446049250313e-16,2.220446049250313e-16,0.26587391615968176,2.220446049250313e-16,2.220446049250313e-16,0.4885742648184479,2.220446049250313e-16,2.220446049250313e-16,0.49025726967477223,2.220446049250313e-16
4.0,0.03884473413794988,0.16356258409426694,2.220446049250313e-16,0.23577567918296954,0.3769440331039356,0.3911765613822675,0.11999086759781509,1.1102230246251565e-16,2.220446049250313e-16,0.019692972488309122,0.4025834497875768,2.220446049250313e-16,0.5137832355511286,2.220446049250313e-16,2.220446049250313e-16,2.220446049250313e-16,2.220446049250313e-16
5.0,2.220446049250313e-16,2.220446049250313e-16,2.220446049250313e-16,2.220446049250313e-16,2.220446049250313e-16,2.220446049250313e-16,2.220446049250313e-16,0.00043740223464577843,0.47059511749024957,2.220446049250313e-16,2.220446049250313e-16,0.003032196495997681,0.48857426481844785,0.5107969386000223,0.25989996611256105,0.23758618297963813,0.35806870852374617
6.0,2.220446049250313e-16,0.27050449775764546,0.4974110000030622,2.220446049250313e-16,2.220446049250313e-16,0.20284549462533452,0.1292894781161803,2.220446049250313e-16,2.220446049250313e-16,2.220446049250313e-16,0.40252890579030987,2.220446049250313e-16,0.23658329508267903,2.220446049250313e-16,0.5057618164482548,0.03266848874195573,2.220446049250313e-16
7.0,2.220446049250313e-16,0.4817036821420978,0.057656659347851136,2.220446049250313e-16,0.3769440331039358,2.220446049250313e-16,2.220446049250313e-16,0.48392738699811505,2.220446049250313e-16,2.220446049250313e-16,0.4023056350626042,2.220446049250313e-16,2.220446049250313e-16,2.220446049250313e-16,2.220446049250313e-16,0.5362436646631741,2.220446049250313e-16
8.0,2.220446049250313e-16,0.5600858394224854,0.43556073602669576,2.220446049250313e-16,2.220446049250313e-16,2.220446049250313e-16,2.220446049250313e-16,2.220446049250313e-16,2.220446049250313e-16,2.220446049250313e-16,2.220446049250313e-16,2.220446049250313e-16,0.48857426481844796,2.220446049250313e-16,2.220446049250313e-16,0.5140158420962689,2.220446049250313e-16
9.0,0.047913892173752304,0.05050950052380915,0.09917942459849305,5.551115123125783e-17,0.3769440331039353,0.34508006154049625,2.220446049250313e-16,1.1102230246251565e-16,2.220446049250313e-16,0.27338209013992065,2.220446049250313e-16,2.220446049250313e-16,0.4885742648184479,2.220446049250313e-16,2.220446049250313e-16,0.5538871439014632,4.0554183408369876e-16
10.0,2.220446049250313e-16,0.3820491972903915,2.220446049250313e-16,1.1102230246251565e-16,0.37694403310393526,0.2403411869608525,2.220446049250313e-16,0.24880873058129654,2.220446049250313e-16,2.220446049250313e-16,0.40234696218430643,2.220446049250313e-16,0.24680252518636872,2.220446049250313e-16,2.220446049250313e-16,0.47334018866927186,2.220446049250313e-16
11.0,2.220446049250313e-16,2.220446049250313e-16,2.220446049250313e-16,2.220446049250313e-16,0.3769440331039354,0.20355218193706603,2.220446049250313e-16,2.220446049250313e-16,8.326672684688674e-17,0.2372582851379946,2.220446049250313e-16,2.220446049250313e-16,0.48857426481844785,0.5061217293771245,0.2598999661125611,0.23758618297963813,2.220446049250313e-16
12.0,0.03884473413794988,0.16356258409426694,2.220446049250313e-16,0.23577567918296954,0.3769440331039356,0.3911765613822675,0.11999086759781509,1.1102230246251565e-16,2.220446049250313e-16,0.019692972488309122,0.4025834497875768,2.220446049250313e-16,0.5137832355511286,2.220446049250313e-16,2.220446049250313e-16,2.220446049250313e-16,2.220446049250313e-16
13.0,2.220446049250313e-16,2.220446049250313e-16,2.220446049250313e-16,2.220446049250313e-16,2.220446049250313e-16,2.220446049250313e-16,2.220446049250313e-16,0.00043740223464577843,0.47059511749024957,2.220446049250313e-16,2.220446049250313e-16,0.003032196495997681,0.48857426481844785,0.5107969386000223,0.25989996611256105,0.23758618297963813,0.35806870852374617
14.0,2.220446049250313e-16,0.2705044977576455,0.49741100000306204,0.25165323518321653,2.220446049250313e-16,0.2028454946253346,0.12928947811618005,2.220446049250313e-16,2.7755575615628914e-17,2.220446049250313e-16,0.4025289057903118,2.220446049250313e-16,0.23658329508267942,2.220446049250313e-16,0.25989996611256105,0.032668488741955645,4.154747194376892e-16
15.0,2.220446049250313e-16,0.4817036821420975,0.057656659347851136,2.220446049250313e-16,0.3769440331039352,2.220446049250313e-16,2.220446049250313e-16,1.6263032587282567e-19,2.220446049250313e-16,5.551115123125783e-17,0.40230563506260386,2.220446049250313e-16,0.48857426481844796,2.220446049250313e-16,2.220446049250313e-16,0.5362436646631734,2.220446049250313e-16
16.0,0.029560593080320465,2.220446049250313e-16,0.3841421830655169,0.25165323518321675,2.220446049250313e-16,0.6091616820215427,0.14948929193344437,2.220446049250313e-16,2.220446049250313e-16,0.013126003319401057,0.40274667439480333,2.220446049250313e-16,0.2357726675248444,2.220446049250313e-16,0.2598999661125611,2.220446049250313e-16,2.220446049250313e-16
17.0,2.220446049250313e-16,2.220446049250313e-16,2.220446049250313e-16,0.48742891436618635,2.220446049250313e-16,0.252286374211725,2.220446049250313e-16,0.00043740223464575827,0.47059511749024985,2.220446049250313e-16,2.220446049250313e-16,0.0030321964959977134,0.4885742648184481,0.2739858478423879,2.220446049250313e-16,2.220446049250313e-16,0.35806870852374645
18.0,2.220446049250313e-16,2.220446049250313e-16,2.220446049250313e-16,0.48742891436618635,0.3769440331039354,2.220446049250313e-16,2.220446049250313e-16,2.220446049250313e-16,2.220446049250313e-16,0.4768109985703468,2.220446049250313e-16,2.220446049250313e-16,0.48857426481844796,0.5130875543840308,2.220446049250313e-16,2.220446049250313e-16,2.220446049250313e-16
19.0,2.220446049250313e-16,0.4817036821420975,0.057656659347851136,2.220446049250313e-16,0.3769440331039352,2.220446049250313e-16,2.220446049250313e-16,1.6263032587282567e-19,2.220446049250313e-16,5.551115123125783e-17,0.40230563506260386,2.220446049250313e-16,0.48857426481844796,2.220446049250313e-16,2.220446049250313e-16,0.5362436646631734,2.220446049250313e-16
20.0,0.025901981674166675,2.220446049250313e-16,2.220446049250313e-16,2.220446049250313e-16,0.3769440331039354,0.6014426694130859,2.220446049250313e-16,0.48392738699811483,2.220446049250313e-16,0.2658739161596817,2.220446049250313e-16,2.220446049250313e-16,2.220446049250313e-16,2.220446049250313e-16,2.220446049250313e-16,0.4902572696747723,2.220446049250313e-16
21.0,2.220446049250313e-16,0.4817036821420975,0.057656659347851136,2.220446049250313e-16,0.3769440331039352,2.220446049250313e-16,2.220446049250313e-16,1.6263032587282567e-19,2.220446049250313e-16,5.551115123125783e-17,0.40230563506260386,2.220446049250313e-16,0.48857426481844796,2.220446049250313e-16,2.220446049250313e-16,0.5362436646631734,2.220446049250313e-16
22.0,2.220446049250313e-16,0.4817036821420977,0.05765665934785147,2.220446049250313e-16,0.3769440331039353,2.220446049250313e-16,2.220446049250313e-16,0.2488087305812966,2.220446049250313e-16,2.220446049250313e-16,0.4023056350626039,2.220446049250313e-16,0.24680252518636864,2.220446049250313e-16,2.220446049250313e-16,0.5362436646631735,2.220446049250313e-16
23.0,2.220446049250313e-16,0.06387245900099392,0.0979012669934029,2.220446049250313e-16,2.220446049250313e-16,2.220446049250313e-16,2.220446049250313e-16,0.24928529236560662,0.25440050607316805,0.2284417659807914,2.220446049250313e-16,2.220446049250313e-16,0.2468025251863687,0.28117061569451646,2.220446049250313e-16,0.5532146535492906,0.38218637647926323
24.0,2.220446049250313e-16,0.5600858394224854,0.43556073602669576,2.220446049250313e-16,2.220446049250313e-16,2.220446049250313e-16,2.220446049250313e-16,2.220446049250313e-16,2.220446049250313e-16,2.220446049250313e-16,2.220446049250313e-16,2.220446049250313e-16,0.48857426481844796,2.220446049250313e-16,2.220446049250313e-16,0.5140158420962689,2.220446049250313e-16
25.0,0.02590198167416694,2.220446049250313e-16,2.220446049250313e-16,2.220446049250313e-16,0.37694403310393554,0.6014426694130859,2.220446049250313e-16,2.220446049250313e-16,2.220446049250313e-16,0.26587391615968176,2.220446049250313e-16,2.220446049250313e-16,0.4885742648184479,2.220446049250313e-16,2.220446049250313e-16,0.49025726967477223,2.220446049250313e-16
26.0,2.220446049250313e-16,0.30869585952090767,0.10835674799648998,0.4874289143661865,0.37694403310393554,0.20219781876115445,2.220446049250313e-16,2.220446049250313e-16,2.220446049250313e-16,2.220446049250313e-16,0.4024932448280954,2.220446049250313e-16,0.48857426481844796,2.220446049250313e-16,2.220446049250313e-16,0.04902975361435958,2.220446049250313e-16
27.0,2.220446049250313e-16,2.220446049250313e-16,2.220446049250313e-16,2.220446049250313e-16,2.220446049250313e-16,0.24453228963888723,2.220446049250313e-16,0.24928529236560587,0.254400506073165,0.22087062471921065,2.220446049250313e-16,2.220446049250313e-16,0.2468025251863686,0.2813198061408417,2.220446049250313e-16,0.49025726967477234,0.38218637647926257
28.0,2.220446049250313e-16,0.6085605972255649,0.4647968269797513,0.2516532351832167,2.220446049250313e-16,2.220446049250313e-16,0.28423973281959747,2.220446049250313e-16,2.220446049250313e-16,2.220446049250313e-16,2.220446049250313e-16,2.220446049250313e-16,2.220446049250313e-16,2.220446049250313e-16,0.2598999661125611,0.019712179771604048,2.220446049250313e-16
29.0,2.220446049250313e-16,2.220446049250313e-16,2.220446049250313e-16,2.220446049250313e-16,2.220446049250313e-16,0.24453228963888715,2.220446049250313e-16,0.4844111000382967,0.2543693338997268,0.22087062471921065,2.220446049250313e-16,2.220446049250313e-16,2.220446049250313e-16,0.281319806140842,2.220446049250313e-16,0.49025726967477223,0.38053807517975324
30.0,2.220446049250313e-16,0.5726368544838346,0.45181769420272233,2.220446049250313e-16,2.220446049250313e-16,2.220446049250313e-16,2.220446049250313e-16,2.220446049250313e-16,2.220446049250313e-16,2.220446049250313e-16,2.220446049250313e-16,2.220446049250313e-16,0.48857426481844785,2.1583603206279465e-18,0.259899966112561,0.259884953188855,2.220446049250313e-16
31.0,2.220446049250313e-16,0.06387245900099389,0.0979012669934029,2.220446049250313e-16,2.220446049250313e-16,2.220446049250313e-16,2.220446049250313e-16,0.4844111000382975,0.2543693338997296,0.2284417659807914,2.220446049250313e-16,2.220446049250313e-16,2.220446049250313e-16,0.28117061569451646,2.220446049250313e-16,0.5532146535492906,0.38053807517975347
32.0,2.220446049250313e-16,0.5726368544838346,0.45181769420272233,2.220446049250313e-16,2.220446049250313e-16,2.220446049250313e-16,2.220446049250313e-16,2.220446049250313e-16,2.220446049250313e-16,2.220446049250313e-16,2.220446049250313e-16,2.220446049250313e-16,0.48857426481844785,2.1583603206279465e-18,0.259899966112561,0.259884953188855,2.220446049250313e-16
33.0,0.025901981674166675,2.220446049250313e-16,2.220446049250313e-16,2.220446049250313e-16,0.3769440331039354,0.6014426694130859,2.220446049250313e-16,0.48392738699811483,2.220446049250313e-16,0.2658739161596817,2.220446049250313e-16,2.220446049250313e-16,2.220446049250313e-16,2.220446049250313e-16,2.220446049250313e-16,0.4902572696747723,2.220446049250313e-16
34.0,2.220446049250313e-16,0.20979932522194766,0.3633479288004089,0.4874289143661864,2.220446049250313e-16,0.4563226387897327,0.29544392923762897,2.220446049250313e-16,2.220446049250313e-16,2.220446049250313e-16,0.40245854356118,2.220446049250313e-16,2.220446049250313e-16,2.220446049250313e-16,2.220446049250313e-16,2.220446049250313e-16,2.220446049250313e-16
35.0,2.220446049250313e-16,2.220446049250313e-16,2.220446049250313e-16,2.220446049250313e-16,2.220446049250313e-16,2.220446049250313e-16,2.220446049250313e-16,0.00043740223464577843,0.47059511749024957,2.220446049250313e-16,2.220446049250313e-16,0.003032196495997681,0.48857426481844785,0.5107969386000223,0.24586185033569383,0.2526710866951341,0.35806870852374617
36.0,2.220446049250313e-16,0.30869585952090733,0.10835674799648981,0.25165323518321686,0.3769440331039354,0.20219781876115422,2.220446049250313e-16,2.220446049250313e-16,2.220446049250313e-16,2.220446049250313e-16,0.4024932448280952,2.220446049250313e-16,0.48857426481844796,2.220446049250313e-16,0.2598999661125611,0.04902975361435995,2.220446049250313e-16
37.0,0.02590198167416694,2.220446049250313e-16,2.220446049250313e-16,2.220446049250313e-16,0.37694403310393554,0.6014426694130859,2.220446049250313e-16,2.220446049250313e-16,2.220446049250313e-16,0.26587391615968176,2.220446049250313e-16,2.220446049250313e-16,0.4885742648184479,2.220446049250313e-16,2.220446049250313e-16,0.49025726967477223,2.220446049250313e-16
38.0,2.220446049250313e-16,0.49350540438342005,0.07294304646570499,2.220446049250313e-16,0.3769440331039352,2.220446049250313e-16,2.220446049250313e-16,2.220446049250313e-16,2.220446049250313e-16,2.220446049250313e-16,0.4022854061452868,2.220446049250313e-16,0.48857426481844796,2.220446049250313e-16,0.2458618503356938,0.2972848309651198,2.220446049250313e-16
39.0,0.04791389217375238,0.05050950052380904,0.09917942459849312,8.326672684688674e-17,0.37694403310393526,0.34508006154049653,2.220446049250313e-16,0.4839273869981148,2.220446049250313e-16,0.273382090139921,2.220446049250313e-16,2.220446049250313e-16,2.220446049250313e-16,2.220446049250313e-16,2.220446049250313e-16,0.5538871439014635,2.220446049250313e-16
40.0,2.220446049250313e-16,0.5600858394224854,0.43556073602669576,2.220446049250313e-16,2.220446049250313e-16,2.220446049250313e-16,2.220446049250313e-16,2.220446049250313e-16,2.220446049250313e-16,2.220446049250313e-16,2.220446049250313e-16,2.220446049250313e-16,0.48857426481844796,2.220446049250313e-16,2.220446049250313e-16,0.5140158420962689,2.220446049250313e-16
41.0,2.220446049250313e-16,0.4817036821420975,0.057656659347851136,2.220446049250313e-16,0.3769440331039352,2.220446049250313e-16,2.220446049250313e-16,1.6263032587282567e-19,2.220446049250313e-16,5.551115123125783e-17,0.40230563506260386,2.220446049250313e-16,0.48857426481844796,2.220446049250313e-16,2.220446049250313e-16,0.5362436646631734,2.220446049250313e-16
42.0,0.025901981674166862,2.220446049250313e-16,1.1102230246251565e-16,2.220446049250313e-16,0.37694403310393515,0.6014426694130859,2.220446049250313e-16,0.48392738699811494,2.220446049250313e-16,0.26587391615968176,2.220446049250313e-16,2.220446049250313e-16,2.220446049250313e-16,2.220446049250313e-16,0.5057618164482549,2.1142311211073612e-16,2.220446049250313e-16
43.0,2.220446049250313e-16,2.220446049250313e-16,2.220446049250313e-16,2.220446049250313e-16,0.3769440331039355,0.23565725642534258,2.220446049250313e-16,2.220446049250313e-16,2.220446049250313e-16,0.47367082464815485,2.220446049250313e-16,2.220446049250313e-16,0.4885742648184479,0.2763383412129853,0.25989996611256105,0.23758618297963813,2.220446049250313e-16
44.0,2.220446049250313e-16,0.27050449775764546,0.4974110000030622,0.48742891436618635,2.220446049250313e-16,0.2028454946253345,0.1292894781161803,2.220446049250313e-16,2.220446049250313e-16,2.220446049250313e-16,0.4025289057903071,2.220446049250313e-16,0.23658329508267892,2.220446049250313e-16,1.1102230246251565e-16,0.03266848874195567,2.220446049250313e-16
45.0,0.02590198167416694,2.220446049250313e-16,2.220446049250313e-16,2.220446049250313e-16,0.37694403310393554,0.6014426694130859,2.220446049250313e-16,2.220446049250313e-16,2.220446049250313e-16,0.26587391615968176,2.220446049250313e-16,2.220446049250313e-16,0.4885742648184479,2.220446049250313e-16,2.220446049250313e-16,0.49025726967477223,2.220446049250313e-16
46.0,2.220446049250313e-16,0.5600858394224854,0.43556073602669576,2.220446049250313e-16,2.220446049250313e-16,2.220446049250313e-16,2.220446049250313e-16,2.220446049250313e-16,2.220446049250313e-16,2.220446049250313e-16,2.220446049250313e-16,2.220446049250313e-16,0.48857426481844796,2.220446049250313e-16,2.220446049250313e-16,0.5140158420962689,2.220446049250313e-16
47.0,0.047913892173752304,0.05050950052380915,0.09917942459849305,5.551115123125783e-17,0.3769440331039353,0.34508006154049625,2.220446049250313e-16,1.1102230246251565e-16,2.220446049250313e-16,0.27338209013992065,2.220446049250313e-16,2.220446049250313e-16,0.4885742648184479,2.220446049250313e-16,2.220446049250313e-16,0.5538871439014632,4.0554183408369876e-16
48.0,0.04791389217375238,0.05050950052380904,0.09917942459849312,8.326672684688674e-17,0.37694403310393526,0.34508006154049653,2.220446049250313e-16,0.4839273869981148,2.220446049250313e-16,0.273382090139921,2.220446049250313e-16,2.220446049250313e-16,2.220446049250313e-16,2.220446049250313e-16,2.220446049250313e-16,0.5538871439014635,2.220446049250313e-16
49.0,2.220446049250313e-16,0.5600858394224854,0.43556073602669576,2.220446049250313e-16,2.220446049250313e-16,2.220446049250313e-16,2.220446049250313e-16,2.220446049250313e-16,2.220446049250313e-16,2.220446049250313e-16,2.220446049250313e-16,2.220446049250313e-16,0.48857426481844796,2.220446049250313e-16,2.220446049250313e-16,0.5140158420962689,2.220446049250313e-16
50.0,2.220446049250313e-16,0.164016795488384,2.220446049250313e-16,2.220446049250313e-16,0.3769440331039354,2.220446049250313e-16,2.220446049250313e-16,0.48392738699811483,2.220446049250313e-16,0.24356061161530504,2.220446049250313e-16,2.220446049250313e-16,2.220446049250313e-16,0.5059975411117693,2.220446049250313e-16,0.48530199457474055,2.220446049250313e-16
51.0,0.04333810419117595,2.220446049250313e-16,2.220446049250313e-16,0.23577567918296954,0.3769440331039353,0.37935303156810957,2.220446049250313e-16,2.220446049250313e-16,2.220446049250313e-16,0.505754565311276,2.220446049250313e-16,2.220446049250313e-16,0.48857426481844796,0.001720278566523259,0.2458618503356938,2.220446049250313e-16,2.220446049250313e-16
52.0,2.220446049250313e-16,2.220446049250313e-16,2.220446049250313e-16,0.23577567918296963,0.3769440331039354,2.220446049250313e-16,0.14053589340838316,2.220446049250313e-16,2.220446049250313e-16,0.47694916083394506,2.220446049250313e-16,2.220446049250313e-16,0.5129587544816898,0.505212615468763,2.220446049250313e-16,2.220446049250313e-16,2.220446049250313e-16
53.0,2.220446049250313e-16,2.220446049250313e-16,2.220446049250313e-16,2.220446049250313e-16,2.220446049250313e-16,2.220446049250313e-16,0.3056536828602965,0.00043740223464583394,0.4705951174902496,2.220446049250313e-16,2.220446049250313e-16,0.0030321964959976744,0.5063325037830761,0.49367553367694805,2.220446049250313e-16,2.220446049250313e-16,0.3580687085237463
54.0,2.220446049250313e-16,2.220446049250313e-16,2.220446049250313e-16,2.220446049250313e-16,0.37694403310393537,2.220446049250313e-16,0.3055603301969737,1.1102230246251565e-16,2.220446049250313e-16,0.4771113980331588,2.220446049250313e-16,2.220446049250313e-16,0.5063362500671843,0.49596545926034724,2.220446049250313e-16,2.220446049250313e-16,2.220446049250313e-16
55.0,2.220446049250313e-16,2.220446049250313e-16,2.220446049250313e-16,2.220446049250313e-16,2.220446049250313e-16,2.220446049250313e-16,0.3056536828602965,0.00043740223464583394,0.4705951174902496,2.220446049250313e-16,2.220446049250313e-16,0.0030321964959976744,0.5063325037830761,0.49367553367694805,2.220446049250313e-16,2.220446049250313e-16,0.3580687085237463
56.0,0.027876876928689846,2.220446049250313e-16,0.38414218306551706,0.23577567918297396,2.220446049250313e-16,0.6080506120134762,0.462193818732005,2.220446049250313e-16,2.220446049250313e-16,0.013193016322682575,0.40267731281784014,2.220446049250313e-16,0.011476213338413178,2.220446049250313e-16,2.220446049250313e-16,2.220446049250313e-16,2.220446049250313e-16
57.0,2.220446049250313e-16,2.220446049250313e-16,2.220446049250313e-16,2.220446049250313e-16,2.220446049250313e-16,2.220446049250313e-16,2.220446049250313e-16,0.24928529236560662,0.25440050607316744,0.22428558497027642,1.3877787807814457e-16,2.220446049250313e-16,0.2468025251863688,0.518063604607071,0.25989996611256105,0.23758618297963813,0.382186376479263
58.0,2.220446049250313e-16,0.5844385520977127,0.46710408367617334,2.220446049250313e-16,2.220446049250313e-16,2.220446049250313e-16,2.220446049250313e-16,2.220446049250313e-16,2.220446049250313e-16,2.220446049250313e-16,2.220446049250313e-16,2.220446049250313e-16,0.48857426481844785,2.1583603206279465e-18,0.5057618164482548,0.020926120730176353,2.220446049250313e-16
59.0,2.220446049250313e-16,0.5060564456358678,0.0892000021365705,2.220446049250313e-16,0.3769440331039356,2.220446049250313e-16,2.220446049250313e-16,2.220446049250313e-16,2.220446049250313e-16,5.551115123125783e-17,0.4022638928465876,2.220446049250313e-16,0.4885742648184479,5.377409555542044e-16,0.5057618164482549,0.04315394073964007,2.220446049250313e-16
60.0,3.788283786251812e-05,0.6188276743547612,2.220446049250313e-16,2.220446049250313e-16,2.220446049250313e-16,0.017343498809376745,0.6290527606809049,3.469446951953614e-17,2.220446049250313e-16,2.220446049250313e-16,0.0009551182751212589,2.220446049250313e-16,0.004780089411797843,0.20157426019564778,2.220446049250313e-16,2.220446049250313e-16,2.220446049250313e-16
61.0,2.220446049250313e-16,0.003639622010832591,2.220446049250313e-16,0.2516532351832169,0.37694403310393537,2.220446049250313e-16,0.4846892896829004,2.220446049250313e-16,0.45909573387308855,2.220446049250313e-16,2.220446049250313e-16,0.0033875370346965195,2.220446049250313e-16,0.48364672888266946,2.220446049250313e-16,2.220446049250313e-16,2.220446049250313e-16
62.0,2.220446049250313e-16,0.003639622010832591,2.220446049250313e-16,0.2516532351832169,0.37694403310393537,2.220446049250313e-16,0.4846892896829004,2.220446049250313e-16,0.45909573387308855,2.220446049250313e-16,2.220446049250313e-16,0.0033875370346965195,2.220446049250313e-16,0.48364672888266946,2.220446049250313e-16,2.220446049250313e-16,2.220446049250313e-16
63.0,2.220446049250313e-16,2.220446049250313e-16,2.220446049250313e-16,2.220446049250313e-16,0.3769440331039354,2.220446049250313e-16,0.6360996253419168,5.551115123125783e-17,2.220446049250313e-16,0.4774363545700099,2.220446049250313e-16,2.220446049250313e-16,0.0044972955829918875,0.4774436660356227,2.220446049250313e-16,2.220446049250313e-16,2.220446049250313e-16
64.0,2.220446049250313e-16,2.220446049250313e-16,2.220446049250313e-16,2.220446049250313e-16,0.3769440331039354,2.220446049250313e-16,0.6360996253419168,5.551115123125783e-17,2.220446049250313e-16,0.4774363545700099,2.220446049250313e-16,2.220446049250313e-16,0.0044972955829918875,0.4774436660356227,2.220446049250313e-16,2.220446049250313e-16,2.220446049250313e-16
65.0,2.220446049250313e-16,2.220446049250313e-16,2.220446049250313e-16,2.220446049250313e-16,2.220446049250313e-16,2.220446049250313e-16,0.29901895487440544,0.00043939754306709933,0.4569425968438328,2.220446049250313e-16,2.220446049250313e-16,0.4846751375047081,0.506598758382884,2.220446049250313e-16,2.220446049250313e-16,2.220446049250313e-16,0.3597021192677563
66.0,0.2657406409682437,0.6501162755260985,0.057963326493321296,8.326672684688674e-17,2.220446049250313e-16,2.220446049250313e-16,0.11346472256674217,2.220446049250313e-16,2.220446049250313e-16,2.220446049250313e-16,0.4039583975406463,2.220446049250313e-16,2.220446049250313e-16,2.220446049250313e-16,0.2458618503356938,0.2894033951237546,2.220446049250313e-16
67.0,0.2657406409682437,0.6501162755260985,0.057963326493321296,8.326672684688674e-17,2.220446049250313e-16,2.220446049250313e-16,0.11346472256674217,2.220446049250313e-16,2.220446049250313e-16,2.220446049250313e-16,0.4039583975406463,2.220446049250313e-16,2.220446049250313e-16,2.220446049250313e-16,0.2458618503356938,0.2894033951237546,2.220446049250313e-16
68.0,0.5606706052726101,0.03983219684549502,0.5194746437835832,2.220446049250313e-16,2.220446049250313e-16,0.07284929143020684,2.220446049250313e-16,2.220446049250313e-16,2.220446049250313e-16,0.5052169734376144,2.220446049250313e-16,2.220446049250313e-16,2.220446049250313e-16,0.001730871893051805,0.5057618164482548,0.0442770630813635,2.220446049250313e-16
69.0,0.5606706052726101,0.03983219684549502,0.5194746437835832,2.220446049250313e-16,2.220446049250313e-16,0.07284929143020684,2.220446049250313e-16,2.220446049250313e-16,2.220446049250313e-16,0.5052169734376144,2.220446049250313e-16,2.220446049250313e-16,2.220446049250313e-16,0.001730871893051805,0.5057618164482548,0.0442770630813635,2.220446049250313e-16
70.0,2.220446049250313e-16,0.4158751130537176,2.220446049250313e-16,1.1102230246251565e-16,2.220446049250313e-16,0.4877878246321609,0.6252686825032484,2.220446049250313e-16,2.220446049250313e-16,2.220446049250313e-16,0.0010504244710608844,2.220446049250313e-16,0.004931946160555934,2.220446049250313e-16,2.220446049250313e-16,2.220446049250313e-16,2.220446049250313e-16
71.0,2.220446049250313e-16,2.220446049250313e-16,2.220446049250313e-16,2.220446049250313e-16,2.220446049250313e-16,2.220446049250313e-16,2.220446049250313e-16,0.4843815034518534,0.4568783812117557,2.220446049250313e-16,2.220446049250313e-16,0.48467712182126416,2.220446049250313e-16,2.220446049250313e-16,0.5057618164482549,2.220446049250313e-16,0.3563095490192344
72.0,2.220446049250313e-16,2.220446049250313e-16,2.220446049250313e-16,2.220446049250313e-16,2.220446049250313e-16,2.220446049250313e-16,2.220446049250313e-16,0.4843815034518534,0.4568783812117557,2.220446049250313e-16,2.220446049250313e-16,0.48467712182126416,2.220446049250313e-16,2.220446049250313e-16,0.5057618164482549,2.220446049250313e-16,0.3563095490192344
73.0,2.220446049250313e-16,2.220446049250313e-16,2.220446049250313e-16,2.220446049250313e-16,2.220446049250313e-16,2.220446049250313e-16,2.220446049250313e-16,0.4843815034518534,0.4568783812117557,2.220446049250313e-16,2.220446049250313e-16,0.48467712182126416,2.220446049250313e-16,2.220446049250313e-16,0.5057618164482549,2.220446049250313e-16,0.3563095490192344
74.0,2.220446049250313e-16,2.220446049250313e-16,2.220446049250313e-16,2.220446049250313e-16,2.220446049250313e-16,2.220446049250313e-16,2.220446049250313e-16,0.4843815034518534,0.4568783812117557,2.220446049250313e-16,2.220446049250313e-16,0.48467712182126416,2.220446049250313e-16,2.220446049250313e-16,0.5057618164482549,2.220446049250313e-16,0.3563095490192344
75.0,2.220446049250313e-16,2.220446049250313e-16,2.220446049250313e-16,2.220446049250313e-16,2.220446049250313e-16,2.220446049250313e-16,2.220446049250313e-16,0.4843815034518534,0.4568783812117557,2.220446049250313e-16,2.220446049250313e-16,0.48467712182126416,2.220446049250313e-16,2.220446049250313e-16,0.5057618164482549,2.220446049250313e-16,0.3563095490192344
76.0,2.220446049250313e-16,2.220446049250313e-16,2.220446049250313e-16,2.220446049250313e-16,2.220446049250313e-16,2.220446049250313e-16,2.220446049250313e-16,0.4843815034518534,0.4568783812117557,2.220446049250313e-16,2.220446049250313e-16,0.48467712182126416,2.220446049250313e-16,2.220446049250313e-16,0.5057618164482549,2.220446049250313e-16,0.3563095490192344
77.0,0.5703567496082635,0.07440380430516819,2.220446049250313e-16,0.2516532351832169,2.220446049250313e-16,0.5914121175060097,0.001798142011478946,2.220446049250313e-16,6.106226635438361e-16,0.00319672132319635,0.4044213538599402,2.220446049250313e-16,2.220446049250313e-16,2.220446049250313e-16,0.25989996611256105,2.220446049250313e-16,2.0787235745991408e-17
78.0,0.5703567496082635,0.07440380430516819,2.220446049250313e-16,0.2516532351832169,2.220446049250313e-16,0.5914121175060097,0.001798142011478946,2.220446049250313e-16,6.106226635438361e-16,0.00319672132319635,0.4044213538599402,2.220446049250313e-16,2.220446049250313e-16,2.220446049250313e-16,0.25989996611256105,2.220446049250313e-16,2.0787235745991408e-17
79.0,0.5378336446962565,2.220446049250313e-16,0.38414218306551673,0.48742891436618646,2.220446049250313e-16,0.32896651987549586,2.220446049250313e-16,2.220446049250313e-16,2.220446049250313e-16,0.4977297921972557,2.220446049250313e-16,2.220446049250313e-16,2.220446049250313e-16,0.0018784078948717437,2.220446049250313e-16,2.220446049250313e-16,2.220446049250313e-16
80.0,0.5378336446962565,2.220446049250313e-16,0.38414218306551673,0.48742891436618646,2.220446049250313e-16,0.32896651987549586,2.220446049250313e-16,2.220446049250313e-16,2.220446049250313e-16,0.4977297921972557,2.220446049250313e-16,2.220446049250313e-16,2.220446049250313e-16,0.0018784078948717437,2.220446049250313e-16,2.220446049250313e-16,2.220446049250313e-16
81.0,2.220446049250313e-16,0.635643413579422,2.220446049250313e-16,0.23577567918296977,2.220446049250313e-16,0.01751061035771847,0.46268713726701055,2.220446049250313e-16,2.220446049250313e-16,2.220446049250313e-16,0.00096413229032511,2.220446049250313e-16,0.011456416245089265,0.21089334700361123,2.220446049250313e-16,2.220446049250313e-16,2.220446049250313e-16
82.0,2.220446049250313e-16,0.020435188360257185,2.220446049250313e-16,0.48742891436618657,0.3769440331039353,2.220446049250313e-16,0.3185426142874819,2.220446049250313e-16,0.45909573387308855,2.220446049250313e-16,2.220446049250313e-16,0.0033875370346965195,2.220446049250313e-16,0.49295355116417194,2.220446049250313e-16,2.220446049250313e-16,2.220446049250313e-16
83.0,2.220446049250313e-16,0.020435188360257185,2.220446049250313e-16,0.48742891436618657,0.3769440331039353,2.220446049250313e-16,0.3185426142874819,2.220446049250313e-16,0.45909573387308855,2.220446049250313e-16,2.220446049250313e-16,0.0033875370346965195,2.220446049250313e-16,0.49295355116417194,2.220446049250313e-16,2.220446049250313e-16,2.220446049250313e-16
84.0,2.220446049250313e-16,2.220446049250313e-16,2.220446049250313e-16,2.220446049250313e-16,0.3769440331039354,2.220446049250313e-16,0.6360996253419168,5.551115123125783e-17,2.220446049250313e-16,0.4774363545700099,2.220446049250313e-16,2.220446049250313e-16,0.0044972955829918875,0.4774436660356227,2.220446049250313e-16,2.220446049250313e-16,2.220446049250313e-16
85.0,2.220446049250313e-16,2.220446049250313e-16,2.220446049250313e-16,2.220446049250313e-16,0.3769440331039354,2.220446049250313e-16,0.6360996253419168,5.551115123125783e-17,2.220446049250313e-16,0.4774363545700099,2.220446049250313e-16,2.220446049250313e-16,0.0044972955829918875,0.4774436660356227,2.220446049250313e-16,2.220446049250313e-16,2.220446049250313e-16
86.0,2.220446049250313e-16,2.220446049250313e-16,2.220446049250313e-16,2.220446049250313e-16,2.220446049250313e-16,2.220446049250313e-16,0.3056536828602965,0.00043740223464583394,0.4705951174902496,2.220446049250313e-16,2.220446049250313e-16,0.0030321964959976744,0.5063325037830761,0.49367553367694805,2.220446049250313e-16,2.220446049250313e-16,0.3580687085237463
87.0,0.25748011389193565,0.7332211644644554,0.06747185612200009,2.220446049250313e-16,2.220446049250313e-16,2.220446049250313e-16,0.44107921011306767,2.220446049250313e-16,6.938893903907228e-18,2.220446049250313e-16,0.000616267273705414,2.220446049250313e-16,0.012323552020553779,2.220446049250313e-16,2.220446049250313e-16,0.03172188532863217,2.220446049250313e-16
88.0,2.220446049250313e-16,2.220446049250313e-16,2.220446049250313e-16,2.220446049250313e-16,2.220446049250313e-16,2.220446049250313e-16,2.220446049250313e-16,0.48438150345185316,0.45687838121175584,2.220446049250313e-16,2.220446049250313e-16,0.48467712182126416,2.220446049250313e-16,2.220446049250313e-16,2.220446049250313e-16,0.4902572696747723,0.356309549019234
89.0,2.220446049250313e-16,2.220446049250313e-16,2.220446049250313e-16,2.220446049250313e-16,2.220446049250313e-16,2.220446049250313e-16,2.220446049250313e-16,0.48438150345185316,0.45687838121175584,2.220446049250313e-16,2.220446049250313e-16,0.48467712182126416,2.220446049250313e-16,2.220446049250313e-16,2.220446049250313e-16,0.4902572696747723,0.356309549019234
90.0,2.220446049250313e-16,2.220446049250313e-16,2.220446049250313e-16,2.220446049250313e-16,2.220446049250313e-16,2.220446049250313e-16,2.220446049250313e-16,0.48438150345185316,0.45687838121175584,2.220446049250313e-16,2.220446049250313e-16,0.48467712182126416,2.220446049250313e-16,2.220446049250313e-16,2.220446049250313e-16,0.4902572696747723,0.356309549019234
91.0,2.220446049250313e-16,2.220446049250313e-16,2.220446049250313e-16,2.220446049250313e-16,2.220446049250313e-16,2.220446049250313e-16,2.220446049250313e-16,0.48438150345185316,0.45687838121175584,2.220446049250313e-16,2.220446049250313e-16,0.48467712182126416,2.220446049250313e-16,2.220446049250313e-16,2.220446049250313e-16,0.4902572696747723,0.356309549019234
92.0,2.220446049250313e-16,2.220446049250313e-16,2.220446049250313e-16,0.23577567918296963,0.3769440331039354,2.220446049250313e-16,0.1403325719013216,2.220446049250313e-16,0.2446586364281878,0.2244235473464364,2.220446049250313e-16,2.220446049250313e-16,0.5129669138646528,0.510200058827105,2.220446049250313e-16,2.220446049250313e-16,2.220446049250313e-16
93.0,2.220446049250313e-16,2.220446049250313e-16,2.220446049250313e-16,0.23577567918296963,0.3769440331039354,2.220446049250313e-16,0.1403325719013216,2.220446049250313e-16,0.2446586364281878,0.2244235473464364,2.220446049250313e-16,2.220446049250313e-16,0.5129669138646528,0.510200058827105,2.220446049250313e-16,2.220446049250313e-16,2.220446049250313e-16
94.0,2.220446049250313e-16,0.4158751130537176,2.220446049250313e-16,1.1102230246251565e-16,2.220446049250313e-16,0.4877878246321609,0.6252686825032484,2.220446049250313e-16,2.220446049250313e-16,2.220446049250313e-16,0.0010504244710608844,2.220446049250313e-16,0.004931946160555934,2.220446049250313e-16,2.220446049250313e-16,2.220446049250313e-16,2.220446049250313e-16
95.0,2.220446049250313e-16,2.220446049250313e-16,2.220446049250313e-16,2.220446049250313e-16,2.220446049250313e-16,2.220446049250313e-16,2.220446049250313e-16,0.4843815034518534,0.4568783812117557,2.220446049250313e-16,2.220446049250313e-16,0.48467712182126416,2.220446049250313e-16,2.220446049250313e-16,0.5057618164482549,2.220446049250313e-16,0.3563095490192344
96.0,2.220446049250313e-16,2.220446049250313e-16,2.220446049250313e-16,2.220446049250313e-16,2.220446049250313e-16,2.220446049250313e-16,2.220446049250313e-16,0.4843815034518534,0.4568783812117557,2.220446049250313e-16,2.220446049250313e-16,0.48467712182126416,2.220446049250313e-16,2.220446049250313e-16,0.5057618164482549,2.220446049250313e-16,0.3563095490192344
97.0,2.220446049250313e-16,2.220446049250313e-16,2.220446049250313e-16,2.220446049250313e-16,2.220446049250313e-16,2.220446049250313e-16,2.220446049250313e-16,0.4843815034518534,0.4568783812117557,2.220446049250313e-16,2.220446049250313e-16,0.48467712182126416,2.220446049250313e-16,2.220446049250313e-16,0.5057618164482549,2.220446049250313e-16,0.3563095490192344
98.0,2.220446049250313e-16,2.220446049250313e-16,2.220446049250313e-16,2.220446049250313e-16,2.220446049250313e-16,2.220446049250313e-16,2.220446049250313e-16,0.4843815034518534,0.4568783812117557,2.220446049250313e-16,2.220446049250313e-16,0.48467712182126416,2.220446049250313e-16,2.220446049250313e-16,0.5057618164482549,2.220446049250313e-16,0.3563095490192344
99.0,2.220446049250313e-16,2.220446049250313e-16,2.220446049250313e-16,2.220446049250313e-16,2.220446049250313e-16,2.220446049250313e-16,2.220446049250313e-16,0.4843815034518534,0.4568783812117557,2.220446049250313e-16,2.220446049250313e-16,0.48467712182126416,2.220446049250313e-16,2.220446049250313e-16,0.5057618164482549,2.220446049250313e-16,0.3563095490192344
100.0,2.220446049250313e-16,2.220446049250313e-16,2.220446049250313e-16,2.220446049250313e-16,2.220446049250313e-16,2.220446049250313e-16,2.220446049250313e-16,0.4843815034518534,0.4568783812117557,2.220446049250313e-16,2.220446049250313e-16,0.48467712182126416,2.220446049250313e-16,2.220446049250313e-16,0.5057618164482549,2.220446049250313e-16,0.3563095490192344
101.0,0.5703567496082635,0.07440380430516819,2.220446049250313e-16,0.2516532351832169,2.220446049250313e-16,0.5914121175060097,0.001798142011478946,2.220446049250313e-16,6.106226635438361e-16,0.00319672132319635,0.4044213538599402,2.220446049250313e-16,2.220446049250313e-16,2.220446049250313e-16,0.25989996611256105,2.220446049250313e-16,2.0787235745991408e-17
102.0,0.5703567496082635,0.07440380430516819,2.220446049250313e-16,0.2516532351832169,2.220446049250313e-16,0.5914121175060097,0.001798142011478946,2.220446049250313e-16,6.106226635438361e-16,0.00319672132319635,0.4044213538599402,2.220446049250313e-16,2.220446049250313e-16,2.220446049250313e-16,0.25989996611256105,2.220446049250313e-16,2.0787235745991408e-17
103.0,0.5378336446962565,2.220446049250313e-16,0.38414218306551673,0.48742891436618646,2.220446049250313e-16,0.32896651987549586,2.220446049250313e-16,2.220446049250313e-16,2.220446049250313e-16,0.4977297921972557,2.220446049250313e-16,2.220446049250313e-16,2.220446049250313e-16,0.0018784078948717437,2.220446049250313e-16,2.220446049250313e-16,2.220446049250313e-16
104.0,0.5378336446962565,2.220446049250313e-16,0.38414218306551673,0.48742891436618646,2.220446049250313e-16,0.32896651987549586,2.220446049250313e-16,2.220446049250313e-16,2.220446049250313e-16,0.4977297921972557,2.220446049250313e-16,2.220446049250313e-16,2.220446049250313e-16,0.0018784078948717437,2.220446049250313e-16,2.220446049250313e-16,2.220446049250313e-16
105.0,0.5703567496082634,0.07440380430516852,2.220446049250313e-16,0.4874289143661868,2.220446049250313e-16,0.59141211750601,0.001798142011478711,2.220446049250313e-16,1.6653345369377348e-16,0.0031967213231966045,0.40442135385993283,2.220446049250313e-16,2.220446049250313e-16,2.220446049250313e-16,2.220446049250313e-16,2.220446049250313e-16,2.220446049250313e-16
106.0,0.5703567496082634,0.07440380430516852,2.220446049250313e-16,0.4874289143661868,2.220446049250313e-16,0.59141211750601,0.001798142011478711,2.220446049250313e-16,1.6653345369377348e-16,0.0031967213231966045,0.40442135385993283,2.220446049250313e-16,2.220446049250313e-16,2.220446049250313e-16,2.220446049250313e-16,2.220446049250313e-16,2.220446049250313e-16
107.0,0.5378336446962565,2.220446049250313e-16,0.38414218306551673,0.48742891436618646,2.220446049250313e-16,0.32896651987549586,2.220446049250313e-16,2.220446049250313e-16,2.220446049250313e-16,0.4977297921972557,2.220446049250313e-16,2.220446049250313e-16,2.220446049250313e-16,0.0018784078948717437,2.220446049250313e-16,2.220446049250313e-16,2.220446049250313e-16
108.0,0.5378336446962565,2.220446049250313e-16,0.38414218306551673,0.48742891436618646,2.220446049250313e-16,0.32896651987549586,2.220446049250313e-16,2.220446049250313e-16,2.220446049250313e-16,0.4977297921972557,2.220446049250313e-16,2.220446049250313e-16,2.220446049250313e-16,0.0018784078948717437,2.220446049250313e-16,2.220446049250313e-16,2.220446049250313e-16
109.0,2.220446049250313e-16,0.4210918309930139,2.220446049250313e-16,2.220446049250313e-16,1.1102230246251565e-16,0.23526309598715878,0.6441765031833954,2.220446049250313e-16,8.500145032286355e-17,2.220446049250313e-16,0.001173226594476403,2.220446049250313e-16,0.004173166864836396,0.20072709317670556,2.220446049250313e-16,2.220446049250313e-16,2.220446049250313e-16
110.0,2.220446049250313e-16,2.220446049250313e-16,2.220446049250313e-16,2.220446049250313e-16,0.3769440331039355,2.220446049250313e-16,0.628803178003216,2.220446049250313e-16,0.44555159542715217,2.220446049250313e-16,2.220446049250313e-16,0.48502712894307404,0.004790105276217205,2.220446049250313e-16,2.220446049250313e-16,2.220446049250313e-16,2.220446049250313e-16
111.0,2.220446049250313e-16,2.220446049250313e-16,2.220446049250313e-16,2.220446049250313e-16,0.3769440331039355,2.220446049250313e-16,0.628803178003216,2.220446049250313e-16,0.44555159542715217,2.220446049250313e-16,2.220446049250313e-16,0.48502712894307404,0.004790105276217205,2.220446049250313e-16,2.220446049250313e-16,2.220446049250313e-16,2.220446049250313e-16
112.0,2.220446049250313e-16,2.220446049250313e-16,2.220446049250313e-16,2.220446049250313e-16,0.3769440331039354,2.220446049250313e-16,0.6360996253419168,5.551115123125783e-17,2.220446049250313e-16,0.4774363545700099,2.220446049250313e-16,2.220446049250313e-16,0.0044972955829918875,0.4774436660356227,2.220446049250313e-16,2.220446049250313e-16,2.220446049250313e-16
113.0,2.220446049250313e-16,2.220446049250313e-16,2.220446049250313e-16,2.220446049250313e-16,0.3769440331039354,2.220446049250313e-16,0.6360996253419168,5.551115123125783e-17,2.220446049250313e-16,0.4774363545700099,2.220446049250313e-16,2.220446049250313e-16,0.0044972955829918875,0.4774436660356227,2.220446049250313e-16,2.220446049250313e-16,2.220446049250313e-16
114.0,2.220446049250313e-16,2.220446049250313e-16,2.220446049250313e-16,2.220446049250313e-16,2.220446049250313e-16,2.220446049250313e-16,0.29901895487440544,0.00043939754306709933,0.4569425968438328,2.220446049250313e-16,2.220446049250313e-16,0.4846751375047081,0.506598758382884,2.220446049250313e-16,2.220446049250313e-16,2.220446049250313e-16,0.3597021192677563
115.0,0.46645604564377513,0.38190797329546433,2.220446049250313e-16,5.551115123125783e-17,2.220446049250313e-16,0.442322481761245,0.31225030016499666,2.220446049250313e-16,4.336808689942018e-19,2.220446049250313e-16,0.0008512422317497617,2.220446049250313e-16,0.017493513763492726,2.220446049250313e-16,2.220446049250313e-16,2.220446049250313e-16,2.220446049250313e-16
116.0,1.966868701130677e-18,2.220446049250313e-16,2.220446049250313e-16,0.48742891436618657,2.220446049250313e-16,2.220446049250313e-16,2.220446049250313e-16,0.48438150345185355,0.45687838121175556,7.928949474971164e-18,3.1216404704274903e-15,0.484677121821264,2.7755575615628914e-17,7.375824256121544e-16,3.944304526105059e-31,2.220446049250313e-16,0.3563095490192344
117.0,1.966868701130677e-18,2.220446049250313e-16,2.220446049250313e-16,0.48742891436618657,2.220446049250313e-16,2.220446049250313e-16,2.220446049250313e-16,0.48438150345185355,0.45687838121175556,7.928949474971164e-18,3.1216404704274903e-15,0.484677121821264,2.7755575615628914e-17,7.375824256121544e-16,3.944304526105059e-31,2.220446049250313e-16,0.3563095490192344
118.0,1.966868701130677e-18,2.220446049250313e-16,2.220446049250313e-16,0.48742891436618657,2.220446049250313e-16,2.220446049250313e-16,2.220446049250313e-16,0.48438150345185355,0.45687838121175556,7.928949474971164e-18,3.1216404704274903e-15,0.484677121821264,2.7755575615628914e-17,7.375824256121544e-16,3.944304526105059e-31,2.220446049250313e-16,0.3563095490192344
119.0,1.966868701130677e-18,2.220446049250313e-16,2.220446049250313e-16,0.48742891436618657,2.220446049250313e-16,2.220446049250313e-16,2.220446049250313e-16,0.48438150345185355,0.45687838121175556,7.928949474971164e-18,3.1216404704274903e-15,0.484677121821264,2.7755575615628914e-17,7.375824256121544e-16,3.944304526105059e-31,2.220446049250313e-16,0.3563095490192344
120.0,1.966868701130677e-18,2.220446049250313e-16,2.220446049250313e-16,0.48742891436618657,2.220446049250313e-16,2.220446049250313e-16,2.220446049250313e-16,0.48438150345185355,0.45687838121175556,7.928949474971164e-18,3.1216404704274903e-15,0.484677121821264,2.7755575615628914e-17,7.375824256121544e-16,3.944304526105059e-31,2.220446049250313e-16,0.3563095490192344
121.0,1.966868701130677e-18,2.220446049250313e-16,2.220446049250313e-16,0.48742891436618657,2.220446049250313e-16,2.220446049250313e-16,2.220446049250313e-16,0.48438150345185355,0.45687838121175556,7.928949474971164e-18,3.1216404704274903e-15,0.484677121821264,2.7755575615628914e-17,7.375824256121544e-16,3.944304526105059e-31,2.220446049250313e-16,0.3563095490192344
122.0,2.220446049250313e-16,0.4158751130537176,2.220446049250313e-16,1.1102230246251565e-16,2.220446049250313e-16,0.4877878246321609,0.6252686825032484,2.220446049250313e-16,2.220446049250313e-16,2.220446049250313e-16,0.0010504244710608844,2.220446049250313e-16,0.004931946160555934,2.220446049250313e-16,2.220446049250313e-16,2.220446049250313e-16,2.220446049250313e-16
123.0,2.220446049250313e-16,2.220446049250313e-16,2.220446049250313e-16,2.220446049250313e-16,2.220446049250313e-16,2.220446049250313e-16,2.220446049250313e-16,0.4843815034518534,0.4568783812117557,2.220446049250313e-16,2.220446049250313e-16,0.48467712182126416,2.220446049250313e-16,2.220446049250313e-16,0.5057618164482549,2.220446049250313e-16,0.3563095490192344
124.0,2.220446049250313e-16,2.220446049250313e-16,2.220446049250313e-16,2.220446049250313e-16,2.220446049250313e-16,2.220446049250313e-16,2.220446049250313e-16,0.4843815034518534,0.4568783812117557,2.220446049250313e-16,2.220446049250313e-16,0.48467712182126416,2.220446049250313e-16,2.220446049250313e-16,0.5057618164482549,2.220446049250313e-16,0.3563095490192344
125.0,2.220446049250313e-16,2.220446049250313e-16,2.220446049250313e-16,2.220446049250313e-16,2.220446049250313e-16,2.220446049250313e-16,2.220446049250313e-16,0.4843815034518534,0.4568783812117557,2.220446049250313e-16,2.220446049250313e-16,0.48467712182126416,2.220446049250313e-16,2.220446049250313e-16,0.5057618164482549,2.220446049250313e-16,0.3563095490192344
126.0,2.220446049250313e-16,2.220446049250313e-16,2.220446049250313e-16,2.220446049250313e-16,2.220446049250313e-16,2.220446049250313e-16,2.220446049250313e-16,0.4843815034518534,0.4568783812117557,2.220446049250313e-16,2.220446049250313e-16,0.48467712182126416,2.220446049250313e-16,2.220446049250313e-16,0.5057618164482549,2.220446049250313e-16,0.3563095490192344
127.0,2.220446049250313e-16,2.220446049250313e-16,2.220446049250313e-16,2.220446049250313e-16,2.220446049250313e-16,2.220446049250313e-16,2.220446049250313e-16,0.4843815034518534,0.4568783812117557,2.220446049250313e-16,2.220446049250313e-16,0.48467712182126416,2.220446049250313e-16,2.220446049250313e-16,0.5057618164482549,2.220446049250313e-16,0.3563095490192344
128.0,2.220446049250313e-16,2.220446049250313e-16,2.220446049250313e-16,2.220446049250313e-16,2.220446049250313e-16,2.220446049250313e-16,2.220446049250313e-16,0.4843815034518534,0.4568783812117557,2.220446049250313e-16,2.220446049250313e-16,0.48467712182126416,2.220446049250313e-16,2.220446049250313e-16,0.5057618164482549,2.220446049250313e-16,0.3563095490192344
129.0,0.26668757586448255,0.6381481202196102,0.04269285858140873,1.1102230246251565e-16,2.220446049250313e-16,2.220446049250313e-16,0.11441178305635515,2.220446049250313e-16,9.238975204911664e-21,2.220446049250313e-16,0.40397797896172327,2.220446049250313e-16,2.220446049250313e-16,2.220446049250313e-16,2.220446049250313e-16,0.5283706045591718,2.220446049250313e-16
130.0,0.26668757586448255,0.6381481202196102,0.04269285858140873,1.1102230246251565e-16,2.220446049250313e-16,2.220446049250313e-16,0.11441178305635515,2.220446049250313e-16,9.238975204911664e-21,2.220446049250313e-16,0.40397797896172327,2.220446049250313e-16,2.220446049250313e-16,2.220446049250313e-16,2.220446049250313e-16,0.5283706045591718,2.220446049250313e-16
131.0,0.5616466969084327,0.02720094124486494,0.5032253605588545,2.220446049250313e-16,2.220446049250313e-16,0.07313967756784985,2.220446049250313e-16,2.220446049250313e-16,2.220446049250313e-16,0.5051890629598512,2.220446049250313e-16,2.220446049250313e-16,2.220446049250313e-16,0.0017314218730996248,0.2458618503356938,0.2984119900907148,2.220446049250313e-16
132.0,0.5616466969084327,0.02720094124486494,0.5032253605588545,2.220446049250313e-16,2.220446049250313e-16,0.07313967756784985,2.220446049250313e-16,2.220446049250313e-16,2.220446049250313e-16,0.5051890629598512,2.220446049250313e-16,2.220446049250313e-16,2.220446049250313e-16,0.0017314218730996248,0.2458618503356938,0.2984119900907148,2.220446049250313e-16
133.0,3.788283786251812e-05,0.6188276743547612,2.220446049250313e-16,2.220446049250313e-16,2.220446049250313e-16,0.017343498809376745,0.6290527606809049,3.469446951953614e-17,2.220446049250313e-16,2.220446049250313e-16,0.0009551182751212589,2.220446049250313e-16,0.004780089411797843,0.20157426019564778,2.220446049250313e-16,2.220446049250313e-16,2.220446049250313e-16
134.0,2.220446049250313e-16,0.004356479405581346,2.220446049250313e-16,0.2516532351832167,0.3769440331039355,2.220446049250313e-16,0.47759792578410803,2.220446049250313e-16,0.4455515954271523,2.220446049250313e-16,2.220446049250313e-16,0.48502712894307376,2.220446049250313e-16,2.220446049250313e-16,2.220446049250313e-16,2.220446049250313e-16,2.220446049250313e-16
135.0,2.220446049250313e-16,0.004356479405581346,2.220446049250313e-16,0.2516532351832167,0.3769440331039355,2.220446049250313e-16,0.47759792578410803,2.220446049250313e-16,0.4455515954271523,2.220446049250313e-16,2.220446049250313e-16,0.48502712894307376,2.220446049250313e-16,2.220446049250313e-16,2.220446049250313e-16,2.220446049250313e-16,2.220446049250313e-16
136.0,2.220446049250313e-16,2.220446049250313e-16,2.220446049250313e-16,2.220446049250313e-16,0.3769440331039354,2.220446049250313e-16,0.6360996253419168,5.551115123125783e-17,2.220446049250313e-16,0.4774363545700099,2.220446049250313e-16,2.220446049250313e-16,0.0044972955829918875,0.4774436660356227,2.220446049250313e-16,2.220446049250313e-16,2.220446049250313e-16
137.0,2.220446049250313e-16,2.220446049250313e-16,2.220446049250313e-16,2.220446049250313e-16,0.3769440331039354,2.220446049250313e-16,0.6360996253419168,5.551115123125783e-17,2.220446049250313e-16,0.4774363545700099,2.220446049250313e-16,2.220446049250313e-16,0.0044972955829918875,0.4774436660356227,2.220446049250313e-16,2.220446049250313e-16,2.220446049250313e-16
138.0,2.220446049250313e-16,2.220446049250313e-16,2.220446049250313e-16,2.220446049250313e-16,2.220446049250313e-16,2.220446049250313e-16,0.29901895487440544,0.00043939754306709933,0.4569425968438328,2.220446049250313e-16,2.220446049250313e-16,0.4846751375047081,0.506598758382884,2.220446049250313e-16,2.220446049250313e-16,2.220446049250313e-16,0.3597021192677563
139.0,0.3440570498507471,0.3254573629283827,2.220446049250313e-16,2.220446049250313e-16,2.220446049250313e-16,0.3940527840074313,0.13777543470707412,2.220446049250313e-16,5.551115123125783e-17,0.013690053471006098,0.4042377424693241,2.220446049250313e-16,2.220446049250313e-16,2.220446049250313e-16,0.5057618164482548,2.220446049250313e-16,2.220446049250313e-16
140.0,0.3440570498507471,0.3254573629283827,2.220446049250313e-16,2.220446049250313e-16,2.220446049250313e-16,0.3940527840074313,0.13777543470707412,2.220446049250313e-16,5.551115123125783e-17,0.013690053471006098,0.4042377424693241,2.220446049250313e-16,2.220446049250313e-16,2.220446049250313e-16,0.5057618164482548,2.220446049250313e-16,2.220446049250313e-16
141.0,0.5378336446962564,2.220446049250313e-16,0.3841421830655164,2.220446049250313e-16,5.551115123125783e-17,0.32896651987549547,2.220446049250313e-16,2.220446049250313e-16,2.220446049250313e-16,0.4977297921972557,2.220446049250313e-16,2.220446049250313e-16,2.220446049250313e-16,0.0018784078948773026,0.5057618164482549,2.220446049250313e-16,2.220446049250313e-16
142.0,0.5378336446962564,2.220446049250313e-16,0.3841421830655164,2.220446049250313e-16,5.551115123125783e-17,0.32896651987549547,2.220446049250313e-16,2.220446049250313e-16,2.220446049250313e-16,0.4977297921972557,2.220446049250313e-16,2.220446049250313e-16,2.220446049250313e-16,0.0018784078948773026,0.5057618164482549,2.220446049250313e-16,2.220446049250313e-16
143.0,3.788283786202751e-05,0.6188276743547607,2.220446049250313e-16,2.220446049250313e-16,2.220446049250313e-16,0.017343498809376984,0.6290527606809043,2.220446049250313e-16,1.0408340855860843e-17,2.220446049250313e-16,0.0009551182751213167,2.220446049250313e-16,0.004780089411797809,0.20157426019564773,2.220446049250313e-16,2.220446049250313e-16,2.220446049250313e-16
144.0,2.220446049250313e-16,0.003639622010832591,2.220446049250313e-16,0.2516532351832169,0.37694403310393537,2.220446049250313e-16,0.4846892896829004,2.220446049250313e-16,0.45909573387308855,2.220446049250313e-16,2.220446049250313e-16,0.0033875370346965195,2.220446049250313e-16,0.48364672888266946,2.220446049250313e-16,2.220446049250313e-16,2.220446049250313e-16
145.0,2.220446049250313e-16,0.003639622010832591,2.220446049250313e-16,0.2516532351832169,0.37694403310393537,2.220446049250313e-16,0.4846892896829004,2.220446049250313e-16,0.45909573387308855,2.220446049250313e-16,2.220446049250313e-16,0.0033875370346965195,2.220446049250313e-16,0.48364672888266946,2.220446049250313e-16,2.220446049250313e-16,2.220446049250313e-16
146.0,2.220446049250313e-16,2.220446049250313e-16,2.220446049250313e-16,2.220446049250313e-16,0.3769440331039354,2.220446049250313e-16,0.6360996253419168,5.551115123125783e-17,2.220446049250313e-16,0.4774363545700099,2.220446049250313e-16,2.220446049250313e-16,0.0044972955829918875,0.4774436660356227,2.220446049250313e-16,2.220446049250313e-16,2.220446049250313e-16
147.0,2.220446049250313e-16,2.220446049250313e-16,2.220446049250313e-16,2.220446049250313e-16,0.3769440331039354,2.220446049250313e-16,0.6360996253419168,5.551115123125783e-17,2.220446049250313e-16,0.4774363545700099,2.220446049250313e-16,2.220446049250313e-16,0.0044972955829918875,0.4774436660356227,2.220446049250313e-16,2.220446049250313e-16,2.220446049250313e-16
148.0,2.220446049250313e-16,2.220446049250313e-16,2.220446049250313e-16,2.220446049250313e-16,2.220446049250313e-16,2.220446049250313e-16,0.3056536828602965,0.00043740223464583394,0.4705951174902496,2.220446049250313e-16,2.220446049250313e-16,0.0030321964959976744,0.5063325037830761,0.49367553367694805,2.220446049250313e-16,2.220446049250313e-16,0.3580687085237463
149.0,0.2657406409682437,0.6501162755260985,0.057963326493321296,8.326672684688674e-17,2.220446049250313e-16,2.220446049250313e-16,0.11346472256674217,2.220446049250313e-16,2.220446049250313e-16,2.220446049250313e-16,0.4039583975406463,2.220446049250313e-16,2.220446049250313e-16,2.220446049250313e-16,0.2458618503356938,0.2894033951237546,2.220446049250313e-16
150.0,0.2657406409682437,0.6501162755260985,0.057963326493321296,8.326672684688674e-17,2.220446049250313e-16,2.220446049250313e-16,0.11346472256674217,2.220446049250313e-16,2.220446049250313e-16,2.220446049250313e-16,0.4039583975406463,2.220446049250313e-16,2.220446049250313e-16,2.220446049250313e-16,0.2458618503356938,0.2894033951237546,2.220446049250313e-16
151.0,0.5606706052726101,0.03983219684549502,0.5194746437835832,2.220446049250313e-16,2.220446049250313e-16,0.07284929143020684,2.220446049250313e-16,2.220446049250313e-16,2.220446049250313e-16,0.5052169734376144,2.220446049250313e-16,2.220446049250313e-16,2.220446049250313e-16,0.001730871893051805,0.5057618164482548,0.0442770630813635,2.220446049250313e-16
152.0,0.5606706052726101,0.03983219684549502,0.5194746437835832,2.220446049250313e-16,2.220446049250313e-16,0.07284929143020684,2.220446049250313e-16,2.220446049250313e-16,2.220446049250313e-16,0.5052169734376144,2.220446049250313e-16,2.220446049250313e-16,2.220446049250313e-16,0.001730871893051805,0.5057618164482548,0.0442770630813635,2.220446049250313e-16
153.0,0.5703567496082634,0.07440380430516852,2.220446049250313e-16,0.4874289143661868,2.220446049250313e-16,0.59141211750601,0.001798142011478711,2.220446049250313e-16,1.6653345369377348e-16,0.0031967213231966045,0.40442135385993283,2.220446049250313e-16,2.220446049250313e-16,2.220446049250313e-16,2.220446049250313e-16,2.220446049250313e-16,2.220446049250313e-16
154.0,0.5703567496082634,0.07440380430516852,2.220446049250313e-16,0.4874289143661868,2.220446049250313e-16,0.59141211750601,0.001798142011478711,2.220446049250313e-16,1.6653345369377348e-16,0.0031967213231966045,0.40442135385993283,2.220446049250313e-16,2.220446049250313e-16,2.220446049250313e-16,2.220446049250313e-16,2.220446049250313e-16,2.220446049250313e-16
155.0,0.4596585718587699,2.220446049250313e-16,0.38414218306551773,0.48742891436618674,1.3877787807814457e-16,0.188820449804365,2.220446049250313e-16,5.551115123125783e-17,2.220446049250313e-16,0.4662113928698349,2.220446049250313e-16,2.220446049250313e-16,2.220446049250313e-16,0.276485330407594,2.220446049250313e-16,2.220446049250313e-16,2.220446049250313e-16
156.0,0.4596585718587699,2.220446049250313e-16,0.38414218306551773,0.48742891436618674,1.3877787807814457e-16,0.188820449804365,2.220446049250313e-16,5.551115123125783e-17,2.220446049250313e-16,0.4662113928698349,2.220446049250313e-16,2.220446049250313e-16,2.220446049250313e-16,0.276485330407594,2.220446049250313e-16,2.220446049250313e-16,2.220446049250313e-16
157.0,2.220446049250313e-16,0.7350366882933784,0.04984074857831822,2.0816681711721685e-17,2.220446049250313e-16,0.015170268688000801,0.28601419766410635,2.220446049250313e-16,2.220446049250313e-16,2.220446049250313e-16,0.000835273334065247,2.220446049250313e-16,2.220446049250313e-16,2.220446049250313e-16,0.24586185033569377,0.2851297787396286,2.220446049250313e-16
158.0,0.2656805178518423,0.6508761617626887,0.05893288429863168,2.220446049250313e-16,2.220446049250313e-16,2.220446049250313e-16,0.11340459147612247,2.220446049250313e-16,2.220446049250313e-16,2.220446049250313e-16,0.40395715427031853,2.220446049250313e-16,2.220446049250313e-16,2.220446049250313e-16,0.2598999661125611,0.27423080680112893,2.220446049250313e-16
159.0,0.024223958649334573,2.220446049250313e-16,0.35152860750768405,2.220446049250313e-16,2.220446049250313e-16,0.6003353562511068,0.31164019619301775,2.220446049250313e-16,2.220446049250313e-16,0.2659407025727963,2.220446049250313e-16,2.220446049250313e-16,2.220446049250313e-16,2.220446049250313e-16,2.220446049250313e-16,0.4735809284431275,2.220446049250313e-16
160.0,0.04108309000191274,0.0074598969287335,2.220446049250313e-16,1.1102230246251565e-16,0.3769440331039356,0.3780732413077729,0.31163298280440593,2.220446049250313e-16,2.220446049250313e-16,0.5058680515565458,2.220446049250313e-16,2.220446049250313e-16,2.220446049250313e-16,2.220446049250313e-16,0.5057618164482548,2.220446049250313e-16,2.220446049250313e-16
161.0,2.220446049250313e-16,0.44601156642277023,0.09522259694942992,2.220446049250313e-16,2.220446049250313e-16,0.23578235002002623,0.28919372585820785,2.220446049250313e-16,2.220446049250313e-16,2.220446049250313e-16,0.40434240544446665,2.220446049250313e-16,2.220446049250313e-16,2.220446049250313e-16,0.5057618164482547,0.04211934614352214,2.220446049250313e-16
162.0,2.220446049250313e-16,2.220446049250313e-16,2.220446049250313e-16,0.2516532351832167,2.220446049250313e-16,0.252286374211725,2.220446049250313e-16,0.00043740223464576146,0.4705951174902501,2.220446049250313e-16,2.220446049250313e-16,0.0030321964959978253,0.48857426481844796,0.2739858478423879,0.25989996611256105,2.220446049250313e-16,0.3580687085237465
163.0,0.25748011389193565,0.7332211644644554,0.06747185612200009,2.220446049250313e-16,2.220446049250313e-16,2.220446049250313e-16,0.44107921011306767,2.220446049250313e-16,6.938893903907228e-18,2.220446049250313e-16,0.000616267273705414,2.220446049250313e-16,0.012323552020553779,2.220446049250313e-16,2.220446049250313e-16,0.03172188532863217,2.220446049250313e-16
164.0,2.220446049250313e-16,2.220446049250313e-16,2.220446049250313e-16,2.220446049250313e-16,2.220446049250313e-16,2.220446049250313e-16,2.220446049250313e-16,0.48438150345185316,0.45687838121175584,2.220446049250313e-16,2.220446049250313e-16,0.48467712182126416,2.220446049250313e-16,2.220446049250313e-16,2.220446049250313e-16,0.4902572696747723,0.356309549019234
165.0,2.220446049250313e-16,2.220446049250313e-16,2.220446049250313e-16,2.220446049250313e-16,2.220446049250313e-16,2.220446049250313e-16,2.220446049250313e-16,0.48438150345185316,0.45687838121175584,2.220446049250313e-16,2.220446049250313e-16,0.48467712182126416,2.220446049250313e-16,2.220446049250313e-16,2.220446049250313e-16,0.4902572696747723,0.356309549019234
166.0,2.220446049250313e-16,2.220446049250313e-16,2.220446049250313e-16,0.23577567918296963,0.3769440331039354,2.220446049250313e-16,0.1403325719013216,2.220446049250313e-16,0.2446586364281878,0.2244235473464364,2.220446049250313e-16,2.220446049250313e-16,0.5129669138646528,0.510200058827105,2.220446049250313e-16,2.220446049250313e-16,2.220446049250313e-16
167.0,2.220446049250313e-16,2.220446049250313e-16,2.220446049250313e-16,2.220446049250313e-16,2.220446049250313e-16,2.220446049250313e-16,2.220446049250313e-16,0.48438150345185316,0.45687838121175584,2.220446049250313e-16,2.220446049250313e-16,0.48467712182126416,2.220446049250313e-16,2.220446049250313e-16,2.220446049250313e-16,0.4902572696747723,0.356309549019234
168.0,2.220446049250313e-16,2.220446049250313e-16,2.220446049250313e-16,2.220446049250313e-16,2.220446049250313e-16,2.220446049250313e-16,2.220446049250313e-16,0.48438150345185316,0.45687838121175584,2.220446049250313e-16,2.220446049250313e-16,0.48467712182126416,2.220446049250313e-16,2.220446049250313e-16,2.220446049250313e-16,0.4902572696747723,0.356309549019234
169.0,2.220446049250313e-16,2.220446049250313e-16,2.220446049250313e-16,0.23577567918296963,0.3769440331039354,2.220446049250313e-16,0.1403325719013216,2.220446049250313e-16,0.2446586364281878,0.2244235473464364,2.220446049250313e-16,2.220446049250313e-16,0.5129669138646528,0.510200058827105,2.220446049250313e-16,2.220446049250313e-16,2.220446049250313e-16
170.0,0.26668757586448255,0.6381481202196102,0.04269285858140873,1.1102230246251565e-16,2.220446049250313e-16,2.220446049250313e-16,0.11441178305635515,2.220446049250313e-16,9.238975204911664e-21,2.220446049250313e-16,0.40397797896172327,2.220446049250313e-16,2.220446049250313e-16,2.220446049250313e-16,2.220446049250313e-16,0.5283706045591718,2.220446049250313e-16
171.0,0.26668757586448255,0.6381481202196102,0.04269285858140873,1.1102230246251565e-16,2.220446049250313e-16,2.220446049250313e-16,0.11441178305635515,2.220446049250313e-16,9.238975204911664e-21,2.220446049250313e-16,0.40397797896172327,2.220446049250313e-16,2.220446049250313e-16,2.220446049250313e-16,2.220446049250313e-16,0.5283706045591718,2.220446049250313e-16
172.0,0.5616466969084327,0.02720094124486494,0.5032253605588545,2.220446049250313e-16,2.220446049250313e-16,0.07313967756784985,2.220446049250313e-16,2.220446049250313e-16,2.220446049250313e-16,0.5051890629598512,2.220446049250313e-16,2.220446049250313e-16,2.220446049250313e-16,0.0017314218730996248,0.2458618503356938,0.2984119900907148,2.220446049250313e-16
173.0,0.5616466969084327,0.02720094124486494,0.5032253605588545,2.220446049250313e-16,2.220446049250313e-16,0.07313967756784985,2.220446049250313e-16,2.220446049250313e-16,2.220446049250313e-16,0.5051890629598512,2.220446049250313e-16,2.220446049250313e-16,2.220446049250313e-16,0.0017314218730996248,0.2458618503356938,0.2984119900907148,2.220446049250313e-16
174.0,0.46645604564377513,0.38190797329546433,2.220446049250313e-16,5.551115123125783e-17,2.220446049250313e-16,0.442322481761245,0.31225030016499666,2.220446049250313e-16,4.336808689942018e-19,2.220446049250313e-16,0.0008512422317497617,2.220446049250313e-16,0.017493513763492726,2.220446049250313e-16,2.220446049250313e-16,2.220446049250313e-16,2.220446049250313e-16
175.0,1.966868701130677e-18,2.220446049250313e-16,2.220446049250313e-16,0.48742891436618657,2.220446049250313e-16,2.220446049250313e-16,2.220446049250313e-16,0.48438150345185355,0.45687838121175556,7.928949474971164e-18,3.1216404704274903e-15,0.484677121821264,2.7755575615628914e-17,7.375824256121544e-16,3.944304526105059e-31,2.220446049250313e-16,0.3563095490192344
176.0,1.966868701130677e-18,2.220446049250313e-16,2.220446049250313e-16,0.48742891436618657,2.220446049250313e-16,2.220446049250313e-16,2.220446049250313e-16,0.48438150345185355,0.45687838121175556,7.928949474971164e-18,3.1216404704274903e-15,0.484677121821264,2.7755575615628914e-17,7.375824256121544e-16,3.944304526105059e-31,2.220446049250313e-16,0.3563095490192344
177.0,1.966868701130677e-18,2.220446049250313e-16,2.220446049250313e-16,0.48742891436618657,2.220446049250313e-16,2.220446049250313e-16,2.220446049250313e-16,0.48438150345185355,0.45687838121175556,7.928949474971164e-18,3.1216404704274903e-15,0.484677121821264,2.7755575615628914e-17,7.375824256121544e-16,3.944304526105059e-31,2.220446049250313e-16,0.3563095490192344
178.0,1.966868701130677e-18,2.220446049250313e-16,2.220446049250313e-16,0.48742891436618657,2.220446049250313e-16,2.220446049250313e-16,2.220446049250313e-16,0.48438150345185355,0.45687838121175556,7.928949474971164e-18,3.1216404704274903e-15,0.484677121821264,2.7755575615628914e-17,7.375824256121544e-16,3.944304526105059e-31,2.220446049250313e-16,0.3563095490192344
179.0,1.966868701130677e-18,2.220446049250313e-16,2.220446049250313e-16,0.48742891436618657,2.220446049250313e-16,2.220446049250313e-16,2.220446049250313e-16,0.48438150345185355,0.45687838121175556,7.928949474971164e-18,3.1216404704274903e-15,0.484677121821264,2.7755575615628914e-17,7.375824256121544e-16,3.944304526105059e-31,2.220446049250313e-16,0.3563095490192344
180.0,1.966868701130677e-18,2.220446049250313e-16,2.220446049250313e-16,0.48742891436618657,2.220446049250313e-16,2.220446049250313e-16,2.220446049250313e-16,0.48438150345185355,0.45687838121175556,7.928949474971164e-18,3.1216404704274903e-15,0.484677121821264,2.7755575615628914e-17,7.375824256121544e-16,3.944304526105059e-31,2.220446049250313e-16,0.3563095490192344
181.0,0.5703567496082638,0.07440380430516852,2.220446049250313e-16,0.4874289143661864,2.220446049250313e-16,0.59141211750601,0.00179814201147877,2.220446049250313e-16,1.6653345369377348e-16,0.003196721323196875,0.40442135385993283,2.220446049250313e-16,2.220446049250313e-16,2.220446049250313e-16,2.220446049250313e-16,2.220446049250313e-16,2.220446049250313e-16
182.0,0.5703567496082638,0.07440380430516852,2.220446049250313e-16,0.4874289143661864,2.220446049250313e-16,0.59141211750601,0.00179814201147877,2.220446049250313e-16,1.6653345369377348e-16,0.003196721323196875,0.40442135385993283,2.220446049250313e-16,2.220446049250313e-16,2.220446049250313e-16,2.220446049250313e-16,2.220446049250313e-16,2.220446049250313e-16
183.0,0.5378336446962565,2.220446049250313e-16,0.38414218306551673,0.48742891436618646,2.220446049250313e-16,0.32896651987549586,2.220446049250313e-16,2.220446049250313e-16,2.220446049250313e-16,0.4977297921972557,2.220446049250313e-16,2.220446049250313e-16,2.220446049250313e-16,0.0018784078948717437,2.220446049250313e-16,2.220446049250313e-16,2.220446049250313e-16
184.0,0.5378336446962565,2.220446049250313e-16,0.38414218306551673,0.48742891436618646,2.220446049250313e-16,0.32896651987549586,2.220446049250313e-16,2.220446049250313e-16,2.220446049250313e-16,0.4977297921972557,2.220446049250313e-16,2.220446049250313e-16,2.220446049250313e-16,0.0018784078948717437,2.220446049250313e-16,2.220446049250313e-16,2.220446049250313e-16
185.0,0.26668757586448255,0.6381481202196102,0.04269285858140873,1.1102230246251565e-16,2.220446049250313e-16,2.220446049250313e-16,0.11441178305635515,2.220446049250313e-16,9.238975204911664e-21,2.220446049250313e-16,0.40397797896172327,2.220446049250313e-16,2.220446049250313e-16,2.220446049250313e-16,2.220446049250313e-16,0.5283706045591718,2.220446049250313e-16
186.0,0.26668757586448255,0.6381481202196102,0.04269285858140873,1.1102230246251565e-16,2.220446049250313e-16,2.220446049250313e-16,0.11441178305635515,2.220446049250313e-16,9.238975204911664e-21,2.220446049250313e-16,0.40397797896172327,2.220446049250313e-16,2.220446049250313e-16,2.220446049250313e-16,2.220446049250313e-16,0.5283706045591718,2.220446049250313e-16
187.0,0.5616466969084327,0.02720094124486494,0.5032253605588545,2.220446049250313e-16,2.220446049250313e-16,0.07313967756784985,2.220446049250313e-16,2.220446049250313e-16,2.220446049250313e-16,0.5051890629598512,2.220446049250313e-16,2.220446049250313e-16,2.220446049250313e-16,0.0017314218730996248,0.2458618503356938,0.2984119900907148,2.220446049250313e-16
188.0,0.5616466969084327,0.02720094124486494,0.5032253605588545,2.220446049250313e-16,2.220446049250313e-16,0.07313967756784985,2.220446049250313e-16,2.220446049250313e-16,2.220446049250313e-16,0.5051890629598512,2.220446049250313e-16,2.220446049250313e-16,2.220446049250313e-16,0.0017314218730996248,0.2458618503356938,0.2984119900907148,2.220446049250313e-16
189.0,2.220446049250313e-16,0.42109183099301356,2.220446049250313e-16,2.220446049250313e-16,2.220446049250313e-16,0.235263095987159,0.6441765031833956,2.220446049250313e-16,3.469446951953614e-17,2.220446049250313e-16,0.0011732265944766219,2.220446049250313e-16,0.004173166864836412,0.20072709317670526,2.220446049250313e-16,2.220446049250313e-16,2.220446049250313e-16
190.0,2.220446049250313e-16,2.220446049250313e-16,2.220446049250313e-16,2.220446049250313e-16,0.3769440331039355,2.220446049250313e-16,0.628803178003216,2.220446049250313e-16,0.44555159542715217,2.220446049250313e-16,2.220446049250313e-16,0.48502712894307404,0.004790105276217205,2.220446049250313e-16,2.220446049250313e-16,2.220446049250313e-16,2.220446049250313e-16
191.0,2.220446049250313e-16,2.220446049250313e-16,2.220446049250313e-16,2.220446049250313e-16,0.3769440331039355,2.220446049250313e-16,0.628803178003216,2.220446049250313e-16,0.44555159542715217,2.220446049250313e-16,2.220446049250313e-16,0.48502712894307404,0.004790105276217205,2.220446049250313e-16,2.220446049250313e-16,2.220446049250313e-16,2.220446049250313e-16
192.0,2.220446049250313e-16,2.220446049250313e-16,2.220446049250313e-16,2.220446049250313e-16,0.3769440331039354,2.220446049250313e-16,0.6360996253419168,5.551115123125783e-17,2.220446049250313e-16,0.4774363545700099,2.220446049250313e-16,2.220446049250313e-16,0.0044972955829918875,0.4774436660356227,2.220446049250313e-16,2.220446049250313e-16,2.220446049250313e-16
193.0,2.220446049250313e-16,2.220446049250313e-16,2.220446049250313e-16,2.220446049250313e-16,0.3769440331039354,2.220446049250313e-16,0.6360996253419168,5.551115123125783e-17,2.220446049250313e-16,0.4774363545700099,2.220446049250313e-16,2.220446049250313e-16,0.0044972955829918875,0.4774436660356227,2.220446049250313e-16,2.220446049250313e-16,2.220446049250313e-16
194.0,2.220446049250313e-16,2.220446049250313e-16,2.220446049250313e-16,2.220446049250313e-16,2.220446049250313e-16,2.220446049250313e-16,0.29901895487440544,0.00043939754306709933,0.4569425968438328,2.220446049250313e-16,2.220446049250313e-16,0.4846751375047081,0.506598758382884,2.220446049250313e-16,2.220446049250313e-16,2.220446049250313e-16,0.3597021192677563
195.0,0.46645604564377513,0.38190797329546433,2.220446049250313e-16,5.551115123125783e-17,2.220446049250313e-16,0.4423224817612451,0.3122503001649967,2.220446049250313e-16,4.336808689942018e-19,2.220446049250313e-16,0.0008512422317497638,2.220446049250313e-16,0.017493513763492705,2.220446049250313e-16,2.220446049250313e-16,2.220446049250313e-16,2.220446049250313e-16
196.0,1.966868701130677e-18,2.220446049250313e-16,2.220446049250313e-16,0.48742891436618657,2.220446049250313e-16,2.220446049250313e-16,2.220446049250313e-16,0.48438150345185355,0.45687838121175556,7.928949474971164e-18,3.1216404704274903e-15,0.484677121821264,2.7755575615628914e-17,7.375824256121544e-16,3.944304526105059e-31,2.220446049250313e-16,0.3563095490192344
197.0,1.966868701130677e-18,2.220446049250313e-16,2.220446049250313e-16,0.48742891436618657,2.220446049250313e-16,2.220446049250313e-16,2.220446049250313e-16,0.48438150345185355,0.45687838121175556,7.928949474971164e-18,3.1216404704274903e-15,0.484677121821264,2.7755575615628914e-17,7.375824256121544e-16,3.944304526105059e-31,2.220446049250313e-16,0.3563095490192344
198.0,1.966868701130677e-18,2.220446049250313e-16,2.220446049250313e-16,0.48742891436618657,2.220446049250313e-16,2.220446049250313e-16,2.220446049250313e-16,0.48438150345185355,0.45687838121175556,7.928949474971164e-18,3.1216404704274903e-15,0.484677121821264,2.7755575615628914e-17,7.375824256121544e-16,3.944304526105059e-31,2.220446049250313e-16,0.3563095490192344
199.0,1.966868701130677e-18,2.220446049250313e-16,2.220446049250313e-16,0.48742891436618657,2.220446049250313e-16,2.220446049250313e-16,2.220446049250313e-16,0.48438150345185355,0.45687838121175556,7.928949474971164e-18,3.1216404704274903e-15,0.484677121821264,2.7755575615628914e-17,7.375824256121544e-16,3.944304526105059e-31,2.220446049250313e-16,0.3563095490192344
200.0,1.966868701130677e-18,2.220446049250313e-16,2.220446049250313e-16,0.48742891436618657,2.220446049250313e-16,2.220446049250313e-16,2.220446049250313e-16,0.48438150345185355,0.45687838121175556,7.928949474971164e-18,3.1216404704274903e-15,0.484677121821264,2.7755575615628914e-17,7.375824256121544e-16,3.944304526105059e-31,2.220446049250313e-16,0.3563095490192344
201.0,1.966868701130677e-18,2.220446049250313e-16,2.220446049250313e-16,0.48742891436618657,2.220446049250313e-16,2.220446049250313e-16,2.220446049250313e-16,0.48438150345185355,0.45687838121175556,7.928949474971164e-18,3.1216404704274903e-15,0.484677121821264,2.7755575615628914e-17,7.375824256121544e-16,3.944304526105059e-31,2.220446049250313e-16,0.3563095490192344
202.0,3.788283786203394e-05,0.6188276743547607,2.220446049250313e-16,2.220446049250313e-16,2.220446049250313e-16,0.017343498809377144,0.6290527606809043,2.220446049250313e-16,2.220446049250313e-16,2.220446049250313e-16,0.0009551182751212191,2.220446049250313e-16,0.004780089411797701,0.2015742601956477,2.220446049250313e-16,2.220446049250313e-16,2.220446049250313e-16
203.0,2.220446049250313e-16,2.220446049250313e-16,0.3841421830655167,2.220446049250313e-16,2.220446049250313e-16,2.220446049250313e-16,0.6360996253419168,5.551115123125783e-17,2.220446049250313e-16,0.47743635457000977,2.220446049250313e-16,2.220446049250313e-16,0.004497295582991769,0.47744366603562277,2.220446049250313e-16,2.220446049250313e-16,5.438535927413722e-20
204.0,2.220446049250313e-16,0.003639622010832591,2.220446049250313e-16,0.2516532351832169,0.37694403310393537,2.220446049250313e-16,0.4846892896829004,2.220446049250313e-16,0.45909573387308855,2.220446049250313e-16,2.220446049250313e-16,0.0033875370346965195,2.220446049250313e-16,0.48364672888266946,2.220446049250313e-16,2.220446049250313e-16,2.220446049250313e-16
205.0,2.220446049250313e-16,2.220446049250313e-16,0.3841421830655167,2.220446049250313e-16,2.220446049250313e-16,2.220446049250313e-16,0.6360996253419168,5.551115123125783e-17,2.220446049250313e-16,0.47743635457000977,2.220446049250313e-16,2.220446049250313e-16,0.004497295582991769,0.47744366603562277,2.220446049250313e-16,2.220446049250313e-16,5.438535927413722e-20
206.0,2.220446049250313e-16,2.220446049250313e-16,2.220446049250313e-16,2.220446049250313e-16,0.3769440331039354,2.220446049250313e-16,0.6360996253419168,5.551115123125783e-17,2.220446049250313e-16,0.4774363545700099,2.220446049250313e-16,2.220446049250313e-16,0.0044972955829918875,0.4774436660356227,2.220446049250313e-16,2.220446049250313e-16,2.220446049250313e-16
207.0,2.220446049250313e-16,2.220446049250313e-16,2.220446049250313e-16,2.220446049250313e-16,0.3769440331039354,2.220446049250313e-16,0.6360996253419168,5.551115123125783e-17,2.220446049250313e-16,0.4774363545700099,2.220446049250313e-16,2.220446049250313e-16,0.0044972955829918875,0.4774436660356227,2.220446049250313e-16,2.220446049250313e-16,2.220446049250313e-16
208.0,0.09004432738576766,0.18387887127645802,2.220446049250313e-16,1.1102230246251565e-16,2.220446049250313e-16,0.3819947291083789,0.6622968205156253,2.220446049250313e-16,2.220446049250313e-16,0.015486594414629466,0.001428460848053048,3.944304526105059e-31,0.003445990430484255,0.19940690531300795,2.220446049250313e-16,2.220446049250313e-16,2.220446049250313e-16
209.0,2.220446049250313e-16,2.220446049250313e-16,2.220446049250313e-16,2.220446049250313e-16,0.3769440331039355,2.220446049250313e-16,0.628803178003216,2.220446049250313e-16,0.44555159542715217,2.220446049250313e-16,2.220446049250313e-16,0.48502712894307404,0.004790105276217205,2.220446049250313e-16,2.220446049250313e-16,2.220446049250313e-16,2.220446049250313e-16
210.0,2.220446049250313e-16,2.220446049250313e-16,2.220446049250313e-16,2.220446049250313e-16,0.3769440331039355,2.220446049250313e-16,0.628803178003216,2.220446049250313e-16,0.44555159542715217,2.220446049250313e-16,2.220446049250313e-16,0.48502712894307404,0.004790105276217205,2.220446049250313e-16,2.220446049250313e-16,2.220446049250313e-16,2.220446049250313e-16
211.0,2.220446049250313e-16,2.220446049250313e-16,2.220446049250313e-16,2.220446049250313e-16,0.3769440331039354,2.220446049250313e-16,0.6360996253419168,5.551115123125783e-17,2.220446049250313e-16,0.4774363545700099,2.220446049250313e-16,2.220446049250313e-16,0.0044972955829918875,0.4774436660356227,2.220446049250313e-16,2.220446049250313e-16,2.220446049250313e-16
212.0,2.220446049250313e-16,2.220446049250313e-16,2.220446049250313e-16,2.220446049250313e-16,0.3769440331039354,2.220446049250313e-16,0.6360996253419168,5.551115123125783e-17,2.220446049250313e-16,0.4774363545700099,2.220446049250313e-16,2.220446049250313e-16,0.0044972955829918875,0.4774436660356227,2.220446049250313e-16,2.220446049250313e-16,2.220446049250313e-16
213.0,2.220446049250313e-16,2.220446049250313e-16,2.220446049250313e-16,2.220446049250313e-16,2.220446049250313e-16,2.220446049250313e-16,0.29901895487440544,0.00043939754306709933,0.4569425968438328,2.220446049250313e-16,2.220446049250313e-16,0.48467513750470803,0.506598758382884,2.220446049250313e-16,2.220446049250313e-16,2.220446049250313e-16,0.3597021192677563
214.0,0.5959788880357341,0.07796698173782596,2.220446049250313e-16,0.4874289143661863,2.220446049250313e-16,0.3362040347458672,0.01929454932337294,8.326672684688674e-17,2.220446049250313e-16,0.006465661837576601,0.40452935610383167,2.220446049250313e-16,2.220446049250313e-16,0.23560288626362066,2.220446049250313e-16,2.220446049250313e-16,2.220446049250313e-16
215.0,0.5959788880357341,0.07796698173782596,2.220446049250313e-16,0.4874289143661863,2.220446049250313e-16,0.3362040347458672,0.01929454932337294,8.326672684688674e-17,2.220446049250313e-16,0.006465661837576601,0.40452935610383167,2.220446049250313e-16,2.220446049250313e-16,0.23560288626362066,2.220446049250313e-16,2.220446049250313e-16,2.220446049250313e-16
216.0,0.47890169953854966,2.220446049250313e-16,0.3841421830655168,0.4874289143661864,2.220446049250313e-16,2.220446049250313e-16,0.0038522842305775606,1.1102230246251565e-16,2.220446049250313e-16,0.4675322154363074,2.220446049250313e-16,2.220446049250313e-16,2.220446049250313e-16,0.5130546057665383,2.220446049250313e-16,2.220446049250313e-16,2.220446049250313e-16
217.0,0.47890169953854966,2.220446049250313e-16,0.3841421830655168,0.4874289143661864,2.220446049250313e-16,2.220446049250313e-16,0.0038522842305775606,1.1102230246251565e-16,2.220446049250313e-16,0.4675322154363074,2.220446049250313e-16,2.220446049250313e-16,2.220446049250313e-16,0.5130546057665383,2.220446049250313e-16,2.220446049250313e-16,2.220446049250313e-16
218.0,0.24729178592733952,0.5631374130684874,2.220446049250313e-16,2.220446049250313e-16,2.220446049250313e-16,0.24793206372810453,0.11972138698097952,2.220446049250313e-16,2.220446049250313e-16,2.220446049250313e-16,0.40398645252768534,2.220446049250313e-16,2.220446049250313e-16,2.220446049250313e-16,0.5057618164482548,2.220446049250313e-16,2.220446049250313e-16
219.0,0.24729178592733952,0.5631374130684874,2.220446049250313e-16,2.220446049250313e-16,2.220446049250313e-16,0.24793206372810453,0.11972138698097952,2.220446049250313e-16,2.220446049250313e-16,2.220446049250313e-16,0.40398645252768534,2.220446049250313e-16,2.220446049250313e-16,2.220446049250313e-16,0.5057618164482548,2.220446049250313e-16,2.220446049250313e-16
220.0,0.5606706052726103,0.03983219684549483,0.5194746437835832,2.220446049250313e-16,2.220446049250313e-16,0.07284929143020688,2.220446049250313e-16,2.220446049250313e-16,2.220446049250313e-16,0.5052169734376144,2.220446049250313e-16,2.220446049250313e-16,2.220446049250313e-16,0.0017308718930517978,0.5057618164482548,0.04427706308136333,2.220446049250313e-16
221.0,0.5606706052726103,0.03983219684549483,0.5194746437835832,2.220446049250313e-16,2.220446049250313e-16,0.07284929143020688,2.220446049250313e-16,2.220446049250313e-16,2.220446049250313e-16,0.5052169734376144,2.220446049250313e-16,2.220446049250313e-16,2.220446049250313e-16,0.0017308718930517978,0.5057618164482548,0.04427706308136333,2.220446049250313e-16
