id,x_0,x_1,x_2,x_3,x_4,x_5,x_6,x_7,x_8,x_9,x_10,x_11,x_12,x_13,x_14,x_15,x_16
0.0,2.220446049250313e-16,0.5172112396485871,0.557003396107125,0.00040019945499681985,2.220446049250313e-16,2.220446049250313e-16,2.220446049250313e-16,0.09925871188471219,2.220446049250313e-16,0.01321177174829226,2.220446049250313e-16,0.3932049712934673,2.220446049250313e-16,2.220446049250313e-16,2.220446049250313e-16,0.0003740823881145057,0.6417656986679092
1.0,0.001290868994663765,0.040636825542543664,0.11017156705271536,2.220446049250313e-16,2.220446049250313e-16,2.220446049250313e-16,0.5118761364457678,0.04902002853832606,2.220446049250313e-16,2.220446049250313e-16,0.39315150472012594,2.220446049250313e-16,0.016623500302046807,0.00199866501862469,0.5498312619670411,2.220446049250313e-16,0.5739631685026081
2.0,2.220446049250313e-16,0.4712060306510607,2.220446049250313e-16,0.0005423862807751867,0.0024755714276334037,2.220446049250313e-16,0.161717045807055,0.6881058459927646,2.220446049250313e-16,0.26382076350124545,2.220446049250313e-16,2.220446049250313e-16,0.004068015173297657,0.40635044073442467,2.220446049250313e-16,7.606443988054461e-05,0.14636330076403575
3.0,2.220446049250313e-16,2.220446049250313e-16,2.220446049250313e-16,0.12177477608218036,2.220446049250313e-16,2.220446049250313e-16,0.30934960736244077,0.26934179973494704,0.01326734316564604,2.220446049250313e-16,2.220446049250313e-16,0.3932049712934673,0.41287890305753006,2.220446049250313e-16,0.3622206772423654,0.0017276725376889378,0.26387763523511193
4.0,2.220446049250313e-16,0.5070182338832817,0.07174545320597947,0.0004816694896597741,0.3929027617370085,2.220446049250313e-16,0.3296276047784671,0.045584022545132545,2.220446049250313e-16,2.220446049250313e-16,2.220446049250313e-16,0.3932049712934674,2.220446049250313e-16,2.220446049250313e-16,2.220446049250313e-16,2.220446049250313e-16,0.7413598261629968
5.0,2.220446049250313e-16,0.548349596111109,2.220446049250313e-16,0.00013535471281056477,0.007475725098674868,2.220446049250313e-16,0.16356504858387375,0.5186867176925711,2.220446049250313e-16,2.220446049250313e-16,2.220446049250313e-16,0.3932049712934676,0.0267322143410424,0.4063867539395476,0.003960774399339193,2.220446049250313e-16,0.32197801496417794
6.0,0.5558540863806201,0.573695874853888,2.220446049250313e-16,2.220446049250313e-16,0.012355403623180314,2.220446049250313e-16,0.16615215673457828,0.3813480343450079,2.220446049250313e-16,0.007244922862924712,2.220446049250313e-16,0.39320497129346726,0.026540938212312227,0.40643759054549006,0.0023301782203963895,2.220446049250313e-16,0.02569957364404834
7.0,2.220446049250313e-16,0.5172112396485871,0.557003396107125,0.00040019945499681985,2.220446049250313e-16,2.220446049250313e-16,2.220446049250313e-16,0.09925871188471219,2.220446049250313e-16,0.01321177174829226,2.220446049250313e-16,0.3932049712934673,2.220446049250313e-16,2.220446049250313e-16,2.220446049250313e-16,0.0003740823881145057,0.6417656986679092
8.0,0.5582043432359981,0.05104403074396746,0.14751236199214757,2.220446049250313e-16,2.220446049250313e-16,2.0816681711721685e-17,0.5127810242921128,2.220446049250313e-16,0.0028824196891892233,2.220446049250313e-16,2.220446049250313e-16,2.220446049250313e-16,0.01677139042938477,0.002016446040593992,0.5470692518616401,2.220446049250313e-16,0.4524761972152853
9.0,0.28856962176008116,0.05752239119227798,0.45039623098758186,2.220446049250313e-16,2.220446049250313e-16,2.220446049250313e-16,0.178432897065662,2.220446049250313e-16,2.220446049250313e-16,2.220446049250313e-16,0.3931515047201261,2.220446049250313e-16,0.029162137578594417,0.003506201653539534,0.5495150643560733,0.0015470758971274962,0.39662845657859114
10.0,2.220446049250313e-16,0.0200621141901394,0.06243295529830151,2.220446049250313e-16,0.39299278289360157,2.7755575615628914e-17,0.33280569432366175,0.04007246568269313,2.220446049250313e-16,2.220446049250313e-16,2.220446049250313e-16,0.3932049712934674,2.220446049250313e-16,2.220446049250313e-16,0.37047471676932114,2.220446049250313e-16,0.7856345092787814
11.0,0.28859911434616303,0.029224683630945103,0.09910181104404892,2.220446049250313e-16,0.39449007103251216,2.220446049250313e-16,0.33354690982770896,2.220446049250313e-16,0.0006352430013920397,2.220446049250313e-16,2.220446049250313e-16,2.220446049250313e-16,2.220446049250313e-16,2.220446049250313e-16,0.5469800486648068,2.220446049250313e-16,0.6601693297480222
12.0,2.220446049250313e-16,0.5110589741043704,0.2521679350463054,0.00044816416343847096,2.220446049250313e-16,2.220446049250313e-16,0.3280564561769773,0.1231105352886951,2.220446049250313e-16,2.220446049250313e-16,2.220446049250313e-16,0.3932049712934675,2.220446049250313e-16,2.220446049250313e-16,0.0003618336044919894,2.220446049250313e-16,0.6935316683112969
13.0,2.220446049250313e-16,0.5070182338832817,0.07174545320597947,0.0004816694896597741,0.3929027617370085,2.220446049250313e-16,0.3296276047784671,0.045584022545132545,2.220446049250313e-16,2.220446049250313e-16,2.220446049250313e-16,0.3932049712934674,2.220446049250313e-16,2.220446049250313e-16,2.220446049250313e-16,2.220446049250313e-16,0.7413598261629968
14.0,2.220446049250313e-16,0.5087869971870214,0.07100733761872369,0.0004691987769977246,0.39273880457539057,2.220446049250313e-16,2.220446049250313e-16,0.05085520805023442,2.220446049250313e-16,2.220446049250313e-16,2.220446049250313e-16,0.39320497129346743,2.220446049250313e-16,0.4030334531049651,2.220446049250313e-16,2.220446049250313e-16,0.740347373882389
15.0,2.220446049250313e-16,0.07827497739654897,2.220446049250313e-16,2.220446049250313e-16,0.008235438317612753,2.220446049250313e-16,0.1667999669970822,0.5037565618495408,2.220446049250313e-16,2.220446049250313e-16,0.39315150472012605,0.39320497129346726,0.02726091245317851,0.4064503199998199,0.37647217674464367,2.220446049250313e-16,0.16808201327203412
16.0,2.220446049250313e-16,0.4836742284693678,2.220446049250313e-16,0.0006462570199912004,0.003504355571455023,2.220446049250313e-16,0.1610907084486784,0.6641736209740742,2.220446049250313e-16,2.220446049250313e-16,0.39315150472012556,0.3932049712934676,0.026327821156683074,0.4063381332220894,2.220446049250313e-16,0.0006632837920252482,2.220446049250313e-16
17.0,2.220446049250313e-16,0.5131387039037492,0.37435763634851527,0.00041477462146707444,0.3937558121799177,2.220446049250313e-16,2.220446049250313e-16,0.021547068318360812,2.220446049250313e-16,0.032661289834090355,2.220446049250313e-16,0.3932049712934673,2.220446049250313e-16,2.220446049250313e-16,2.220446049250313e-16,0.0020353802016234743,0.6900301285895237
18.0,2.220446049250313e-16,0.28795317023555567,2.220446049250313e-16,2.220446049250313e-16,2.220446049250313e-16,2.220446049250313e-16,0.49429505646634186,0.3281120313645549,2.220446049250313e-16,2.220446049250313e-16,2.220446049250313e-16,0.39320497129346743,0.24378128603271504,0.0016531972673967984,0.19012665257851427,2.220446049250313e-16,0.37970179379226177
19.0,2.220446049250313e-16,0.5721466396045609,2.220446049250313e-16,0.000746984588263,0.013143709207454885,2.220446049250313e-16,0.5024696956104934,0.35643054496571225,0.36639257781704065,2.220446049250313e-16,2.220446049250313e-16,0.3932049712934672,0.015086160908503114,0.0018138287078758911,0.006877890360111241,2.220446049250313e-16,0.023445948848462253
20.0,2.220446049250313e-16,0.5253625637299745,2.220446049250313e-16,0.00033135507382231477,0.014609791072596297,2.220446049250313e-16,0.504335278072584,0.276932992554572,2.220446049250313e-16,2.220446049250313e-16,2.220446049250313e-16,0.39320497129346743,0.015391061929101906,0.0018504873533398336,0.0015132171891537064,2.220446049250313e-16,0.5730693052840446
21.0,2.220446049250313e-16,0.4759689308405299,0.045941172107762385,0.12822815046473046,2.220446049250313e-16,2.220446049250313e-16,0.3097322861867371,0.0995850699452718,0.4089309417495229,2.220446049250313e-16,2.220446049250313e-16,0.3932049712934674,0.41294144607905714,2.220446049250313e-16,2.220446049250313e-16,2.220446049250313e-16,2.220446049250313e-16
22.0,2.220446049250313e-16,0.5552475019806293,2.220446049250313e-16,2.220446049250313e-16,0.012171682368834424,6.106226635438361e-16,0.5021991214488498,0.3754453425018586,0.1726329440721355,2.220446049250313e-16,2.220446049250313e-16,0.3932049712934673,0.015041939685528897,0.0018085119328343623,0.0049545098727664235,2.220446049250313e-16,0.22181746651672601
23.0,0.28853196879842624,0.08370094612150192,2.220446049250313e-16,2.220446049250313e-16,0.012627188854673427,5.551115123125783e-17,0.5052508479636394,0.3702384809031869,2.220446049250313e-16,2.220446049250313e-16,0.3931515047201254,2.220446049250313e-16,0.015540697873845488,0.0018684782772038606,0.5527514997216314,2.220446049250313e-16,0.06699308483797492
24.0,2.220446049250313e-16,0.5346917582315005,0.607835492193319,0.0002501983399546907,2.220446049250313e-16,2.220446049250313e-16,2.220446049250313e-16,0.08602279027025424,2.220446049250313e-16,0.008447220526257876,0.39315150472012617,0.3932049712934672,2.220446049250313e-16,2.220446049250313e-16,0.0021797913872523577,1.0748380443144654e-05,0.43667098974186846
25.0,0.5581604952455465,0.08551286532337488,2.220446049250313e-16,2.220446049250313e-16,0.012464087276544106,2.220446049250313e-16,0.16929275839213725,0.3754888911173478,2.220446049250313e-16,2.220446049250313e-16,2.220446049250313e-16,2.220446049250313e-16,0.02766832121475066,0.4064993032840404,0.550838176821842,2.220446049250313e-16,0.06587347817826951
26.0,0.561920940072609,0.5432808956906865,0.651773159372333,2.220446049250313e-16,2.220446049250313e-16,2.220446049250313e-16,2.220446049250313e-16,2.220446049250313e-16,2.220446049250313e-16,0.004263658693183937,8.326672684688674e-17,2.220446049250313e-16,2.220446049250313e-16,2.220446049250313e-16,0.17701991990625207,2.220446049250313e-16,0.3184894568868697
27.0,0.558204464656242,0.052760803170334825,0.14755261424133637,2.220446049250313e-16,2.220446049250313e-16,1.3877787807814457e-17,0.1769274203540172,2.220446049250313e-16,0.0028842881644333294,2.220446049250313e-16,2.220446049250313e-16,2.220446049250313e-16,0.028916090354633387,0.40664932418733246,0.5470588152650434,2.220446049250313e-16,0.4523035051974975
28.0,2.220446049250313e-16,0.5172112396485871,0.557003396107125,0.00040019945499681985,2.220446049250313e-16,2.220446049250313e-16,2.220446049250313e-16,0.09925871188471219,2.220446049250313e-16,0.01321177174829226,2.220446049250313e-16,0.3932049712934673,2.220446049250313e-16,2.220446049250313e-16,2.220446049250313e-16,0.0003740823881145057,0.6417656986679092
29.0,0.001244528406639396,0.0751290832095296,2.220446049250313e-16,2.220446049250313e-16,0.008391101638372672,5.551115123125783e-17,0.5027587710991467,0.4988916111719336,2.220446049250313e-16,2.220446049250313e-16,0.3931515047201257,2.220446049250313e-16,0.015133405891403178,0.001819509033489809,0.5538144364997072,2.220446049250313e-16,0.16671166119583852
30.0,2.220446049250313e-16,0.5266867392390998,0.5653573085293251,2.220446049250313e-16,2.220446049250313e-16,2.220446049250313e-16,2.220446049250313e-16,2.220446049250313e-16,0.19022155358173057,0.29752284432700754,2.220446049250313e-16,2.220446049250313e-16,2.220446049250313e-16,2.220446049250313e-16,2.220446049250313e-16,2.220446049250313e-16,0.5313702301823974
31.0,2.220446049250313e-16,0.5676008339426023,0.17198980944987952,2.220446049250313e-16,0.008701755518650926,2.220446049250313e-16,0.16562543161372534,0.4931969768978106,2.220446049250313e-16,0.03643804713558822,0.3931515047201259,0.39320497129346715,0.02398036376163881,0.003254535300063527,0.0032086819081834322,0.0023064554580900735,0.09692638055070354
32.0,0.2317069490334262,0.48343526612561494,2.220446049250313e-16,0.0004920105671220019,0.008214699627946598,2.220446049250313e-16,0.1651053445531426,0.514478528321585,0.005500198188395095,0.2713542599773824,2.220446049250313e-16,0.39320497129346776,0.003983221145967571,0.40641702071413466,0.037775824044086505,0.0005311266322798652,2.220446049250313e-16
33.0,0.23466493959340462,0.5394135270652762,0.42723633851038256,2.220446049250313e-16,0.3950568043562398,2.220446049250313e-16,2.220446049250313e-16,2.220446049250313e-16,0.00031917398277128814,0.29020477421910296,8.326672684688674e-17,2.220446049250313e-16,2.220446049250313e-16,2.220446049250313e-16,0.22063435745709384,0.0011622985966876166,0.35933165203874845
34.0,2.220446049250313e-16,0.5087869971870214,0.07100733761872369,0.0004691987769977246,0.39273880457539057,2.220446049250313e-16,2.220446049250313e-16,0.05085520805023442,2.220446049250313e-16,2.220446049250313e-16,2.220446049250313e-16,0.39320497129346743,2.220446049250313e-16,0.4030334531049651,2.220446049250313e-16,2.220446049250313e-16,0.740347373882389
35.0,2.220446049250313e-16,0.518404480223426,0.0843743111929307,0.00014964145662295023,0.39456022661804707,2.220446049250313e-16,2.220446049250313e-16,2.220446049250313e-16,0.0013609297853432848,0.21314507640533992,2.220446049250313e-16,0.3932049712934673,2.220446049250313e-16,0.40305647414328966,0.04864191698358469,2.220446049250313e-16,0.6229288101827043
36.0,2.220446049250313e-16,0.5465520494741474,2.220446049250313e-16,0.00014801967756655765,0.007638907824326047,2.220446049250313e-16,0.4995231314893237,0.5134321022664989,2.220446049250313e-16,2.220446049250313e-16,2.220446049250313e-16,0.3932049712934673,0.01460458991067265,0.0017559288017231624,0.003961400942533381,2.220446049250313e-16,0.3231247865933273
37.0,2.220446049250313e-16,0.548349596111109,2.220446049250313e-16,0.00013535471281056477,0.007475725098674868,2.220446049250313e-16,0.16356504858387375,0.5186867176925711,2.220446049250313e-16,2.220446049250313e-16,2.220446049250313e-16,0.3932049712934676,0.0267322143410424,0.4063867539395476,0.003960774399339193,2.220446049250313e-16,0.32197801496417794
38.0,2.220446049250313e-16,0.5070182338832818,0.07174545320597925,0.0004816694896597817,0.3929027617370085,2.220446049250313e-16,0.3296276047784672,0.04558402254513257,2.220446049250313e-16,2.220446049250313e-16,2.220446049250313e-16,0.39320497129346743,2.220446049250313e-16,2.220446049250313e-16,2.220446049250313e-16,2.220446049250313e-16,0.7413598261629967
39.0,2.220446049250313e-16,0.03026804496512335,0.08285008109858238,2.220446049250313e-16,0.3944861946531406,5.551115123125783e-17,2.220446049250313e-16,2.220446049250313e-16,0.0008309370294993729,0.14361658266782476,2.220446049250313e-16,2.220446049250313e-16,2.220446049250313e-16,0.40313074471619476,0.6022285142355616,2.220446049250313e-16,0.6622270188222308
40.0,2.220446049250313e-16,0.5127662490757241,0.34005319744505835,0.0002098879176391303,0.393414334101062,2.220446049250313e-16,2.220446049250313e-16,0.03214003031804792,2.220446049250313e-16,0.3181274661066072,2.220446049250313e-16,2.220446049250313e-16,2.220446049250313e-16,2.220446049250313e-16,2.220446049250313e-16,0.001721217706073861,0.6943602103720053
41.0,2.220446049250313e-16,2.220446049250313e-16,2.220446049250313e-16,0.11901358693612166,2.220446049250313e-16,2.220446049250313e-16,0.3124747153085063,0.138022597421513,0.021173022195745177,0.13590690558850121,2.220446049250313e-16,2.220446049250313e-16,0.4018698123645321,2.220446049250313e-16,0.5945082999821806,0.0017958322540354238,0.16194787978192923
42.0,2.220446049250313e-16,0.28795317023555567,2.220446049250313e-16,2.220446049250313e-16,2.220446049250313e-16,2.220446049250313e-16,0.49429505646634186,0.3281120313645549,2.220446049250313e-16,2.220446049250313e-16,2.220446049250313e-16,0.39320497129346743,0.24378128603271504,0.0016531972673967984,0.19012665257851427,2.220446049250313e-16,0.37970179379226177
43.0,2.220446049250313e-16,0.5465520494741473,2.220446049250313e-16,0.00014801967756655765,0.007638907824326075,2.220446049250313e-16,0.4995231314893237,0.513432102266499,2.220446049250313e-16,2.220446049250313e-16,2.220446049250313e-16,0.3932049712934673,0.01460458991067265,0.0017559288017231606,0.003961400942533436,2.220446049250313e-16,0.3231247865933273
44.0,2.220446049250313e-16,0.5087869971870214,0.07100733761872358,0.0004691987769977321,0.3927388045753905,2.220446049250313e-16,2.220446049250313e-16,0.05085520805023432,2.220446049250313e-16,2.220446049250313e-16,2.220446049250313e-16,0.3932049712934675,2.220446049250313e-16,0.40303345310496513,2.220446049250313e-16,2.220446049250313e-16,0.7403473738823889
45.0,2.220446049250313e-16,2.220446049250313e-16,2.220446049250313e-16,0.12177532588630029,2.220446049250313e-16,2.220446049250313e-16,2.220446049250313e-16,0.27415475012554086,0.013043045817530546,2.220446049250313e-16,2.220446049250313e-16,0.39320497129346743,0.4240253053037518,0.40253187566153753,0.362229883773691,0.0017150347584209335,0.2629898209775517
46.0,2.220446049250313e-16,0.5084301889453003,0.03762790186213638,0.00027016351386821883,0.3923951791447454,2.220446049250313e-16,2.220446049250313e-16,0.061527483595609216,2.220446049250313e-16,0.27726484677677593,2.220446049250313e-16,2.220446049250313e-16,2.220446049250313e-16,0.40302836920352625,2.220446049250313e-16,2.220446049250313e-16,0.7444925426658545
47.0,2.220446049250313e-16,0.5128190813696338,0.2514340322819463,0.0004357796479207088,2.220446049250313e-16,2.220446049250313e-16,2.220446049250313e-16,0.12835224485817248,2.220446049250313e-16,2.220446049250313e-16,2.220446049250313e-16,0.3932049712934672,2.220446049250313e-16,0.40299552850144044,0.0003600181161957036,2.220446049250313e-16,0.6925245117720585
48.0,0.2885358249892433,0.08064451034691023,2.220446049250313e-16,2.220446049250313e-16,2.220446049250313e-16,1.3877787807814457e-16,0.49835581595076434,0.18840485008109326,2.220446049250313e-16,2.220446049250313e-16,0.39315150472012567,2.220446049250313e-16,0.2444449552815234,0.0017329910826204213,0.552420043395535,2.220446049250313e-16,0.10100989122481957
49.0,2.220446049250313e-16,0.5415430082320655,0.4162355308477172,0.0007760011198633098,0.3950611210816368,2.220446049250313e-16,2.220446049250313e-16,2.220446049250313e-16,0.38476860784299316,0.3117252990935856,2.220446049250313e-16,1.1102230246251565e-16,2.220446049250313e-16,2.220446049250313e-16,2.220446049250313e-16,2.220446049250313e-16,0.35704021515049655
50.0,0.5581889238900352,0.06252865399176366,2.220446049250313e-16,2.220446049250313e-16,0.01959857157987338,2.220446049250313e-16,0.5100632303123438,0.1337220224892127,0.00024387506053705693,2.220446049250313e-16,2.220446049250313e-16,2.220446049250313e-16,0.01632720842454306,0.0019630414616052215,0.5483946115251628,2.220446049250313e-16,0.31696224548146484
51.0,2.220446049250313e-16,0.5172112396485871,0.557003396107125,0.00040019945499681985,2.220446049250313e-16,2.220446049250313e-16,2.220446049250313e-16,0.09925871188471219,2.220446049250313e-16,0.01321177174829226,2.220446049250313e-16,0.3932049712934673,2.220446049250313e-16,2.220446049250313e-16,2.220446049250313e-16,0.0003740823881145057,0.6417656986679092
52.0,0.2872750740957773,0.5191531982941435,0.10866577283142287,0.000392857900656507,0.39456736834817624,2.220446049250313e-16,2.220446049250313e-16,2.220446049250313e-16,0.0010772994536605617,2.220446049250313e-16,2.220446049250313e-16,0.3932049712934674,2.220446049250313e-16,0.40305636022489166,2.220446049250313e-16,2.220446049250313e-16,0.6191377828739635
53.0,0.29288738503487804,0.5354676585852189,0.1575394134384578,2.220446049250313e-16,0.3949623743790333,1.5612511283791264e-17,2.220446049250313e-16,2.220446049250313e-16,0.003347866907123963,2.220446049250313e-16,0.39315150472012633,2.220446049250313e-16,2.220446049250313e-16,0.40305387795922804,0.1783845835516394,2.220446049250313e-16,0.4094576881472168
54.0,2.220446049250313e-16,0.5262604064144316,0.12129442043144911,0.0003189816531810299,0.39354390271323086,2.220446049250313e-16,2.220446049250313e-16,0.03754116402331822,0.00023215769348782143,2.220446049250313e-16,0.39315150472012583,0.3932049712934677,2.220446049250313e-16,0.40303720457920245,0.0018985675948076876,2.220446049250313e-16,0.5353656373624553
55.0,0.5625159011009965,0.5354821641953391,0.15753299285344347,2.220446049250313e-16,0.39496232248669555,9.540979117872439e-18,2.220446049250313e-16,2.220446049250313e-16,0.0033475688690168884,2.220446049250313e-16,5.551115123125783e-17,2.220446049250313e-16,2.220446049250313e-16,0.403053875752181,0.17647215294396182,2.220446049250313e-16,0.4094852340310834
56.0,2.220446049250313e-16,0.517211239648587,0.557003396107125,0.00040019945499681985,2.220446049250313e-16,2.220446049250313e-16,2.220446049250313e-16,0.09925871188471219,2.220446049250313e-16,0.01321177174829226,2.220446049250313e-16,0.3932049712934673,2.220446049250313e-16,2.220446049250313e-16,2.220446049250313e-16,0.0003740823881145057,0.6417656986679092
57.0,0.56248038371111,0.5659843442500652,2.220446049250313e-16,2.220446049250313e-16,2.220446049250313e-16,1.1102230246251565e-16,0.1540971473334692,2.220446049250313e-16,2.220446049250313e-16,2.220446049250313e-16,2.220446049250313e-16,2.220446049250313e-16,0.4545401074622804,0.4062007099332818,0.1795250266534605,2.220446049250313e-16,0.09456112278173869
58.0,2.220446049250313e-16,0.5407946899588957,0.4313814315250347,2.220446049250313e-16,0.39505376264908687,2.220446049250313e-16,2.220446049250313e-16,2.220446049250313e-16,0.0002389948374665676,0.24902844489089845,0.3931515047201258,0.3932049712934675,2.220446049250313e-16,2.220446049250313e-16,0.048296204482919464,0.0012101399088946022,0.3609462740804851
59.0,2.220446049250313e-16,0.08324731742101914,2.220446049250313e-16,2.220446049250313e-16,0.01271326805699316,2.220446049250313e-16,0.5058521826045319,0.3675183547225012,2.220446049250313e-16,0.14061400462594872,0.3931515047201259,2.220446049250313e-16,0.0037201482775477738,0.0018802944868093862,0.6082776669958003,2.220446049250313e-16,0.06673456305429333
60.0,2.220446049250313e-16,2.220446049250313e-16,0.03505531047706177,0.00016746905316633587,0.41193318825890757,0.48513265656755333,0.32869979718795544,0.2523504980119119,0.5892732494068346,2.220446049250313e-16,1.1102230246251565e-16,2.220446049250313e-16,2.220446049250313e-16,2.220446049250313e-16,2.220446049250313e-16,0.001616881667575092,0.1398362228718903
61.0,2.220446049250313e-16,2.220446049250313e-16,2.220446049250313e-16,0.5909540774535973,5.551115123125783e-17,0.4845781037349244,2.220446049250313e-16,2.220446049250313e-16,0.5592057306074598,2.220446049250313e-16,2.220446049250313e-16,2.220446049250313e-16,2.220446049250313e-16,2.220446049250313e-16,0.0022357805214595168,0.0002140910731497879,2.220446049250313e-16
62.0,2.220446049250313e-16,2.220446049250313e-16,2.220446049250313e-16,0.5909540774535973,5.551115123125783e-17,0.4845781037349244,2.220446049250313e-16,2.220446049250313e-16,0.5592057306074598,2.220446049250313e-16,2.220446049250313e-16,2.220446049250313e-16,2.220446049250313e-16,2.220446049250313e-16,0.0022357805214595168,0.0002140910731497879,2.220446049250313e-16
63.0,2.220446049250313e-16,0.001728777893394602,2.220446049250313e-16,0.0002237555909954947,2.220446049250313e-16,0.48513260373314826,0.48577459211723817,2.220446049250313e-16,0.5620506492572067,0.0189062079397394,2.7755575615628914e-17,2.220446049250313e-16,0.6100734927424903,0.0014857703708905257,2.220446049250313e-16,0.000161620980808396,2.220446049250313e-16
64.0,2.220446049250313e-16,0.001728777893394602,2.220446049250313e-16,0.0002237555909954947,2.220446049250313e-16,0.48513260373314826,0.48577459211723817,2.220446049250313e-16,0.5620506492572067,0.0189062079397394,2.7755575615628914e-17,2.220446049250313e-16,0.6100734927424903,0.0014857703708905257,2.220446049250313e-16,0.000161620980808396,2.220446049250313e-16
65.0,2.220446049250313e-16,0.47195354713337,2.220446049250313e-16,0.5916929166438071,2.220446049250313e-16,2.220446049250313e-16,2.220446049250313e-16,2.220446049250313e-16,0.5592021726264721,2.220446049250313e-16,2.220446049250313e-16,2.220446049250313e-16,2.220446049250313e-16,2.220446049250313e-16,2.220446049250313e-16,0.000214110235498615,2.220446049250313e-16
66.0,2.220446049250313e-16,2.220446049250313e-16,0.07167259589624436,2.220446049250313e-16,0.0006877275085271917,1.1102230246251565e-16,2.220446049250313e-16,0.7437940063425883,0.16637983265574194,2.220446049250313e-16,2.220446049250313e-16,2.220446049250313e-16,2.220446049250313e-16,0.4027772487960336,2.220446049250313e-16,0.48939812211182493,0.16523211287411885
67.0,2.220446049250313e-16,2.220446049250313e-16,0.07167259589624436,2.220446049250313e-16,0.0006877275085271917,1.1102230246251565e-16,2.220446049250313e-16,0.7437940063425883,0.16637983265574194,2.220446049250313e-16,2.220446049250313e-16,2.220446049250313e-16,2.220446049250313e-16,0.4027772487960336,2.220446049250313e-16,0.48939812211182493,0.16523211287411885
68.0,2.220446049250313e-16,2.220446049250313e-16,2.220446049250313e-16,2.220446049250313e-16,0.3957337316049512,2.220446049250313e-16,2.220446049250313e-16,2.220446049250313e-16,2.220446049250313e-16,0.5313461031583442,0.393151504720126,2.220446049250313e-16,0.5488931313218417,0.40252502510016586,0.02179150861477383,0.4861693020689172,2.220446049250313e-16
69.0,2.220446049250313e-16,2.220446049250313e-16,2.220446049250313e-16,2.220446049250313e-16,0.3957337316049512,2.220446049250313e-16,2.220446049250313e-16,2.220446049250313e-16,2.220446049250313e-16,0.5313461031583442,0.393151504720126,2.220446049250313e-16,0.5488931313218417,0.40252502510016586,0.02179150861477383,0.4861693020689172,2.220446049250313e-16
70.0,2.220446049250313e-16,2.220446049250313e-16,0.7288969227499555,0.00017313437300087164,2.220446049250313e-16,0.4851326512496961,2.220446049250313e-16,0.08386798591301375,0.5873974640244055,2.220446049250313e-16,1.938553484404082e-16,2.220446049250313e-16,2.220446049250313e-16,2.220446049250313e-16,2.220446049250313e-16,0.0016914725791968733,0.1809472179618867
71.0,0.5582479689755159,2.220446049250313e-16,2.220446049250313e-16,0.5831946447035101,2.220446049250313e-16,2.220446049250313e-16,2.220446049250313e-16,2.220446049250313e-16,2.220446049250313e-16,2.220446049250313e-16,2.220446049250313e-16,2.220446049250313e-16,2.220446049250313e-16,2.220446049250313e-16,0.543319430333159,2.220446049250313e-16,2.220446049250313e-16
72.0,0.5582479689755159,2.220446049250313e-16,2.220446049250313e-16,0.5831946447035101,2.220446049250313e-16,2.220446049250313e-16,2.220446049250313e-16,2.220446049250313e-16,2.220446049250313e-16,2.220446049250313e-16,2.220446049250313e-16,2.220446049250313e-16,2.220446049250313e-16,2.220446049250313e-16,0.543319430333159,2.220446049250313e-16,2.220446049250313e-16
73.0,2.220446049250313e-16,0.2439806336376052,2.220446049250313e-16,0.5939687093643347,1.1102230246251565e-16,0.26075094878560356,2.220446049250313e-16,2.220446049250313e-16,0.38140319978575654,2.220446049250313e-16,2.220446049250313e-16,0.3932049712934674,2.220446049250313e-16,2.220446049250313e-16,0.00043346592226337213,2.220446049250313e-16,2.220446049250313e-16
74.0,0.5582479689755159,2.220446049250313e-16,2.220446049250313e-16,0.5831946447035101,2.220446049250313e-16,2.220446049250313e-16,2.220446049250313e-16,2.220446049250313e-16,2.220446049250313e-16,2.220446049250313e-16,2.220446049250313e-16,2.220446049250313e-16,2.220446049250313e-16,2.220446049250313e-16,0.543319430333159,2.220446049250313e-16,2.220446049250313e-16
75.0,0.5582479689755159,2.220446049250313e-16,2.220446049250313e-16,0.5831946447035101,2.220446049250313e-16,2.220446049250313e-16,2.220446049250313e-16,2.220446049250313e-16,2.220446049250313e-16,2.220446049250313e-16,2.220446049250313e-16,2.220446049250313e-16,2.220446049250313e-16,2.220446049250313e-16,0.543319430333159,2.220446049250313e-16,2.220446049250313e-16
76.0,2.220446049250313e-16,0.2439806336376052,2.220446049250313e-16,0.5939687093643347,1.1102230246251565e-16,0.26075094878560356,2.220446049250313e-16,2.220446049250313e-16,0.38140319978575654,2.220446049250313e-16,2.220446049250313e-16,0.3932049712934674,2.220446049250313e-16,2.220446049250313e-16,0.00043346592226337213,2.220446049250313e-16,2.220446049250313e-16
77.0,2.220446049250313e-16,2.220446049250313e-16,0.6357964460595524,2.220446049250313e-16,2.220446049250313e-16,5.551115123125783e-17,2.220446049250313e-16,0.47824183478734317,0.17324247069761076,2.220446049250313e-16,0.3931515047201255,2.220446049250313e-16,2.220446049250313e-16,2.220446049250313e-16,2.220446049250313e-16,0.49075314292031635,0.051395582405009174
78.0,2.220446049250313e-16,2.220446049250313e-16,0.6357964460595524,2.220446049250313e-16,2.220446049250313e-16,5.551115123125783e-17,2.220446049250313e-16,0.47824183478734317,0.17324247069761076,2.220446049250313e-16,0.3931515047201255,2.220446049250313e-16,2.220446049250313e-16,2.220446049250313e-16,2.220446049250313e-16,0.49075314292031635,0.051395582405009174
79.0,0.18637781856299082,2.220446049250313e-16,2.220446049250313e-16,2.220446049250313e-16,0.39573373160495084,1.942890293094024e-16,2.220446049250313e-16,2.220446049250313e-16,2.220446049250313e-16,0.6016516426916861,2.220446049250313e-16,2.220446049250313e-16,0.542988448529364,0.4025315906316849,0.014769081121445723,0.48603116131101215,2.220446049250313e-16
80.0,0.18637781856299082,2.220446049250313e-16,2.220446049250313e-16,2.220446049250313e-16,0.39573373160495084,1.942890293094024e-16,2.220446049250313e-16,2.220446049250313e-16,2.220446049250313e-16,0.6016516426916861,2.220446049250313e-16,2.220446049250313e-16,0.542988448529364,0.4025315906316849,0.014769081121445723,0.48603116131101215,2.220446049250313e-16
81.0,2.220446049250313e-16,2.220446049250313e-16,0.37442998302368613,2.220446049250313e-16,2.220446049250313e-16,0.4851328137654937,2.220446049250313e-16,0.1365124303828684,0.39608930939396725,2.220446049250313e-16,2.220446049250313e-16,1.0408340855860843e-16,2.220446049250313e-16,0.40306962583094863,2.220446049250313e-16,0.00024808424322423153,0.43603240636765783
82.0,0.2872750740957773,0.23011690770971413,2.220446049250313e-16,0.3797851971617316,2.220446049250313e-16,0.26095199612097897,0.3222286767818225,0.006128611050913423,2.220446049250313e-16,2.220446049250313e-16,5.551115123125783e-17,0.39320497129346726,0.21565965868972473,2.220446049250313e-16,2.220446049250313e-16,2.220446049250313e-16,0.1732449800060922
83.0,0.2872750740957773,0.23011690770971413,2.220446049250313e-16,0.3797851971617316,2.220446049250313e-16,0.26095199612097897,0.3222286767818225,0.006128611050913423,2.220446049250313e-16,2.220446049250313e-16,5.551115123125783e-17,0.39320497129346726,0.21565965868972473,2.220446049250313e-16,2.220446049250313e-16,2.220446049250313e-16,0.1732449800060922
84.0,2.220446049250313e-16,2.220446049250313e-16,2.220446049250313e-16,2.220446049250313e-16,0.4037251701050869,2.220446049250313e-16,2.220446049250313e-16,0.5159465413928729,0.3738023148181622,2.220446049250313e-16,1.6653345369377348e-16,2.220446049250313e-16,2.220446049250313e-16,0.4028869464533525,2.220446049250313e-16,0.48951564951558757,0.09399271201751382
85.0,2.220446049250313e-16,2.220446049250313e-16,2.220446049250313e-16,2.220446049250313e-16,0.4037251701050869,2.220446049250313e-16,2.220446049250313e-16,0.5159465413928729,0.3738023148181622,2.220446049250313e-16,1.6653345369377348e-16,2.220446049250313e-16,2.220446049250313e-16,0.4028869464533525,2.220446049250313e-16,0.48951564951558757,0.09399271201751382
86.0,2.220446049250313e-16,2.220446049250313e-16,2.220446049250313e-16,0.3772506996548251,2.220446049250313e-16,0.484778700383216,0.3255596258007763,0.006058751087979416,2.220446049250313e-16,0.4880129600259871,2.220446049250313e-16,2.220446049250313e-16,0.17483873497687738,2.220446049250313e-16,0.015218543530809685,2.220446049250313e-16,0.1952161695596796
87.0,2.220446049250313e-16,2.220446049250313e-16,0.5465885484923703,0.00014387082426489672,0.39511712358407175,0.4851326787184695,2.220446049250313e-16,0.005904160434656649,0.5930749948977915,0.016667512625495363,2.220446049250313e-16,2.220446049250313e-16,2.220446049250313e-16,2.220446049250313e-16,2.220446049250313e-16,0.003325658036368458,0.22869442792983483
88.0,2.220446049250313e-16,2.220446049250313e-16,2.220446049250313e-16,0.5828818099245348,2.220446049250313e-16,2.220446049250313e-16,2.220446049250313e-16,2.220446049250313e-16,2.220446049250313e-16,0.1507831839512451,0.3931515047201258,2.220446049250313e-16,2.220446049250313e-16,2.220446049250313e-16,0.599934455739037,2.220446049250313e-16,2.220446049250313e-16
89.0,2.220446049250313e-16,2.220446049250313e-16,2.220446049250313e-16,0.5828818099245348,2.220446049250313e-16,2.220446049250313e-16,2.220446049250313e-16,2.220446049250313e-16,2.220446049250313e-16,0.1507831839512451,0.3931515047201258,2.220446049250313e-16,2.220446049250313e-16,2.220446049250313e-16,0.599934455739037,2.220446049250313e-16,2.220446049250313e-16
90.0,2.220446049250313e-16,2.220446049250313e-16,2.220446049250313e-16,0.5828818099245348,2.220446049250313e-16,2.220446049250313e-16,2.220446049250313e-16,2.220446049250313e-16,2.220446049250313e-16,0.1507831839512451,0.3931515047201258,2.220446049250313e-16,2.220446049250313e-16,2.220446049250313e-16,0.599934455739037,2.220446049250313e-16,2.220446049250313e-16
91.0,2.220446049250313e-16,2.220446049250313e-16,2.220446049250313e-16,0.5828818099245348,2.220446049250313e-16,2.220446049250313e-16,2.220446049250313e-16,2.220446049250313e-16,2.220446049250313e-16,0.1507831839512451,0.3931515047201258,2.220446049250313e-16,2.220446049250313e-16,2.220446049250313e-16,0.599934455739037,2.220446049250313e-16,2.220446049250313e-16
92.0,2.220446049250313e-16,2.220446049250313e-16,2.220446049250313e-16,0.5828818099245348,2.220446049250313e-16,2.220446049250313e-16,2.220446049250313e-16,2.220446049250313e-16,2.220446049250313e-16,0.1507831839512451,0.3931515047201258,2.220446049250313e-16,2.220446049250313e-16,2.220446049250313e-16,0.599934455739037,2.220446049250313e-16,2.220446049250313e-16
93.0,2.220446049250313e-16,2.220446049250313e-16,2.220446049250313e-16,0.5828818099245348,2.220446049250313e-16,2.220446049250313e-16,2.220446049250313e-16,2.220446049250313e-16,2.220446049250313e-16,0.1507831839512451,0.3931515047201258,2.220446049250313e-16,2.220446049250313e-16,2.220446049250313e-16,0.599934455739037,2.220446049250313e-16,2.220446049250313e-16
94.0,2.220446049250313e-16,2.220446049250313e-16,0.7288969227499555,0.00017313437300087164,2.220446049250313e-16,0.4851326512496961,2.220446049250313e-16,0.08386798591301375,0.5873974640244055,2.220446049250313e-16,1.938553484404082e-16,2.220446049250313e-16,2.220446049250313e-16,2.220446049250313e-16,2.220446049250313e-16,0.0016914725791968733,0.1809472179618867
95.0,0.5582479689755159,2.220446049250313e-16,2.220446049250313e-16,0.5831946447035101,2.220446049250313e-16,2.220446049250313e-16,2.220446049250313e-16,2.220446049250313e-16,2.220446049250313e-16,2.220446049250313e-16,2.220446049250313e-16,2.220446049250313e-16,2.220446049250313e-16,2.220446049250313e-16,0.543319430333159,2.220446049250313e-16,2.220446049250313e-16
96.0,0.5582479689755159,2.220446049250313e-16,2.220446049250313e-16,0.5831946447035101,2.220446049250313e-16,2.220446049250313e-16,2.220446049250313e-16,2.220446049250313e-16,2.220446049250313e-16,2.220446049250313e-16,2.220446049250313e-16,2.220446049250313e-16,2.220446049250313e-16,2.220446049250313e-16,0.543319430333159,2.220446049250313e-16,2.220446049250313e-16
97.0,2.220446049250313e-16,0.2439806336376052,2.220446049250313e-16,0.5939687093643347,1.1102230246251565e-16,0.26075094878560356,2.220446049250313e-16,2.220446049250313e-16,0.38140319978575654,2.220446049250313e-16,2.220446049250313e-16,0.3932049712934674,2.220446049250313e-16,2.220446049250313e-16,0.00043346592226337213,2.220446049250313e-16,2.220446049250313e-16
98.0,2.220446049250313e-16,0.2439806336376052,2.220446049250313e-16,0.5939687093643347,1.1102230246251565e-16,0.26075094878560356,2.220446049250313e-16,2.220446049250313e-16,0.38140319978575654,2.220446049250313e-16,2.220446049250313e-16,0.3932049712934674,2.220446049250313e-16,2.220446049250313e-16,0.00043346592226337213,2.220446049250313e-16,2.220446049250313e-16
99.0,0.5582479689755159,2.220446049250313e-16,2.220446049250313e-16,0.5831946447035101,2.220446049250313e-16,2.220446049250313e-16,2.220446049250313e-16,2.220446049250313e-16,2.220446049250313e-16,2.220446049250313e-16,2.220446049250313e-16,2.220446049250313e-16,2.220446049250313e-16,2.220446049250313e-16,0.543319430333159,2.220446049250313e-16,2.220446049250313e-16
100.0,0.5582479689755159,2.220446049250313e-16,2.220446049250313e-16,0.5831946447035101,2.220446049250313e-16,2.220446049250313e-16,2.220446049250313e-16,2.220446049250313e-16,2.220446049250313e-16,2.220446049250313e-16,2.220446049250313e-16,2.220446049250313e-16,2.220446049250313e-16,2.220446049250313e-16,0.543319430333159,2.220446049250313e-16,2.220446049250313e-16
101.0,2.220446049250313e-16,2.220446049250313e-16,0.3805931085099853,2.220446049250313e-16,0.0025347609740534738,2.220446049250313e-16,2.220446049250313e-16,0.6949874110821272,2.220446049250313e-16,0.295456496140979,0.39315150472012583,2.220446049250313e-16,2.220446049250313e-16,2.220446049250313e-16,2.220446049250313e-16,0.489318584862097,2.220446049250313e-16
102.0,2.220446049250313e-16,2.220446049250313e-16,0.3805931085099853,2.220446049250313e-16,0.0025347609740534738,2.220446049250313e-16,2.220446049250313e-16,0.6949874110821272,2.220446049250313e-16,0.295456496140979,0.39315150472012583,2.220446049250313e-16,2.220446049250313e-16,2.220446049250313e-16,2.220446049250313e-16,0.489318584862097,2.220446049250313e-16
103.0,0.17945093863846112,2.220446049250313e-16,0.21218315614825933,2.220446049250313e-16,0.39573373160495146,1.1102230246251565e-16,2.220446049250313e-16,2.220446049250313e-16,2.220446049250313e-16,0.6521701624354794,2.220446049250313e-16,2.220446049250313e-16,0.5390529875733968,2.220446049250313e-16,0.010721890336327247,0.48940396725128943,2.220446049250313e-16
104.0,0.17945093863846112,2.220446049250313e-16,0.21218315614825933,2.220446049250313e-16,0.39573373160495146,1.1102230246251565e-16,2.220446049250313e-16,2.220446049250313e-16,2.220446049250313e-16,0.6521701624354794,2.220446049250313e-16,2.220446049250313e-16,0.5390529875733968,2.220446049250313e-16,0.010721890336327247,0.48940396725128943,2.220446049250313e-16
105.0,2.220446049250313e-16,2.220446049250313e-16,0.37719770508632183,2.220446049250313e-16,0.0016969183998857273,2.220446049250313e-16,2.220446049250313e-16,0.7147332785547214,0.16428069387351601,0.012771929445465988,2.220446049250313e-16,2.220446049250313e-16,2.220446049250313e-16,2.220446049250313e-16,2.220446049250313e-16,0.4921857083295483,0.11493163413356079
106.0,2.220446049250313e-16,2.220446049250313e-16,0.37719770508632183,2.220446049250313e-16,0.0016969183998857273,2.220446049250313e-16,2.220446049250313e-16,0.7147332785547214,0.16428069387351601,0.012771929445465988,2.220446049250313e-16,2.220446049250313e-16,2.220446049250313e-16,2.220446049250313e-16,2.220446049250313e-16,0.4921857083295483,0.11493163413356079
107.0,2.220446049250313e-16,2.220446049250313e-16,2.220446049250313e-16,2.220446049250313e-16,0.3957337316049512,2.220446049250313e-16,2.220446049250313e-16,2.220446049250313e-16,2.220446049250313e-16,0.5313461031583442,0.393151504720126,2.220446049250313e-16,0.5488931313218417,0.40252502510016586,0.02179150861477383,0.4861693020689172,2.220446049250313e-16
108.0,2.220446049250313e-16,2.220446049250313e-16,2.220446049250313e-16,2.220446049250313e-16,0.3957337316049512,2.220446049250313e-16,2.220446049250313e-16,2.220446049250313e-16,2.220446049250313e-16,0.5313461031583442,0.393151504720126,2.220446049250313e-16,0.5488931313218417,0.40252502510016586,0.02179150861477383,0.4861693020689172,2.220446049250313e-16
109.0,2.220446049250313e-16,2.220446049250313e-16,0.03505531047706177,0.00016746905316633587,0.41193318825890757,0.48513265656755333,0.32869979718795544,0.2523504980119119,0.5892732494068346,2.220446049250313e-16,1.1102230246251565e-16,2.220446049250313e-16,2.220446049250313e-16,2.220446049250313e-16,2.220446049250313e-16,0.001616881667575092,0.1398362228718903
110.0,2.220446049250313e-16,2.220446049250313e-16,2.220446049250313e-16,0.5909540774535973,5.551115123125783e-17,0.4845781037349244,2.220446049250313e-16,2.220446049250313e-16,0.5592057306074598,2.220446049250313e-16,2.220446049250313e-16,2.220446049250313e-16,2.220446049250313e-16,2.220446049250313e-16,0.0022357805214595168,0.0002140910731497879,2.220446049250313e-16
111.0,2.220446049250313e-16,2.220446049250313e-16,2.220446049250313e-16,0.5909540774535973,5.551115123125783e-17,0.4845781037349244,2.220446049250313e-16,2.220446049250313e-16,0.5592057306074598,2.220446049250313e-16,2.220446049250313e-16,2.220446049250313e-16,2.220446049250313e-16,2.220446049250313e-16,0.0022357805214595168,0.0002140910731497879,2.220446049250313e-16
112.0,2.220446049250313e-16,0.001728777893394602,2.220446049250313e-16,0.0002237555909954947,2.220446049250313e-16,0.48513260373314826,0.48577459211723817,2.220446049250313e-16,0.5620506492572067,0.0189062079397394,2.7755575615628914e-17,2.220446049250313e-16,0.6100734927424903,0.0014857703708905257,2.220446049250313e-16,0.000161620980808396,2.220446049250313e-16
113.0,2.220446049250313e-16,0.001728777893394602,2.220446049250313e-16,0.0002237555909954947,2.220446049250313e-16,0.48513260373314826,0.48577459211723817,2.220446049250313e-16,0.5620506492572067,0.0189062079397394,2.7755575615628914e-17,2.220446049250313e-16,0.6100734927424903,0.0014857703708905257,2.220446049250313e-16,0.000161620980808396,2.220446049250313e-16
114.0,2.220446049250313e-16,0.47195354713337,2.220446049250313e-16,0.5916929166438071,2.220446049250313e-16,2.220446049250313e-16,2.220446049250313e-16,2.220446049250313e-16,0.5592021726264721,2.220446049250313e-16,2.220446049250313e-16,2.220446049250313e-16,2.220446049250313e-16,2.220446049250313e-16,2.220446049250313e-16,0.000214110235498615,2.220446049250313e-16
115.0,2.220446049250313e-16,2.220446049250313e-16,0.41582141718845456,0.0001526219098088033,2.220446049250313e-16,2.220446049250313e-16,2.220446049250313e-16,0.11204864288921636,0.5873118608915159,2.220446049250313e-16,1.3877787807814457e-17,2.220446049250313e-16,2.220446049250313e-16,0.4030814039746236,2.220446049250313e-16,0.48616742838762644,0.232827764666423
116.0,0.28861945084868934,2.220446049250313e-16,2.220446049250313e-16,0.5831681308531629,2.220446049250313e-16,2.220446049250313e-16,2.220446049250313e-16,2.220446049250313e-16,2.220446049250313e-16,2.220446049250313e-16,0.39315150472012583,2.220446049250313e-16,2.220446049250313e-16,2.220446049250313e-16,0.5452320380676248,2.220446049250313e-16,2.220446049250313e-16
117.0,2.220446049250313e-16,0.2384486295581953,2.220446049250313e-16,0.3811049291749887,2.220446049250313e-16,0.26095075732999085,0.3199953733090604,0.11635347858912286,0.18143234081033116,2.220446049250313e-16,2.220446049250313e-16,0.3932049712934671,0.21529465927426678,2.220446049250313e-16,2.220446049250313e-16,2.220446049250313e-16,0.07475506279092688
118.0,2.220446049250313e-16,0.2384486295581953,2.220446049250313e-16,0.3811049291749887,2.220446049250313e-16,0.26095075732999085,0.3199953733090604,0.11635347858912286,0.18143234081033116,2.220446049250313e-16,2.220446049250313e-16,0.3932049712934671,0.21529465927426678,2.220446049250313e-16,2.220446049250313e-16,2.220446049250313e-16,0.07475506279092688
119.0,2.220446049250313e-16,0.2384486295581953,2.220446049250313e-16,0.3811049291749887,2.220446049250313e-16,0.26095075732999085,0.3199953733090604,0.11635347858912286,0.18143234081033116,2.220446049250313e-16,2.220446049250313e-16,0.3932049712934671,0.21529465927426678,2.220446049250313e-16,2.220446049250313e-16,2.220446049250313e-16,0.07475506279092688
120.0,0.28861945084868934,2.220446049250313e-16,2.220446049250313e-16,0.5831681308531629,2.220446049250313e-16,2.220446049250313e-16,2.220446049250313e-16,2.220446049250313e-16,2.220446049250313e-16,2.220446049250313e-16,0.39315150472012583,2.220446049250313e-16,2.220446049250313e-16,2.220446049250313e-16,0.5452320380676248,2.220446049250313e-16,2.220446049250313e-16
121.0,2.220446049250313e-16,0.2384486295581953,2.220446049250313e-16,0.3811049291749887,2.220446049250313e-16,0.26095075732999085,0.3199953733090604,0.11635347858912286,0.18143234081033116,2.220446049250313e-16,2.220446049250313e-16,0.3932049712934671,0.21529465927426678,2.220446049250313e-16,2.220446049250313e-16,2.220446049250313e-16,0.07475506279092688
122.0,2.220446049250313e-16,2.220446049250313e-16,0.41582141718845456,0.0001526219098088033,2.220446049250313e-16,2.220446049250313e-16,2.220446049250313e-16,0.11204864288921636,0.5873118608915159,2.220446049250313e-16,1.3877787807814457e-17,2.220446049250313e-16,2.220446049250313e-16,0.4030814039746236,2.220446049250313e-16,0.48616742838762644,0.232827764666423
123.0,0.28861945084868934,2.220446049250313e-16,2.220446049250313e-16,0.5831681308531629,2.220446049250313e-16,2.220446049250313e-16,2.220446049250313e-16,2.220446049250313e-16,2.220446049250313e-16,2.220446049250313e-16,0.39315150472012583,2.220446049250313e-16,2.220446049250313e-16,2.220446049250313e-16,0.5452320380676248,2.220446049250313e-16,2.220446049250313e-16
124.0,0.28861945084868934,2.220446049250313e-16,2.220446049250313e-16,0.5831681308531629,2.220446049250313e-16,2.220446049250313e-16,2.220446049250313e-16,2.220446049250313e-16,2.220446049250313e-16,2.220446049250313e-16,0.39315150472012583,2.220446049250313e-16,2.220446049250313e-16,2.220446049250313e-16,0.5452320380676248,2.220446049250313e-16,2.220446049250313e-16
125.0,2.220446049250313e-16,0.24398712424074923,2.220446049250313e-16,0.5937700797178315,1.1102230246251565e-16,0.26075113523301385,2.220446049250313e-16,2.220446049250313e-16,0.38140415628951063,0.2814453901589631,2.220446049250313e-16,2.220446049250313e-16,2.220446049250313e-16,2.220446049250313e-16,2.220446049250313e-16,2.220446049250313e-16,2.220446049250313e-16
126.0,0.28861945084868934,2.220446049250313e-16,2.220446049250313e-16,0.5831681308531629,2.220446049250313e-16,2.220446049250313e-16,2.220446049250313e-16,2.220446049250313e-16,2.220446049250313e-16,2.220446049250313e-16,0.39315150472012583,2.220446049250313e-16,2.220446049250313e-16,2.220446049250313e-16,0.5452320380676248,2.220446049250313e-16,2.220446049250313e-16
127.0,0.28861945084868934,2.220446049250313e-16,2.220446049250313e-16,0.5831681308531629,2.220446049250313e-16,2.220446049250313e-16,2.220446049250313e-16,2.220446049250313e-16,2.220446049250313e-16,2.220446049250313e-16,0.39315150472012583,2.220446049250313e-16,2.220446049250313e-16,2.220446049250313e-16,0.5452320380676248,2.220446049250313e-16,2.220446049250313e-16
128.0,2.220446049250313e-16,0.24398712424074923,2.220446049250313e-16,0.5937700797178315,1.1102230246251565e-16,0.26075113523301385,2.220446049250313e-16,2.220446049250313e-16,0.38140415628951063,0.2814453901589631,2.220446049250313e-16,2.220446049250313e-16,2.220446049250313e-16,2.220446049250313e-16,2.220446049250313e-16,2.220446049250313e-16,2.220446049250313e-16
129.0,0.5547137554463996,2.220446049250313e-16,0.6830480590833318,2.220446049250313e-16,2.220446049250313e-16,0.4851328137654934,2.220446049250313e-16,0.3324997771289244,0.005014333050615046,0.015701713184015597,2.220446049250313e-16,0.39320497129346726,2.220446049250313e-16,2.220446049250313e-16,2.220446049250313e-16,0.0012266020664939317,2.220446049250313e-16
130.0,0.5547137554463996,2.220446049250313e-16,0.6830480590833318,2.220446049250313e-16,2.220446049250313e-16,0.4851328137654934,2.220446049250313e-16,0.3324997771289244,0.005014333050615046,0.015701713184015597,2.220446049250313e-16,0.39320497129346726,2.220446049250313e-16,2.220446049250313e-16,2.220446049250313e-16,0.0012266020664939317,2.220446049250313e-16
131.0,0.1760498913550221,2.220446049250313e-16,0.18328429854711903,2.220446049250313e-16,0.41568083593695565,2.220446049250313e-16,2.220446049250313e-16,0.14162181379133418,2.220446049250313e-16,0.6769743854348591,2.220446049250313e-16,2.220446049250313e-16,0.30848473960955236,2.220446049250313e-16,0.008734749318256237,0.4891813466685999,2.220446049250313e-16
132.0,0.1760498913550221,2.220446049250313e-16,0.18328429854711903,2.220446049250313e-16,0.41568083593695565,2.220446049250313e-16,2.220446049250313e-16,0.14162181379133418,2.220446049250313e-16,0.6769743854348591,2.220446049250313e-16,2.220446049250313e-16,0.30848473960955236,2.220446049250313e-16,0.008734749318256237,0.4891813466685999,2.220446049250313e-16
133.0,2.220446049250313e-16,0.04585343167984241,0.26045351820210405,2.220446049250313e-16,2.220446049250313e-16,0.4851328137654949,2.220446049250313e-16,0.11978739064285304,2.220446049250313e-16,0.25449919855105685,0.3931515047201257,2.220446049250313e-16,2.220446049250313e-16,0.4030707014803616,2.220446049250313e-16,2.220446049250313e-16,0.5409192297128107
134.0,2.220446049250313e-16,2.220446049250313e-16,0.04493381943521703,2.220446049250313e-16,0.0005311539561529965,2.220446049250313e-16,2.220446049250313e-16,0.7483393303702832,2.220446049250313e-16,0.2571273659466649,2.220446049250313e-16,2.220446049250313e-16,2.220446049250313e-16,0.40277506043989914,2.220446049250313e-16,0.4867661534239114,0.17242441488023674
135.0,0.2872750740957773,0.24652740876176943,2.220446049250313e-16,0.3796694944316116,2.220446049250313e-16,0.26095210472749925,2.220446049250313e-16,2.220446049250313e-16,2.220446049250313e-16,2.220446049250313e-16,0.3931515047201258,0.3932049712934672,0.22730630714915623,0.402845094282594,2.220446049250313e-16,2.220446049250313e-16,2.220446049250313e-16
136.0,2.220446049250313e-16,2.220446049250313e-16,2.220446049250313e-16,2.220446049250313e-16,2.220446049250313e-16,0.4851328137654938,0.15148588227360885,0.021849315867522923,2.220446049250313e-16,0.5289518530121732,2.220446049250313e-16,2.220446049250313e-16,0.5792410833979628,0.40614939864471716,0.019989798827317464,2.220446049250313e-16,0.19222058237022918
137.0,2.220446049250313e-16,2.220446049250313e-16,2.220446049250313e-16,2.220446049250313e-16,0.3991400320229769,2.220446049250313e-16,2.220446049250313e-16,0.65563336629324,0.17129064568419153,2.220446049250313e-16,2.220446049250313e-16,2.220446049250313e-16,2.220446049250313e-16,0.40281969392783834,2.220446049250313e-16,0.4902044761692974,0.194699588284508
138.0,2.220446049250313e-16,2.220446049250313e-16,2.220446049250313e-16,2.220446049250313e-16,2.220446049250313e-16,0.4851328137654938,0.1479560727954954,0.15513907547090933,2.220446049250313e-16,0.2985723614914123,2.220446049250313e-16,2.220446049250313e-16,0.5981917872094368,0.40608003798290887,2.220446049250313e-16,2.220446049250313e-16,0.2905527001505407
139.0,0.5547137554463996,2.220446049250313e-16,0.6830480590833318,2.220446049250313e-16,2.220446049250313e-16,0.4851328137654934,2.220446049250313e-16,0.3324997771289244,0.005014333050615046,0.015701713184015597,2.220446049250313e-16,0.39320497129346726,2.220446049250313e-16,2.220446049250313e-16,2.220446049250313e-16,0.0012266020664939317,2.220446049250313e-16
140.0,0.5547137554463996,2.220446049250313e-16,0.6830480590833318,2.220446049250313e-16,2.220446049250313e-16,0.4851328137654934,2.220446049250313e-16,0.3324997771289244,0.005014333050615046,0.015701713184015597,2.220446049250313e-16,0.39320497129346726,2.220446049250313e-16,2.220446049250313e-16,2.220446049250313e-16,0.0012266020664939317,2.220446049250313e-16
141.0,0.1760498913550221,2.220446049250313e-16,0.18328429854711903,2.220446049250313e-16,0.41568083593695565,2.220446049250313e-16,2.220446049250313e-16,0.14162181379133418,2.220446049250313e-16,0.6769743854348591,2.220446049250313e-16,2.220446049250313e-16,0.30848473960955236,2.220446049250313e-16,0.008734749318256237,0.4891813466685999,2.220446049250313e-16
142.0,0.1760498913550221,2.220446049250313e-16,0.18328429854711903,2.220446049250313e-16,0.41568083593695565,2.220446049250313e-16,2.220446049250313e-16,0.14162181379133418,2.220446049250313e-16,0.6769743854348591,2.220446049250313e-16,2.220446049250313e-16,0.30848473960955236,2.220446049250313e-16,0.008734749318256237,0.4891813466685999,2.220446049250313e-16
143.0,2.220446049250313e-16,0.04788556015775162,0.04935630078677322,2.220446049250313e-16,0.016956449019190255,0.48513281376549355,0.32930378097649315,0.2069236501121392,0.18765636490733206,0.2722997886483503,2.220446049250313e-16,2.220446049250313e-16,2.220446049250313e-16,2.220446049250313e-16,2.220446049250313e-16,2.220446049250313e-16,0.4967755390091331
144.0,2.220446049250313e-16,0.24478482394970918,2.220446049250313e-16,0.38105294421902436,2.185751579730777e-16,0.2609508061266362,0.32414931152544973,2.220446049250313e-16,0.18820735799840443,0.4881694176556765,1.1102230246251565e-16,2.220446049250313e-16,0.17459497882510416,2.220446049250313e-16,0.0154079392865672,2.220446049250313e-16,2.220446049250313e-16
145.0,2.220446049250313e-16,2.220446049250313e-16,2.220446049250313e-16,0.0008481233167487653,2.220446049250313e-16,0.4851320176587772,0.48321729790791124,0.1291196294675763,0.36017831328055566,0.015499728123059527,2.220446049250313e-16,2.220446049250313e-16,0.6099442845484095,0.001435519608095332,2.220446049250313e-16,0.0008840970872525061,0.09197923863435137
146.0,2.220446049250313e-16,2.220446049250313e-16,2.220446049250313e-16,0.00022753335936501323,0.4051225113606099,0.48513260018707616,0.3242175232381049,0.4771661724954392,0.5693859789866066,2.220446049250313e-16,2.220446049250313e-16,2.220446049250313e-16,2.220446049250313e-16,2.220446049250313e-16,2.220446049250313e-16,0.0013605254832753178,2.220446049250313e-16
147.0,2.220446049250313e-16,0.001728777893394602,2.220446049250313e-16,0.0002237555909954947,2.220446049250313e-16,0.48513260373314826,0.48577459211723817,2.220446049250313e-16,0.5620506492572067,0.0189062079397394,2.7755575615628914e-17,2.220446049250313e-16,0.6100734927424903,0.0014857703708905257,2.220446049250313e-16,0.000161620980808396,2.220446049250313e-16
148.0,2.220446049250313e-16,0.4728623407290752,2.220446049250313e-16,0.37817075536850825,5.551115123125783e-17,2.220446049250313e-16,0.32083189262035683,2.220446049250313e-16,0.5602304177443879,2.220446049250313e-16,2.220446049250313e-16,6.938893903907228e-18,0.21543137560653688,2.220446049250313e-16,2.220446049250313e-16,0.00020857237807429298,2.220446049250313e-16
149.0,2.220446049250313e-16,2.220446049250313e-16,0.408849423055345,2.220446049250313e-16,0.0027015916842525467,2.220446049250313e-16,2.220446049250313e-16,0.6896855184133702,0.16669040183707703,0.010420585097238306,0.39315150472012583,2.220446049250313e-16,2.220446049250313e-16,2.220446049250313e-16,2.220446049250313e-16,0.49199363067971497,2.220446049250313e-16
150.0,2.220446049250313e-16,2.220446049250313e-16,0.408849423055345,2.220446049250313e-16,0.0027015916842525467,2.220446049250313e-16,2.220446049250313e-16,0.6896855184133702,0.16669040183707703,0.010420585097238306,0.39315150472012583,2.220446049250313e-16,2.220446049250313e-16,2.220446049250313e-16,2.220446049250313e-16,0.49199363067971497,2.220446049250313e-16
151.0,2.220446049250313e-16,2.220446049250313e-16,2.220446049250313e-16,2.220446049250313e-16,0.3957337316049512,2.220446049250313e-16,2.220446049250313e-16,2.220446049250313e-16,2.220446049250313e-16,0.5313461031583442,0.393151504720126,2.220446049250313e-16,0.5488931313218417,0.40252502510016586,0.02179150861477383,0.4861693020689172,2.220446049250313e-16
152.0,2.220446049250313e-16,2.220446049250313e-16,2.220446049250313e-16,2.220446049250313e-16,0.3957337316049512,2.220446049250313e-16,2.220446049250313e-16,2.220446049250313e-16,2.220446049250313e-16,0.5313461031583442,0.393151504720126,2.220446049250313e-16,0.5488931313218417,0.40252502510016586,0.02179150861477383,0.4861693020689172,2.220446049250313e-16
153.0,0.2198331591693886,2.220446049250313e-16,0.37352961365614895,2.220446049250313e-16,0.002548707353313029,2.220446049250313e-16,2.220446049250313e-16,0.6945441940876839,2.220446049250313e-16,0.3605500762922982,2.220446049250313e-16,2.220446049250313e-16,2.220446049250313e-16,2.220446049250313e-16,2.220446049250313e-16,0.48924903979661266,2.220446049250313e-16
154.0,0.2198331591693886,2.220446049250313e-16,0.37352961365614895,2.220446049250313e-16,0.002548707353313029,2.220446049250313e-16,2.220446049250313e-16,0.6945441940876839,2.220446049250313e-16,0.3605500762922982,2.220446049250313e-16,2.220446049250313e-16,2.220446049250313e-16,2.220446049250313e-16,2.220446049250313e-16,0.48924903979661266,2.220446049250313e-16
155.0,0.17945093863846112,2.220446049250313e-16,0.21218315614825933,2.220446049250313e-16,0.39573373160495146,1.1102230246251565e-16,2.220446049250313e-16,2.220446049250313e-16,2.220446049250313e-16,0.6521701624354794,2.220446049250313e-16,2.220446049250313e-16,0.5390529875733968,2.220446049250313e-16,0.010721890336327247,0.48940396725128943,2.220446049250313e-16
156.0,0.17945093863846112,2.220446049250313e-16,0.21218315614825933,2.220446049250313e-16,0.39573373160495146,1.1102230246251565e-16,2.220446049250313e-16,2.220446049250313e-16,2.220446049250313e-16,0.6521701624354794,2.220446049250313e-16,2.220446049250313e-16,0.5390529875733968,2.220446049250313e-16,0.010721890336327247,0.48940396725128943,2.220446049250313e-16
157.0,2.220446049250313e-16,2.220446049250313e-16,0.03505531047706177,0.00016746905316633587,0.41193318825890757,0.48513265656755333,0.32869979718795544,0.2523504980119119,0.5892732494068346,2.220446049250313e-16,1.1102230246251565e-16,2.220446049250313e-16,2.220446049250313e-16,2.220446049250313e-16,2.220446049250313e-16,0.001616881667575092,0.1398362228718903
158.0,2.220446049250313e-16,2.220446049250313e-16,2.220446049250313e-16,0.5909540774535973,5.551115123125783e-17,0.4845781037349244,2.220446049250313e-16,2.220446049250313e-16,0.5592057306074598,2.220446049250313e-16,2.220446049250313e-16,2.220446049250313e-16,2.220446049250313e-16,2.220446049250313e-16,0.0022357805214595168,0.0002140910731497879,2.220446049250313e-16
159.0,2.220446049250313e-16,2.220446049250313e-16,2.220446049250313e-16,0.5909540774535973,5.551115123125783e-17,0.4845781037349244,2.220446049250313e-16,2.220446049250313e-16,0.5592057306074598,2.220446049250313e-16,2.220446049250313e-16,2.220446049250313e-16,2.220446049250313e-16,2.220446049250313e-16,0.0022357805214595168,0.0002140910731497879,2.220446049250313e-16
160.0,2.220446049250313e-16,0.001728777893394602,2.220446049250313e-16,0.0002237555909954947,2.220446049250313e-16,0.48513260373314826,0.48577459211723817,2.220446049250313e-16,0.5620506492572067,0.0189062079397394,2.7755575615628914e-17,2.220446049250313e-16,0.6100734927424903,0.0014857703708905257,2.220446049250313e-16,0.000161620980808396,2.220446049250313e-16
161.0,2.220446049250313e-16,0.001728777893394602,2.220446049250313e-16,0.0002237555909954947,2.220446049250313e-16,0.48513260373314826,0.48577459211723817,2.220446049250313e-16,0.5620506492572067,0.0189062079397394,2.7755575615628914e-17,2.220446049250313e-16,0.6100734927424903,0.0014857703708905257,2.220446049250313e-16,0.000161620980808396,2.220446049250313e-16
162.0,2.220446049250313e-16,0.47195354713337,2.220446049250313e-16,0.5916929166438071,2.220446049250313e-16,2.220446049250313e-16,2.220446049250313e-16,2.220446049250313e-16,0.5592021726264721,2.220446049250313e-16,2.220446049250313e-16,2.220446049250313e-16,2.220446049250313e-16,2.220446049250313e-16,2.220446049250313e-16,0.000214110235498615,2.220446049250313e-16
163.0,2.220446049250313e-16,2.220446049250313e-16,0.5465885484923703,0.00014387082426489672,0.39511712358407175,0.4851326787184695,2.220446049250313e-16,0.005904160434656649,0.5930749948977915,0.016667512625495363,2.220446049250313e-16,2.220446049250313e-16,2.220446049250313e-16,2.220446049250313e-16,2.220446049250313e-16,0.003325658036368458,0.22869442792983483
164.0,0.2409492942904383,2.220446049250313e-16,2.220446049250313e-16,0.5829303333753287,1.1102230246251565e-16,2.220446049250313e-16,2.220446049250313e-16,2.220446049250313e-16,2.220446049250313e-16,0.21328708460079232,2.220446049250313e-16,2.220446049250313e-16,2.220446049250313e-16,2.220446049250313e-16,0.5931566025386315,2.220446049250313e-16,2.220446049250313e-16
165.0,0.2409492942904383,2.220446049250313e-16,2.220446049250313e-16,0.5829303333753287,1.1102230246251565e-16,2.220446049250313e-16,2.220446049250313e-16,2.220446049250313e-16,2.220446049250313e-16,0.21328708460079232,2.220446049250313e-16,2.220446049250313e-16,2.220446049250313e-16,2.220446049250313e-16,0.5931566025386315,2.220446049250313e-16,2.220446049250313e-16
166.0,0.2409492942904383,2.220446049250313e-16,2.220446049250313e-16,0.5829303333753287,1.1102230246251565e-16,2.220446049250313e-16,2.220446049250313e-16,2.220446049250313e-16,2.220446049250313e-16,0.21328708460079232,2.220446049250313e-16,2.220446049250313e-16,2.220446049250313e-16,2.220446049250313e-16,0.5931566025386315,2.220446049250313e-16,2.220446049250313e-16
167.0,0.2409492942904383,2.220446049250313e-16,2.220446049250313e-16,0.5829303333753287,1.1102230246251565e-16,2.220446049250313e-16,2.220446049250313e-16,2.220446049250313e-16,2.220446049250313e-16,0.21328708460079232,2.220446049250313e-16,2.220446049250313e-16,2.220446049250313e-16,2.220446049250313e-16,0.5931566025386315,2.220446049250313e-16,2.220446049250313e-16
168.0,0.2409492942904383,2.220446049250313e-16,2.220446049250313e-16,0.5829303333753287,1.1102230246251565e-16,2.220446049250313e-16,2.220446049250313e-16,2.220446049250313e-16,2.220446049250313e-16,0.21328708460079232,2.220446049250313e-16,2.220446049250313e-16,2.220446049250313e-16,2.220446049250313e-16,0.5931566025386315,2.220446049250313e-16,2.220446049250313e-16
169.0,0.2409492942904383,2.220446049250313e-16,2.220446049250313e-16,0.5829303333753287,1.1102230246251565e-16,2.220446049250313e-16,2.220446049250313e-16,2.220446049250313e-16,2.220446049250313e-16,0.21328708460079232,2.220446049250313e-16,2.220446049250313e-16,2.220446049250313e-16,2.220446049250313e-16,0.5931566025386315,2.220446049250313e-16,2.220446049250313e-16
170.0,0.22574510395449207,2.220446049250313e-16,0.0818313911162355,2.220446049250313e-16,0.0014196475463632008,2.220446049250313e-16,2.220446049250313e-16,0.7304258006931934,2.220446049250313e-16,0.3177246983000745,2.220446049250313e-16,2.220446049250313e-16,2.220446049250313e-16,0.4027836849477044,2.220446049250313e-16,0.48640045313437896,2.220446049250313e-16
171.0,0.22574510395449207,2.220446049250313e-16,0.0818313911162355,2.220446049250313e-16,0.0014196475463632008,2.220446049250313e-16,2.220446049250313e-16,0.7304258006931934,2.220446049250313e-16,0.3177246983000745,2.220446049250313e-16,2.220446049250313e-16,2.220446049250313e-16,0.4027836849477044,2.220446049250313e-16,0.48640045313437896,2.220446049250313e-16
172.0,2.220446049250313e-16,2.220446049250313e-16,0.2200855112691731,2.220446049250313e-16,0.39573373160495123,5.551115123125783e-17,2.220446049250313e-16,2.220446049250313e-16,2.220446049250313e-16,0.580180979386175,0.39315150472012583,2.220446049250313e-16,0.5450990677583959,2.220446049250313e-16,0.017831715443331207,0.4894815574665378,2.220446049250313e-16
173.0,2.220446049250313e-16,2.220446049250313e-16,0.2200855112691731,2.220446049250313e-16,0.39573373160495123,5.551115123125783e-17,2.220446049250313e-16,2.220446049250313e-16,2.220446049250313e-16,0.580180979386175,0.39315150472012583,2.220446049250313e-16,0.5450990677583959,2.220446049250313e-16,0.017831715443331207,0.4894815574665378,2.220446049250313e-16
174.0,2.220446049250313e-16,2.220446049250313e-16,0.23539674182369266,0.00013556514213397541,0.3941275087291444,2.220446049250313e-16,2.220446049250313e-16,0.03427066644317417,0.5929593533596706,2.220446049250313e-16,2.220446049250313e-16,2.220446049250313e-16,2.220446049250313e-16,0.4031188503504662,2.220446049250313e-16,0.48781876824868525,0.2801991015387307
175.0,2.220446049250313e-16,2.220446049250313e-16,2.220446049250313e-16,0.5828818099245348,2.220446049250313e-16,2.220446049250313e-16,2.220446049250313e-16,2.220446049250313e-16,2.220446049250313e-16,0.1507831839512451,0.3931515047201258,2.220446049250313e-16,2.220446049250313e-16,2.220446049250313e-16,0.599934455739037,2.220446049250313e-16,2.220446049250313e-16
176.0,2.220446049250313e-16,2.220446049250313e-16,2.220446049250313e-16,0.5828818099245348,2.220446049250313e-16,2.220446049250313e-16,2.220446049250313e-16,2.220446049250313e-16,2.220446049250313e-16,0.1507831839512451,0.3931515047201258,2.220446049250313e-16,2.220446049250313e-16,2.220446049250313e-16,0.599934455739037,2.220446049250313e-16,2.220446049250313e-16
177.0,2.220446049250313e-16,2.220446049250313e-16,2.220446049250313e-16,0.5828818099245348,2.220446049250313e-16,2.220446049250313e-16,2.220446049250313e-16,2.220446049250313e-16,2.220446049250313e-16,0.1507831839512451,0.3931515047201258,2.220446049250313e-16,2.220446049250313e-16,2.220446049250313e-16,0.599934455739037,2.220446049250313e-16,2.220446049250313e-16
178.0,2.220446049250313e-16,2.220446049250313e-16,2.220446049250313e-16,0.5828818099245348,2.220446049250313e-16,2.220446049250313e-16,2.220446049250313e-16,2.220446049250313e-16,2.220446049250313e-16,0.1507831839512451,0.3931515047201258,2.220446049250313e-16,2.220446049250313e-16,2.220446049250313e-16,0.599934455739037,2.220446049250313e-16,2.220446049250313e-16
179.0,2.220446049250313e-16,2.220446049250313e-16,2.220446049250313e-16,0.5828818099245348,2.220446049250313e-16,2.220446049250313e-16,2.220446049250313e-16,2.220446049250313e-16,2.220446049250313e-16,0.1507831839512451,0.3931515047201258,2.220446049250313e-16,2.220446049250313e-16,2.220446049250313e-16,0.599934455739037,2.220446049250313e-16,2.220446049250313e-16
180.0,2.220446049250313e-16,2.220446049250313e-16,2.220446049250313e-16,0.5828818099245348,2.220446049250313e-16,2.220446049250313e-16,2.220446049250313e-16,2.220446049250313e-16,2.220446049250313e-16,0.1507831839512451,0.3931515047201258,2.220446049250313e-16,2.220446049250313e-16,2.220446049250313e-16,0.599934455739037,2.220446049250313e-16,2.220446049250313e-16
181.0,2.220446049250313e-16,2.220446049250313e-16,0.08881020708315576,2.220446049250313e-16,0.00140586835746348,2.220446049250313e-16,2.220446049250313e-16,0.7308637043652336,2.220446049250313e-16,0.2534114756333912,0.39315150472012594,2.220446049250313e-16,2.220446049250313e-16,0.40278347411803284,2.220446049250313e-16,0.48646916447680616,2.220446049250313e-16
182.0,2.220446049250313e-16,2.220446049250313e-16,0.08881020708315576,2.220446049250313e-16,0.00140586835746348,2.220446049250313e-16,2.220446049250313e-16,0.7308637043652336,2.220446049250313e-16,0.2534114756333912,0.39315150472012594,2.220446049250313e-16,2.220446049250313e-16,0.40278347411803284,2.220446049250313e-16,0.48646916447680616,2.220446049250313e-16
183.0,2.220446049250313e-16,2.220446049250313e-16,0.2200855112691731,2.220446049250313e-16,0.39573373160495123,5.551115123125783e-17,2.220446049250313e-16,2.220446049250313e-16,2.220446049250313e-16,0.580180979386175,0.39315150472012583,2.220446049250313e-16,0.5450990677583959,2.220446049250313e-16,0.017831715443331207,0.4894815574665378,2.220446049250313e-16
184.0,2.220446049250313e-16,2.220446049250313e-16,0.2200855112691731,2.220446049250313e-16,0.39573373160495123,5.551115123125783e-17,2.220446049250313e-16,2.220446049250313e-16,2.220446049250313e-16,0.580180979386175,0.39315150472012583,2.220446049250313e-16,0.5450990677583959,2.220446049250313e-16,0.017831715443331207,0.4894815574665378,2.220446049250313e-16
185.0,2.220446049250313e-16,2.220446049250313e-16,0.08881020708315576,2.220446049250313e-16,0.00140586835746348,2.220446049250313e-16,2.220446049250313e-16,0.7308637043652336,2.220446049250313e-16,0.2534114756333912,0.39315150472012594,2.220446049250313e-16,2.220446049250313e-16,0.40278347411803284,2.220446049250313e-16,0.48646916447680616,2.220446049250313e-16
186.0,2.220446049250313e-16,2.220446049250313e-16,0.08881020708315576,2.220446049250313e-16,0.00140586835746348,2.220446049250313e-16,2.220446049250313e-16,0.7308637043652336,2.220446049250313e-16,0.2534114756333912,0.39315150472012594,2.220446049250313e-16,2.220446049250313e-16,0.40278347411803284,2.220446049250313e-16,0.48646916447680616,2.220446049250313e-16
187.0,2.220446049250313e-16,2.220446049250313e-16,0.2200855112691731,2.220446049250313e-16,0.39573373160495123,5.551115123125783e-17,2.220446049250313e-16,2.220446049250313e-16,2.220446049250313e-16,0.580180979386175,0.39315150472012583,2.220446049250313e-16,0.5450990677583959,2.220446049250313e-16,0.017831715443331207,0.4894815574665378,2.220446049250313e-16
188.0,2.220446049250313e-16,2.220446049250313e-16,0.2200855112691731,2.220446049250313e-16,0.39573373160495123,5.551115123125783e-17,2.220446049250313e-16,2.220446049250313e-16,2.220446049250313e-16,0.580180979386175,0.39315150472012583,2.220446049250313e-16,0.5450990677583959,2.220446049250313e-16,0.017831715443331207,0.4894815574665378,2.220446049250313e-16
189.0,2.220446049250313e-16,2.220446049250313e-16,0.24228630459878103,0.0001489453488421888,0.394272678126372,0.485132673955173,0.3331392156284883,0.02968431067269785,0.5954064413205269,2.220446049250313e-16,2.220446049250313e-16,2.220446049250313e-16,2.220446049250313e-16,2.220446049250313e-16,2.220446049250313e-16,0.0005497840690117145,0.27974579920236026
190.0,2.220446049250313e-16,0.001728777893394602,2.220446049250313e-16,0.0002237555909954947,2.220446049250313e-16,0.48513260373314826,0.48577459211723817,2.220446049250313e-16,0.5620506492572067,0.0189062079397394,2.7755575615628914e-17,2.220446049250313e-16,0.6100734927424903,0.0014857703708905257,2.220446049250313e-16,0.000161620980808396,2.220446049250313e-16
191.0,2.220446049250313e-16,2.220446049250313e-16,2.220446049250313e-16,0.37746921385364224,2.220446049250313e-16,0.4847784952708009,0.3237890393806985,2.220446049250313e-16,0.5602337961133278,2.220446049250313e-16,2.220446049250313e-16,2.220446049250313e-16,0.21591467617545346,2.220446049250313e-16,2.220446049250313e-16,0.00020855418306886333,2.220446049250313e-16
192.0,2.220446049250313e-16,0.001728777893394602,2.220446049250313e-16,0.0002237555909954947,2.220446049250313e-16,0.48513260373314826,0.48577459211723817,2.220446049250313e-16,0.5620506492572067,0.0189062079397394,2.7755575615628914e-17,2.220446049250313e-16,0.6100734927424903,0.0014857703708905257,2.220446049250313e-16,0.000161620980808396,2.220446049250313e-16
193.0,2.220446049250313e-16,0.001728777893394602,2.220446049250313e-16,0.0002237555909954947,2.220446049250313e-16,0.48513260373314826,0.48577459211723817,2.220446049250313e-16,0.5620506492572067,0.0189062079397394,2.7755575615628914e-17,2.220446049250313e-16,0.6100734927424903,0.0014857703708905257,2.220446049250313e-16,0.000161620980808396,2.220446049250313e-16
194.0,2.220446049250313e-16,0.001728777893394602,2.220446049250313e-16,0.0002237555909954947,2.220446049250313e-16,0.48513260373314826,0.48577459211723817,2.220446049250313e-16,0.5620506492572067,0.0189062079397394,2.7755575615628914e-17,2.220446049250313e-16,0.6100734927424903,0.0014857703708905257,2.220446049250313e-16,0.000161620980808396,2.220446049250313e-16
195.0,2.220446049250313e-16,2.220446049250313e-16,0.5405566722698232,0.00013025965577584397,0.395137554509679,2.220446049250313e-16,2.220446049250313e-16,0.005178439668121233,0.5908658366405612,0.015996687665406642,2.220446049250313e-16,2.220446049250313e-16,2.220446049250313e-16,2.220446049250313e-16,2.220446049250313e-16,0.4906030295921135,0.22997095655356614
196.0,0.2409492942904383,2.220446049250313e-16,2.220446049250313e-16,0.5829303333753287,1.1102230246251565e-16,2.220446049250313e-16,2.220446049250313e-16,2.220446049250313e-16,2.220446049250313e-16,0.21328708460079232,2.220446049250313e-16,2.220446049250313e-16,2.220446049250313e-16,2.220446049250313e-16,0.5931566025386315,2.220446049250313e-16,2.220446049250313e-16
197.0,0.2409492942904383,2.220446049250313e-16,2.220446049250313e-16,0.5829303333753287,1.1102230246251565e-16,2.220446049250313e-16,2.220446049250313e-16,2.220446049250313e-16,2.220446049250313e-16,0.21328708460079232,2.220446049250313e-16,2.220446049250313e-16,2.220446049250313e-16,2.220446049250313e-16,0.5931566025386315,2.220446049250313e-16,2.220446049250313e-16
198.0,0.2409492942904383,2.220446049250313e-16,2.220446049250313e-16,0.5829303333753287,1.1102230246251565e-16,2.220446049250313e-16,2.220446049250313e-16,2.220446049250313e-16,2.220446049250313e-16,0.21328708460079232,2.220446049250313e-16,2.220446049250313e-16,2.220446049250313e-16,2.220446049250313e-16,0.5931566025386315,2.220446049250313e-16,2.220446049250313e-16
199.0,0.2409492942904383,2.220446049250313e-16,2.220446049250313e-16,0.5829303333753287,1.1102230246251565e-16,2.220446049250313e-16,2.220446049250313e-16,2.220446049250313e-16,2.220446049250313e-16,0.21328708460079232,2.220446049250313e-16,2.220446049250313e-16,2.220446049250313e-16,2.220446049250313e-16,0.5931566025386315,2.220446049250313e-16,2.220446049250313e-16
200.0,0.2409492942904383,2.220446049250313e-16,2.220446049250313e-16,0.5829303333753287,1.1102230246251565e-16,2.220446049250313e-16,2.220446049250313e-16,2.220446049250313e-16,2.220446049250313e-16,0.21328708460079232,2.220446049250313e-16,2.220446049250313e-16,2.220446049250313e-16,2.220446049250313e-16,0.5931566025386315,2.220446049250313e-16,2.220446049250313e-16
201.0,0.2409492942904383,2.220446049250313e-16,2.220446049250313e-16,0.5829303333753287,1.1102230246251565e-16,2.220446049250313e-16,2.220446049250313e-16,2.220446049250313e-16,2.220446049250313e-16,0.21328708460079232,2.220446049250313e-16,2.220446049250313e-16,2.220446049250313e-16,2.220446049250313e-16,0.5931566025386315,2.220446049250313e-16,2.220446049250313e-16
202.0,2.220446049250313e-16,2.220446049250313e-16,0.03505531047706177,0.00016746905316633587,0.41193318825890757,0.48513265656755333,0.32869979718795544,0.2523504980119119,0.5892732494068346,2.220446049250313e-16,1.1102230246251565e-16,2.220446049250313e-16,2.220446049250313e-16,2.220446049250313e-16,2.220446049250313e-16,0.001616881667575092,0.1398362228718903
203.0,2.220446049250313e-16,2.220446049250313e-16,2.220446049250313e-16,0.5909540774535973,5.551115123125783e-17,0.4845781037349244,2.220446049250313e-16,2.220446049250313e-16,0.5592057306074598,2.220446049250313e-16,2.220446049250313e-16,2.220446049250313e-16,2.220446049250313e-16,2.220446049250313e-16,0.0022357805214595168,0.0002140910731497879,2.220446049250313e-16
204.0,2.220446049250313e-16,2.220446049250313e-16,2.220446049250313e-16,0.5909540774535973,5.551115123125783e-17,0.4845781037349244,2.220446049250313e-16,2.220446049250313e-16,0.5592057306074598,2.220446049250313e-16,2.220446049250313e-16,2.220446049250313e-16,2.220446049250313e-16,2.220446049250313e-16,0.0022357805214595168,0.0002140910731497879,2.220446049250313e-16
205.0,2.220446049250313e-16,0.001728777893394602,2.220446049250313e-16,0.0002237555909954947,2.220446049250313e-16,0.48513260373314826,0.48577459211723817,2.220446049250313e-16,0.5620506492572067,0.0189062079397394,2.7755575615628914e-17,2.220446049250313e-16,0.6100734927424903,0.0014857703708905257,2.220446049250313e-16,0.000161620980808396,2.220446049250313e-16
206.0,2.220446049250313e-16,0.0017287778933946015,2.220446049250313e-16,0.00022375559099552245,2.220446049250313e-16,0.48513260373314837,0.4857745921172382,2.220446049250313e-16,0.5620506492572068,0.018906207939739437,2.7755575615628914e-17,2.220446049250313e-16,0.6100734927424903,0.001485770370890525,2.220446049250313e-16,0.00016162098080839662,2.220446049250313e-16
207.0,2.220446049250313e-16,0.47195354713337,2.220446049250313e-16,0.5916929166438071,2.220446049250313e-16,2.220446049250313e-16,2.220446049250313e-16,2.220446049250313e-16,0.5592021726264721,2.220446049250313e-16,2.220446049250313e-16,2.220446049250313e-16,2.220446049250313e-16,2.220446049250313e-16,2.220446049250313e-16,0.000214110235498615,2.220446049250313e-16
208.0,2.220446049250313e-16,0.02835908395748789,0.20966417782313507,2.220446049250313e-16,2.220446049250313e-16,0.4851328137654938,2.220446049250313e-16,0.13303082438626956,2.220446049250313e-16,0.25898633555652756,2.220446049250313e-16,2.220446049250313e-16,2.220446049250313e-16,0.4030669871874201,2.220446049250313e-16,2.220446049250313e-16,0.7459744321389772
209.0,0.2872750740957773,0.23011690770971413,2.220446049250313e-16,0.3797851971617316,2.220446049250313e-16,0.26095199612097886,0.3222286767818226,0.006128611050913437,2.220446049250313e-16,2.220446049250313e-16,5.551115123125783e-17,0.39320497129346726,0.21565965868972478,2.220446049250313e-16,2.220446049250313e-16,2.220446049250313e-16,0.17324498000609226
210.0,2.220446049250313e-16,2.220446049250313e-16,2.220446049250313e-16,2.220446049250313e-16,2.220446049250313e-16,0.4851328137654938,0.15148588227360885,0.021849315867522923,2.220446049250313e-16,0.5289518530121732,2.220446049250313e-16,2.220446049250313e-16,0.5792410833979628,0.40614939864471716,0.019989798827317464,2.220446049250313e-16,0.19222058237022918
211.0,2.220446049250313e-16,2.220446049250313e-16,2.220446049250313e-16,2.220446049250313e-16,0.3991400320229769,2.220446049250313e-16,2.220446049250313e-16,0.65563336629324,0.17129064568419153,2.220446049250313e-16,2.220446049250313e-16,2.220446049250313e-16,2.220446049250313e-16,0.40281969392783834,2.220446049250313e-16,0.4902044761692974,0.194699588284508
212.0,2.220446049250313e-16,2.220446049250313e-16,0.04493381943521703,2.220446049250313e-16,0.0005311539561529965,2.220446049250313e-16,2.220446049250313e-16,0.7483393303702832,2.220446049250313e-16,0.2571273659466649,2.220446049250313e-16,2.220446049250313e-16,2.220446049250313e-16,0.40277506043989914,2.220446049250313e-16,0.4867661534239114,0.17242441488023674
213.0,2.220446049250313e-16,2.220446049250313e-16,2.220446049250313e-16,2.220446049250313e-16,2.220446049250313e-16,0.4851328137654937,0.14688150444633563,0.15364295083479595,0.16618103599700898,0.013517492162505376,9.71445146547012e-17,2.220446049250313e-16,0.6221781977000288,0.40605892274359684,2.220446049250313e-16,0.0018622620265508092,0.28767618489797947
214.0,0.5547137554463996,2.220446049250313e-16,0.6830480590833318,2.220446049250313e-16,2.220446049250313e-16,0.4851328137654934,2.220446049250313e-16,0.3324997771289244,0.005014333050615046,0.015701713184015597,2.220446049250313e-16,0.39320497129346726,2.220446049250313e-16,2.220446049250313e-16,2.220446049250313e-16,0.0012266020664939317,2.220446049250313e-16
215.0,0.5547137554463996,2.220446049250313e-16,0.6830480590833318,2.220446049250313e-16,2.220446049250313e-16,0.4851328137654934,2.220446049250313e-16,0.3324997771289244,0.005014333050615046,0.015701713184015597,2.220446049250313e-16,0.39320497129346726,2.220446049250313e-16,2.220446049250313e-16,2.220446049250313e-16,0.0012266020664939317,2.220446049250313e-16
216.0,0.17604989135502194,2.220446049250313e-16,0.18328429854711892,2.220446049250313e-16,0.4156808359369557,2.220446049250313e-16,2.220446049250313e-16,0.14162181379133348,2.220446049250313e-16,0.6769743854348593,2.220446049250313e-16,2.220446049250313e-16,0.30848473960955186,2.220446049250313e-16,0.008734749318256357,0.48918134666859997,2.220446049250313e-16
217.0,0.17604989135502194,2.220446049250313e-16,0.18328429854711892,2.220446049250313e-16,0.4156808359369557,2.220446049250313e-16,2.220446049250313e-16,0.14162181379133348,2.220446049250313e-16,0.6769743854348593,2.220446049250313e-16,2.220446049250313e-16,0.30848473960955186,2.220446049250313e-16,0.008734749318256357,0.48918134666859997,2.220446049250313e-16
218.0,0.22206566917604773,2.220446049250313e-16,0.599265512434144,2.220446049250313e-16,2.220446049250313e-16,2.220446049250313e-16,2.220446049250313e-16,0.48229949685769746,2.220446049250313e-16,0.3443780570360619,2.220446049250313e-16,2.220446049250313e-16,2.220446049250313e-16,2.220446049250313e-16,2.220446049250313e-16,0.4880672319278413,0.06059422636209388
219.0,0.22206566917604773,2.220446049250313e-16,0.599265512434144,2.220446049250313e-16,2.220446049250313e-16,2.220446049250313e-16,2.220446049250313e-16,0.48229949685769746,2.220446049250313e-16,0.3443780570360619,2.220446049250313e-16,2.220446049250313e-16,2.220446049250313e-16,2.220446049250313e-16,2.220446049250313e-16,0.4880672319278413,0.06059422636209388
220.0,0.17945093863846112,2.220446049250313e-16,0.21218315614825933,2.220446049250313e-16,0.39573373160495146,1.1102230246251565e-16,2.220446049250313e-16,2.220446049250313e-16,2.220446049250313e-16,0.6521701624354794,2.220446049250313e-16,2.220446049250313e-16,0.5390529875733968,2.220446049250313e-16,0.010721890336327247,0.48940396725128943,2.220446049250313e-16
221.0,0.17945093863846112,2.220446049250313e-16,0.21218315614825933,2.220446049250313e-16,0.39573373160495146,1.1102230246251565e-16,2.220446049250313e-16,2.220446049250313e-16,2.220446049250313e-16,0.6521701624354794,2.220446049250313e-16,2.220446049250313e-16,0.5390529875733968,2.220446049250313e-16,0.010721890336327247,0.48940396725128943,2.220446049250313e-16
