id,x_0,x_1,x_2,x_3,x_4,x_5,x_6,x_7,x_8,x_9,x_10,x_11,x_12,x_13,x_14
0.0,2.220446049250313e-16,0.46376998260235547,0.153457762479297,0.0014232972665901567,2.220446049250313e-16,0.3809798000947352,2.220446049250313e-16,2.220446049250313e-16,0.4766332082938912,0.09320513679870818,2.220446049250313e-16,0.5158176681333486,2.220446049250313e-16,2.220446049250313e-16,2.220446049250313e-16
1.0,2.220446049250313e-16,0.49615672411696893,0.08072214382008813,2.220446049250313e-16,2.220446049250313e-16,0.38097980009473514,2.220446049250313e-16,2.220446049250313e-16,0.7608218852584759,0.06459464749965824,2.220446049250313e-16,2.220446049250313e-16,0.0038666946505623123,2.220446049250313e-16,2.220446049250313e-16
2.0,2.220446049250313e-16,0.4943676039428304,0.07002360726032786,2.220446049250313e-16,0.09243114306812708,2.220446049250313e-16,2.220446049250313e-16,2.220446049250313e-16,0.8104010217778203,0.0403860912021597,2.220446049250313e-16,2.220446049250313e-16,0.0011503185931281273,2.220446049250313e-16,2.220446049250313e-16
3.0,2.220446049250313e-16,0.014590553140555884,0.08270755476327252,2.220446049250313e-16,2.220446049250313e-16,0.3809798000947353,2.220446049250313e-16,2.220446049250313e-16,0.7531079002517004,0.06526425776691287,2.220446049250313e-16,2.220446049250313e-16,0.4767390938924503,2.220446049250313e-16,2.220446049250313e-16
4.0,2.220446049250313e-16,0.017841330617611544,0.38628992249727967,2.220446049250313e-16,0.1089391981242289,2.220446049250313e-16,2.220446049250313e-16,2.220446049250313e-16,0.6630241022717657,2.220446049250313e-16,2.220446049250313e-16,2.220446049250313e-16,0.4816746673851426,0.000992041645136371,2.220446049250313e-16
5.0,0.003619447003853332,0.026774742391573014,2.220446049250313e-16,2.220446049250313e-16,0.17464837925096932,2.220446049250313e-16,0.2933704166293246,2.220446049250313e-16,0.4128235524680132,2.220446049250313e-16,0.2901416556957073,2.220446049250313e-16,0.5497380966426817,2.220446049250313e-16,2.220446049250313e-16
6.0,2.220446049250313e-16,0.4994081639339477,0.38424003218658365,2.220446049250313e-16,0.10846180740673553,2.220446049250313e-16,2.220446049250313e-16,2.220446049250313e-16,0.6707197328706374,2.220446049250313e-16,2.220446049250313e-16,2.220446049250313e-16,0.008803273757262373,0.0009881137560193317,2.220446049250313e-16
7.0,2.220446049250313e-16,0.017841330617611544,0.38628992249727967,2.220446049250313e-16,0.1089391981242289,2.220446049250313e-16,2.220446049250313e-16,2.220446049250313e-16,0.6630241022717657,2.220446049250313e-16,2.220446049250313e-16,2.220446049250313e-16,0.4816746673851426,0.000992041645136371,2.220446049250313e-16
8.0,2.220446049250313e-16,0.017841330617611544,0.38628992249727967,2.220446049250313e-16,0.1089391981242289,2.220446049250313e-16,2.220446049250313e-16,2.220446049250313e-16,0.6630241022717657,2.220446049250313e-16,2.220446049250313e-16,2.220446049250313e-16,0.4816746673851426,0.000992041645136371,2.220446049250313e-16
9.0,2.220446049250313e-16,0.014590553140555884,0.08270755476327252,2.220446049250313e-16,2.220446049250313e-16,0.3809798000947353,2.220446049250313e-16,2.220446049250313e-16,0.7531079002517004,0.06526425776691287,2.220446049250313e-16,2.220446049250313e-16,0.4767390938924503,2.220446049250313e-16,2.220446049250313e-16
10.0,2.220446049250313e-16,0.4943676039428304,0.07002360726032786,2.220446049250313e-16,0.09243114306812708,2.220446049250313e-16,2.220446049250313e-16,2.220446049250313e-16,0.8104010217778203,0.0403860912021597,2.220446049250313e-16,2.220446049250313e-16,0.0011503185931281273,2.220446049250313e-16,2.220446049250313e-16
11.0,2.220446049250313e-16,0.5093051788883087,2.220446049250313e-16,2.220446049250313e-16,0.22312810382624387,0.4065853229606637,2.220446049250313e-16,0.006655054296004658,0.3964589746225776,0.289754394527395,2.220446049250313e-16,2.220446049250313e-16,0.023829662062918987,2.220446049250313e-16,2.220446049250313e-16
12.0,2.220446049250313e-16,0.4994081639339477,0.38424003218658365,2.220446049250313e-16,0.10846180740673553,2.220446049250313e-16,2.220446049250313e-16,2.220446049250313e-16,0.6707197328706374,2.220446049250313e-16,2.220446049250313e-16,2.220446049250313e-16,0.008803273757262373,0.0009881137560193317,2.220446049250313e-16
13.0,2.220446049250313e-16,0.03377066338797422,2.220446049250313e-16,2.220446049250313e-16,0.22033563225171315,2.220446049250313e-16,0.29090527579803144,2.220446049250313e-16,0.2189529241989892,0.131851911289093,0.28938674776208984,2.220446049250313e-16,0.5604304885918626,2.220446049250313e-16,2.220446049250313e-16
14.0,0.005103056459731087,2.220446049250313e-16,0.09220828003395631,2.220446049250313e-16,0.06701592929161398,2.220446049250313e-16,2.220446049250313e-16,0.00013211907014020567,0.39104741866172454,0.32068269555333534,2.220446049250313e-16,0.24237582047270387,2.220446049250313e-16,0.21963610339417247,0.4854919143796074
15.0,2.220446049250313e-16,0.5093051788883087,2.220446049250313e-16,2.220446049250313e-16,0.22312810382624387,0.4065853229606637,2.220446049250313e-16,0.006655054296004658,0.3964589746225776,0.289754394527395,2.220446049250313e-16,2.220446049250313e-16,0.023829662062918987,2.220446049250313e-16,2.220446049250313e-16
16.0,2.220446049250313e-16,0.4994081639339477,0.38424003218658365,2.220446049250313e-16,0.10846180740673553,2.220446049250313e-16,2.220446049250313e-16,2.220446049250313e-16,0.6707197328706374,2.220446049250313e-16,2.220446049250313e-16,2.220446049250313e-16,0.008803273757262373,0.0009881137560193317,2.220446049250313e-16
17.0,2.220446049250313e-16,0.49615672411696893,0.08072214382008813,2.220446049250313e-16,2.220446049250313e-16,0.38097980009473514,2.220446049250313e-16,2.220446049250313e-16,0.7608218852584759,0.06459464749965824,2.220446049250313e-16,2.220446049250313e-16,0.0038666946505623123,2.220446049250313e-16,2.220446049250313e-16
18.0,2.220446049250313e-16,0.48100607847680615,2.220446049250313e-16,0.0016361644294380327,0.26139369249192657,0.40450186477982103,2.220446049250313e-16,0.0038946774737399453,2.220446049250313e-16,0.5310163366970185,2.220446049250313e-16,0.5021172876032131,0.005458898338272624,2.220446049250313e-16,2.220446049250313e-16
19.0,2.220446049250313e-16,0.48100694007713485,2.220446049250313e-16,0.0015094645349930588,0.5187347043381901,0.3904795831062623,0.00909057986349127,2.220446049250313e-16,2.220446049250313e-16,0.2787143380182743,2.220446049250313e-16,0.5098197791119776,0.0049678003722522825,2.220446049250313e-16,2.220446049250313e-16
20.0,2.220446049250313e-16,0.4810156557687661,0.002993410059112367,2.7755575615628914e-17,0.13996772980175717,0.41051658424734194,0.5041710876623029,0.2625998607219666,2.220446049250313e-16,0.15101454847274598,2.220446049250313e-16,2.220446049250313e-16,2.220446049250313e-16,0.28660223686837416,0.00046538660406465965
21.0,2.220446049250313e-16,0.4809595103585703,2.220446049250313e-16,2.220446049250313e-16,2.220446049250313e-16,2.220446049250313e-16,0.5025715092871221,0.4950278500153609,2.220446049250313e-16,2.220446049250313e-16,0.5202285483923854,2.220446049250313e-16,0.03200195709973946,1.0890838346251045e-16,0.004052643100795542
22.0,2.220446049250313e-16,0.4810156557687661,2.220446049250313e-16,2.220446049250313e-16,0.3788787283649945,0.39749071847113326,0.5192183353769597,0.49474077240784803,2.220446049250313e-16,2.220446049250313e-16,2.220446049250313e-16,2.220446049250313e-16,2.220446049250313e-16,2.220446049250313e-16,0.003641662663891623
23.0,2.220446049250313e-16,0.0391201708061332,2.220446049250313e-16,2.220446049250313e-16,0.17934743094475217,2.220446049250313e-16,0.5351081893976148,0.0019945815801611475,0.0727001993792757,2.220446049250313e-16,0.291710785786619,2.220446049250313e-16,0.5275131958247753,0.29286691609207066,0.002855443921093767
24.0,0.023869245727820027,2.220446049250313e-16,0.6919551211931527,3.469446951953614e-18,2.220446049250313e-16,1.3877787807814457e-17,2.220446049250313e-16,2.220446049250313e-16,0.32309186676402624,2.220446049250313e-16,2.220446049250313e-16,2.220446049250313e-16,2.220446049250313e-16,0.5244054684125339,0.48549351656160794
25.0,2.220446049250313e-16,0.039114580148940564,2.220446049250313e-16,2.220446049250313e-16,0.17969572011035795,2.220446049250313e-16,0.5350893771617474,0.0019949060006630073,0.07352590807117844,2.220446049250313e-16,0.2926880814150043,0.21480247626055707,0.5136709411026026,2.220446049250313e-16,0.0028559083616348105
26.0,2.220446049250313e-16,0.4810156557687661,2.220446049250313e-16,2.220446049250313e-16,0.37823605669835964,0.3975199845547672,0.5240569629602794,0.25401579359957094,2.220446049250313e-16,2.220446049250313e-16,2.220446049250313e-16,2.220446049250313e-16,2.220446049250313e-16,0.2926010345282329,7.437840330154186e-05
27.0,2.220446049250313e-16,0.48100694007713485,2.220446049250313e-16,0.0015094645349930588,0.5187347043381901,0.3904795831062623,0.00909057986349127,2.220446049250313e-16,2.220446049250313e-16,0.2787143380182743,2.220446049250313e-16,0.5098197791119776,0.0049678003722522825,2.220446049250313e-16,2.220446049250313e-16
28.0,2.220446049250313e-16,2.220446049250313e-16,2.220446049250313e-16,2.220446049250313e-16,0.1830211688646832,2.220446049250313e-16,2.220446049250313e-16,0.248009374362679,0.07752247241071339,0.6730438104541914,2.220446049250313e-16,2.220446049250313e-16,2.220446049250313e-16,0.2660318419395511,0.4824859556145501
29.0,2.220446049250313e-16,0.5209540927279579,2.220446049250313e-16,2.220446049250313e-16,0.005673403315861997,2.220446049250313e-16,0.26993813797881666,2.220446049250313e-16,0.07479475881445012,0.2059251911827895,0.5212228897462846,0.24456019452943187,0.017918269521796853,2.220446049250313e-16,2.220446049250313e-16
30.0,2.220446049250313e-16,0.49615672411696893,0.08072214382008813,2.220446049250313e-16,2.220446049250313e-16,0.38097980009473514,2.220446049250313e-16,2.220446049250313e-16,0.7608218852584759,0.06459464749965824,2.220446049250313e-16,2.220446049250313e-16,0.0038666946505623123,2.220446049250313e-16,2.220446049250313e-16
31.0,2.220446049250313e-16,0.49615672411696893,0.08072214382008813,2.220446049250313e-16,2.220446049250313e-16,0.38097980009473514,2.220446049250313e-16,2.220446049250313e-16,0.7608218852584759,0.06459464749965824,2.220446049250313e-16,2.220446049250313e-16,0.0038666946505623123,2.220446049250313e-16,2.220446049250313e-16
32.0,2.220446049250313e-16,0.4994081639339477,0.38424003218658365,2.220446049250313e-16,0.10846180740673553,2.220446049250313e-16,2.220446049250313e-16,2.220446049250313e-16,0.6707197328706374,2.220446049250313e-16,2.220446049250313e-16,2.220446049250313e-16,0.008803273757262373,0.0009881137560193317,2.220446049250313e-16
33.0,2.220446049250313e-16,0.03377066338797422,2.220446049250313e-16,2.220446049250313e-16,0.22033563225171315,2.220446049250313e-16,0.29090527579803144,2.220446049250313e-16,0.2189529241989892,0.131851911289093,0.28938674776208984,2.220446049250313e-16,0.5604304885918626,2.220446049250313e-16,2.220446049250313e-16
34.0,2.220446049250313e-16,2.220446049250313e-16,2.220446049250313e-16,2.220446049250313e-16,0.1830211688646832,2.220446049250313e-16,2.220446049250313e-16,0.248009374362679,0.07752247241071339,0.6730438104541914,2.220446049250313e-16,2.220446049250313e-16,2.220446049250313e-16,0.2660318419395511,0.4824859556145501
35.0,2.220446049250313e-16,0.48094917877394905,2.220446049250313e-16,0.0014219003932711416,0.010627852869774745,2.220446049250313e-16,0.26967081142513366,2.220446049250313e-16,2.220446049250313e-16,0.20427428456941923,0.5198127830005023,0.5096912046831388,0.03789078980496272,2.220446049250313e-16,2.220446049250313e-16
36.0,2.220446049250313e-16,0.5023001499583825,0.12305983357694972,2.220446049250313e-16,2.220446049250313e-16,0.3809798000947352,2.220446049250313e-16,2.220446049250313e-16,0.5912183376232278,0.09200634395085974,2.220446049250313e-16,0.249322380591422,2.220446049250313e-16,2.220446049250313e-16,2.220446049250313e-16
37.0,2.220446049250313e-16,0.5023001499583825,0.12305983357694972,2.220446049250313e-16,2.220446049250313e-16,0.3809798000947352,2.220446049250313e-16,2.220446049250313e-16,0.5912183376232278,0.09200634395085974,2.220446049250313e-16,0.249322380591422,2.220446049250313e-16,2.220446049250313e-16,2.220446049250313e-16
38.0,2.220446049250313e-16,0.026036505402603344,2.220446049250313e-16,2.220446049250313e-16,0.03234752247691619,0.3792185646692645,2.220446049250313e-16,2.220446049250313e-16,0.4359238239684691,0.4844706492904112,2.220446049250313e-16,2.220446049250313e-16,0.49411719466431425,2.220446049250313e-16,2.220446049250313e-16
39.0,2.220446049250313e-16,0.4994081639339477,0.38424003218658365,2.220446049250313e-16,0.10846180740673553,2.220446049250313e-16,2.220446049250313e-16,2.220446049250313e-16,0.6707197328706374,2.220446049250313e-16,2.220446049250313e-16,2.220446049250313e-16,0.008803273757262373,0.0009881137560193317,2.220446049250313e-16
40.0,2.220446049250313e-16,0.4994081639339477,0.38424003218658365,2.220446049250313e-16,0.10846180740673553,2.220446049250313e-16,2.220446049250313e-16,2.220446049250313e-16,0.6707197328706374,2.220446049250313e-16,2.220446049250313e-16,2.220446049250313e-16,0.008803273757262373,0.0009881137560193317,2.220446049250313e-16
41.0,2.220446049250313e-16,0.4943676039428304,0.07002360726032786,2.220446049250313e-16,0.09243114306812708,2.220446049250313e-16,2.220446049250313e-16,2.220446049250313e-16,0.8104010217778203,0.0403860912021597,2.220446049250313e-16,2.220446049250313e-16,0.0011503185931281273,2.220446049250313e-16,2.220446049250313e-16
42.0,2.220446049250313e-16,0.4943676039428304,0.07002360726032786,2.220446049250313e-16,0.09243114306812708,2.220446049250313e-16,2.220446049250313e-16,2.220446049250313e-16,0.8104010217778203,0.0403860912021597,2.220446049250313e-16,2.220446049250313e-16,0.0011503185931281273,2.220446049250313e-16,2.220446049250313e-16
43.0,2.220446049250313e-16,0.5093051788883087,2.220446049250313e-16,2.220446049250313e-16,0.22312810382624387,0.4065853229606637,2.220446049250313e-16,0.006655054296004658,0.3964589746225776,0.289754394527395,2.220446049250313e-16,2.220446049250313e-16,0.023829662062918987,2.220446049250313e-16,2.220446049250313e-16
44.0,2.220446049250313e-16,0.4994081639339477,0.38424003218658365,2.220446049250313e-16,0.10846180740673553,2.220446049250313e-16,2.220446049250313e-16,2.220446049250313e-16,0.6707197328706374,2.220446049250313e-16,2.220446049250313e-16,2.220446049250313e-16,0.008803273757262373,0.0009881137560193317,2.220446049250313e-16
45.0,2.220446049250313e-16,0.5093051788883087,2.220446049250313e-16,2.220446049250313e-16,0.22312810382624387,0.4065853229606637,2.220446049250313e-16,0.006655054296004658,0.3964589746225776,0.289754394527395,2.220446049250313e-16,2.220446049250313e-16,0.023829662062918987,2.220446049250313e-16,2.220446049250313e-16
46.0,2.220446049250313e-16,2.220446049250313e-16,2.220446049250313e-16,2.220446049250313e-16,0.17809107544456898,2.220446049250313e-16,2.220446049250313e-16,2.220446049250313e-16,0.07555832956976738,0.6990155650480794,2.220446049250313e-16,2.220446049250313e-16,2.220446049250313e-16,0.4970300937072054,0.48549351656160794
47.0,2.220446049250313e-16,0.4809498676853672,2.220446049250313e-16,0.0013212694812391734,2.220446049250313e-16,2.220446049250313e-16,0.5122125174057137,0.002345062106933377,2.220446049250313e-16,0.0038765187298146924,0.519840506291403,0.5158093081194673,0.03749812166727146,2.220446049250313e-16,0.0034212351549022706
48.0,2.220446049250313e-16,0.4805176079178432,2.220446049250313e-16,1.0408340855860843e-16,0.010932550470957814,0.3803845521837421,2.220446049250313e-16,0.001486845745298132,0.0137649683360481,0.7414651980756404,1.262177448353619e-29,2.220446049250313e-16,2.220446049250313e-16,0.49397315454110796,2.220446049250313e-16
49.0,2.220446049250313e-16,0.5211097946429091,2.220446049250313e-16,2.220446049250313e-16,0.13146510113714405,0.4109732578869171,0.5094710609954726,0.010418224394533543,0.07136032997434406,0.17392450451045693,2.220446049250313e-16,0.2468339316409539,2.220446049250313e-16,2.220446049250313e-16,0.003391588488052876
50.0,2.220446049250313e-16,0.4810156557687661,0.002993410059112367,2.7755575615628914e-17,0.13996772980175717,0.41051658424734194,0.5041710876623029,0.2625998607219666,2.220446049250313e-16,0.15101454847274598,2.220446049250313e-16,2.220446049250313e-16,2.220446049250313e-16,0.28660223686837416,0.00046538660406465965
51.0,2.220446049250313e-16,0.4809207356733731,2.220446049250313e-16,0.005576651025779811,0.01494138520888344,2.220446049250313e-16,0.2694380667535273,2.220446049250313e-16,2.220446049250313e-16,0.17856023793667755,0.5186681708920069,0.2570929363338431,0.05410288766325745,0.28563517077750955,2.220446049250313e-16
52.0,2.220446049250313e-16,0.47484053191751846,2.220446049250313e-16,0.0016363433638730274,0.04326571182620754,0.37862409868264424,2.220446049250313e-16,2.220446049250313e-16,0.17066710382549835,0.5149705148990434,2.220446049250313e-16,0.5030012649534845,2.220446049250313e-16,2.220446049250313e-16,2.220446049250313e-16
53.0,2.220446049250313e-16,0.04086587857274467,2.220446049250313e-16,2.220446049250313e-16,0.25831417643172805,0.40466953613030643,2.220446049250313e-16,0.0038093320598631226,0.027586658070054254,0.5384756807043538,2.220446049250313e-16,0.20213478929615564,0.46287862345147907,2.220446049250313e-16,2.220446049250313e-16
54.0,2.220446049250313e-16,0.4692553025598394,0.11070988556352845,2.220446049250313e-16,2.220446049250313e-16,0.3809798000947352,2.220446049250313e-16,0.006268936425732946,0.32503079622067416,0.31523961774266457,2.220446049250313e-16,2.220446049250313e-16,2.220446049250313e-16,0.5117805642267762,2.220446049250313e-16
55.0,2.220446049250313e-16,0.48094917877394905,2.220446049250313e-16,0.0014219003932711416,0.010627852869774745,2.220446049250313e-16,0.26967081142513366,2.220446049250313e-16,2.220446049250313e-16,0.20427428456941923,0.5198127830005023,0.5096912046831388,0.03789078980496272,2.220446049250313e-16,2.220446049250313e-16
56.0,2.220446049250313e-16,2.220446049250313e-16,0.09537212050032302,0.001521991462300809,0.07304886501067483,2.220446049250313e-16,2.220446049250313e-16,0.0004966688211841438,0.3930050478882092,0.28858911848677626,2.220446049250313e-16,0.5098804337982781,2.220446049250313e-16,2.220446049250313e-16,0.485487493556413
57.0,2.220446049250313e-16,0.49615672411696893,0.08072214382008813,2.220446049250313e-16,2.220446049250313e-16,0.38097980009473514,2.220446049250313e-16,2.220446049250313e-16,0.7608218852584759,0.06459464749965824,2.220446049250313e-16,2.220446049250313e-16,0.0038666946505623123,2.220446049250313e-16,2.220446049250313e-16
58.0,2.220446049250313e-16,2.220446049250313e-16,0.09537212050032302,0.001521991462300809,0.07304886501067483,2.220446049250313e-16,2.220446049250313e-16,0.0004966688211841438,0.3930050478882092,0.28858911848677626,2.220446049250313e-16,0.5098804337982781,2.220446049250313e-16,2.220446049250313e-16,0.485487493556413
59.0,2.220446049250313e-16,0.5150417505551579,2.220446049250313e-16,2.220446049250313e-16,0.0009657644207441696,2.220446049250313e-16,0.27019214740370245,2.220446049250313e-16,0.23588102600766023,0.1768807685927692,0.5178475867640745,2.220446049250313e-16,0.06572550643891112,2.220446049250313e-16,2.220446049250313e-16
60.0,0.010765939708268973,2.220446049250313e-16,0.7421109966212663,2.220446049250313e-16,2.220446049250313e-16,2.220446049250313e-16,0.21824731721033644,0.4932060311781127,0.13580326124520156,2.220446049250313e-16,2.220446049250313e-16,2.220446049250313e-16,2.220446049250313e-16,2.220446049250313e-16,0.4966471699747901
61.0,0.011063990374359204,2.220446049250313e-16,2.220446049250313e-16,8.326672684688674e-17,2.220446049250313e-16,0.3803961806799867,0.49320403883127667,0.23706496044921294,2.220446049250313e-16,0.01769760190425031,0.40041152296283067,2.220446049250313e-16,2.220446049250313e-16,0.23102601919054117,0.4929076500751608
62.0,0.011063990374359204,2.220446049250313e-16,2.220446049250313e-16,8.326672684688674e-17,2.220446049250313e-16,0.3803961806799867,0.49320403883127667,0.23706496044921294,2.220446049250313e-16,0.01769760190425031,0.40041152296283067,2.220446049250313e-16,2.220446049250313e-16,0.23102601919054117,0.4929076500751608
63.0,2.220446049250313e-16,2.220446049250313e-16,2.220446049250313e-16,2.220446049250313e-16,0.3795755603100793,0.39746916357130224,0.5053711193490648,0.4888882847825198,2.220446049250313e-16,2.220446049250313e-16,2.220446049250313e-16,2.220446049250313e-16,2.220446049250313e-16,2.220446049250313e-16,0.4895509101062123
64.0,2.220446049250313e-16,2.220446049250313e-16,2.220446049250313e-16,2.220446049250313e-16,0.3795755603100793,0.39746916357130224,0.5053711193490648,0.4888882847825198,2.220446049250313e-16,2.220446049250313e-16,2.220446049250313e-16,2.220446049250313e-16,2.220446049250313e-16,2.220446049250313e-16,0.4895509101062123
65.0,2.220446049250313e-16,0.480961974986315,2.220446049250313e-16,0.4771374674124814,2.220446049250313e-16,2.220446049250313e-16,2.220446049250313e-16,0.4924721673440884,2.220446049250313e-16,2.220446049250313e-16,0.520327730362795,2.220446049250313e-16,0.030597159965292896,1.0890865709115738e-16,0.00039392659578408625
66.0,0.5188096250747689,2.220446049250313e-16,0.1148351604059703,2.220446049250313e-16,0.016375116133178227,2.220446049250313e-16,2.220446049250313e-16,0.000592586364906167,0.0008698847872593139,0.8110550456012818,2.220446049250313e-16,0.22747965396359973,2.220446049250313e-16,0.18319830330692988,2.220446049250313e-16
67.0,0.5188096250747689,2.220446049250313e-16,0.1148351604059703,2.220446049250313e-16,0.016375116133178227,2.220446049250313e-16,2.220446049250313e-16,0.000592586364906167,0.0008698847872593139,0.8110550456012818,2.220446049250313e-16,0.22747965396359973,2.220446049250313e-16,0.18319830330692988,2.220446049250313e-16
68.0,0.48917204254152996,1.6653345369377348e-16,2.220446049250313e-16,2.220446049250313e-16,0.6855388428916076,0.000427914983930892,0.0004979973407720329,2.220446049250313e-16,2.220446049250313e-16,0.2618027291570604,1.3877787807814457e-17,0.24416443229676743,2.220446049250313e-16,0.20772586983176747,2.220446049250313e-16
69.0,0.48917204254152996,1.6653345369377348e-16,2.220446049250313e-16,2.220446049250313e-16,0.6855388428916076,0.000427914983930892,0.0004979973407720329,2.220446049250313e-16,2.220446049250313e-16,0.2618027291570604,1.3877787807814457e-17,0.24416443229676743,2.220446049250313e-16,0.20772586983176747,2.220446049250313e-16
70.0,0.019045343588338686,2.220446049250313e-16,0.6519670947349376,2.220446049250313e-16,2.220446049250313e-16,1.249000902703301e-16,2.220446049250313e-16,0.49369593877415197,0.17494588512974577,0.183510516910384,2.220446049250313e-16,2.220446049250313e-16,2.220446049250313e-16,2.220446049250313e-16,0.48587260272174077
71.0,2.220446049250313e-16,2.220446049250313e-16,2.220446049250313e-16,0.4820937387158459,2.220446049250313e-16,5.551115123125783e-17,2.220446049250313e-16,2.220446049250313e-16,0.1318707540021869,2.220446049250313e-16,0.4826230736707611,0.21574907521055461,0.5646397229159315,2.220446049250313e-16,2.220446049250313e-16
72.0,2.220446049250313e-16,2.220446049250313e-16,2.220446049250313e-16,0.4820937387158459,2.220446049250313e-16,5.551115123125783e-17,2.220446049250313e-16,2.220446049250313e-16,0.1318707540021869,2.220446049250313e-16,0.4826230736707611,0.21574907521055461,0.5646397229159315,2.220446049250313e-16,2.220446049250313e-16
73.0,2.220446049250313e-16,2.220446049250313e-16,2.220446049250313e-16,0.4820937387158459,2.220446049250313e-16,5.551115123125783e-17,2.220446049250313e-16,2.220446049250313e-16,0.1318707540021869,2.220446049250313e-16,0.4826230736707611,0.21574907521055461,0.5646397229159315,2.220446049250313e-16,2.220446049250313e-16
74.0,2.220446049250313e-16,2.220446049250313e-16,2.220446049250313e-16,0.4820937387158459,2.220446049250313e-16,5.551115123125783e-17,2.220446049250313e-16,2.220446049250313e-16,0.1318707540021869,2.220446049250313e-16,0.4826230736707611,0.21574907521055461,0.5646397229159315,2.220446049250313e-16,2.220446049250313e-16
75.0,2.220446049250313e-16,2.220446049250313e-16,2.220446049250313e-16,0.4820937387158459,2.220446049250313e-16,5.551115123125783e-17,2.220446049250313e-16,2.220446049250313e-16,0.1318707540021869,2.220446049250313e-16,0.4826230736707611,0.21574907521055461,0.5646397229159315,2.220446049250313e-16,2.220446049250313e-16
76.0,2.220446049250313e-16,2.220446049250313e-16,2.220446049250313e-16,0.4820937387158459,2.220446049250313e-16,5.551115123125783e-17,2.220446049250313e-16,2.220446049250313e-16,0.1318707540021869,2.220446049250313e-16,0.4826230736707611,0.21574907521055461,0.5646397229159315,2.220446049250313e-16,2.220446049250313e-16
77.0,0.5137754855936836,2.220446049250313e-16,0.29354226705708486,0.0055791768798766905,2.220446049250313e-16,2.220446049250313e-16,2.7755575615628914e-17,2.220446049250313e-16,0.6233012025173521,0.10579113284174464,2.220446049250313e-16,0.2611838756305713,0.02821664315483501,2.220446049250313e-16,2.220446049250313e-16
78.0,0.5137754855936836,2.220446049250313e-16,0.29354226705708486,0.0055791768798766905,2.220446049250313e-16,2.220446049250313e-16,2.7755575615628914e-17,2.220446049250313e-16,0.6233012025173521,0.10579113284174464,2.220446049250313e-16,0.2611838756305713,0.02821664315483501,2.220446049250313e-16,2.220446049250313e-16
79.0,0.47785342708779605,2.220446049250313e-16,2.220446049250313e-16,0.0014835728840733586,0.6916920871943221,9.327987479614489e-05,0.00016633731284195348,2.220446049250313e-16,2.220446049250313e-16,0.2298080777832787,2.220446049250313e-16,0.51124909115803,0.0057504174139232835,2.220446049250313e-16,2.220446049250313e-16
80.0,0.47785342708779605,2.220446049250313e-16,2.220446049250313e-16,0.0014835728840733586,0.6916920871943221,9.327987479614489e-05,0.00016633731284195348,2.220446049250313e-16,2.220446049250313e-16,0.2298080777832787,2.220446049250313e-16,0.51124909115803,0.0057504174139232835,2.220446049250313e-16,2.220446049250313e-16
81.0,0.0013913545341185207,2.220446049250313e-16,0.7285285110139333,2.7755575615628914e-17,0.021482147055820112,2.220446049250313e-16,2.220446049250313e-16,0.24311098862330738,0.1223554329885815,0.17531884012675028,2.220446049250313e-16,2.220446049250313e-16,2.220446049250313e-16,0.2856481405647839,0.48254535737583887
82.0,0.00444694063031613,2.220446049250313e-16,2.220446049250313e-16,2.220446049250313e-16,2.220446049250313e-16,0.38039057918858316,0.4979377370495617,2.220446049250313e-16,2.220446049250313e-16,0.008486952529866336,0.40041152296283067,2.220446049250313e-16,2.220446049250313e-16,0.5247919857046479,0.4892985939537445
83.0,0.00444694063031613,2.220446049250313e-16,2.220446049250313e-16,2.220446049250313e-16,2.220446049250313e-16,0.38039057918858316,0.4979377370495617,2.220446049250313e-16,2.220446049250313e-16,0.008486952529866336,0.40041152296283067,2.220446049250313e-16,2.220446049250313e-16,0.5247919857046479,0.4892985939537445
84.0,2.220446049250313e-16,2.220446049250313e-16,2.220446049250313e-16,2.220446049250313e-16,0.3795755603100793,0.39746916357130224,0.5053711193490648,0.4888882847825198,2.220446049250313e-16,2.220446049250313e-16,2.220446049250313e-16,2.220446049250313e-16,2.220446049250313e-16,2.220446049250313e-16,0.4895509101062123
85.0,2.220446049250313e-16,2.220446049250313e-16,2.220446049250313e-16,2.220446049250313e-16,0.3795755603100793,0.39746916357130224,0.5053711193490648,0.4888882847825198,2.220446049250313e-16,2.220446049250313e-16,2.220446049250313e-16,2.220446049250313e-16,2.220446049250313e-16,2.220446049250313e-16,0.4895509101062123
86.0,2.220446049250313e-16,0.4809595103585703,2.220446049250313e-16,2.220446049250313e-16,2.220446049250313e-16,2.220446049250313e-16,0.5025715092871221,0.4950278500153609,2.220446049250313e-16,2.220446049250313e-16,0.5202285483923854,2.220446049250313e-16,0.03200195709973946,1.0890838346251045e-16,0.004052643100795542
87.0,0.5033074760734273,2.220446049250313e-16,0.618496716054399,2.220446049250313e-16,2.220446049250313e-16,2.220446049250313e-16,2.220446049250313e-16,0.4999252070555225,0.17566275799980968,0.1739502649034567,2.220446049250313e-16,2.220446049250313e-16,2.220446049250313e-16,2.220446049250313e-16,0.00030354504778592085
88.0,2.220446049250313e-16,2.220446049250313e-16,2.220446049250313e-16,0.4779801478076698,2.220446049250313e-16,2.220446049250313e-16,2.220446049250313e-16,2.220446049250313e-16,2.220446049250313e-16,0.0053537898066161604,0.4861610747746214,0.4714275760788204,0.5145280565331698,2.220446049250313e-16,2.220446049250313e-16
89.0,2.220446049250313e-16,2.220446049250313e-16,2.220446049250313e-16,0.4779801478076698,2.220446049250313e-16,2.220446049250313e-16,2.220446049250313e-16,2.220446049250313e-16,2.220446049250313e-16,0.0053537898066161604,0.4861610747746214,0.4714275760788204,0.5145280565331698,2.220446049250313e-16,2.220446049250313e-16
90.0,2.220446049250313e-16,2.220446049250313e-16,2.220446049250313e-16,0.4779801478076698,2.220446049250313e-16,2.220446049250313e-16,2.220446049250313e-16,2.220446049250313e-16,2.220446049250313e-16,0.0053537898066161604,0.4861610747746214,0.4714275760788204,0.5145280565331698,2.220446049250313e-16,2.220446049250313e-16
91.0,2.220446049250313e-16,2.220446049250313e-16,2.220446049250313e-16,0.4779801478076698,2.220446049250313e-16,2.220446049250313e-16,2.220446049250313e-16,2.220446049250313e-16,2.220446049250313e-16,0.0053537898066161604,0.4861610747746214,0.4714275760788204,0.5145280565331698,2.220446049250313e-16,2.220446049250313e-16
92.0,2.220446049250313e-16,2.220446049250313e-16,2.220446049250313e-16,0.4779801478076698,2.220446049250313e-16,2.220446049250313e-16,2.220446049250313e-16,2.220446049250313e-16,2.220446049250313e-16,0.0053537898066161604,0.4861610747746214,0.4714275760788204,0.5145280565331698,2.220446049250313e-16,2.220446049250313e-16
93.0,2.220446049250313e-16,2.220446049250313e-16,2.220446049250313e-16,0.4779801478076698,2.220446049250313e-16,2.220446049250313e-16,2.220446049250313e-16,2.220446049250313e-16,2.220446049250313e-16,0.0053537898066161604,0.4861610747746214,0.4714275760788204,0.5145280565331698,2.220446049250313e-16,2.220446049250313e-16
94.0,0.019045343588338686,2.220446049250313e-16,0.6519670947349376,2.220446049250313e-16,2.220446049250313e-16,1.249000902703301e-16,2.220446049250313e-16,0.49369593877415197,0.17494588512974577,0.183510516910384,2.220446049250313e-16,2.220446049250313e-16,2.220446049250313e-16,2.220446049250313e-16,0.48587260272174077
95.0,2.220446049250313e-16,2.220446049250313e-16,2.220446049250313e-16,0.4820937387158459,2.220446049250313e-16,5.551115123125783e-17,2.220446049250313e-16,2.220446049250313e-16,0.1318707540021869,2.220446049250313e-16,0.4826230736707611,0.21574907521055461,0.5646397229159315,2.220446049250313e-16,2.220446049250313e-16
96.0,2.220446049250313e-16,2.220446049250313e-16,2.220446049250313e-16,0.4820937387158459,2.220446049250313e-16,5.551115123125783e-17,2.220446049250313e-16,2.220446049250313e-16,0.1318707540021869,2.220446049250313e-16,0.4826230736707611,0.21574907521055461,0.5646397229159315,2.220446049250313e-16,2.220446049250313e-16
97.0,2.220446049250313e-16,2.220446049250313e-16,2.220446049250313e-16,0.4820937387158459,2.220446049250313e-16,5.551115123125783e-17,2.220446049250313e-16,2.220446049250313e-16,0.1318707540021869,2.220446049250313e-16,0.4826230736707611,0.21574907521055461,0.5646397229159315,2.220446049250313e-16,2.220446049250313e-16
98.0,2.220446049250313e-16,2.220446049250313e-16,2.220446049250313e-16,0.4820937387158459,2.220446049250313e-16,5.551115123125783e-17,2.220446049250313e-16,2.220446049250313e-16,0.1318707540021869,2.220446049250313e-16,0.4826230736707611,0.21574907521055461,0.5646397229159315,2.220446049250313e-16,2.220446049250313e-16
99.0,2.220446049250313e-16,2.220446049250313e-16,2.220446049250313e-16,0.4820937387158459,2.220446049250313e-16,5.551115123125783e-17,2.220446049250313e-16,2.220446049250313e-16,0.1318707540021869,2.220446049250313e-16,0.4826230736707611,0.21574907521055461,0.5646397229159315,2.220446049250313e-16,2.220446049250313e-16
100.0,2.220446049250313e-16,2.220446049250313e-16,2.220446049250313e-16,0.4820937387158459,2.220446049250313e-16,5.551115123125783e-17,2.220446049250313e-16,2.220446049250313e-16,0.1318707540021869,2.220446049250313e-16,0.4826230736707611,0.21574907521055461,0.5646397229159315,2.220446049250313e-16,2.220446049250313e-16
101.0,0.5188096250747689,2.220446049250313e-16,0.1148351604059703,2.220446049250313e-16,0.016375116133178227,2.220446049250313e-16,2.220446049250313e-16,0.000592586364906167,0.0008698847872593139,0.8110550456012818,2.220446049250313e-16,0.22747965396359973,2.220446049250313e-16,0.18319830330692988,2.220446049250313e-16
102.0,0.5188096250747689,2.220446049250313e-16,0.1148351604059703,2.220446049250313e-16,0.016375116133178227,2.220446049250313e-16,2.220446049250313e-16,0.000592586364906167,0.0008698847872593139,0.8110550456012818,2.220446049250313e-16,0.22747965396359973,2.220446049250313e-16,0.18319830330692988,2.220446049250313e-16
103.0,0.48287850711583874,2.220446049250313e-16,2.220446049250313e-16,2.220446049250313e-16,0.689947431026529,0.00018816042534652296,0.0002603743256556685,2.220446049250313e-16,2.220446049250313e-16,0.23557003581926397,2.220446049250313e-16,2.220446049250313e-16,2.220446049250313e-16,0.5021938658053827,2.220446049250313e-16
104.0,0.48287850711583874,2.220446049250313e-16,2.220446049250313e-16,2.220446049250313e-16,0.689947431026529,0.00018816042534652296,0.0002603743256556685,2.220446049250313e-16,2.220446049250313e-16,0.23557003581926397,2.220446049250313e-16,2.220446049250313e-16,2.220446049250313e-16,0.5021938658053827,2.220446049250313e-16
105.0,0.5137754855936836,2.220446049250313e-16,0.29354226705708486,0.0055791768798766905,2.220446049250313e-16,2.220446049250313e-16,2.7755575615628914e-17,2.220446049250313e-16,0.6233012025173521,0.10579113284174464,2.220446049250313e-16,0.2611838756305713,0.02821664315483501,2.220446049250313e-16,2.220446049250313e-16
106.0,0.5137754855936836,2.220446049250313e-16,0.29354226705708486,0.0055791768798766905,2.220446049250313e-16,2.220446049250313e-16,2.7755575615628914e-17,2.220446049250313e-16,0.6233012025173521,0.10579113284174464,2.220446049250313e-16,0.2611838756305713,0.02821664315483501,2.220446049250313e-16,2.220446049250313e-16
107.0,0.48846712089972544,2.220446049250313e-16,2.220446049250313e-16,0.0013828347231207294,0.6618459825253072,0.0017164162239819765,0.001775043130641484,2.220446049250313e-16,0.1875198093181426,0.013101815674374422,2.220446049250313e-16,0.5182518092764649,2.220446049250313e-16,2.220446049250313e-16,2.220446049250313e-16
108.0,0.48846712089972544,2.220446049250313e-16,2.220446049250313e-16,0.0013828347231207294,0.6618459825253072,0.0017164162239819765,0.001775043130641484,2.220446049250313e-16,0.1875198093181426,0.013101815674374422,2.220446049250313e-16,0.5182518092764649,2.220446049250313e-16,2.220446049250313e-16,2.220446049250313e-16
109.0,0.01031854836321309,2.220446049250313e-16,0.6975949254323633,2.220446049250313e-16,2.220446049250313e-16,2.220446049250313e-16,0.21809876715564408,0.500943874862295,2.220446049250313e-16,0.19876558510943682,2.220446049250313e-16,2.220446049250313e-16,5.894359382060468e-21,2.220446049250313e-16,0.4965570331669275
110.0,2.220446049250313e-16,2.220446049250313e-16,2.220446049250313e-16,0.4772208319212241,2.220446049250313e-16,0.38097980009473514,2.220446049250313e-16,0.48638088190669987,2.220446049250313e-16,2.220446049250313e-16,0.40041152296283056,2.220446049250313e-16,2.220446049250313e-16,2.220446049250313e-16,0.4859613109789046
111.0,2.220446049250313e-16,2.220446049250313e-16,2.220446049250313e-16,0.4772208319212241,2.220446049250313e-16,0.38097980009473514,2.220446049250313e-16,0.48638088190669987,2.220446049250313e-16,2.220446049250313e-16,0.40041152296283056,2.220446049250313e-16,2.220446049250313e-16,2.220446049250313e-16,0.4859613109789046
112.0,2.220446049250313e-16,2.220446049250313e-16,2.220446049250313e-16,2.220446049250313e-16,0.3795755603100793,0.39746916357130224,0.5053711193490648,0.4888882847825198,2.220446049250313e-16,2.220446049250313e-16,2.220446049250313e-16,2.220446049250313e-16,2.220446049250313e-16,2.220446049250313e-16,0.4895509101062123
113.0,2.220446049250313e-16,2.220446049250313e-16,2.220446049250313e-16,2.220446049250313e-16,0.3795755603100793,0.39746916357130224,0.5053711193490648,0.4888882847825198,2.220446049250313e-16,2.220446049250313e-16,2.220446049250313e-16,2.220446049250313e-16,2.220446049250313e-16,2.220446049250313e-16,0.4895509101062123
114.0,2.220446049250313e-16,0.480961974986315,2.220446049250313e-16,0.4771374674124814,2.220446049250313e-16,2.220446049250313e-16,2.220446049250313e-16,0.4924721673440884,2.220446049250313e-16,2.220446049250313e-16,0.520327730362795,2.220446049250313e-16,0.030597159965292896,1.0890865709115738e-16,0.00039392659578408625
115.0,0.4914098366510803,2.220446049250313e-16,0.6433787850448855,2.220446049250313e-16,2.220446049250313e-16,2.220446049250313e-16,2.220446049250313e-16,0.4973904934120423,2.220446049250313e-16,0.39359820746842716,2.220446049250313e-16,2.220446049250313e-16,2.220446049250313e-16,2.220446049250313e-16,0.0003342830220484102
116.0,2.220446049250313e-16,0.48101565576876615,2.220446049250313e-16,0.47722083192122405,0.19395046006477207,0.3704054255767905,0.012080092615973986,0.4922638439034508,2.220446049250313e-16,2.220446049250313e-16,0.20687801524481347,2.220446049250313e-16,2.220446049250313e-16,2.220446049250313e-16,9.569066093615722e-05
117.0,2.220446049250313e-16,0.48101565576876615,2.220446049250313e-16,0.47722083192122405,0.19395046006477207,0.3704054255767905,0.012080092615973986,0.4922638439034508,2.220446049250313e-16,2.220446049250313e-16,0.20687801524481347,2.220446049250313e-16,2.220446049250313e-16,2.220446049250313e-16,9.569066093615722e-05
118.0,2.220446049250313e-16,2.220446049250313e-16,2.220446049250313e-16,0.48214512254190495,2.220446049250313e-16,2.220446049250313e-16,2.220446049250313e-16,2.220446049250313e-16,2.220446049250313e-16,2.220446049250313e-16,0.48501364969964783,0.21820771699220326,0.5307799967865361,0.29319061047309664,2.220446049250313e-16
119.0,2.220446049250313e-16,2.220446049250313e-16,2.220446049250313e-16,0.48214512254190495,2.220446049250313e-16,2.220446049250313e-16,2.220446049250313e-16,2.220446049250313e-16,2.220446049250313e-16,2.220446049250313e-16,0.48501364969964783,0.21820771699220326,0.5307799967865361,0.29319061047309664,2.220446049250313e-16
120.0,2.220446049250313e-16,2.220446049250313e-16,2.220446049250313e-16,0.48214512254190495,2.220446049250313e-16,2.220446049250313e-16,2.220446049250313e-16,2.220446049250313e-16,2.220446049250313e-16,2.220446049250313e-16,0.48501364969964783,0.21820771699220326,0.5307799967865361,0.29319061047309664,2.220446049250313e-16
121.0,2.220446049250313e-16,2.220446049250313e-16,2.220446049250313e-16,0.48214512254190495,2.220446049250313e-16,2.220446049250313e-16,2.220446049250313e-16,2.220446049250313e-16,2.220446049250313e-16,2.220446049250313e-16,0.48501364969964783,0.21820771699220326,0.5307799967865361,0.29319061047309664,2.220446049250313e-16
122.0,0.4945795589805622,2.220446049250313e-16,0.6643091069092921,2.220446049250313e-16,2.220446049250313e-16,2.220446049250313e-16,0.23190573514724372,0.5069341314847967,2.220446049250313e-16,0.18927090234708702,2.220446049250313e-16,2.220446049250313e-16,2.220446049250313e-16,2.220446049250313e-16,0.010647117096291304
123.0,0.004446940630316148,2.220446049250313e-16,2.220446049250313e-16,0.4758416923148965,2.220446049250313e-16,2.220446049250313e-16,1.1102230246251565e-16,2.220446049250313e-16,2.220446049250313e-16,0.008486952529864174,0.48675020618854214,2.220446049250313e-16,0.5061836959738197,0.5247919857046495,4.6446227885166794e-17
124.0,0.004446940630316148,2.220446049250313e-16,2.220446049250313e-16,0.4758416923148965,2.220446049250313e-16,2.220446049250313e-16,1.1102230246251565e-16,2.220446049250313e-16,2.220446049250313e-16,0.008486952529864174,0.48675020618854214,2.220446049250313e-16,0.5061836959738197,0.5247919857046495,4.6446227885166794e-17
125.0,0.004446940630316148,2.220446049250313e-16,2.220446049250313e-16,0.4758416923148965,2.220446049250313e-16,2.220446049250313e-16,1.1102230246251565e-16,2.220446049250313e-16,2.220446049250313e-16,0.008486952529864174,0.48675020618854214,2.220446049250313e-16,0.5061836959738197,0.5247919857046495,4.6446227885166794e-17
126.0,0.004446940630316148,2.220446049250313e-16,2.220446049250313e-16,0.4758416923148965,2.220446049250313e-16,2.220446049250313e-16,1.1102230246251565e-16,2.220446049250313e-16,2.220446049250313e-16,0.008486952529864174,0.48675020618854214,2.220446049250313e-16,0.5061836959738197,0.5247919857046495,4.6446227885166794e-17
127.0,0.004446940630316148,2.220446049250313e-16,2.220446049250313e-16,0.4758416923148965,2.220446049250313e-16,2.220446049250313e-16,1.1102230246251565e-16,2.220446049250313e-16,2.220446049250313e-16,0.008486952529864174,0.48675020618854214,2.220446049250313e-16,0.5061836959738197,0.5247919857046495,4.6446227885166794e-17
128.0,0.004446940630316148,2.220446049250313e-16,2.220446049250313e-16,0.4758416923148965,2.220446049250313e-16,2.220446049250313e-16,1.1102230246251565e-16,2.220446049250313e-16,2.220446049250313e-16,0.008486952529864174,0.48675020618854214,2.220446049250313e-16,0.5061836959738197,0.5247919857046495,4.6446227885166794e-17
129.0,0.02375093817306134,2.220446049250313e-16,0.1535309883290677,0.0057706800973555405,0.04684627564600095,2.220446049250313e-16,2.220446049250313e-16,2.220446049250313e-16,0.31906513099962647,0.537805506342777,2.220446049250313e-16,0.2467775199975332,0.04582393748600996,2.220446049250313e-16,0.4854935165616079
130.0,0.02375093817306134,2.220446049250313e-16,0.1535309883290677,0.0057706800973555405,0.04684627564600095,2.220446049250313e-16,2.220446049250313e-16,2.220446049250313e-16,0.31906513099962647,0.537805506342777,2.220446049250313e-16,0.2467775199975332,0.04582393748600996,2.220446049250313e-16,0.4854935165616079
131.0,0.48846712089972544,2.220446049250313e-16,2.220446049250313e-16,0.0013828347231207294,0.6618459825253072,0.0017164162239819765,0.001775043130641484,2.220446049250313e-16,0.1875198093181426,0.013101815674374422,2.220446049250313e-16,0.5182518092764649,2.220446049250313e-16,2.220446049250313e-16,2.220446049250313e-16
132.0,0.48846712089972544,2.220446049250313e-16,2.220446049250313e-16,0.0013828347231207294,0.6618459825253072,0.0017164162239819765,0.001775043130641484,2.220446049250313e-16,0.1875198093181426,0.013101815674374422,2.220446049250313e-16,0.5182518092764649,2.220446049250313e-16,2.220446049250313e-16,2.220446049250313e-16
133.0,0.016563367776587675,2.220446049250313e-16,0.465769180171961,2.220446049250313e-16,0.020178842153101933,2.220446049250313e-16,0.21704835960903507,0.49890423053997657,2.220446049250313e-16,0.3958910235336855,2.220446049250313e-16,2.220446049250313e-16,2.220446049250313e-16,2.220446049250313e-16,0.49660791989179004
134.0,2.220446049250313e-16,2.220446049250313e-16,2.220446049250313e-16,0.4772208319212241,2.220446049250313e-16,0.38097980009473514,2.220446049250313e-16,0.48638088190669987,2.220446049250313e-16,2.220446049250313e-16,0.40041152296283056,2.220446049250313e-16,2.220446049250313e-16,2.220446049250313e-16,0.4859613109789046
135.0,2.220446049250313e-16,2.220446049250313e-16,2.220446049250313e-16,0.4772208319212241,2.220446049250313e-16,0.38097980009473514,2.220446049250313e-16,0.48638088190669987,2.220446049250313e-16,2.220446049250313e-16,0.40041152296283056,2.220446049250313e-16,2.220446049250313e-16,2.220446049250313e-16,0.4859613109789046
136.0,2.220446049250313e-16,2.220446049250313e-16,2.220446049250313e-16,2.220446049250313e-16,0.3795755603100793,0.39746916357130224,0.5053711193490648,0.4888882847825198,2.220446049250313e-16,2.220446049250313e-16,2.220446049250313e-16,2.220446049250313e-16,2.220446049250313e-16,2.220446049250313e-16,0.4895509101062123
137.0,2.220446049250313e-16,2.220446049250313e-16,2.220446049250313e-16,2.220446049250313e-16,0.3795755603100793,0.39746916357130224,0.5053711193490648,0.4888882847825198,2.220446049250313e-16,2.220446049250313e-16,2.220446049250313e-16,2.220446049250313e-16,2.220446049250313e-16,2.220446049250313e-16,0.4895509101062123
138.0,2.220446049250313e-16,0.480961974986315,2.220446049250313e-16,0.4771374674124814,2.220446049250313e-16,2.220446049250313e-16,2.220446049250313e-16,0.4924721673440884,2.220446049250313e-16,2.220446049250313e-16,0.520327730362795,2.220446049250313e-16,0.030597159965292896,1.0890865709115738e-16,0.00039392659578408625
139.0,0.5123904443759504,2.220446049250313e-16,0.11771635709957606,4.163336342344337e-17,0.020843280532855484,2.220446049250313e-16,2.220446049250313e-16,0.0009010969433913729,0.0023272693507032424,0.7838756402218142,2.220446049250313e-16,2.220446049250313e-16,2.220446049250313e-16,0.4777088039656339,2.220446049250313e-16
140.0,0.5123904443759504,2.220446049250313e-16,0.11771635709957606,4.163336342344337e-17,0.020843280532855484,2.220446049250313e-16,2.220446049250313e-16,0.0009010969433913729,0.0023272693507032424,0.7838756402218142,2.220446049250313e-16,2.220446049250313e-16,2.220446049250313e-16,0.4777088039656339,2.220446049250313e-16
141.0,0.48287850711583874,2.220446049250313e-16,2.220446049250313e-16,2.220446049250313e-16,0.689947431026529,0.00018816042534652296,0.0002603743256556685,2.220446049250313e-16,2.220446049250313e-16,0.23557003581926397,2.220446049250313e-16,2.220446049250313e-16,2.220446049250313e-16,0.5021938658053827,2.220446049250313e-16
142.0,0.48287850711583874,2.220446049250313e-16,2.220446049250313e-16,2.220446049250313e-16,0.689947431026529,0.00018816042534652296,0.0002603743256556685,2.220446049250313e-16,2.220446049250313e-16,0.23557003581926397,2.220446049250313e-16,2.220446049250313e-16,2.220446049250313e-16,0.5021938658053827,2.220446049250313e-16
143.0,0.0013913545341185207,2.220446049250313e-16,0.7285285110139333,2.7755575615628914e-17,0.021482147055820112,2.220446049250313e-16,2.220446049250313e-16,0.24311098862330738,0.1223554329885815,0.17531884012675028,2.220446049250313e-16,2.220446049250313e-16,2.220446049250313e-16,0.2856481405647839,0.48254535737583887
144.0,2.220446049250313e-16,0.5206598214464099,2.220446049250313e-16,2.220446049250313e-16,0.16199198734130058,0.37152591806982715,0.5356569236357499,0.0019851185563157037,0.08379661855664579,2.220446049250313e-16,0.20687801524481356,2.220446049250313e-16,2.220446049250313e-16,0.29288723226878777,0.0028418966517393977
145.0,0.0016227219512318393,2.220446049250313e-16,2.220446049250313e-16,2.220446049250313e-16,0.30515118105669,0.020563687135977525,0.48668071476850255,0.005128162498552521,0.0223423236142053,0.13825252995345433,2.220446049250313e-16,2.220446049250313e-16,2.220446049250313e-16,0.5204730190217234,0.48951667570112173
146.0,2.220446049250313e-16,2.220446049250313e-16,2.220446049250313e-16,2.220446049250313e-16,0.1830211688646832,2.220446049250313e-16,2.220446049250313e-16,0.248009374362679,0.07752247241071339,0.6730438104541914,2.220446049250313e-16,2.220446049250313e-16,2.220446049250313e-16,0.2660318419395511,0.4824859556145501
147.0,2.220446049250313e-16,2.220446049250313e-16,2.220446049250313e-16,2.220446049250313e-16,0.3789328901293026,0.3974984295741294,0.510209746852212,0.24816330597562558,2.220446049250313e-16,2.220446049250313e-16,2.220446049250313e-16,1.3877787807814457e-17,2.220446049250313e-16,0.292599948338217,0.4859836258476015
148.0,2.220446049250313e-16,0.48095951035856993,2.220446049250313e-16,2.220446049250313e-16,2.220446049250313e-16,2.220446049250313e-16,0.5073754546919418,0.25430346930769343,2.220446049250313e-16,2.220446049250313e-16,0.5202285483923857,2.220446049250313e-16,0.032001957099739325,0.29319061047309664,0.00048621508131695915
149.0,0.5137754855936836,2.220446049250313e-16,0.29354226705708486,0.0055791768798766905,2.220446049250313e-16,2.220446049250313e-16,2.7755575615628914e-17,2.220446049250313e-16,0.6233012025173521,0.10579113284174464,2.220446049250313e-16,0.2611838756305713,0.02821664315483501,2.220446049250313e-16,2.220446049250313e-16
150.0,0.5137754855936836,2.220446049250313e-16,0.29354226705708486,0.0055791768798766905,2.220446049250313e-16,2.220446049250313e-16,2.7755575615628914e-17,2.220446049250313e-16,0.6233012025173521,0.10579113284174464,2.220446049250313e-16,0.2611838756305713,0.02821664315483501,2.220446049250313e-16,2.220446049250313e-16
151.0,0.48846712089972544,2.220446049250313e-16,2.220446049250313e-16,0.0013828347231207294,0.6618459825253072,0.0017164162239819765,0.001775043130641484,2.220446049250313e-16,0.1875198093181426,0.013101815674374422,2.220446049250313e-16,0.5182518092764649,2.220446049250313e-16,2.220446049250313e-16,2.220446049250313e-16
152.0,0.48846712089972544,2.220446049250313e-16,2.220446049250313e-16,0.0013828347231207294,0.6618459825253072,0.0017164162239819765,0.001775043130641484,2.220446049250313e-16,0.1875198093181426,0.013101815674374422,2.220446049250313e-16,0.5182518092764649,2.220446049250313e-16,2.220446049250313e-16,2.220446049250313e-16
153.0,0.5153268304194989,2.220446049250313e-16,0.13437363835158922,5.724587470723463e-17,2.220446049250313e-16,2.220446049250313e-16,0.24162358751203294,0.01024859334956831,0.017332751567064077,0.5823746320388021,2.220446049250313e-16,2.220446049250313e-16,2.220446049250313e-16,0.48614913054916153,0.010062336498123589
154.0,0.5153268304194989,2.220446049250313e-16,0.13437363835158922,5.724587470723463e-17,2.220446049250313e-16,2.220446049250313e-16,0.24162358751203294,0.01024859334956831,0.017332751567064077,0.5823746320388021,2.220446049250313e-16,2.220446049250313e-16,2.220446049250313e-16,0.48614913054916153,0.010062336498123589
155.0,0.48597327820177494,2.220446049250313e-16,2.220446049250313e-16,5.551115123125783e-17,0.602386320358873,0.004630255694136389,0.275224511700355,2.220446049250313e-16,0.006125242958927691,0.07027716793561774,2.220446049250313e-16,2.220446049250313e-16,2.220446049250313e-16,0.5092117517609378,2.220446049250313e-16
156.0,0.48597327820177494,2.220446049250313e-16,2.220446049250313e-16,5.551115123125783e-17,0.602386320358873,0.004630255694136389,0.275224511700355,2.220446049250313e-16,0.006125242958927691,0.07027716793561774,2.220446049250313e-16,2.220446049250313e-16,2.220446049250313e-16,0.5092117517609378,2.220446049250313e-16
157.0,0.010765939708268973,2.220446049250313e-16,0.7421109966212663,2.220446049250313e-16,2.220446049250313e-16,2.220446049250313e-16,0.21824731721033644,0.4932060311781127,0.13580326124520156,2.220446049250313e-16,2.220446049250313e-16,2.220446049250313e-16,2.220446049250313e-16,2.220446049250313e-16,0.4966471699747901
158.0,0.011063990374359204,2.220446049250313e-16,2.220446049250313e-16,8.326672684688674e-17,2.220446049250313e-16,0.3803961806799867,0.49320403883127667,0.23706496044921294,2.220446049250313e-16,0.01769760190425031,0.40041152296283067,2.220446049250313e-16,2.220446049250313e-16,0.23102601919054117,0.4929076500751608
159.0,0.011063990374359204,2.220446049250313e-16,2.220446049250313e-16,8.326672684688674e-17,2.220446049250313e-16,0.3803961806799867,0.49320403883127667,0.23706496044921294,2.220446049250313e-16,0.01769760190425031,0.40041152296283067,2.220446049250313e-16,2.220446049250313e-16,0.23102601919054117,0.4929076500751608
160.0,2.220446049250313e-16,2.220446049250313e-16,2.220446049250313e-16,2.220446049250313e-16,0.3795755603100793,0.39746916357130224,0.5053711193490648,0.4888882847825198,2.220446049250313e-16,2.220446049250313e-16,2.220446049250313e-16,2.220446049250313e-16,2.220446049250313e-16,2.220446049250313e-16,0.4895509101062123
161.0,2.220446049250313e-16,2.220446049250313e-16,2.220446049250313e-16,2.220446049250313e-16,0.3795755603100793,0.39746916357130224,0.5053711193490648,0.4888882847825198,2.220446049250313e-16,2.220446049250313e-16,2.220446049250313e-16,2.220446049250313e-16,2.220446049250313e-16,2.220446049250313e-16,0.4895509101062123
162.0,2.220446049250313e-16,0.480961974986315,2.220446049250313e-16,0.4771374674124814,2.220446049250313e-16,2.220446049250313e-16,2.220446049250313e-16,0.4924721673440884,2.220446049250313e-16,2.220446049250313e-16,0.520327730362795,2.220446049250313e-16,0.030597159965292896,1.0890865709115738e-16,0.00039392659578408625
163.0,0.4914098366510803,2.220446049250313e-16,0.6433787850448855,2.220446049250313e-16,2.220446049250313e-16,2.220446049250313e-16,2.220446049250313e-16,0.4973904934120423,2.220446049250313e-16,0.39359820746842716,2.220446049250313e-16,2.220446049250313e-16,2.220446049250313e-16,2.220446049250313e-16,0.0003342830220484102
164.0,2.220446049250313e-16,2.220446049250313e-16,2.220446049250313e-16,0.4779801478076698,2.220446049250313e-16,2.220446049250313e-16,2.220446049250313e-16,2.220446049250313e-16,2.220446049250313e-16,0.0053537898066161604,0.4861610747746214,0.4714275760788204,0.5145280565331698,2.220446049250313e-16,2.220446049250313e-16
165.0,2.220446049250313e-16,2.220446049250313e-16,2.220446049250313e-16,0.4779801478076698,2.220446049250313e-16,2.220446049250313e-16,2.220446049250313e-16,2.220446049250313e-16,2.220446049250313e-16,0.0053537898066161604,0.4861610747746214,0.4714275760788204,0.5145280565331698,2.220446049250313e-16,2.220446049250313e-16
166.0,2.220446049250313e-16,2.220446049250313e-16,2.220446049250313e-16,0.4779801478076698,2.220446049250313e-16,2.220446049250313e-16,2.220446049250313e-16,2.220446049250313e-16,2.220446049250313e-16,0.0053537898066161604,0.4861610747746214,0.4714275760788204,0.5145280565331698,2.220446049250313e-16,2.220446049250313e-16
167.0,2.220446049250313e-16,2.220446049250313e-16,2.220446049250313e-16,0.4779801478076698,2.220446049250313e-16,2.220446049250313e-16,2.220446049250313e-16,2.220446049250313e-16,2.220446049250313e-16,0.0053537898066161604,0.4861610747746214,0.4714275760788204,0.5145280565331698,2.220446049250313e-16,2.220446049250313e-16
168.0,2.220446049250313e-16,2.220446049250313e-16,2.220446049250313e-16,0.4779801478076698,2.220446049250313e-16,2.220446049250313e-16,2.220446049250313e-16,2.220446049250313e-16,2.220446049250313e-16,0.0053537898066161604,0.4861610747746214,0.4714275760788204,0.5145280565331698,2.220446049250313e-16,2.220446049250313e-16
169.0,2.220446049250313e-16,2.220446049250313e-16,2.220446049250313e-16,0.4779801478076698,2.220446049250313e-16,2.220446049250313e-16,2.220446049250313e-16,2.220446049250313e-16,2.220446049250313e-16,0.0053537898066161604,0.4861610747746214,0.4714275760788204,0.5145280565331698,2.220446049250313e-16,2.220446049250313e-16
170.0,0.5138143048508684,0.015893699731690636,0.26263556632040874,2.220446049250313e-16,2.220446049250313e-16,2.7755575615628914e-17,2.7755575615628914e-17,2.220446049250313e-16,0.7399228885182237,0.10424045516111688,2.220446049250313e-16,2.220446049250313e-16,0.005885482301848171,2.220446049250313e-16,2.220446049250313e-16
171.0,0.5138143048508684,0.015893699731690636,0.26263556632040874,2.220446049250313e-16,2.220446049250313e-16,2.7755575615628914e-17,2.7755575615628914e-17,2.220446049250313e-16,0.7399228885182237,0.10424045516111688,2.220446049250313e-16,2.220446049250313e-16,0.005885482301848171,2.220446049250313e-16,2.220446049250313e-16
172.0,0.4868771144558745,2.220446049250313e-16,2.220446049250313e-16,0.005502985768494839,0.6542727221427151,0.002128276811658626,0.002183242062206108,2.220446049250313e-16,0.3475046502000717,2.220446049250313e-16,2.220446049250313e-16,0.2633099123201317,0.04320982247762295,2.220446049250313e-16,2.220446049250313e-16
173.0,0.4868771144558745,2.220446049250313e-16,2.220446049250313e-16,0.005502985768494839,0.6542727221427151,0.002128276811658626,0.002183242062206108,2.220446049250313e-16,0.3475046502000717,2.220446049250313e-16,2.220446049250313e-16,0.2633099123201317,0.04320982247762295,2.220446049250313e-16,2.220446049250313e-16
174.0,0.5033074760734273,2.220446049250313e-16,0.618496716054399,2.220446049250313e-16,2.220446049250313e-16,2.220446049250313e-16,2.220446049250313e-16,0.4999252070555225,0.17566275799980968,0.1739502649034567,2.220446049250313e-16,2.220446049250313e-16,2.220446049250313e-16,2.220446049250313e-16,0.00030354504778592085
175.0,2.220446049250313e-16,2.220446049250313e-16,2.220446049250313e-16,0.4779801478076698,2.220446049250313e-16,2.220446049250313e-16,2.220446049250313e-16,2.220446049250313e-16,2.220446049250313e-16,0.0053537898066161604,0.4861610747746214,0.4714275760788204,0.5145280565331698,2.220446049250313e-16,2.220446049250313e-16
176.0,2.220446049250313e-16,2.220446049250313e-16,2.220446049250313e-16,0.4779801478076698,2.220446049250313e-16,2.220446049250313e-16,2.220446049250313e-16,2.220446049250313e-16,2.220446049250313e-16,0.0053537898066161604,0.4861610747746214,0.4714275760788204,0.5145280565331698,2.220446049250313e-16,2.220446049250313e-16
177.0,2.220446049250313e-16,2.220446049250313e-16,2.220446049250313e-16,0.4779801478076698,2.220446049250313e-16,2.220446049250313e-16,2.220446049250313e-16,2.220446049250313e-16,2.220446049250313e-16,0.0053537898066161604,0.4861610747746214,0.4714275760788204,0.5145280565331698,2.220446049250313e-16,2.220446049250313e-16
178.0,2.220446049250313e-16,2.220446049250313e-16,2.220446049250313e-16,0.4779801478076698,2.220446049250313e-16,2.220446049250313e-16,2.220446049250313e-16,2.220446049250313e-16,2.220446049250313e-16,0.0053537898066161604,0.4861610747746214,0.4714275760788204,0.5145280565331698,2.220446049250313e-16,2.220446049250313e-16
179.0,2.220446049250313e-16,2.220446049250313e-16,2.220446049250313e-16,0.4779801478076698,2.220446049250313e-16,2.220446049250313e-16,2.220446049250313e-16,2.220446049250313e-16,2.220446049250313e-16,0.0053537898066161604,0.4861610747746214,0.4714275760788204,0.5145280565331698,2.220446049250313e-16,2.220446049250313e-16
180.0,2.220446049250313e-16,2.220446049250313e-16,2.220446049250313e-16,0.4779801478076698,2.220446049250313e-16,2.220446049250313e-16,2.220446049250313e-16,2.220446049250313e-16,2.220446049250313e-16,0.0053537898066161604,0.4861610747746214,0.4714275760788204,0.5145280565331698,2.220446049250313e-16,2.220446049250313e-16
181.0,0.5137754855936836,2.220446049250313e-16,0.29354226705708486,0.0055791768798766905,2.220446049250313e-16,2.220446049250313e-16,2.7755575615628914e-17,2.220446049250313e-16,0.6233012025173521,0.10579113284174464,2.220446049250313e-16,0.2611838756305713,0.02821664315483501,2.220446049250313e-16,2.220446049250313e-16
182.0,0.5137754855936836,2.220446049250313e-16,0.29354226705708486,0.0055791768798766905,2.220446049250313e-16,2.220446049250313e-16,2.7755575615628914e-17,2.220446049250313e-16,0.6233012025173521,0.10579113284174464,2.220446049250313e-16,0.2611838756305713,0.02821664315483501,2.220446049250313e-16,2.220446049250313e-16
183.0,0.47785342708779605,2.220446049250313e-16,2.220446049250313e-16,0.0014835728840733586,0.6916920871943221,9.327987479614489e-05,0.00016633731284195348,2.220446049250313e-16,2.220446049250313e-16,0.2298080777832787,2.220446049250313e-16,0.51124909115803,0.0057504174139232835,2.220446049250313e-16,2.220446049250313e-16
184.0,0.47785342708779605,2.220446049250313e-16,2.220446049250313e-16,0.0014835728840733586,0.6916920871943221,9.327987479614489e-05,0.00016633731284195348,2.220446049250313e-16,2.220446049250313e-16,0.2298080777832787,2.220446049250313e-16,0.51124909115803,0.0057504174139232835,2.220446049250313e-16,2.220446049250313e-16
185.0,0.5123904443759504,2.220446049250313e-16,0.11771635709957606,4.163336342344337e-17,0.020843280532855484,2.220446049250313e-16,2.220446049250313e-16,0.0009010969433913729,0.0023272693507032424,0.7838756402218142,2.220446049250313e-16,2.220446049250313e-16,2.220446049250313e-16,0.4777088039656339,2.220446049250313e-16
186.0,0.5123904443759504,2.220446049250313e-16,0.11771635709957606,4.163336342344337e-17,0.020843280532855484,2.220446049250313e-16,2.220446049250313e-16,0.0009010969433913729,0.0023272693507032424,0.7838756402218142,2.220446049250313e-16,2.220446049250313e-16,2.220446049250313e-16,0.4777088039656339,2.220446049250313e-16
187.0,0.48287850711583874,2.220446049250313e-16,2.220446049250313e-16,2.220446049250313e-16,0.689947431026529,0.00018816042534652296,0.0002603743256556685,2.220446049250313e-16,2.220446049250313e-16,0.23557003581926397,2.220446049250313e-16,2.220446049250313e-16,2.220446049250313e-16,0.5021938658053827,2.220446049250313e-16
188.0,0.48287850711583874,2.220446049250313e-16,2.220446049250313e-16,2.220446049250313e-16,0.689947431026529,0.00018816042534652296,0.0002603743256556685,2.220446049250313e-16,2.220446049250313e-16,0.23557003581926397,2.220446049250313e-16,2.220446049250313e-16,2.220446049250313e-16,0.5021938658053827,2.220446049250313e-16
189.0,0.010765939708268973,2.220446049250313e-16,0.7421109966212663,2.220446049250313e-16,2.220446049250313e-16,2.220446049250313e-16,0.21824731721033644,0.4932060311781127,0.13580326124520156,2.220446049250313e-16,2.220446049250313e-16,2.220446049250313e-16,2.220446049250313e-16,2.220446049250313e-16,0.4966471699747901
190.0,0.011063990374359204,2.220446049250313e-16,2.220446049250313e-16,8.326672684688674e-17,2.220446049250313e-16,0.3803961806799867,0.49320403883127667,0.23706496044921294,2.220446049250313e-16,0.01769760190425031,0.40041152296283067,2.220446049250313e-16,2.220446049250313e-16,0.23102601919054117,0.4929076500751608
191.0,0.011063990374359204,2.220446049250313e-16,2.220446049250313e-16,8.326672684688674e-17,2.220446049250313e-16,0.3803961806799867,0.49320403883127667,0.23706496044921294,2.220446049250313e-16,0.01769760190425031,0.40041152296283067,2.220446049250313e-16,2.220446049250313e-16,0.23102601919054117,0.4929076500751608
192.0,2.220446049250313e-16,2.220446049250313e-16,2.220446049250313e-16,2.220446049250313e-16,0.3795755603100793,0.39746916357130224,0.5053711193490648,0.4888882847825198,2.220446049250313e-16,2.220446049250313e-16,2.220446049250313e-16,2.220446049250313e-16,2.220446049250313e-16,2.220446049250313e-16,0.4895509101062123
193.0,2.220446049250313e-16,2.220446049250313e-16,2.220446049250313e-16,2.220446049250313e-16,0.3795755603100793,0.39746916357130224,0.5053711193490648,0.4888882847825198,2.220446049250313e-16,2.220446049250313e-16,2.220446049250313e-16,2.220446049250313e-16,2.220446049250313e-16,2.220446049250313e-16,0.4895509101062123
194.0,2.220446049250313e-16,0.480961974986315,2.220446049250313e-16,0.4771374674124814,2.220446049250313e-16,2.220446049250313e-16,2.220446049250313e-16,0.4924721673440884,2.220446049250313e-16,2.220446049250313e-16,0.520327730362795,2.220446049250313e-16,0.030597159965292896,1.0890865709115738e-16,0.00039392659578408625
195.0,0.4914098366510803,2.220446049250313e-16,0.6433787850448855,2.220446049250313e-16,2.220446049250313e-16,2.220446049250313e-16,2.220446049250313e-16,0.4973904934120423,2.220446049250313e-16,0.39359820746842716,2.220446049250313e-16,2.220446049250313e-16,2.220446049250313e-16,2.220446049250313e-16,0.0003342830220484102
196.0,2.220446049250313e-16,0.4810156557687661,2.220446049250313e-16,0.4772208319212241,0.19331237262342432,0.3704345591048469,0.016819809598170598,0.2514970514436647,2.220446049250313e-16,2.220446049250313e-16,0.2068780152448135,2.220446049250313e-16,2.220446049250313e-16,0.29288928456107716,2.220446049250313e-16
197.0,2.220446049250313e-16,0.4810156557687661,2.220446049250313e-16,0.4772208319212241,0.19331237262342432,0.3704345591048469,0.016819809598170598,0.2514970514436647,2.220446049250313e-16,2.220446049250313e-16,0.2068780152448135,2.220446049250313e-16,2.220446049250313e-16,0.29288928456107716,2.220446049250313e-16
198.0,2.220446049250313e-16,2.220446049250313e-16,2.220446049250313e-16,0.48214512254190495,2.220446049250313e-16,2.220446049250313e-16,2.220446049250313e-16,2.220446049250313e-16,2.220446049250313e-16,2.220446049250313e-16,0.48501364969964783,0.21820771699220326,0.5307799967865361,0.29319061047309664,2.220446049250313e-16
199.0,2.220446049250313e-16,2.220446049250313e-16,2.220446049250313e-16,0.48214512254190495,2.220446049250313e-16,2.220446049250313e-16,2.220446049250313e-16,2.220446049250313e-16,2.220446049250313e-16,2.220446049250313e-16,0.48501364969964783,0.21820771699220326,0.5307799967865361,0.29319061047309664,2.220446049250313e-16
200.0,2.220446049250313e-16,2.220446049250313e-16,2.220446049250313e-16,0.48214512254190495,2.220446049250313e-16,2.220446049250313e-16,2.220446049250313e-16,2.220446049250313e-16,2.220446049250313e-16,2.220446049250313e-16,0.48501364969964783,0.21820771699220326,0.5307799967865361,0.29319061047309664,2.220446049250313e-16
201.0,2.220446049250313e-16,2.220446049250313e-16,2.220446049250313e-16,0.48214512254190495,2.220446049250313e-16,2.220446049250313e-16,2.220446049250313e-16,2.220446049250313e-16,2.220446049250313e-16,2.220446049250313e-16,0.48501364969964783,0.21820771699220326,0.5307799967865361,0.29319061047309664,2.220446049250313e-16
202.0,0.010765939708268973,2.220446049250313e-16,0.7421109966212663,2.220446049250313e-16,2.220446049250313e-16,2.220446049250313e-16,0.21824731721033644,0.4932060311781127,0.13580326124520156,2.220446049250313e-16,2.220446049250313e-16,2.220446049250313e-16,2.220446049250313e-16,2.220446049250313e-16,0.4966471699747901
203.0,0.011063990374359204,2.220446049250313e-16,2.220446049250313e-16,8.326672684688674e-17,2.220446049250313e-16,0.3803961806799867,0.49320403883127667,0.23706496044921294,2.220446049250313e-16,0.01769760190425031,0.40041152296283067,2.220446049250313e-16,2.220446049250313e-16,0.23102601919054117,0.4929076500751608
204.0,0.011063990374359204,2.220446049250313e-16,2.220446049250313e-16,8.326672684688674e-17,2.220446049250313e-16,0.3803961806799867,0.49320403883127667,0.23706496044921294,2.220446049250313e-16,0.01769760190425031,0.40041152296283067,2.220446049250313e-16,2.220446049250313e-16,0.23102601919054117,0.4929076500751608
205.0,2.220446049250313e-16,2.220446049250313e-16,2.220446049250313e-16,2.220446049250313e-16,0.3795755603100793,0.39746916357130224,0.5053711193490648,0.4888882847825198,2.220446049250313e-16,2.220446049250313e-16,2.220446049250313e-16,2.220446049250313e-16,2.220446049250313e-16,2.220446049250313e-16,0.4895509101062123
206.0,2.220446049250313e-16,2.220446049250313e-16,2.220446049250313e-16,2.220446049250313e-16,0.3795755603100793,0.39746916357130224,0.5053711193490648,0.4888882847825198,2.220446049250313e-16,2.220446049250313e-16,2.220446049250313e-16,2.220446049250313e-16,2.220446049250313e-16,2.220446049250313e-16,0.4895509101062123
207.0,2.220446049250313e-16,0.480961974986315,2.220446049250313e-16,0.4771374674124814,2.220446049250313e-16,2.220446049250313e-16,2.220446049250313e-16,0.4924721673440884,2.220446049250313e-16,2.220446049250313e-16,0.520327730362795,2.220446049250313e-16,0.030597159965292896,1.0890865709115738e-16,0.00039392659578408625
208.0,0.010765939708268977,2.220446049250313e-16,0.7421109966212664,2.220446049250313e-16,2.220446049250313e-16,2.220446049250313e-16,0.21824731721033636,0.49320603117811257,0.13580326124520167,2.220446049250313e-16,2.220446049250313e-16,2.220446049250313e-16,2.220446049250313e-16,2.220446049250313e-16,0.4966471699747901
209.0,0.011063990374359204,2.220446049250313e-16,2.220446049250313e-16,8.326672684688674e-17,2.220446049250313e-16,0.3803961806799867,0.49320403883127667,0.23706496044921294,2.220446049250313e-16,0.01769760190425031,0.40041152296283067,2.220446049250313e-16,2.220446049250313e-16,0.23102601919054117,0.4929076500751608
210.0,0.011063990374359204,2.220446049250313e-16,2.220446049250313e-16,8.326672684688674e-17,2.220446049250313e-16,0.3803961806799867,0.49320403883127667,0.23706496044921294,2.220446049250313e-16,0.01769760190425031,0.40041152296283067,2.220446049250313e-16,2.220446049250313e-16,0.23102601919054117,0.4929076500751608
211.0,2.220446049250313e-16,2.220446049250313e-16,2.220446049250313e-16,2.220446049250313e-16,0.3795755603100793,0.39746916357130224,0.5053711193490648,0.4888882847825198,2.220446049250313e-16,2.220446049250313e-16,2.220446049250313e-16,2.220446049250313e-16,2.220446049250313e-16,2.220446049250313e-16,0.4895509101062123
212.0,2.220446049250313e-16,2.220446049250313e-16,2.220446049250313e-16,2.220446049250313e-16,0.3795755603100793,0.39746916357130224,0.5053711193490648,0.4888882847825198,2.220446049250313e-16,2.220446049250313e-16,2.220446049250313e-16,2.220446049250313e-16,2.220446049250313e-16,2.220446049250313e-16,0.4895509101062123
213.0,2.220446049250313e-16,0.480961974986315,2.220446049250313e-16,0.4771374674124814,2.220446049250313e-16,2.220446049250313e-16,2.220446049250313e-16,0.4924721673440884,2.220446049250313e-16,2.220446049250313e-16,0.520327730362795,2.220446049250313e-16,0.03059715996529284,1.0890865709115738e-16,0.00039392659578407237
214.0,0.5188096250747689,2.220446049250313e-16,0.1148351604059703,2.220446049250313e-16,0.016375116133178227,2.220446049250313e-16,2.220446049250313e-16,0.000592586364906167,0.0008698847872593139,0.8110550456012818,2.220446049250313e-16,0.22747965396359973,2.220446049250313e-16,0.18319830330692988,2.220446049250313e-16
215.0,0.5188096250747689,2.220446049250313e-16,0.1148351604059703,2.220446049250313e-16,0.016375116133178227,2.220446049250313e-16,2.220446049250313e-16,0.000592586364906167,0.0008698847872593139,0.8110550456012818,2.220446049250313e-16,0.22747965396359973,2.220446049250313e-16,0.18319830330692988,2.220446049250313e-16
216.0,0.48287850711583874,2.220446049250313e-16,2.220446049250313e-16,2.220446049250313e-16,0.689947431026529,0.00018816042534652296,0.0002603743256556685,2.220446049250313e-16,2.220446049250313e-16,0.23557003581926397,2.220446049250313e-16,2.220446049250313e-16,2.220446049250313e-16,0.5021938658053827,2.220446049250313e-16
217.0,0.48287850711583874,2.220446049250313e-16,2.220446049250313e-16,2.220446049250313e-16,0.689947431026529,0.00018816042534652296,0.0002603743256556685,2.220446049250313e-16,2.220446049250313e-16,0.23557003581926397,2.220446049250313e-16,2.220446049250313e-16,2.220446049250313e-16,0.5021938658053827,2.220446049250313e-16
218.0,0.5188096250747689,2.220446049250313e-16,0.1148351604059703,2.220446049250313e-16,0.016375116133178227,2.220446049250313e-16,2.220446049250313e-16,0.000592586364906167,0.0008698847872593139,0.8110550456012818,2.220446049250313e-16,0.22747965396359973,2.220446049250313e-16,0.18319830330692988,2.220446049250313e-16
219.0,0.5188096250747689,2.220446049250313e-16,0.1148351604059703,2.220446049250313e-16,0.016375116133178227,2.220446049250313e-16,2.220446049250313e-16,0.000592586364906167,0.0008698847872593139,0.8110550456012818,2.220446049250313e-16,0.22747965396359973,2.220446049250313e-16,0.18319830330692988,2.220446049250313e-16
220.0,0.48287850711583874,2.220446049250313e-16,2.220446049250313e-16,2.220446049250313e-16,0.689947431026529,0.00018816042534652296,0.0002603743256556685,2.220446049250313e-16,2.220446049250313e-16,0.23557003581926397,2.220446049250313e-16,2.220446049250313e-16,2.220446049250313e-16,0.5021938658053827,2.220446049250313e-16
221.0,0.48287850711583874,2.220446049250313e-16,2.220446049250313e-16,2.220446049250313e-16,0.689947431026529,0.00018816042534652296,0.0002603743256556685,2.220446049250313e-16,2.220446049250313e-16,0.23557003581926397,2.220446049250313e-16,2.220446049250313e-16,2.220446049250313e-16,0.5021938658053827,2.220446049250313e-16
