id,x_0,x_1,x_2,x_3,x_4,x_5,x_6,x_7,x_8,x_9,x_10,x_11,x_12,x_13,x_14,x_15
0.0,2.220446049250313e-16,2.220446049250313e-16,2.220446049250313e-16,2.220446049250313e-16,2.220446049250313e-16,2.220446049250313e-16,0.03633020310368634,0.4870260051200009,2.220446049250313e-16,5.551115123125783e-17,0.3760552114379248,1.1102230246251565e-16,2.220446049250313e-16,0.3816055216014072,0.5179860810229455,0.5516586937506291
1.0,2.220446049250313e-16,0.3585405460602568,2.220446049250313e-16,2.220446049250313e-16,2.220446049250313e-16,2.220446049250313e-16,2.220446049250313e-16,0.4870812934519713,2.220446049250313e-16,0.2206586698403608,2.220446049250313e-16,2.220446049250313e-16,2.220446049250313e-16,2.220446049250313e-16,0.29296543414799614,0.410726415012136
2.0,0.5329431060436862,0.0004720051061574415,2.220446049250313e-16,0.006728381065833098,0.5029635923217997,2.220446049250313e-16,0.2048298880909963,0.003962616545338528,2.220446049250313e-16,0.48962049534304547,0.0041273947849023215,0.39284717822366105,0.15660536150466098,2.220446049250313e-16,2.220446049250313e-16,2.220446049250313e-16
3.0,0.2081851041797493,1.249000902703301e-16,2.220446049250313e-16,0.14503441304739395,2.220446049250313e-16,2.220446049250313e-16,0.052746847755926134,0.49234405568132833,0.4010232016132773,2.220446049250313e-16,0.37969751928406614,0.39284717822366105,0.23380548552287955,2.220446049250313e-16,2.220446049250313e-16,2.220446049250313e-16
4.0,2.220446049250313e-16,0.002928256098513086,0.34879929206519344,0.47988392782785655,2.220446049250313e-16,2.220446049250313e-16,2.220446049250313e-16,0.48986791755199294,0.13635707542624478,0.2628296150843309,0.37978273952000036,2.220446049250313e-16,0.22030789213491944,2.220446049250313e-16,2.220446049250313e-16,2.220446049250313e-16
5.0,2.220446049250313e-16,0.23396667238526664,2.220446049250313e-16,0.014249576392916241,2.220446049250313e-16,0.48778066147586846,0.04677010537228122,0.000816026400591595,0.5870121409875365,2.220446049250313e-16,2.220446049250313e-16,2.220446049250313e-16,2.220446049250313e-16,2.220446049250313e-16,2.220446049250313e-16,0.4879502478972238
6.0,2.220446049250313e-16,2.220446049250313e-16,2.220446049250313e-16,0.60716285977,2.220446049250313e-16,2.220446049250313e-16,2.220446049250313e-16,0.4867691242128661,0.5413061142238769,2.220446049250313e-16,2.220446049250313e-16,2.220446049250313e-16,0.2280682455382581,2.220446049250313e-16,0.024102585495967225,2.220446049250313e-16
7.0,2.220446049250313e-16,0.002906205181753988,2.220446049250313e-16,0.4445271589843339,2.220446049250313e-16,0.49807418024275274,2.220446049250313e-16,0.004447442772751553,0.5556991733795846,2.220446049250313e-16,0.3798076282914986,2.220446049250313e-16,0.23043246895901745,2.220446049250313e-16,2.220446049250313e-16,2.220446049250313e-16
8.0,2.220446049250313e-16,2.220446049250313e-16,0.34878749342356885,0.464590723455677,2.220446049250313e-16,2.220446049250313e-16,2.220446049250313e-16,0.49284694158462256,0.32099624787288494,2.220446049250313e-16,0.3797709120379396,1.6653345369377348e-16,0.22210470399867346,2.220446049250313e-16,2.220446049250313e-16,2.220446049250313e-16
9.0,2.220446049250313e-16,0.3681993668035257,0.16223377648656806,2.220446049250313e-16,2.220446049250313e-16,2.220446049250313e-16,0.04188763360475287,0.4870812934519714,2.220446049250313e-16,0.2204945965807794,2.220446049250313e-16,0.3928471782236609,2.220446049250313e-16,2.220446049250313e-16,2.220446049250313e-16,0.2712380949982923
10.0,0.3553889627129778,2.220446049250313e-16,2.220446049250313e-16,2.220446049250313e-16,2.220446049250313e-16,2.220446049250313e-16,2.220446049250313e-16,0.4870260051200007,2.220446049250313e-16,0.226749156210057,0.3760552114379249,2.220446049250313e-16,2.220446049250313e-16,0.3816055216014072,0.29575034270544676,0.3736986100014814
11.0,0.3553889627129778,2.220446049250313e-16,0.3502459286991129,2.220446049250313e-16,2.220446049250313e-16,2.220446049250313e-16,2.220446049250313e-16,0.4900358623025829,0.1809370064818763,2.220446049250313e-16,0.37605466285261435,0.392847178223661,2.220446049250313e-16,0.38160552160140726,2.220446049250313e-16,0.24237585998155234
12.0,2.220446049250313e-16,2.220446049250313e-16,0.49473755825800725,0.6740963736997132,2.220446049250313e-16,2.220446049250313e-16,0.20904687771346778,0.4864208320254061,0.12225052847737242,2.220446049250313e-16,2.220446049250313e-16,2.220446049250313e-16,2.220446049250313e-16,2.220446049250313e-16,0.010066478819053508,2.220446049250313e-16
13.0,0.5606041314885783,0.0029062051817539264,2.220446049250313e-16,0.013593667553568809,2.220446049250313e-16,0.4980741802427526,0.06749260803709206,0.0007604657224013268,0.587060140022402,2.220446049250313e-16,0.37614383960722214,2.220446049250313e-16,2.220446049250313e-16,0.3816055216014073,2.220446049250313e-16,2.220446049250313e-16
14.0,2.220446049250313e-16,2.220446049250313e-16,2.220446049250313e-16,0.6417453866079557,2.220446049250313e-16,2.220446049250313e-16,0.15286733083480486,0.48815787583166503,0.5387835770442723,2.220446049250313e-16,2.220446049250313e-16,2.220446049250313e-16,2.220446049250313e-16,2.220446049250313e-16,0.011128256669936935,2.220446049250313e-16
15.0,2.220446049250313e-16,0.23396667238526664,2.220446049250313e-16,0.014249576392916241,2.220446049250313e-16,0.48778066147586846,0.04677010537228122,0.000816026400591595,0.5870121409875365,2.220446049250313e-16,2.220446049250313e-16,2.220446049250313e-16,2.220446049250313e-16,2.220446049250313e-16,2.220446049250313e-16,0.4879502478972238
16.0,2.220446049250313e-16,2.220446049250313e-16,2.220446049250313e-16,0.6418753885818177,0.2397305060518773,2.220446049250313e-16,0.15286296667500737,0.2481760922090182,0.5400502162921339,2.220446049250313e-16,2.220446049250313e-16,2.220446049250313e-16,2.220446049250313e-16,2.220446049250313e-16,0.0043258954207449,2.220446049250313e-16
17.0,0.5606048639786878,2.220446049250313e-16,2.220446049250313e-16,0.013698821956308338,8.326672684688674e-17,0.26220284922295345,0.06748897121605212,0.24074234817627663,0.5857763975612319,5.551115123125783e-17,0.37610009981243303,2.220446049250313e-16,2.220446049250313e-16,0.3816055216014072,2.220446049250313e-16,2.220446049250313e-16
18.0,0.3553889627129778,0.00047200510615747783,2.220446049250313e-16,0.2781741075434067,2.220446049250313e-16,2.220446049250313e-16,2.220446049250313e-16,0.4899712603578549,0.15102667913490953,0.4896204953430453,0.3799729425720836,2.220446049250313e-16,0.19001922670887694,2.220446049250313e-16,2.220446049250313e-16,2.220446049250313e-16
19.0,0.5605094399989468,2.220446049250313e-16,2.220446049250313e-16,2.220446049250313e-16,2.220446049250313e-16,2.220446049250313e-16,0.06796275227148252,0.4887897522425813,0.4115903091074252,2.220446049250313e-16,0.37605488997225267,0.392847178223661,2.220446049250313e-16,0.3816055216014073,2.220446049250313e-16,2.220446049250313e-16
20.0,2.220446049250313e-16,2.220446049250313e-16,2.220446049250313e-16,0.6417453866079557,2.220446049250313e-16,2.220446049250313e-16,0.15286733083480486,0.48815787583166503,0.5387835770442723,2.220446049250313e-16,2.220446049250313e-16,2.220446049250313e-16,2.220446049250313e-16,2.220446049250313e-16,0.011128256669936935,2.220446049250313e-16
21.0,2.220446049250313e-16,0.002906205181753991,2.220446049250313e-16,0.6415317173431022,2.220446049250313e-16,0.49807418024275263,0.15287450370140065,0.0010625052853580658,0.5413892284157815,2.220446049250313e-16,2.220446049250313e-16,2.220446049250313e-16,2.220446049250313e-16,2.220446049250313e-16,0.011135269417097216,2.220446049250313e-16
22.0,0.5606041314885783,0.0029062051817539264,2.220446049250313e-16,0.013593667553568809,2.220446049250313e-16,0.4980741802427526,0.06749260803709206,0.0007604657224013268,0.587060140022402,2.220446049250313e-16,0.37614383960722214,2.220446049250313e-16,2.220446049250313e-16,0.3816055216014073,2.220446049250313e-16,2.220446049250313e-16
23.0,0.5606056182364411,2.220446049250313e-16,2.220446049250313e-16,0.01380710126617328,2.220446049250313e-16,2.220446049250313e-16,0.06748522631843433,0.487855849229042,0.5844545057134559,2.220446049250313e-16,0.3760550601881277,2.220446049250313e-16,2.220446049250313e-16,0.3816055216014072,2.220446049250313e-16,2.220446049250313e-16
24.0,2.220446049250313e-16,2.220446049250313e-16,2.220446049250313e-16,0.6417453866079557,2.220446049250313e-16,2.220446049250313e-16,0.15286733083480486,0.48815787583166503,0.5387835770442723,2.220446049250313e-16,2.220446049250313e-16,2.220446049250313e-16,2.220446049250313e-16,2.220446049250313e-16,0.011128256669936935,2.220446049250313e-16
25.0,0.5605094399989468,2.220446049250313e-16,2.220446049250313e-16,2.220446049250313e-16,2.220446049250313e-16,2.220446049250313e-16,0.06796275227148252,0.4887897522425813,0.4115903091074252,2.220446049250313e-16,0.37605488997225267,0.392847178223661,2.220446049250313e-16,0.3816055216014073,2.220446049250313e-16,2.220446049250313e-16
26.0,0.16066666304070734,2.220446049250313e-16,0.4862857447632216,2.220446049250313e-16,2.220446049250313e-16,1.1102230246251565e-16,0.28867640399884836,0.4870260051200008,2.220446049250313e-16,2.220446049250313e-16,0.37605521143792514,0.3928471782236611,2.220446049250313e-16,0.3816055216014072,2.220446049250313e-16,0.1546874398712342
27.0,0.5605094399989468,2.220446049250313e-16,2.220446049250313e-16,2.220446049250313e-16,2.220446049250313e-16,2.220446049250313e-16,0.06796275227148252,0.4887897522425813,0.4115903091074252,2.220446049250313e-16,0.37605488997225267,0.392847178223661,2.220446049250313e-16,0.3816055216014073,2.220446049250313e-16,2.220446049250313e-16
28.0,2.220446049250313e-16,2.220446049250313e-16,0.51543014592276,0.6413272283987406,2.220446049250313e-16,2.220446049250313e-16,2.220446049250313e-16,0.4850347356391245,0.12464116611467495,2.220446049250313e-16,2.220446049250313e-16,2.220446049250313e-16,0.22774605269493803,2.220446049250313e-16,0.022988622615564794,2.220446049250313e-16
29.0,2.220446049250313e-16,0.23397225080916265,2.220446049250313e-16,2.220446049250313e-16,2.220446049250313e-16,0.48778041296251695,0.04726225510852042,0.0017497555267095843,0.41418012607900384,2.220446049250313e-16,2.220446049250313e-16,0.392847178223661,2.220446049250313e-16,2.220446049250313e-16,2.220446049250313e-16,0.487869770107466
30.0,2.220446049250313e-16,0.002928256098513086,0.33749722038019986,0.6769143961132896,2.220446049250313e-16,2.220446049250313e-16,0.12011311002210073,0.4864219393150553,0.12204557064132554,0.2628296150843309,2.220446049250313e-16,2.220446049250313e-16,2.220446049250313e-16,2.220446049250313e-16,0.009973989715906536,2.220446049250313e-16
31.0,2.220446049250313e-16,0.23396667238526664,2.220446049250313e-16,0.014249576392916241,2.220446049250313e-16,0.48778066147586846,0.04677010537228122,0.000816026400591595,0.5870121409875365,2.220446049250313e-16,2.220446049250313e-16,2.220446049250313e-16,2.220446049250313e-16,2.220446049250313e-16,2.220446049250313e-16,0.4879502478972238
32.0,2.220446049250313e-16,2.220446049250313e-16,2.220446049250313e-16,0.6417453866079557,2.220446049250313e-16,2.220446049250313e-16,0.15286733083480486,0.48815787583166503,0.5387835770442723,2.220446049250313e-16,2.220446049250313e-16,2.220446049250313e-16,2.220446049250313e-16,2.220446049250313e-16,0.011128256669936935,2.220446049250313e-16
33.0,0.1958804510121517,0.0029062051817538986,2.220446049250313e-16,0.21698108906409147,2.220446049250313e-16,0.49807418024275274,0.113839579166452,0.0008403830401441865,0.5722675515777175,2.220446049250313e-16,0.37614382504125976,2.220446049250313e-16,2.220446049250313e-16,0.3816055216014073,2.220446049250313e-16,2.220446049250313e-16
34.0,2.220446049250313e-16,2.220446049250313e-16,2.220446049250313e-16,0.6417453866079557,2.220446049250313e-16,2.220446049250313e-16,0.15286733083480486,0.48815787583166503,0.5387835770442723,2.220446049250313e-16,2.220446049250313e-16,2.220446049250313e-16,2.220446049250313e-16,2.220446049250313e-16,0.011128256669936935,2.220446049250313e-16
35.0,0.35538896271297776,2.220446049250313e-16,0.16537771353904443,0.2583308484008749,2.220446049250313e-16,2.220446049250313e-16,2.220446049250313e-16,0.4886675603515296,0.3831234683585618,2.220446049250313e-16,0.37992130914971634,1.6653345369377348e-16,0.19827855243843195,2.220446049250313e-16,2.220446049250313e-16,2.220446049250313e-16
36.0,2.220446049250313e-16,2.220446049250313e-16,2.220446049250313e-16,2.220446049250313e-16,2.220446049250313e-16,2.220446049250313e-16,0.033010972954336325,0.4870260051200011,2.220446049250313e-16,0.22674915621005717,0.37605521143792486,2.220446049250313e-16,2.220446049250313e-16,0.38160552160140726,0.28090905805790306,0.5710265231807622
37.0,2.220446049250313e-16,0.3622646832956774,2.220446049250313e-16,2.220446049250313e-16,2.220446049250313e-16,2.220446049250313e-16,2.220446049250313e-16,0.48708129345197126,2.220446049250313e-16,2.220446049250313e-16,2.220446049250313e-16,3.3306690738754696e-16,2.220446049250313e-16,2.220446049250313e-16,0.5300353185811033,0.391453498633219
38.0,2.220446049250313e-16,2.220446049250313e-16,2.220446049250313e-16,2.220446049250313e-16,2.220446049250313e-16,2.220446049250313e-16,0.03633020310368634,0.4870260051200009,2.220446049250313e-16,5.551115123125783e-17,0.3760552114379248,1.6653345369377348e-16,2.220446049250313e-16,0.3816055216014072,0.5179860810229455,0.5516586937506291
39.0,2.220446049250313e-16,0.21839505036674847,0.15483064875229868,2.220446049250313e-16,2.220446049250313e-16,2.220446049250313e-16,0.11163687202248752,0.4870812934519714,2.220446049250313e-16,0.22303930500331456,2.220446049250313e-16,2.220446049250313e-16,2.220446049250313e-16,2.220446049250313e-16,0.027228007876326756,0.6319367163662993
40.0,2.220446049250313e-16,0.0004720051061574798,2.220446049250313e-16,0.6760456645936815,0.5029635923217992,2.220446049250313e-16,0.15171587220857127,2.220446049250313e-16,0.1246952830892295,0.4896204953430453,2.220446049250313e-16,2.220446049250313e-16,2.220446049250313e-16,2.220446049250313e-16,2.220446049250313e-16,2.220446049250313e-16
41.0,2.220446049250313e-16,0.23075741078623022,2.220446049250313e-16,2.220446049250313e-16,2.220446049250313e-16,2.220446049250313e-16,0.047194700498823294,0.4888450421156415,0.4115900151055925,2.220446049250313e-16,2.220446049250313e-16,0.39284717822366105,2.220446049250313e-16,2.220446049250313e-16,2.220446049250313e-16,0.4882639537280539
42.0,2.220446049250313e-16,2.220446049250313e-16,0.16377336735159564,0.40933878241883526,2.220446049250313e-16,2.220446049250313e-16,0.01296199524993712,0.48945637212066906,0.19827321080500007,2.220446049250313e-16,0.37970255482634363,0.39284717822366105,0.23308749034622195,2.220446049250313e-16,2.220446049250313e-16,2.220446049250313e-16
43.0,2.220446049250313e-16,2.220446049250313e-16,2.220446049250313e-16,0.44513713506613584,2.220446049250313e-16,1.1102230246251565e-16,2.220446049250313e-16,0.491566022694193,0.5530645755951702,1.1102230246251565e-16,0.3797428468569813,2.220446049250313e-16,0.22661064282443194,2.220446049250313e-16,2.220446049250313e-16,2.220446049250313e-16
44.0,2.220446049250313e-16,2.220446049250313e-16,2.220446049250313e-16,0.60716285977,2.220446049250313e-16,2.220446049250313e-16,2.220446049250313e-16,0.4867691242128661,0.5413061142238769,2.220446049250313e-16,2.220446049250313e-16,2.220446049250313e-16,0.2280682455382581,2.220446049250313e-16,0.024102585495967225,2.220446049250313e-16
45.0,0.5606041314885783,0.0029062051817539264,2.220446049250313e-16,0.013593667553568795,2.220446049250313e-16,0.4980741802427526,0.06749260803709205,0.0007604657224013268,0.587060140022402,2.220446049250313e-16,0.37614383960722214,2.220446049250313e-16,2.220446049250313e-16,0.3816055216014073,2.220446049250313e-16,2.220446049250313e-16
46.0,2.220446049250313e-16,2.220446049250313e-16,2.220446049250313e-16,0.6417453866079557,2.220446049250313e-16,2.220446049250313e-16,0.15286733083480486,0.48815787583166503,0.5387835770442723,2.220446049250313e-16,2.220446049250313e-16,2.220446049250313e-16,2.220446049250313e-16,2.220446049250313e-16,0.011128256669936935,2.220446049250313e-16
47.0,0.5606048639786878,2.220446049250313e-16,2.220446049250313e-16,0.013698821956308338,8.326672684688674e-17,0.26220284922295345,0.06748897121605212,0.24074234817627663,0.5857763975612319,5.551115123125783e-17,0.37610009981243303,2.220446049250313e-16,2.220446049250313e-16,0.3816055216014072,2.220446049250313e-16,2.220446049250313e-16
48.0,2.220446049250313e-16,2.220446049250313e-16,2.220446049250313e-16,0.6417453866079557,2.220446049250313e-16,2.220446049250313e-16,0.15286733083480486,0.48815787583166503,0.5387835770442723,2.220446049250313e-16,2.220446049250313e-16,2.220446049250313e-16,2.220446049250313e-16,2.220446049250313e-16,0.011128256669936935,2.220446049250313e-16
49.0,0.5606048639786878,2.220446049250313e-16,2.220446049250313e-16,0.013698821956308324,1.3877787807814457e-16,0.26220284922295345,0.06748897121605212,0.24074234817627663,0.5857763975612319,5.551115123125783e-17,0.3761000998124331,2.220446049250313e-16,2.220446049250313e-16,0.3816055216014072,2.220446049250313e-16,2.220446049250313e-16
50.0,2.220446049250313e-16,2.220446049250313e-16,0.5153983235085768,0.4260210620971654,2.220446049250313e-16,2.220446049250313e-16,2.220446049250313e-16,0.490530533336877,2.220446049250313e-16,2.220446049250313e-16,0.37970546912003394,0.392847178223661,0.2325922793332501,2.220446049250313e-16,2.220446049250313e-16,2.220446049250313e-16
51.0,0.35538896271297776,2.220446049250313e-16,0.5156532920554703,0.27778541513768484,2.220446049250313e-16,2.220446049250313e-16,2.220446049250313e-16,0.48994853643856023,0.15105506917791903,2.220446049250313e-16,0.3799494335035131,1.6653345369377348e-16,0.19376318997541556,2.220446049250313e-16,2.220446049250313e-16,2.220446049250313e-16
52.0,0.5672373217259711,0.0029282560985130837,0.3465778910114574,2.220446049250313e-16,2.220446049250313e-16,2.220446049250313e-16,0.034558749272580486,0.487026005120001,2.220446049250313e-16,0.2628296150843309,0.37605521143792503,0.39284717822366105,2.220446049250313e-16,0.38160552160140726,2.220446049250313e-16,2.220446049250313e-16
53.0,0.5606056182364411,2.220446049250313e-16,2.220446049250313e-16,0.01380710126617328,2.220446049250313e-16,2.220446049250313e-16,0.06748522631843433,0.487855849229042,0.5844545057134559,2.220446049250313e-16,0.3760550601881277,2.220446049250313e-16,2.220446049250313e-16,0.3816055216014072,2.220446049250313e-16,2.220446049250313e-16
54.0,2.220446049250313e-16,2.220446049250313e-16,0.5153983235085768,0.4260210620971654,2.220446049250313e-16,2.220446049250313e-16,2.220446049250313e-16,0.490530533336877,2.220446049250313e-16,2.220446049250313e-16,0.37970546912003394,0.392847178223661,0.2325922793332501,2.220446049250313e-16,2.220446049250313e-16,2.220446049250313e-16
55.0,2.220446049250313e-16,0.23075741078623022,2.220446049250313e-16,2.220446049250313e-16,2.220446049250313e-16,2.220446049250313e-16,0.047194700498823294,0.4888450421156415,0.4115900151055925,2.220446049250313e-16,2.220446049250313e-16,0.39284717822366105,2.220446049250313e-16,2.220446049250313e-16,2.220446049250313e-16,0.4882639537280539
56.0,2.220446049250313e-16,0.002928256098513086,0.33749769421407416,0.6770460597152068,0.5029635923217992,2.220446049250313e-16,0.1201086457533428,2.220446049250313e-16,0.12462252535387086,0.2628296150843309,2.220446049250313e-16,2.220446049250313e-16,2.220446049250313e-16,2.220446049250313e-16,2.220446049250313e-16,2.220446049250313e-16
57.0,0.3553889627129778,2.220446049250313e-16,0.3502459286991129,2.220446049250313e-16,2.220446049250313e-16,2.220446049250313e-16,2.220446049250313e-16,0.4900358623025829,0.1809370064818763,2.220446049250313e-16,0.37605466285261435,0.392847178223661,2.220446049250313e-16,0.38160552160140726,2.220446049250313e-16,0.24237585998155234
58.0,0.5329431060436862,0.0004720051061574415,2.220446049250313e-16,0.006728381065833098,0.5029635923217997,2.220446049250313e-16,0.2048298880909963,0.003962616545338528,2.220446049250313e-16,0.48962049534304547,0.0041273947849023215,0.39284717822366105,0.15660536150466098,2.220446049250313e-16,2.220446049250313e-16,2.220446049250313e-16
59.0,2.220446049250313e-16,0.3585405460602568,2.220446049250313e-16,2.220446049250313e-16,2.220446049250313e-16,2.220446049250313e-16,2.220446049250313e-16,0.4870812934519713,2.220446049250313e-16,0.2206586698403608,2.220446049250313e-16,2.220446049250313e-16,2.220446049250313e-16,2.220446049250313e-16,0.29296543414799614,0.410726415012136
60.0,0.5741977802598615,2.220446049250313e-16,2.220446049250313e-16,0.12109918805150849,0.5121517354562819,2.220446049250313e-16,2.220446049250313e-16,2.220446049250313e-16,2.220446049250313e-16,5.551115123125783e-17,2.220446049250313e-16,2.220446049250313e-16,0.20452467480191835,2.220446049250313e-16,0.5778435180010223,0.1023981372658964
61.0,2.220446049250313e-16,0.3688256432930528,2.220446049250313e-16,2.220446049250313e-16,0.4909777621258483,2.220446049250313e-16,0.10015428147583132,2.220446049250313e-16,2.220446049250313e-16,2.220446049250313e-16,0.3761439782119129,2.220446049250313e-16,2.220446049250313e-16,2.220446049250313e-16,0.4573164035314472,0.17924286001001347
62.0,2.220446049250313e-16,0.3688256432930528,2.220446049250313e-16,2.220446049250313e-16,0.4909777621258483,2.220446049250313e-16,0.10015428147583132,2.220446049250313e-16,2.220446049250313e-16,2.220446049250313e-16,0.3761439782119129,2.220446049250313e-16,2.220446049250313e-16,2.220446049250313e-16,0.4573164035314472,0.17924286001001347
63.0,2.220446049250313e-16,2.220446049250313e-16,2.220446049250313e-16,2.220446049250313e-16,0.4888616591055165,1.1102230246251565e-16,0.037048728124004386,2.220446049250313e-16,2.220446049250313e-16,1.1902704010828168e-17,0.37614397821191303,2.220446049250313e-16,2.220446049250313e-16,0.3816055216014073,0.5044386479333735,0.5474660739536752
64.0,2.220446049250313e-16,2.220446049250313e-16,2.220446049250313e-16,2.220446049250313e-16,0.4888616591055165,1.1102230246251565e-16,0.037048728124004386,2.220446049250313e-16,2.220446049250313e-16,1.1902704010828168e-17,0.37614397821191303,2.220446049250313e-16,2.220446049250313e-16,0.3816055216014073,0.5044386479333735,0.5474660739536752
65.0,2.220446049250313e-16,0.6366772087856509,2.220446049250313e-16,2.220446049250313e-16,2.220446049250313e-16,2.220446049250313e-16,2.220446049250313e-16,0.4870812934519714,2.220446049250313e-16,2.220446049250313e-16,2.220446049250313e-16,2.220446049250313e-16,2.220446049250313e-16,2.220446049250313e-16,0.4847202604247123,2.220446049250313e-16
66.0,0.5276929654110186,0.0004720051061576913,2.220446049250313e-16,2.220446049250313e-16,2.220446049250313e-16,2.220446049250313e-16,0.23089689113206496,0.0009181105388576153,2.220446049250313e-16,0.48962049534304525,0.0009562885044985816,0.39284717822366105,0.6616228731253612,2.220446049250313e-16,0.00197419375987525,2.220446049250313e-16
67.0,0.5276929654110186,0.0004720051061576913,2.220446049250313e-16,2.220446049250313e-16,2.220446049250313e-16,2.220446049250313e-16,0.23089689113206496,0.0009181105388576153,2.220446049250313e-16,0.48962049534304525,0.0009562885044985816,0.39284717822366105,0.6616228731253612,2.220446049250313e-16,0.00197419375987525,2.220446049250313e-16
68.0,0.0683163278382408,2.220446049250313e-16,2.220446049250313e-16,2.220446049250313e-16,2.220446049250313e-16,2.220446049250313e-16,0.7471967822126313,2.220446049250313e-16,2.220446049250313e-16,0.48962851323864187,2.220446049250313e-16,0.3928471782236611,0.06376035607055973,0.3816055216014073,2.220446049250313e-16,0.08032836512221642
69.0,0.0683163278382408,2.220446049250313e-16,2.220446049250313e-16,2.220446049250313e-16,2.220446049250313e-16,2.220446049250313e-16,0.7471967822126313,2.220446049250313e-16,2.220446049250313e-16,0.48962851323864187,2.220446049250313e-16,0.3928471782236611,0.06376035607055973,0.3816055216014073,2.220446049250313e-16,0.08032836512221642
70.0,0.32269440654576154,2.220446049250313e-16,2.220446049250313e-16,0.34194859435331454,2.220446049250313e-16,2.220446049250313e-16,0.16232881262918744,2.220446049250313e-16,2.220446049250313e-16,2.220446049250313e-16,2.220446049250313e-16,0.39284717822366105,0.4240616462718447,2.220446049250313e-16,0.5130676888663146,2.220446049250313e-16
71.0,2.220446049250313e-16,0.6407305037712873,2.220446049250313e-16,2.220446049250313e-16,2.220446049250313e-16,0.46965972896527297,2.220446049250313e-16,2.220446049250313e-16,2.220446049250313e-16,0.4787444990239387,2.220446049250313e-16,2.220446049250313e-16,2.220446049250313e-16,2.220446049250313e-16,2.220446049250313e-16,0.0031678856037985104
72.0,2.220446049250313e-16,0.6407305037712873,2.220446049250313e-16,2.220446049250313e-16,2.220446049250313e-16,0.46965972896527297,2.220446049250313e-16,2.220446049250313e-16,2.220446049250313e-16,0.4787444990239387,2.220446049250313e-16,2.220446049250313e-16,2.220446049250313e-16,2.220446049250313e-16,2.220446049250313e-16,0.0031678856037985104
73.0,2.220446049250313e-16,0.6407305037712873,2.220446049250313e-16,2.220446049250313e-16,2.220446049250313e-16,0.46965972896527297,2.220446049250313e-16,2.220446049250313e-16,2.220446049250313e-16,0.4787444990239387,2.220446049250313e-16,2.220446049250313e-16,2.220446049250313e-16,2.220446049250313e-16,2.220446049250313e-16,0.0031678856037985104
74.0,2.220446049250313e-16,0.6407305037712873,2.220446049250313e-16,2.220446049250313e-16,2.220446049250313e-16,0.46965972896527297,2.220446049250313e-16,2.220446049250313e-16,2.220446049250313e-16,0.4787444990239387,2.220446049250313e-16,2.220446049250313e-16,2.220446049250313e-16,2.220446049250313e-16,2.220446049250313e-16,0.0031678856037985104
75.0,2.220446049250313e-16,0.6407305037712873,2.220446049250313e-16,2.220446049250313e-16,2.220446049250313e-16,0.46965972896527297,2.220446049250313e-16,2.220446049250313e-16,2.220446049250313e-16,0.4787444990239387,2.220446049250313e-16,2.220446049250313e-16,2.220446049250313e-16,2.220446049250313e-16,2.220446049250313e-16,0.0031678856037985104
76.0,2.220446049250313e-16,0.6407305037712873,2.220446049250313e-16,2.220446049250313e-16,2.220446049250313e-16,0.46965972896527297,2.220446049250313e-16,2.220446049250313e-16,2.220446049250313e-16,0.4787444990239387,2.220446049250313e-16,2.220446049250313e-16,2.220446049250313e-16,2.220446049250313e-16,2.220446049250313e-16,0.0031678856037985104
77.0,2.220446049250313e-16,2.220446049250313e-16,2.220446049250313e-16,0.41668831634461334,0.26310704642664007,2.220446049250313e-16,2.220446049250313e-16,0.0020497797315877065,0.5577366140095721,2.220446049250313e-16,0.0011201405356110721,2.220446049250313e-16,0.635500186660496,2.220446049250313e-16,2.220446049250313e-16,2.220446049250313e-16
78.0,2.220446049250313e-16,2.220446049250313e-16,2.220446049250313e-16,0.41668831634461334,0.26310704642664007,2.220446049250313e-16,2.220446049250313e-16,0.0020497797315877065,0.5577366140095721,2.220446049250313e-16,0.0011201405356110721,2.220446049250313e-16,0.635500186660496,2.220446049250313e-16,2.220446049250313e-16,2.220446049250313e-16
79.0,0.04632763313275727,2.220446049250313e-16,0.07555170923627597,0.02955120741875706,2.220446049250313e-16,2.220446049250313e-16,0.8563708809387683,2.220446049250313e-16,0.40236085401978405,2.220446049250313e-16,2.220446049250313e-16,2.220446049250313e-16,0.03555574329068059,0.38160552160140726,2.220446049250313e-16,0.06262340509523091
80.0,0.04632763313275727,2.220446049250313e-16,0.07555170923627597,0.02955120741875706,2.220446049250313e-16,2.220446049250313e-16,0.8563708809387683,2.220446049250313e-16,0.40236085401978405,2.220446049250313e-16,2.220446049250313e-16,2.220446049250313e-16,0.03555574329068059,0.38160552160140726,2.220446049250313e-16,0.06262340509523091
81.0,2.220446049250313e-16,2.220446049250313e-16,2.220446049250313e-16,0.5698965593741567,0.5125272658260194,1.1102230246251565e-16,2.220446049250313e-16,2.220446049250313e-16,2.220446049250313e-16,8.326672684688674e-17,2.220446049250313e-16,2.220446049250313e-16,0.22147307826285398,2.220446049250313e-16,0.5626282076637515,0.1035845423141349
82.0,2.220446049250313e-16,0.09264937595569864,2.220446049250313e-16,2.220446049250313e-16,0.4911082463671592,2.220446049250313e-16,0.021411998698697605,2.220446049250313e-16,2.220446049250313e-16,0.26130553290291936,0.37614397821191303,2.220446049250313e-16,2.220446049250313e-16,2.220446049250313e-16,0.24841268036350814,0.6387069625717194
83.0,2.220446049250313e-16,0.09264937595569864,2.220446049250313e-16,2.220446049250313e-16,0.4911082463671592,2.220446049250313e-16,0.021411998698697605,2.220446049250313e-16,2.220446049250313e-16,0.26130553290291936,0.37614397821191303,2.220446049250313e-16,2.220446049250313e-16,2.220446049250313e-16,0.24841268036350814,0.6387069625717194
84.0,2.220446049250313e-16,2.220446049250313e-16,2.220446049250313e-16,2.220446049250313e-16,0.4888616591055165,1.1102230246251565e-16,0.037048728124004386,2.220446049250313e-16,2.220446049250313e-16,1.1902704010828168e-17,0.37614397821191303,2.220446049250313e-16,2.220446049250313e-16,0.3816055216014073,0.5044386479333735,0.5474660739536752
85.0,2.220446049250313e-16,2.220446049250313e-16,2.220446049250313e-16,2.220446049250313e-16,0.4888616591055165,1.1102230246251565e-16,0.037048728124004386,2.220446049250313e-16,2.220446049250313e-16,1.1902704010828168e-17,0.37614397821191303,2.220446049250313e-16,2.220446049250313e-16,0.3816055216014073,0.5044386479333735,0.5474660739536752
86.0,2.220446049250313e-16,0.6366772087856509,2.220446049250313e-16,2.220446049250313e-16,2.220446049250313e-16,2.220446049250313e-16,2.220446049250313e-16,0.4870812934519714,2.220446049250313e-16,2.220446049250313e-16,2.220446049250313e-16,2.220446049250313e-16,2.220446049250313e-16,2.220446049250313e-16,0.4847202604247123,2.220446049250313e-16
87.0,0.32583056678237476,2.220446049250313e-16,2.220446049250313e-16,0.3398078372252683,0.010126702949670052,2.220446049250313e-16,0.14675774431981717,2.220446049250313e-16,2.220446049250313e-16,5.551115123125783e-17,2.220446049250313e-16,2.220446049250313e-16,0.426887903922726,2.220446049250313e-16,0.5812062392168584,0.08425614963005294
88.0,2.220446049250313e-16,0.6407305037712873,2.220446049250313e-16,2.220446049250313e-16,2.220446049250313e-16,0.46965972896527297,2.220446049250313e-16,2.220446049250313e-16,2.220446049250313e-16,0.4787444990239387,2.220446049250313e-16,2.220446049250313e-16,2.220446049250313e-16,2.220446049250313e-16,2.220446049250313e-16,0.0031678856037985104
89.0,2.220446049250313e-16,0.6407305037712873,2.220446049250313e-16,2.220446049250313e-16,2.220446049250313e-16,0.46965972896527297,2.220446049250313e-16,2.220446049250313e-16,2.220446049250313e-16,0.4787444990239387,2.220446049250313e-16,2.220446049250313e-16,2.220446049250313e-16,2.220446049250313e-16,2.220446049250313e-16,0.0031678856037985104
90.0,2.220446049250313e-16,0.6407305037712873,2.220446049250313e-16,2.220446049250313e-16,2.220446049250313e-16,0.46965972896527297,2.220446049250313e-16,2.220446049250313e-16,2.220446049250313e-16,0.4787444990239387,2.220446049250313e-16,2.220446049250313e-16,2.220446049250313e-16,2.220446049250313e-16,2.220446049250313e-16,0.0031678856037985104
91.0,2.220446049250313e-16,0.6407305037712873,2.220446049250313e-16,2.220446049250313e-16,2.220446049250313e-16,0.46965972896527297,2.220446049250313e-16,2.220446049250313e-16,2.220446049250313e-16,0.4787444990239387,2.220446049250313e-16,2.220446049250313e-16,2.220446049250313e-16,2.220446049250313e-16,2.220446049250313e-16,0.0031678856037985104
92.0,2.220446049250313e-16,0.6407305037712873,2.220446049250313e-16,2.220446049250313e-16,2.220446049250313e-16,0.46965972896527297,2.220446049250313e-16,2.220446049250313e-16,2.220446049250313e-16,0.4787444990239387,2.220446049250313e-16,2.220446049250313e-16,2.220446049250313e-16,2.220446049250313e-16,2.220446049250313e-16,0.0031678856037985104
93.0,2.220446049250313e-16,0.6407305037712873,2.220446049250313e-16,2.220446049250313e-16,2.220446049250313e-16,0.46965972896527297,2.220446049250313e-16,2.220446049250313e-16,2.220446049250313e-16,0.4787444990239387,2.220446049250313e-16,2.220446049250313e-16,2.220446049250313e-16,2.220446049250313e-16,2.220446049250313e-16,0.0031678856037985104
94.0,0.3553889627129778,2.220446049250313e-16,2.220446049250313e-16,0.37152331871736594,0.4998806429146016,2.220446049250313e-16,2.220446049250313e-16,2.220446049250313e-16,2.220446049250313e-16,2.220446049250313e-16,2.220446049250313e-16,0.3928471782236611,0.19023751428353994,2.220446049250313e-16,0.5032422385211568,2.220446049250313e-16
95.0,2.220446049250313e-16,0.6403595737030515,0.5110090725297788,2.220446049250313e-16,2.220446049250313e-16,0.4696762535385362,0.055743332361181855,2.220446049250313e-16,2.220446049250313e-16,2.220446049250313e-16,2.220446049250313e-16,2.220446049250313e-16,2.220446049250313e-16,2.220446049250313e-16,2.220446049250313e-16,2.220446049250313e-16
96.0,2.220446049250313e-16,0.6403595737030515,0.5110090725297788,2.220446049250313e-16,2.220446049250313e-16,0.4696762535385362,0.055743332361181855,2.220446049250313e-16,2.220446049250313e-16,2.220446049250313e-16,2.220446049250313e-16,2.220446049250313e-16,2.220446049250313e-16,2.220446049250313e-16,2.220446049250313e-16,2.220446049250313e-16
97.0,2.220446049250313e-16,0.6403595737030515,0.5110090725297788,2.220446049250313e-16,2.220446049250313e-16,0.4696762535385362,0.055743332361181855,2.220446049250313e-16,2.220446049250313e-16,2.220446049250313e-16,2.220446049250313e-16,2.220446049250313e-16,2.220446049250313e-16,2.220446049250313e-16,2.220446049250313e-16,2.220446049250313e-16
98.0,2.220446049250313e-16,0.6403595737030515,0.5110090725297788,2.220446049250313e-16,2.220446049250313e-16,0.4696762535385362,0.055743332361181855,2.220446049250313e-16,2.220446049250313e-16,2.220446049250313e-16,2.220446049250313e-16,2.220446049250313e-16,2.220446049250313e-16,2.220446049250313e-16,2.220446049250313e-16,2.220446049250313e-16
99.0,2.220446049250313e-16,0.6403595737030515,0.5110090725297788,2.220446049250313e-16,2.220446049250313e-16,0.4696762535385362,0.055743332361181855,2.220446049250313e-16,2.220446049250313e-16,2.220446049250313e-16,2.220446049250313e-16,2.220446049250313e-16,2.220446049250313e-16,2.220446049250313e-16,2.220446049250313e-16,2.220446049250313e-16
100.0,2.220446049250313e-16,0.6403595737030515,0.5110090725297788,2.220446049250313e-16,2.220446049250313e-16,0.4696762535385362,0.055743332361181855,2.220446049250313e-16,2.220446049250313e-16,2.220446049250313e-16,2.220446049250313e-16,2.220446049250313e-16,2.220446049250313e-16,2.220446049250313e-16,2.220446049250313e-16,2.220446049250313e-16
101.0,2.220446049250313e-16,2.220446049250313e-16,0.13800435920858214,0.4190632222801835,2.220446049250313e-16,2.220446049250313e-16,0.22755592876134367,2.220446049250313e-16,0.3740320352495753,2.220446049250313e-16,0.0007859888392881415,2.220446049250313e-16,0.6887660062056329,2.220446049250313e-16,2.220446049250313e-16,2.220446049250313e-16
102.0,2.220446049250313e-16,2.220446049250313e-16,0.13800435920858214,0.4190632222801835,2.220446049250313e-16,2.220446049250313e-16,0.22755592876134367,2.220446049250313e-16,0.3740320352495753,2.220446049250313e-16,0.0007859888392881415,2.220446049250313e-16,0.6887660062056329,2.220446049250313e-16,2.220446049250313e-16,2.220446049250313e-16
103.0,0.05386857165221593,2.220446049250313e-16,0.4296929122826417,2.220446049250313e-16,2.220446049250313e-16,2.220446049250313e-16,0.8189300424789103,2.220446049250313e-16,2.220446049250313e-16,2.220446049250313e-16,2.220446049250313e-16,0.39284717822366094,0.04753575977321409,0.38160552160140726,2.220446049250313e-16,0.06869525323543381
104.0,0.05386857165221593,2.220446049250313e-16,0.4296929122826417,2.220446049250313e-16,2.220446049250313e-16,2.220446049250313e-16,0.8189300424789103,2.220446049250313e-16,2.220446049250313e-16,2.220446049250313e-16,2.220446049250313e-16,0.39284717822366094,0.04753575977321409,0.38160552160140726,2.220446049250313e-16,0.06869525323543381
105.0,0.15104570948591428,5.551115123125783e-17,0.47677921109997357,0.13745648403530392,2.220446049250313e-16,2.220446049250313e-16,0.33644453881990055,0.0008336825702101451,2.220446049250313e-16,2.220446049250313e-16,0.0008683497515286761,0.392847178223661,0.6756276418946461,2.220446049250313e-16,2.220446049250313e-16,2.220446049250313e-16
106.0,0.15104570948591428,5.551115123125783e-17,0.47677921109997357,0.13745648403530392,2.220446049250313e-16,2.220446049250313e-16,0.33644453881990055,0.0008336825702101451,2.220446049250313e-16,2.220446049250313e-16,0.0008683497515286761,0.392847178223661,0.6756276418946461,2.220446049250313e-16,2.220446049250313e-16,2.220446049250313e-16
107.0,0.05386857165221593,2.220446049250313e-16,0.4296929122826417,2.220446049250313e-16,2.220446049250313e-16,2.220446049250313e-16,0.8189300424789103,2.220446049250313e-16,2.220446049250313e-16,2.220446049250313e-16,2.220446049250313e-16,0.39284717822366094,0.04753575977321409,0.38160552160140726,2.220446049250313e-16,0.06869525323543381
108.0,0.05386857165221593,2.220446049250313e-16,0.4296929122826417,2.220446049250313e-16,2.220446049250313e-16,2.220446049250313e-16,0.8189300424789103,2.220446049250313e-16,2.220446049250313e-16,2.220446049250313e-16,2.220446049250313e-16,0.39284717822366094,0.04753575977321409,0.38160552160140726,2.220446049250313e-16,0.06869525323543381
109.0,2.220446049250313e-16,2.220446049250313e-16,2.220446049250313e-16,0.5698965593741567,0.5125272658260194,1.1102230246251565e-16,2.220446049250313e-16,2.220446049250313e-16,2.220446049250313e-16,8.326672684688674e-17,2.220446049250313e-16,2.220446049250313e-16,0.22147307826285398,2.220446049250313e-16,0.5626282076637515,0.1035845423141349
110.0,2.220446049250313e-16,0.09264937595569864,2.220446049250313e-16,2.220446049250313e-16,0.4911082463671592,2.220446049250313e-16,0.021411998698697605,2.220446049250313e-16,2.220446049250313e-16,0.26130553290291936,0.37614397821191303,2.220446049250313e-16,2.220446049250313e-16,2.220446049250313e-16,0.24841268036350814,0.6387069625717194
111.0,2.220446049250313e-16,0.09264937595569864,2.220446049250313e-16,2.220446049250313e-16,0.4911082463671592,2.220446049250313e-16,0.021411998698697605,2.220446049250313e-16,2.220446049250313e-16,0.26130553290291936,0.37614397821191303,2.220446049250313e-16,2.220446049250313e-16,2.220446049250313e-16,0.24841268036350814,0.6387069625717194
112.0,2.220446049250313e-16,2.220446049250313e-16,2.220446049250313e-16,2.220446049250313e-16,0.4888616591055165,1.1102230246251565e-16,0.037048728124004386,2.220446049250313e-16,2.220446049250313e-16,1.1902704010828168e-17,0.37614397821191303,2.220446049250313e-16,2.220446049250313e-16,0.3816055216014073,0.5044386479333735,0.5474660739536752
113.0,2.220446049250313e-16,2.220446049250313e-16,2.220446049250313e-16,2.220446049250313e-16,0.4888616591055165,1.1102230246251565e-16,0.037048728124004386,2.220446049250313e-16,2.220446049250313e-16,1.1902704010828168e-17,0.37614397821191303,2.220446049250313e-16,2.220446049250313e-16,0.3816055216014073,0.5044386479333735,0.5474660739536752
114.0,2.220446049250313e-16,0.6366772087856509,2.220446049250313e-16,2.220446049250313e-16,2.220446049250313e-16,2.220446049250313e-16,2.220446049250313e-16,0.4870812934519714,2.220446049250313e-16,2.220446049250313e-16,2.220446049250313e-16,2.220446049250313e-16,2.220446049250313e-16,2.220446049250313e-16,0.4847202604247123,2.220446049250313e-16
115.0,2.220446049250313e-16,2.220446049250313e-16,2.220446049250313e-16,0.6037324162017389,2.220446049250313e-16,2.220446049250313e-16,0.19455828548826926,2.220446049250313e-16,0.12995455322781302,0.2267491562100571,2.220446049250313e-16,2.220446049250313e-16,0.44690459353840173,2.220446049250313e-16,0.2683356815463862,2.220446049250313e-16
116.0,2.220446049250313e-16,0.08771718150154717,2.220446049250313e-16,2.220446049250313e-16,0.2210990186374684,2.220446049250313e-16,0.015284109897079012,0.24705105811589886,2.220446049250313e-16,0.4881384717239692,0.37609894996863924,2.220446049250313e-16,2.220446049250313e-16,2.220446049250313e-16,0.017759763242292812,0.6744634180557775
117.0,2.220446049250313e-16,0.6401350675018312,2.220446049250313e-16,2.220446049250313e-16,2.220446049250313e-16,0.4696862550711373,2.220446049250313e-16,0.0017497555267095843,0.41418012607900384,2.220446049250313e-16,2.220446049250313e-16,2.220446049250313e-16,2.220446049250313e-16,2.220446049250313e-16,2.220446049250313e-16,0.0032388651701428218
118.0,2.220446049250313e-16,0.08771718150154717,2.220446049250313e-16,2.220446049250313e-16,0.2210990186374684,2.220446049250313e-16,0.015284109897079012,0.24705105811589886,2.220446049250313e-16,0.4881384717239692,0.37609894996863924,2.220446049250313e-16,2.220446049250313e-16,2.220446049250313e-16,0.017759763242292812,0.6744634180557775
119.0,2.220446049250313e-16,0.08771718150154717,2.220446049250313e-16,2.220446049250313e-16,0.2210990186374684,2.220446049250313e-16,0.015284109897079012,0.24705105811589886,2.220446049250313e-16,0.4881384717239692,0.37609894996863924,2.220446049250313e-16,2.220446049250313e-16,2.220446049250313e-16,0.017759763242292812,0.6744634180557775
120.0,2.220446049250313e-16,0.6401350675018312,2.220446049250313e-16,2.220446049250313e-16,2.220446049250313e-16,0.4696862550711373,2.220446049250313e-16,0.0017497555267095843,0.41418012607900384,2.220446049250313e-16,2.220446049250313e-16,2.220446049250313e-16,2.220446049250313e-16,2.220446049250313e-16,2.220446049250313e-16,0.0032388651701428218
121.0,2.220446049250313e-16,0.08771718150154717,2.220446049250313e-16,2.220446049250313e-16,0.2210990186374684,2.220446049250313e-16,0.015284109897079012,0.24705105811589886,2.220446049250313e-16,0.4881384717239692,0.37609894996863924,2.220446049250313e-16,2.220446049250313e-16,2.220446049250313e-16,0.017759763242292812,0.6744634180557775
122.0,0.32269440654576154,2.220446049250313e-16,2.220446049250313e-16,0.34194859435331454,2.220446049250313e-16,2.220446049250313e-16,0.16232881262918744,2.220446049250313e-16,2.220446049250313e-16,2.220446049250313e-16,2.220446049250313e-16,0.39284717822366105,0.4240616462718447,2.220446049250313e-16,0.5130676888663146,2.220446049250313e-16
123.0,2.220446049250313e-16,0.6407305037712873,2.220446049250313e-16,2.220446049250313e-16,2.220446049250313e-16,0.46965972896527297,2.220446049250313e-16,2.220446049250313e-16,2.220446049250313e-16,0.4787444990239387,2.220446049250313e-16,2.220446049250313e-16,2.220446049250313e-16,2.220446049250313e-16,2.220446049250313e-16,0.0031678856037985104
124.0,2.220446049250313e-16,0.6407305037712873,2.220446049250313e-16,2.220446049250313e-16,2.220446049250313e-16,0.46965972896527297,2.220446049250313e-16,2.220446049250313e-16,2.220446049250313e-16,0.4787444990239387,2.220446049250313e-16,2.220446049250313e-16,2.220446049250313e-16,2.220446049250313e-16,2.220446049250313e-16,0.0031678856037985104
125.0,2.220446049250313e-16,0.6407305037712873,2.220446049250313e-16,2.220446049250313e-16,2.220446049250313e-16,0.46965972896527297,2.220446049250313e-16,2.220446049250313e-16,2.220446049250313e-16,0.4787444990239387,2.220446049250313e-16,2.220446049250313e-16,2.220446049250313e-16,2.220446049250313e-16,2.220446049250313e-16,0.0031678856037985104
126.0,2.220446049250313e-16,0.6407305037712873,2.220446049250313e-16,2.220446049250313e-16,2.220446049250313e-16,0.46965972896527297,2.220446049250313e-16,2.220446049250313e-16,2.220446049250313e-16,0.4787444990239387,2.220446049250313e-16,2.220446049250313e-16,2.220446049250313e-16,2.220446049250313e-16,2.220446049250313e-16,0.0031678856037985104
127.0,2.220446049250313e-16,0.6407305037712873,2.220446049250313e-16,2.220446049250313e-16,2.220446049250313e-16,0.46965972896527297,2.220446049250313e-16,2.220446049250313e-16,2.220446049250313e-16,0.4787444990239387,2.220446049250313e-16,2.220446049250313e-16,2.220446049250313e-16,2.220446049250313e-16,2.220446049250313e-16,0.0031678856037985104
128.0,2.220446049250313e-16,0.6407305037712873,2.220446049250313e-16,2.220446049250313e-16,2.220446049250313e-16,0.46965972896527297,2.220446049250313e-16,2.220446049250313e-16,2.220446049250313e-16,0.4787444990239387,2.220446049250313e-16,2.220446049250313e-16,2.220446049250313e-16,2.220446049250313e-16,2.220446049250313e-16,0.0031678856037985104
129.0,2.220446049250313e-16,2.220446049250313e-16,0.4918977777287296,0.3858071648696613,2.220446049250313e-16,2.220446049250313e-16,0.19246399097582018,0.0006836569082666172,2.220446049250313e-16,2.220446049250313e-16,0.0007120855438715748,0.39284717822366105,0.7005136451781111,2.220446049250313e-16,2.220446049250313e-16,2.220446049250313e-16
130.0,2.220446049250313e-16,2.220446049250313e-16,0.4918977777287296,0.3858071648696613,2.220446049250313e-16,2.220446049250313e-16,0.19246399097582018,0.0006836569082666172,2.220446049250313e-16,2.220446049250313e-16,0.0007120855438715748,0.39284717822366105,0.7005136451781111,2.220446049250313e-16,2.220446049250313e-16,2.220446049250313e-16
131.0,0.05386857165221593,2.220446049250313e-16,0.4296929122826417,2.220446049250313e-16,2.220446049250313e-16,2.220446049250313e-16,0.8189300424789103,2.220446049250313e-16,2.220446049250313e-16,2.220446049250313e-16,2.220446049250313e-16,0.39284717822366094,0.04753575977321409,0.38160552160140726,2.220446049250313e-16,0.06869525323543381
132.0,0.05386857165221593,2.220446049250313e-16,0.4296929122826417,2.220446049250313e-16,2.220446049250313e-16,2.220446049250313e-16,0.8189300424789103,2.220446049250313e-16,2.220446049250313e-16,2.220446049250313e-16,2.220446049250313e-16,0.39284717822366094,0.04753575977321409,0.38160552160140726,2.220446049250313e-16,0.06869525323543381
133.0,2.220446049250313e-16,2.220446049250313e-16,2.220446049250313e-16,0.5621568434127139,0.25541846292244746,2.220446049250313e-16,0.03831268666675833,2.220446049250313e-16,2.220446049250313e-16,0.22674915621005703,2.220446049250313e-16,0.39284717822366105,0.3841631866344248,2.220446049250313e-16,0.26388487407427946,2.220446049250313e-16
134.0,0.34362575842611986,2.220446049250313e-16,2.220446049250313e-16,0.026427124253064635,0.5006742884587713,2.220446049250313e-16,0.05840443206612308,2.220446049250313e-16,2.220446049250313e-16,0.48962851323864176,2.220446049250313e-16,2.220446049250313e-16,2.220446049250313e-16,0.3816055216014072,0.031156801387491096,0.379396325244705
135.0,2.220446049250313e-16,0.08581047014276007,0.15534092429165947,2.220446049250313e-16,0.22191025028203976,2.220446049250313e-16,0.10682926481493367,0.24705105811589867,2.220446049250313e-16,0.2252915037784855,0.376098949968639,5.551115123125783e-17,2.220446049250313e-16,2.220446049250313e-16,0.01884632740950057,0.6597107310196616
136.0,2.220446049250313e-16,2.220446049250313e-16,2.220446049250313e-16,2.220446049250313e-16,0.48305958560121276,2.220446049250313e-16,0.03367138519134228,2.220446049250313e-16,1.3877787807814457e-17,0.226749156210057,0.376143978211913,2.7755575615628914e-17,2.220446049250313e-16,0.38160552160140726,0.2675006523265015,0.5671729936017995
137.0,0.5349164758567768,2.220446049250313e-16,2.220446049250313e-16,2.220446049250313e-16,0.514997594730992,2.220446049250313e-16,0.19503208637137692,0.004029610227865664,2.220446049250313e-16,2.220446049250313e-16,0.004197174278506408,2.220446049250313e-16,0.1454925626559966,2.220446049250313e-16,0.536002555469304,0.07392548474195178
138.0,2.220446049250313e-16,0.3585405460602568,2.220446049250313e-16,2.220446049250313e-16,2.220446049250313e-16,2.220446049250313e-16,2.220446049250313e-16,0.4870812934519713,2.220446049250313e-16,0.2206586698403608,2.220446049250313e-16,2.220446049250313e-16,2.220446049250313e-16,2.220446049250313e-16,0.29296543414799614,0.410726415012136
139.0,2.220446049250313e-16,2.220446049250313e-16,2.220446049250313e-16,0.41668831634461334,0.26310704642664007,2.220446049250313e-16,2.220446049250313e-16,0.0020497797315877065,0.5577366140095721,2.220446049250313e-16,0.0011201405356110721,2.220446049250313e-16,0.635500186660496,2.220446049250313e-16,2.220446049250313e-16,2.220446049250313e-16
140.0,2.220446049250313e-16,2.220446049250313e-16,2.220446049250313e-16,0.41668831634461334,0.26310704642664007,2.220446049250313e-16,2.220446049250313e-16,0.0020497797315877065,0.5577366140095721,2.220446049250313e-16,0.0011201405356110721,2.220446049250313e-16,0.635500186660496,2.220446049250313e-16,2.220446049250313e-16,2.220446049250313e-16
141.0,0.04632763313275727,2.220446049250313e-16,0.07555170923627597,0.02955120741875706,2.220446049250313e-16,2.220446049250313e-16,0.8563708809387683,2.220446049250313e-16,0.40236085401978405,2.220446049250313e-16,2.220446049250313e-16,2.220446049250313e-16,0.03555574329068059,0.38160552160140726,2.220446049250313e-16,0.06262340509523091
142.0,0.04632763313275727,2.220446049250313e-16,0.07555170923627597,0.02955120741875706,2.220446049250313e-16,2.220446049250313e-16,0.8563708809387683,2.220446049250313e-16,0.40236085401978405,2.220446049250313e-16,2.220446049250313e-16,2.220446049250313e-16,0.03555574329068059,0.38160552160140726,2.220446049250313e-16,0.06262340509523091
143.0,2.220446049250313e-16,2.220446049250313e-16,2.220446049250313e-16,0.5698965593741567,0.5125272658260194,1.1102230246251565e-16,2.220446049250313e-16,2.220446049250313e-16,2.220446049250313e-16,8.326672684688674e-17,2.220446049250313e-16,2.220446049250313e-16,0.22147307826285398,2.220446049250313e-16,0.5626282076637515,0.1035845423141349
144.0,2.220446049250313e-16,0.09264937595569864,2.220446049250313e-16,2.220446049250313e-16,0.4911082463671592,2.220446049250313e-16,0.021411998698697605,2.220446049250313e-16,2.220446049250313e-16,0.26130553290291936,0.37614397821191303,2.220446049250313e-16,2.220446049250313e-16,2.220446049250313e-16,0.24841268036350814,0.6387069625717194
145.0,2.220446049250313e-16,0.09264937595569864,2.220446049250313e-16,2.220446049250313e-16,0.4911082463671592,2.220446049250313e-16,0.021411998698697605,2.220446049250313e-16,2.220446049250313e-16,0.26130553290291936,0.37614397821191303,2.220446049250313e-16,2.220446049250313e-16,2.220446049250313e-16,0.24841268036350814,0.6387069625717194
146.0,2.220446049250313e-16,2.220446049250313e-16,2.220446049250313e-16,2.220446049250313e-16,0.4888616591055165,1.1102230246251565e-16,0.037048728124004386,2.220446049250313e-16,2.220446049250313e-16,1.1902704010828168e-17,0.37614397821191303,2.220446049250313e-16,2.220446049250313e-16,0.3816055216014073,0.5044386479333735,0.5474660739536752
147.0,2.220446049250313e-16,2.220446049250313e-16,2.220446049250313e-16,2.220446049250313e-16,0.4888616591055165,1.1102230246251565e-16,0.037048728124004386,2.220446049250313e-16,2.220446049250313e-16,1.1902704010828168e-17,0.37614397821191303,2.220446049250313e-16,2.220446049250313e-16,0.3816055216014073,0.5044386479333735,0.5474660739536752
148.0,2.220446049250313e-16,0.3622646832956774,2.220446049250313e-16,2.220446049250313e-16,2.220446049250313e-16,2.220446049250313e-16,2.220446049250313e-16,0.48708129345197126,2.220446049250313e-16,2.220446049250313e-16,2.220446049250313e-16,3.3306690738754696e-16,2.220446049250313e-16,2.220446049250313e-16,0.5300353185811033,0.391453498633219
149.0,2.220446049250313e-16,2.220446049250313e-16,0.13800435920858214,0.4190632222801835,2.220446049250313e-16,2.220446049250313e-16,0.22755592876134367,2.220446049250313e-16,0.3740320352495753,2.220446049250313e-16,0.0007859888392881415,2.220446049250313e-16,0.6887660062056329,2.220446049250313e-16,2.220446049250313e-16,2.220446049250313e-16
150.0,2.220446049250313e-16,2.220446049250313e-16,0.13800435920858214,0.4190632222801835,2.220446049250313e-16,2.220446049250313e-16,0.22755592876134367,2.220446049250313e-16,0.3740320352495753,2.220446049250313e-16,0.0007859888392881415,2.220446049250313e-16,0.6887660062056329,2.220446049250313e-16,2.220446049250313e-16,2.220446049250313e-16
151.0,0.05386857165221593,2.220446049250313e-16,0.4296929122826417,2.220446049250313e-16,2.220446049250313e-16,2.220446049250313e-16,0.8189300424789103,2.220446049250313e-16,2.220446049250313e-16,2.220446049250313e-16,2.220446049250313e-16,0.39284717822366094,0.04753575977321409,0.38160552160140726,2.220446049250313e-16,0.06869525323543381
152.0,0.05386857165221593,2.220446049250313e-16,0.4296929122826417,2.220446049250313e-16,2.220446049250313e-16,2.220446049250313e-16,0.8189300424789103,2.220446049250313e-16,2.220446049250313e-16,2.220446049250313e-16,2.220446049250313e-16,0.39284717822366094,0.04753575977321409,0.38160552160140726,2.220446049250313e-16,0.06869525323543381
153.0,2.220446049250313e-16,2.220446049250313e-16,0.13800435920858214,0.4190632222801835,2.220446049250313e-16,2.220446049250313e-16,0.22755592876134367,2.220446049250313e-16,0.3740320352495753,2.220446049250313e-16,0.0007859888392881415,2.220446049250313e-16,0.6887660062056329,2.220446049250313e-16,2.220446049250313e-16,2.220446049250313e-16
154.0,2.220446049250313e-16,2.220446049250313e-16,0.13800435920858214,0.4190632222801835,2.220446049250313e-16,2.220446049250313e-16,0.22755592876134367,2.220446049250313e-16,0.3740320352495753,2.220446049250313e-16,0.0007859888392881415,2.220446049250313e-16,0.6887660062056329,2.220446049250313e-16,2.220446049250313e-16,2.220446049250313e-16
155.0,0.05386857165221593,2.220446049250313e-16,0.4296929122826417,2.220446049250313e-16,2.220446049250313e-16,2.220446049250313e-16,0.8189300424789103,2.220446049250313e-16,2.220446049250313e-16,2.220446049250313e-16,2.220446049250313e-16,0.39284717822366094,0.04753575977321409,0.38160552160140726,2.220446049250313e-16,0.06869525323543381
156.0,0.05386857165221593,2.220446049250313e-16,0.4296929122826417,2.220446049250313e-16,2.220446049250313e-16,2.220446049250313e-16,0.8189300424789103,2.220446049250313e-16,2.220446049250313e-16,2.220446049250313e-16,2.220446049250313e-16,0.39284717822366094,0.04753575977321409,0.38160552160140726,2.220446049250313e-16,0.06869525323543381
157.0,0.5741977802598615,2.220446049250313e-16,2.220446049250313e-16,0.12109918805150849,0.5121517354562819,2.220446049250313e-16,2.220446049250313e-16,2.220446049250313e-16,2.220446049250313e-16,5.551115123125783e-17,2.220446049250313e-16,2.220446049250313e-16,0.20452467480191835,2.220446049250313e-16,0.5778435180010223,0.1023981372658964
158.0,2.220446049250313e-16,0.3688256432930528,2.220446049250313e-16,2.220446049250313e-16,0.4909777621258483,2.220446049250313e-16,0.10015428147583132,2.220446049250313e-16,2.220446049250313e-16,2.220446049250313e-16,0.3761439782119129,2.220446049250313e-16,2.220446049250313e-16,2.220446049250313e-16,0.4573164035314472,0.17924286001001347
159.0,2.220446049250313e-16,0.3688256432930528,2.220446049250313e-16,2.220446049250313e-16,0.4909777621258483,2.220446049250313e-16,0.10015428147583132,2.220446049250313e-16,2.220446049250313e-16,2.220446049250313e-16,0.3761439782119129,2.220446049250313e-16,2.220446049250313e-16,2.220446049250313e-16,0.4573164035314472,0.17924286001001347
160.0,2.220446049250313e-16,2.220446049250313e-16,2.220446049250313e-16,2.220446049250313e-16,0.4888616591055165,1.1102230246251565e-16,0.037048728124004386,2.220446049250313e-16,2.220446049250313e-16,1.1902704010828168e-17,0.37614397821191303,2.220446049250313e-16,2.220446049250313e-16,0.3816055216014073,0.5044386479333735,0.5474660739536752
161.0,2.220446049250313e-16,2.220446049250313e-16,2.220446049250313e-16,2.220446049250313e-16,0.4888616591055165,1.1102230246251565e-16,0.037048728124004386,2.220446049250313e-16,2.220446049250313e-16,1.1902704010828168e-17,0.37614397821191303,2.220446049250313e-16,2.220446049250313e-16,0.3816055216014073,0.5044386479333735,0.5474660739536752
162.0,2.220446049250313e-16,0.6366772087856509,2.220446049250313e-16,2.220446049250313e-16,2.220446049250313e-16,2.220446049250313e-16,2.220446049250313e-16,0.4870812934519714,2.220446049250313e-16,2.220446049250313e-16,2.220446049250313e-16,2.220446049250313e-16,2.220446049250313e-16,2.220446049250313e-16,0.4847202604247123,2.220446049250313e-16
163.0,0.32583056678237476,2.220446049250313e-16,2.220446049250313e-16,0.3398078372252683,0.010126702949670052,2.220446049250313e-16,0.14675774431981717,2.220446049250313e-16,2.220446049250313e-16,5.551115123125783e-17,2.220446049250313e-16,2.220446049250313e-16,0.426887903922726,2.220446049250313e-16,0.5812062392168584,0.08425614963005294
164.0,2.220446049250313e-16,0.6407305037712873,2.220446049250313e-16,2.220446049250313e-16,2.220446049250313e-16,0.46965972896527297,2.220446049250313e-16,2.220446049250313e-16,2.220446049250313e-16,0.4787444990239387,2.220446049250313e-16,2.220446049250313e-16,2.220446049250313e-16,2.220446049250313e-16,2.220446049250313e-16,0.0031678856037985104
165.0,2.220446049250313e-16,0.6407305037712873,2.220446049250313e-16,2.220446049250313e-16,2.220446049250313e-16,0.46965972896527297,2.220446049250313e-16,2.220446049250313e-16,2.220446049250313e-16,0.4787444990239387,2.220446049250313e-16,2.220446049250313e-16,2.220446049250313e-16,2.220446049250313e-16,2.220446049250313e-16,0.0031678856037985104
166.0,2.220446049250313e-16,0.6407305037712873,2.220446049250313e-16,2.220446049250313e-16,2.220446049250313e-16,0.46965972896527297,2.220446049250313e-16,2.220446049250313e-16,2.220446049250313e-16,0.4787444990239387,2.220446049250313e-16,2.220446049250313e-16,2.220446049250313e-16,2.220446049250313e-16,2.220446049250313e-16,0.0031678856037985104
167.0,2.220446049250313e-16,0.6407305037712873,2.220446049250313e-16,2.220446049250313e-16,2.220446049250313e-16,0.46965972896527297,2.220446049250313e-16,2.220446049250313e-16,2.220446049250313e-16,0.4787444990239387,2.220446049250313e-16,2.220446049250313e-16,2.220446049250313e-16,2.220446049250313e-16,2.220446049250313e-16,0.0031678856037985104
168.0,2.220446049250313e-16,0.6407305037712873,2.220446049250313e-16,2.220446049250313e-16,2.220446049250313e-16,0.46965972896527297,2.220446049250313e-16,2.220446049250313e-16,2.220446049250313e-16,0.4787444990239387,2.220446049250313e-16,2.220446049250313e-16,2.220446049250313e-16,2.220446049250313e-16,2.220446049250313e-16,0.0031678856037985104
169.0,2.220446049250313e-16,0.6407305037712873,2.220446049250313e-16,2.220446049250313e-16,2.220446049250313e-16,0.46965972896527297,2.220446049250313e-16,2.220446049250313e-16,2.220446049250313e-16,0.4787444990239387,2.220446049250313e-16,2.220446049250313e-16,2.220446049250313e-16,2.220446049250313e-16,2.220446049250313e-16,0.0031678856037985104
170.0,0.170693937949786,0.00292825609851316,0.3203107352267582,0.13827764957354055,6.938893903907228e-18,2.220446049250313e-16,0.2388908794126679,0.0007023544559363921,2.220446049250313e-16,0.26282961508433106,0.0007315605952320733,0.392847178223661,0.6974121275665607,2.220446049250313e-16,2.220446049250313e-16,2.220446049250313e-16
171.0,0.170693937949786,0.00292825609851316,0.3203107352267582,0.13827764957354055,6.938893903907228e-18,2.220446049250313e-16,0.2388908794126679,0.0007023544559363921,2.220446049250313e-16,0.26282961508433106,0.0007315605952320733,0.392847178223661,0.6974121275665607,2.220446049250313e-16,2.220446049250313e-16,2.220446049250313e-16
172.0,0.05386857165221593,2.220446049250313e-16,0.4296929122826417,2.220446049250313e-16,2.220446049250313e-16,2.220446049250313e-16,0.8189300424789103,2.220446049250313e-16,2.220446049250313e-16,2.220446049250313e-16,2.220446049250313e-16,0.39284717822366094,0.04753575977321409,0.38160552160140726,2.220446049250313e-16,0.06869525323543381
173.0,0.05386857165221593,2.220446049250313e-16,0.4296929122826417,2.220446049250313e-16,2.220446049250313e-16,2.220446049250313e-16,0.8189300424789103,2.220446049250313e-16,2.220446049250313e-16,2.220446049250313e-16,2.220446049250313e-16,0.39284717822366094,0.04753575977321409,0.38160552160140726,2.220446049250313e-16,0.06869525323543381
174.0,0.32269440654576154,2.220446049250313e-16,2.220446049250313e-16,0.34194859435331454,2.220446049250313e-16,2.220446049250313e-16,0.16232881262918744,2.220446049250313e-16,2.220446049250313e-16,2.220446049250313e-16,2.220446049250313e-16,0.39284717822366105,0.4240616462718447,2.220446049250313e-16,0.5130676888663146,2.220446049250313e-16
175.0,2.220446049250313e-16,0.6432102433427317,0.3502459286991131,5.551115123125783e-17,2.220446049250313e-16,0.4695492589825683,2.220446049250313e-16,2.220446049250313e-16,2.220446049250313e-16,0.2519532197674747,2.220446049250313e-16,2.220446049250313e-16,2.220446049250313e-16,2.220446049250313e-16,2.220446049250313e-16,0.002872285808393717
176.0,2.220446049250313e-16,0.6432102433427317,0.3502459286991131,5.551115123125783e-17,2.220446049250313e-16,0.4695492589825683,2.220446049250313e-16,2.220446049250313e-16,2.220446049250313e-16,0.2519532197674747,2.220446049250313e-16,2.220446049250313e-16,2.220446049250313e-16,2.220446049250313e-16,2.220446049250313e-16,0.002872285808393717
177.0,2.220446049250313e-16,0.6432102433427317,0.3502459286991131,5.551115123125783e-17,2.220446049250313e-16,0.4695492589825683,2.220446049250313e-16,2.220446049250313e-16,2.220446049250313e-16,0.2519532197674747,2.220446049250313e-16,2.220446049250313e-16,2.220446049250313e-16,2.220446049250313e-16,2.220446049250313e-16,0.002872285808393717
178.0,2.220446049250313e-16,0.6432102433427317,0.3502459286991131,5.551115123125783e-17,2.220446049250313e-16,0.4695492589825683,2.220446049250313e-16,2.220446049250313e-16,2.220446049250313e-16,0.2519532197674747,2.220446049250313e-16,2.220446049250313e-16,2.220446049250313e-16,2.220446049250313e-16,2.220446049250313e-16,0.002872285808393717
179.0,2.220446049250313e-16,0.6432102433427317,0.3502459286991131,5.551115123125783e-17,2.220446049250313e-16,0.4695492589825683,2.220446049250313e-16,2.220446049250313e-16,2.220446049250313e-16,0.2519532197674747,2.220446049250313e-16,2.220446049250313e-16,2.220446049250313e-16,2.220446049250313e-16,2.220446049250313e-16,0.002872285808393717
180.0,2.220446049250313e-16,0.6432102433427317,0.3502459286991131,5.551115123125783e-17,2.220446049250313e-16,0.4695492589825683,2.220446049250313e-16,2.220446049250313e-16,2.220446049250313e-16,0.2519532197674747,2.220446049250313e-16,2.220446049250313e-16,2.220446049250313e-16,2.220446049250313e-16,2.220446049250313e-16,0.002872285808393717
181.0,2.220446049250313e-16,2.220446049250313e-16,2.220446049250313e-16,0.41668831634461334,0.26310704642664007,2.220446049250313e-16,2.220446049250313e-16,0.0020497797315877065,0.5577366140095721,2.220446049250313e-16,0.0011201405356110721,2.220446049250313e-16,0.635500186660496,2.220446049250313e-16,2.220446049250313e-16,2.220446049250313e-16
182.0,2.220446049250313e-16,2.220446049250313e-16,2.220446049250313e-16,0.41668831634461334,0.26310704642664007,2.220446049250313e-16,2.220446049250313e-16,0.0020497797315877065,0.5577366140095721,2.220446049250313e-16,0.0011201405356110721,2.220446049250313e-16,0.635500186660496,2.220446049250313e-16,2.220446049250313e-16,2.220446049250313e-16
183.0,0.04632763313275734,2.220446049250313e-16,0.07555170923627541,0.02955120741875628,2.220446049250313e-16,2.220446049250313e-16,0.8563708809387673,2.220446049250313e-16,0.40236085401978344,5.551115123125783e-17,2.220446049250313e-16,2.220446049250313e-16,0.035555743290680106,0.3816055216014073,2.220446049250313e-16,0.0626234050952308
184.0,0.04632763313275734,2.220446049250313e-16,0.07555170923627541,0.02955120741875628,2.220446049250313e-16,2.220446049250313e-16,0.8563708809387673,2.220446049250313e-16,0.40236085401978344,5.551115123125783e-17,2.220446049250313e-16,2.220446049250313e-16,0.035555743290680106,0.3816055216014073,2.220446049250313e-16,0.0626234050952308
185.0,2.220446049250313e-16,2.220446049250313e-16,0.13800435920858214,0.4190632222801835,2.220446049250313e-16,2.220446049250313e-16,0.22755592876134367,2.220446049250313e-16,0.3740320352495753,2.220446049250313e-16,0.0007859888392881415,2.220446049250313e-16,0.6887660062056329,2.220446049250313e-16,2.220446049250313e-16,2.220446049250313e-16
186.0,2.220446049250313e-16,2.220446049250313e-16,0.13800435920858214,0.4190632222801835,2.220446049250313e-16,2.220446049250313e-16,0.22755592876134367,2.220446049250313e-16,0.3740320352495753,2.220446049250313e-16,0.0007859888392881415,2.220446049250313e-16,0.6887660062056329,2.220446049250313e-16,2.220446049250313e-16,2.220446049250313e-16
187.0,0.05386857165221593,2.220446049250313e-16,0.4296929122826417,2.220446049250313e-16,2.220446049250313e-16,2.220446049250313e-16,0.8189300424789103,2.220446049250313e-16,2.220446049250313e-16,2.220446049250313e-16,2.220446049250313e-16,0.39284717822366094,0.04753575977321409,0.38160552160140726,2.220446049250313e-16,0.06869525323543381
188.0,0.05386857165221593,2.220446049250313e-16,0.4296929122826417,2.220446049250313e-16,2.220446049250313e-16,2.220446049250313e-16,0.8189300424789103,2.220446049250313e-16,2.220446049250313e-16,2.220446049250313e-16,2.220446049250313e-16,0.39284717822366094,0.04753575977321409,0.38160552160140726,2.220446049250313e-16,0.06869525323543381
189.0,2.220446049250313e-16,2.220446049250313e-16,2.220446049250313e-16,0.5774625836776386,0.5067649269298202,5.551115123125783e-17,2.220446049250313e-16,2.220446049250313e-16,2.220446049250313e-16,0.22674915621005737,2.220446049250313e-16,2.220446049250313e-16,0.22708326027552547,2.220446049250313e-16,0.3253524616560683,0.12276824429556128
190.0,2.220446049250313e-16,0.08879549688126451,2.220446049250313e-16,2.220446049250313e-16,0.4852799436253259,2.220446049250313e-16,0.017952909424185332,2.220446049250313e-16,2.220446049250313e-16,0.48812015450658713,0.3761439782119128,2.220446049250313e-16,2.220446049250313e-16,2.220446049250313e-16,0.01143955329964332,0.6588908751170646
191.0,2.220446049250313e-16,0.08879549688126451,2.220446049250313e-16,2.220446049250313e-16,0.4852799436253259,2.220446049250313e-16,0.017952909424185332,2.220446049250313e-16,2.220446049250313e-16,0.48812015450658713,0.3761439782119128,2.220446049250313e-16,2.220446049250313e-16,2.220446049250313e-16,0.01143955329964332,0.6588908751170646
192.0,2.220446049250313e-16,2.220446049250313e-16,2.220446049250313e-16,2.220446049250313e-16,0.4888616591055165,1.1102230246251565e-16,0.037048728124004386,2.220446049250313e-16,2.220446049250313e-16,1.1902704010828168e-17,0.37614397821191303,2.220446049250313e-16,2.220446049250313e-16,0.3816055216014073,0.5044386479333735,0.5474660739536752
193.0,2.220446049250313e-16,2.220446049250313e-16,2.220446049250313e-16,2.220446049250313e-16,0.4888616591055165,1.1102230246251565e-16,0.037048728124004386,2.220446049250313e-16,2.220446049250313e-16,1.1902704010828168e-17,0.37614397821191303,2.220446049250313e-16,2.220446049250313e-16,0.3816055216014073,0.5044386479333735,0.5474660739536752
194.0,2.220446049250313e-16,0.3622646832956774,2.220446049250313e-16,2.220446049250313e-16,2.220446049250313e-16,2.220446049250313e-16,2.220446049250313e-16,0.48708129345197126,2.220446049250313e-16,2.220446049250313e-16,2.220446049250313e-16,3.3306690738754696e-16,2.220446049250313e-16,2.220446049250313e-16,0.5300353185811033,0.391453498633219
195.0,0.32269440654576154,2.220446049250313e-16,2.220446049250313e-16,0.34194859435331454,2.220446049250313e-16,2.220446049250313e-16,0.16232881262918744,2.220446049250313e-16,2.220446049250313e-16,2.220446049250313e-16,2.220446049250313e-16,0.39284717822366105,0.4240616462718447,2.220446049250313e-16,0.5130676888663146,2.220446049250313e-16
196.0,2.220446049250313e-16,0.6432102433427317,0.3502459286991131,5.551115123125783e-17,2.220446049250313e-16,0.4695492589825683,2.220446049250313e-16,2.220446049250313e-16,2.220446049250313e-16,0.2519532197674747,2.220446049250313e-16,2.220446049250313e-16,2.220446049250313e-16,2.220446049250313e-16,2.220446049250313e-16,0.002872285808393717
197.0,2.220446049250313e-16,0.6432102433427317,0.3502459286991131,5.551115123125783e-17,2.220446049250313e-16,0.4695492589825683,2.220446049250313e-16,2.220446049250313e-16,2.220446049250313e-16,0.2519532197674747,2.220446049250313e-16,2.220446049250313e-16,2.220446049250313e-16,2.220446049250313e-16,2.220446049250313e-16,0.002872285808393717
198.0,2.220446049250313e-16,0.6432102433427317,0.3502459286991131,5.551115123125783e-17,2.220446049250313e-16,0.4695492589825683,2.220446049250313e-16,2.220446049250313e-16,2.220446049250313e-16,0.2519532197674747,2.220446049250313e-16,2.220446049250313e-16,2.220446049250313e-16,2.220446049250313e-16,2.220446049250313e-16,0.002872285808393717
199.0,2.220446049250313e-16,0.6432102433427317,0.3502459286991131,5.551115123125783e-17,2.220446049250313e-16,0.4695492589825683,2.220446049250313e-16,2.220446049250313e-16,2.220446049250313e-16,0.2519532197674747,2.220446049250313e-16,2.220446049250313e-16,2.220446049250313e-16,2.220446049250313e-16,2.220446049250313e-16,0.002872285808393717
200.0,2.220446049250313e-16,0.6432102433427317,0.3502459286991131,5.551115123125783e-17,2.220446049250313e-16,0.4695492589825683,2.220446049250313e-16,2.220446049250313e-16,2.220446049250313e-16,0.2519532197674747,2.220446049250313e-16,2.220446049250313e-16,2.220446049250313e-16,2.220446049250313e-16,2.220446049250313e-16,0.002872285808393717
201.0,2.220446049250313e-16,0.6432102433427317,0.3502459286991131,5.551115123125783e-17,2.220446049250313e-16,0.4695492589825683,2.220446049250313e-16,2.220446049250313e-16,2.220446049250313e-16,0.2519532197674747,2.220446049250313e-16,2.220446049250313e-16,2.220446049250313e-16,2.220446049250313e-16,2.220446049250313e-16,0.002872285808393717
202.0,0.5741977802598615,2.220446049250313e-16,2.220446049250313e-16,0.12109918805150849,0.5121517354562818,2.220446049250313e-16,2.220446049250313e-16,2.220446049250313e-16,2.220446049250313e-16,8.326672684688674e-17,2.220446049250313e-16,2.220446049250313e-16,0.20452467480191827,2.220446049250313e-16,0.5778435180010223,0.10239813726589644
203.0,2.220446049250313e-16,0.3688256432930528,2.220446049250313e-16,2.220446049250313e-16,0.4909777621258483,2.220446049250313e-16,0.10015428147583132,2.220446049250313e-16,2.220446049250313e-16,2.220446049250313e-16,0.3761439782119129,2.220446049250313e-16,2.220446049250313e-16,2.220446049250313e-16,0.4573164035314472,0.17924286001001347
204.0,2.220446049250313e-16,0.3688256432930528,2.220446049250313e-16,2.220446049250313e-16,0.4909777621258483,2.220446049250313e-16,0.10015428147583132,2.220446049250313e-16,2.220446049250313e-16,2.220446049250313e-16,0.3761439782119129,2.220446049250313e-16,2.220446049250313e-16,2.220446049250313e-16,0.4573164035314472,0.17924286001001347
205.0,2.220446049250313e-16,2.220446049250313e-16,2.220446049250313e-16,2.220446049250313e-16,0.4888616591055165,1.1102230246251565e-16,0.037048728124004386,2.220446049250313e-16,2.220446049250313e-16,1.1902704010828168e-17,0.37614397821191303,2.220446049250313e-16,2.220446049250313e-16,0.3816055216014073,0.5044386479333735,0.5474660739536752
206.0,2.220446049250313e-16,2.220446049250313e-16,2.220446049250313e-16,2.220446049250313e-16,0.4888616591055165,1.1102230246251565e-16,0.037048728124004386,2.220446049250313e-16,2.220446049250313e-16,1.1902704010828168e-17,0.37614397821191303,2.220446049250313e-16,2.220446049250313e-16,0.3816055216014073,0.5044386479333735,0.5474660739536752
207.0,2.220446049250313e-16,0.6366772087856509,2.220446049250313e-16,2.220446049250313e-16,2.220446049250313e-16,2.220446049250313e-16,2.220446049250313e-16,0.4870812934519714,2.220446049250313e-16,2.220446049250313e-16,2.220446049250313e-16,2.220446049250313e-16,2.220446049250313e-16,2.220446049250313e-16,0.4847202604247123,2.220446049250313e-16
208.0,2.220446049250313e-16,2.220446049250313e-16,2.220446049250313e-16,0.5698965593741567,0.5125272658260194,1.1102230246251565e-16,2.220446049250313e-16,2.220446049250313e-16,2.220446049250313e-16,8.326672684688674e-17,2.220446049250313e-16,2.220446049250313e-16,0.22147307826285398,2.220446049250313e-16,0.5626282076637515,0.1035845423141349
209.0,2.220446049250313e-16,0.09264937595569864,2.220446049250313e-16,2.220446049250313e-16,0.4911082463671592,2.220446049250313e-16,0.021411998698697605,2.220446049250313e-16,2.220446049250313e-16,0.26130553290291936,0.37614397821191303,2.220446049250313e-16,2.220446049250313e-16,2.220446049250313e-16,0.24841268036350814,0.6387069625717194
210.0,2.220446049250313e-16,0.09264937595569864,2.220446049250313e-16,2.220446049250313e-16,0.4911082463671592,2.220446049250313e-16,0.021411998698697605,2.220446049250313e-16,2.220446049250313e-16,0.26130553290291936,0.37614397821191303,2.220446049250313e-16,2.220446049250313e-16,2.220446049250313e-16,0.24841268036350814,0.6387069625717194
211.0,2.220446049250313e-16,2.220446049250313e-16,2.220446049250313e-16,2.220446049250313e-16,0.4888616591055165,1.1102230246251565e-16,0.037048728124004386,2.220446049250313e-16,2.220446049250313e-16,1.1902704010828168e-17,0.37614397821191303,2.220446049250313e-16,2.220446049250313e-16,0.3816055216014073,0.5044386479333735,0.5474660739536752
212.0,2.220446049250313e-16,2.220446049250313e-16,2.220446049250313e-16,2.220446049250313e-16,0.4888616591055165,1.1102230246251565e-16,0.037048728124004386,2.220446049250313e-16,2.220446049250313e-16,1.1902704010828168e-17,0.37614397821191303,2.220446049250313e-16,2.220446049250313e-16,0.3816055216014073,0.5044386479333735,0.5474660739536752
213.0,2.220446049250313e-16,0.6366772087856509,2.220446049250313e-16,2.220446049250313e-16,2.220446049250313e-16,2.220446049250313e-16,2.220446049250313e-16,0.4870812934519714,2.220446049250313e-16,2.220446049250313e-16,2.220446049250313e-16,2.220446049250313e-16,2.220446049250313e-16,2.220446049250313e-16,0.4847202604247123,2.220446049250313e-16
214.0,0.170693937949786,0.00292825609851316,0.3203107352267582,0.13827764957354055,6.938893903907228e-18,2.220446049250313e-16,0.2388908794126679,0.0007023544559363921,2.220446049250313e-16,0.26282961508433106,0.0007315605952320733,0.392847178223661,0.6974121275665607,2.220446049250313e-16,2.220446049250313e-16,2.220446049250313e-16
215.0,0.170693937949786,0.00292825609851316,0.3203107352267582,0.13827764957354055,6.938893903907228e-18,2.220446049250313e-16,0.2388908794126679,0.0007023544559363921,2.220446049250313e-16,0.26282961508433106,0.0007315605952320733,0.392847178223661,0.6974121275665607,2.220446049250313e-16,2.220446049250313e-16,2.220446049250313e-16
216.0,0.05386857165221593,2.220446049250313e-16,0.4296929122826417,2.220446049250313e-16,2.220446049250313e-16,2.220446049250313e-16,0.8189300424789103,2.220446049250313e-16,2.220446049250313e-16,2.220446049250313e-16,2.220446049250313e-16,0.39284717822366094,0.04753575977321409,0.38160552160140726,2.220446049250313e-16,0.06869525323543381
217.0,0.05386857165221593,2.220446049250313e-16,0.4296929122826417,2.220446049250313e-16,2.220446049250313e-16,2.220446049250313e-16,0.8189300424789103,2.220446049250313e-16,2.220446049250313e-16,2.220446049250313e-16,2.220446049250313e-16,0.39284717822366094,0.04753575977321409,0.38160552160140726,2.220446049250313e-16,0.06869525323543381
218.0,0.5276929654110186,0.0004720051061576913,2.220446049250313e-16,2.220446049250313e-16,2.220446049250313e-16,2.220446049250313e-16,0.23089689113206496,0.0009181105388576153,2.220446049250313e-16,0.48962049534304525,0.0009562885044985816,0.39284717822366105,0.6616228731253612,2.220446049250313e-16,0.00197419375987525,2.220446049250313e-16
219.0,0.5276929654110186,0.0004720051061576913,2.220446049250313e-16,2.220446049250313e-16,2.220446049250313e-16,2.220446049250313e-16,0.23089689113206496,0.0009181105388576153,2.220446049250313e-16,0.48962049534304525,0.0009562885044985816,0.39284717822366105,0.6616228731253612,2.220446049250313e-16,0.00197419375987525,2.220446049250313e-16
220.0,2.220446049250313e-16,2.220446049250313e-16,2.220446049250313e-16,2.220446049250313e-16,2.220446049250313e-16,2.220446049250313e-16,0.5451060529733499,2.220446049250313e-16,2.220446049250313e-16,0.4896285132386422,2.220446049250313e-16,0.392847178223661,0.12140015892062228,0.3816055216014073,2.220446049250313e-16,0.3554776422856345
221.0,2.220446049250313e-16,2.220446049250313e-16,2.220446049250313e-16,2.220446049250313e-16,2.220446049250313e-16,2.220446049250313e-16,0.5451060529733499,2.220446049250313e-16,2.220446049250313e-16,0.4896285132386422,2.220446049250313e-16,0.392847178223661,0.12140015892062228,0.3816055216014073,2.220446049250313e-16,0.3554776422856345
