id,x_0,x_1,x_2,x_3,x_4,x_5,x_6,x_7,x_8,x_9
0.0,2.220446049250313e-16,0.3367408568384676,2.220446049250313e-16,0.3045641393422495,0.01002145123563171,0.5063553572154618,0.4033822250450958,2.220446049250313e-16,2.220446049250313e-16,0.22653091055500846
1.0,2.220446049250313e-16,2.220446049250313e-16,2.220446049250313e-16,0.21602903679264385,0.02956941565259219,2.220446049250313e-16,0.22787724629775863,2.220446049250313e-16,0.3747795040933261,0.7850953730238822
2.0,0.14387741900654336,0.11618520479530936,2.220446049250313e-16,2.220446049250313e-16,2.220446049250313e-16,2.220446049250313e-16,0.34827963752481544,0.900185611133713,0.3747795040933262,2.220446049250313e-16
3.0,2.220446049250313e-16,2.220446049250313e-16,2.220446049250313e-16,0.44387669819685427,0.03978981971058404,2.220446049250313e-16,2.220446049250313e-16,2.220446049250313e-16,0.3747795040933262,0.7416521453185305
4.0,2.220446049250313e-16,0.1319662635003949,2.220446049250313e-16,0.32347318581170614,0.15475207799795518,2.220446049250313e-16,0.5897310341639759,0.10890680489530694,2.220446049250313e-16,0.132566741700117
5.0,2.220446049250313e-16,2.220446049250313e-16,2.220446049250313e-16,0.44387669819685427,0.03978981971058404,2.220446049250313e-16,2.220446049250313e-16,2.220446049250313e-16,0.3747795040933262,0.7416521453185305
6.0,0.14387741900654336,0.11618520479530936,2.220446049250313e-16,2.220446049250313e-16,2.220446049250313e-16,2.220446049250313e-16,0.34827963752481544,0.900185611133713,0.3747795040933262,2.220446049250313e-16
7.0,2.220446049250313e-16,2.220446049250313e-16,2.220446049250313e-16,0.21602903679264385,0.02956941565259219,2.220446049250313e-16,0.22787724629775863,2.220446049250313e-16,0.3747795040933261,0.7850953730238822
8.0,2.220446049250313e-16,0.3317735058746498,2.220446049250313e-16,0.5321955583985276,0.019200468886614162,0.5238305957266617,0.14377085246768717,2.220446049250313e-16,2.220446049250313e-16,0.18613847617620613
9.0,2.220446049250313e-16,2.220446049250313e-16,2.220446049250313e-16,0.46220288363987183,0.14001076038782334,0.28259370224972064,2.220446049250313e-16,2.220446049250313e-16,2.220446049250313e-16,0.6100469671071044
10.0,2.220446049250313e-16,0.12737405896741347,2.220446049250313e-16,0.3408942297599915,0.27056999757308975,2.220446049250313e-16,0.4834543438680596,0.11931784360125514,2.220446049250313e-16,0.010029945587333864
11.0,2.220446049250313e-16,2.220446049250313e-16,2.220446049250313e-16,0.46220288363987183,0.14001076038782334,0.28259370224972064,2.220446049250313e-16,2.220446049250313e-16,2.220446049250313e-16,0.6100469671071044
12.0,2.220446049250313e-16,0.1319662635003949,2.220446049250313e-16,0.32347318581170614,0.15475207799795518,2.220446049250313e-16,0.5897310341639759,0.10890680489530694,2.220446049250313e-16,0.132566741700117
13.0,2.220446049250313e-16,2.220446049250313e-16,2.220446049250313e-16,0.44387669819685427,0.03978981971058404,2.220446049250313e-16,2.220446049250313e-16,2.220446049250313e-16,0.3747795040933262,0.7416521453185305
14.0,0.12418517170491024,0.0984111467670139,0.14586173782853748,2.220446049250313e-16,2.220446049250313e-16,2.220446049250313e-16,0.07707705746326762,0.9579675131033926,0.3747795040933262,2.220446049250313e-16
15.0,2.220446049250313e-16,2.220446049250313e-16,2.220446049250313e-16,2.220446049250313e-16,0.40140879169675187,0.0016026305649687322,0.5126797105876201,0.059234874326753714,0.37477950409332617,0.22048690788282996
16.0,0.12418517170491024,0.0984111467670139,0.14586173782853748,2.220446049250313e-16,2.220446049250313e-16,2.220446049250313e-16,0.07707705746326762,0.9579675131033926,0.3747795040933262,2.220446049250313e-16
17.0,2.220446049250313e-16,2.220446049250313e-16,2.220446049250313e-16,0.21602903679264385,0.02956941565259219,2.220446049250313e-16,0.22787724629775863,2.220446049250313e-16,0.3747795040933261,0.7850953730238822
18.0,2.220446049250313e-16,0.3317735058746498,2.220446049250313e-16,0.5321955583985276,0.019200468886614162,0.5238305957266617,0.14377085246768717,2.220446049250313e-16,2.220446049250313e-16,0.18613847617620613
19.0,2.220446049250313e-16,2.220446049250313e-16,2.220446049250313e-16,0.46220288363987183,0.14001076038782334,0.28259370224972064,2.220446049250313e-16,2.220446049250313e-16,2.220446049250313e-16,0.6100469671071044
20.0,2.220446049250313e-16,0.12737405896741347,2.220446049250313e-16,0.3408942297599915,0.27056999757308975,2.220446049250313e-16,0.4834543438680596,0.11931784360125514,2.220446049250313e-16,0.010029945587333864
21.0,2.220446049250313e-16,2.220446049250313e-16,2.220446049250313e-16,0.46220288363987183,0.14001076038782334,0.28259370224972064,2.220446049250313e-16,2.220446049250313e-16,2.220446049250313e-16,0.6100469671071044
22.0,2.220446049250313e-16,0.1319662635003949,2.220446049250313e-16,0.32347318581170614,0.15475207799795518,2.220446049250313e-16,0.5897310341639759,0.10890680489530694,2.220446049250313e-16,0.132566741700117
23.0,2.220446049250313e-16,2.220446049250313e-16,2.220446049250313e-16,0.44387669819685427,0.03978981971058404,2.220446049250313e-16,2.220446049250313e-16,2.220446049250313e-16,0.3747795040933262,0.7416521453185305
24.0,0.14387741900654336,0.11618520479530936,2.220446049250313e-16,2.220446049250313e-16,2.220446049250313e-16,2.220446049250313e-16,0.34827963752481544,0.900185611133713,0.3747795040933262,2.220446049250313e-16
25.0,2.220446049250313e-16,2.220446049250313e-16,2.220446049250313e-16,0.21602903679264385,0.02956941565259219,2.220446049250313e-16,0.22787724629775863,2.220446049250313e-16,0.3747795040933261,0.7850953730238822
26.0,2.220446049250313e-16,0.3367408568384676,2.220446049250313e-16,0.3045641393422495,0.01002145123563171,0.5063553572154618,0.4033822250450958,2.220446049250313e-16,2.220446049250313e-16,0.22653091055500846
27.0,2.220446049250313e-16,2.220446049250313e-16,2.220446049250313e-16,0.21602903679264385,0.02956941565259219,2.220446049250313e-16,0.22787724629775863,2.220446049250313e-16,0.3747795040933261,0.7850953730238822
28.0,0.14387741900654336,0.11618520479530936,2.220446049250313e-16,2.220446049250313e-16,2.220446049250313e-16,2.220446049250313e-16,0.34827963752481544,0.900185611133713,0.3747795040933262,2.220446049250313e-16
29.0,2.220446049250313e-16,2.220446049250313e-16,2.220446049250313e-16,0.21602903679264385,0.02956941565259219,2.220446049250313e-16,0.22787724629775863,2.220446049250313e-16,0.3747795040933261,0.7850953730238822
30.0,2.220446049250313e-16,0.3367408568384676,2.220446049250313e-16,0.3045641393422495,0.01002145123563171,0.5063553572154618,0.4033822250450958,2.220446049250313e-16,2.220446049250313e-16,0.22653091055500846
31.0,2.220446049250313e-16,2.220446049250313e-16,2.220446049250313e-16,0.21602903679264385,0.02956941565259219,2.220446049250313e-16,0.22787724629775863,2.220446049250313e-16,0.3747795040933261,0.7850953730238822
32.0,0.12418517170491024,0.0984111467670139,0.14586173782853748,2.220446049250313e-16,2.220446049250313e-16,2.220446049250313e-16,0.07707705746326762,0.9579675131033926,0.3747795040933262,2.220446049250313e-16
33.0,2.220446049250313e-16,2.220446049250313e-16,2.220446049250313e-16,2.220446049250313e-16,0.40140879169675187,0.0016026305649687322,0.5126797105876201,0.059234874326753714,0.37477950409332617,0.22048690788282996
34.0,0.12418517170491024,0.0984111467670139,0.14586173782853748,2.220446049250313e-16,2.220446049250313e-16,2.220446049250313e-16,0.07707705746326762,0.9579675131033926,0.3747795040933262,2.220446049250313e-16
35.0,2.220446049250313e-16,2.220446049250313e-16,2.220446049250313e-16,0.21602903679264385,0.02956941565259219,2.220446049250313e-16,0.22787724629775863,2.220446049250313e-16,0.3747795040933261,0.7850953730238822
36.0,2.220446049250313e-16,0.3317735058746498,2.220446049250313e-16,0.5321955583985276,0.019200468886614162,0.5238305957266617,0.14377085246768717,2.220446049250313e-16,2.220446049250313e-16,0.18613847617620613
37.0,2.220446049250313e-16,2.220446049250313e-16,2.220446049250313e-16,0.46220288363987183,0.14001076038782334,0.28259370224972064,2.220446049250313e-16,2.220446049250313e-16,2.220446049250313e-16,0.6100469671071044
38.0,2.220446049250313e-16,0.1319662635003949,2.220446049250313e-16,0.32347318581170614,0.15475207799795518,2.220446049250313e-16,0.5897310341639759,0.10890680489530694,2.220446049250313e-16,0.132566741700117
39.0,2.220446049250313e-16,2.220446049250313e-16,2.220446049250313e-16,0.44387669819685427,0.03978981971058404,2.220446049250313e-16,2.220446049250313e-16,2.220446049250313e-16,0.3747795040933262,0.7416521453185305
40.0,0.14387741900654336,0.11618520479530936,2.220446049250313e-16,2.220446049250313e-16,2.220446049250313e-16,2.220446049250313e-16,0.34827963752481544,0.900185611133713,0.3747795040933262,2.220446049250313e-16
41.0,2.220446049250313e-16,2.220446049250313e-16,2.220446049250313e-16,0.44387669819685427,0.03978981971058404,2.220446049250313e-16,2.220446049250313e-16,2.220446049250313e-16,0.3747795040933262,0.7416521453185305
42.0,2.220446049250313e-16,0.1319662635003949,2.220446049250313e-16,0.32347318581170614,0.15475207799795518,2.220446049250313e-16,0.5897310341639759,0.10890680489530694,2.220446049250313e-16,0.132566741700117
43.0,2.220446049250313e-16,2.220446049250313e-16,2.220446049250313e-16,0.44387669819685427,0.03978981971058404,2.220446049250313e-16,2.220446049250313e-16,2.220446049250313e-16,0.3747795040933262,0.7416521453185305
44.0,0.12418517170491024,0.0984111467670139,0.14586173782853748,2.220446049250313e-16,2.220446049250313e-16,2.220446049250313e-16,0.07707705746326762,0.9579675131033926,0.3747795040933262,2.220446049250313e-16
45.0,2.220446049250313e-16,2.220446049250313e-16,2.220446049250313e-16,2.220446049250313e-16,0.40140879169675187,0.0016026305649687322,0.5126797105876201,0.059234874326753714,0.37477950409332617,0.22048690788282996
46.0,0.12418517170491024,0.0984111467670139,0.14586173782853748,2.220446049250313e-16,2.220446049250313e-16,2.220446049250313e-16,0.07707705746326762,0.9579675131033926,0.3747795040933262,2.220446049250313e-16
47.0,2.220446049250313e-16,2.220446049250313e-16,2.220446049250313e-16,0.21602903679264385,0.02956941565259219,2.220446049250313e-16,0.22787724629775863,2.220446049250313e-16,0.3747795040933261,0.7850953730238822
48.0,2.220446049250313e-16,0.3317735058746498,2.220446049250313e-16,0.5321955583985276,0.019200468886614162,0.5238305957266617,0.14377085246768717,2.220446049250313e-16,2.220446049250313e-16,0.18613847617620613
49.0,2.220446049250313e-16,2.220446049250313e-16,2.220446049250313e-16,0.46220288363987183,0.14001076038782334,0.28259370224972064,2.220446049250313e-16,2.220446049250313e-16,2.220446049250313e-16,0.6100469671071044
50.0,2.220446049250313e-16,0.12737405896741347,2.220446049250313e-16,0.3408942297599915,0.27056999757308975,2.220446049250313e-16,0.4834543438680596,0.11931784360125514,2.220446049250313e-16,0.010029945587333864
51.0,2.220446049250313e-16,2.220446049250313e-16,2.220446049250313e-16,0.46220288363987183,0.14001076038782334,0.28259370224972064,2.220446049250313e-16,2.220446049250313e-16,2.220446049250313e-16,0.6100469671071044
52.0,2.220446049250313e-16,0.16287703420422914,2.220446049250313e-16,0.5242906956947384,0.005048967609850839,0.49853826013213426,0.25500313621482473,2.220446049250313e-16,2.220446049250313e-16,0.28410883795546965
53.0,2.220446049250313e-16,2.220446049250313e-16,2.220446049250313e-16,0.46220288363987183,0.14001076038782334,0.28259370224972064,2.220446049250313e-16,2.220446049250313e-16,2.220446049250313e-16,0.6100469671071044
54.0,2.220446049250313e-16,0.3317735058746498,2.220446049250313e-16,0.5321955583985276,0.019200468886614162,0.5238305957266617,0.14377085246768717,2.220446049250313e-16,2.220446049250313e-16,0.18613847617620613
55.0,2.220446049250313e-16,2.220446049250313e-16,2.220446049250313e-16,0.21602903679264385,0.02956941565259219,2.220446049250313e-16,0.22787724629775863,2.220446049250313e-16,0.3747795040933261,0.7850953730238822
56.0,0.12418517170491024,0.0984111467670139,0.14586173782853748,2.220446049250313e-16,2.220446049250313e-16,2.220446049250313e-16,0.07707705746326762,0.9579675131033926,0.3747795040933262,2.220446049250313e-16
57.0,2.220446049250313e-16,2.220446049250313e-16,2.220446049250313e-16,2.220446049250313e-16,0.40140879169675187,0.0016026305649687322,0.5126797105876201,0.059234874326753714,0.37477950409332617,0.22048690788282996
58.0,0.12418517170491024,0.0984111467670139,0.14586173782853748,2.220446049250313e-16,2.220446049250313e-16,2.220446049250313e-16,0.07707705746326762,0.9579675131033926,0.3747795040933262,2.220446049250313e-16
59.0,2.220446049250313e-16,2.220446049250313e-16,2.220446049250313e-16,0.21602903679264385,0.02956941565259219,2.220446049250313e-16,0.22787724629775863,2.220446049250313e-16,0.3747795040933261,0.7850953730238822
60.0,0.3527169079229385,2.220446049250313e-16,2.220446049250313e-16,0.47944567390105786,2.220446049250313e-16,0.044697551238208226,2.220446049250313e-16,0.6999227201404117,0.37477950409332617,2.220446049250313e-16
61.0,2.220446049250313e-16,2.220446049250313e-16,2.220446049250313e-16,2.220446049250313e-16,2.220446049250313e-16,0.47025919968092933,0.6111622348619954,0.1755222950865331,2.220446049250313e-16,0.5109621379813997
62.0,2.220446049250313e-16,2.220446049250313e-16,2.220446049250313e-16,2.220446049250313e-16,2.220446049250313e-16,0.47025919968092933,0.6111622348619954,0.1755222950865331,2.220446049250313e-16,0.5109621379813997
63.0,2.220446049250313e-16,0.58374197980782,2.220446049250313e-16,0.4832057469285043,0.04640338233880934,0.5735599281140645,2.220446049250313e-16,0.18968169217898673,2.220446049250313e-16,2.220446049250313e-16
64.0,2.220446049250313e-16,0.58374197980782,2.220446049250313e-16,0.4832057469285043,0.04640338233880934,0.5735599281140645,2.220446049250313e-16,0.18968169217898673,2.220446049250313e-16,2.220446049250313e-16
65.0,2.220446049250313e-16,2.220446049250313e-16,2.220446049250313e-16,0.2148035400938525,0.01339858241843539,0.2645272872698776,0.2137250521931144,2.220446049250313e-16,2.220446049250313e-16,0.7938895698492143
66.0,0.7367320770641731,2.220446049250313e-16,0.502675287245087,4.624353265374928e-07,0.036432472071311894,2.220446049250313e-16,2.220446049250313e-16,0.033255768910439416,0.3747795040933262,2.220446049250313e-16
67.0,0.7367320770641731,2.220446049250313e-16,0.502675287245087,4.624353265374928e-07,0.036432472071311894,2.220446049250313e-16,2.220446049250313e-16,0.033255768910439416,0.3747795040933262,2.220446049250313e-16
68.0,2.220446049250313e-16,0.6991747460047997,0.6229824806912463,0.0004163024694523575,2.220446049250313e-16,2.220446049250313e-16,2.220446049250313e-16,0.04973178366382794,2.220446049250313e-16,2.220446049250313e-16
69.0,2.220446049250313e-16,0.6991747460047997,0.6229824806912463,0.0004163024694523575,2.220446049250313e-16,2.220446049250313e-16,2.220446049250313e-16,0.04973178366382794,2.220446049250313e-16,2.220446049250313e-16
70.0,0.6688449244003368,0.024607000134919968,0.20309920848005047,0.4597027631958174,2.220446049250313e-16,2.220446049250313e-16,2.220446049250313e-16,0.028948370890948247,2.220446049250313e-16,0.13528256865161548
71.0,0.012494654224204085,0.0020450647605957384,2.220446049250313e-16,2.220446049250313e-16,0.7987486373497448,0.0071761002270944,2.220446049250313e-16,2.220446049250313e-16,2.220446049250313e-16,0.03358279703199976
72.0,0.012494654224204085,0.0020450647605957384,2.220446049250313e-16,2.220446049250313e-16,0.7987486373497448,0.0071761002270944,2.220446049250313e-16,2.220446049250313e-16,2.220446049250313e-16,0.03358279703199976
73.0,0.012494654224204085,0.0020450647605957384,2.220446049250313e-16,2.220446049250313e-16,0.7987486373497448,0.0071761002270944,2.220446049250313e-16,2.220446049250313e-16,2.220446049250313e-16,0.03358279703199976
74.0,0.012494654224204085,0.0020450647605957384,2.220446049250313e-16,2.220446049250313e-16,0.7987486373497448,0.0071761002270944,2.220446049250313e-16,2.220446049250313e-16,2.220446049250313e-16,0.03358279703199976
75.0,0.012494654224204085,0.0020450647605957384,2.220446049250313e-16,2.220446049250313e-16,0.7987486373497448,0.0071761002270944,2.220446049250313e-16,2.220446049250313e-16,2.220446049250313e-16,0.03358279703199976
76.0,0.012494654224204085,0.0020450647605957384,2.220446049250313e-16,2.220446049250313e-16,0.7987486373497448,0.0071761002270944,2.220446049250313e-16,2.220446049250313e-16,2.220446049250313e-16,0.03358279703199976
77.0,0.7367320770641731,2.220446049250313e-16,0.502675287245087,4.624353265374928e-07,0.036432472071311894,2.220446049250313e-16,2.220446049250313e-16,0.033255768910439416,0.3747795040933262,2.220446049250313e-16
78.0,0.7367320770641731,2.220446049250313e-16,0.502675287245087,4.624353265374928e-07,0.036432472071311894,2.220446049250313e-16,2.220446049250313e-16,0.033255768910439416,0.3747795040933262,2.220446049250313e-16
79.0,2.220446049250313e-16,0.6991747460047997,0.6229824806912463,0.0004163024694523575,2.220446049250313e-16,2.220446049250313e-16,2.220446049250313e-16,0.04973178366382794,2.220446049250313e-16,2.220446049250313e-16
80.0,2.220446049250313e-16,0.6991747460047997,0.6229824806912463,0.0004163024694523575,2.220446049250313e-16,2.220446049250313e-16,2.220446049250313e-16,0.04973178366382794,2.220446049250313e-16,2.220446049250313e-16
81.0,0.3527169079229385,2.220446049250313e-16,2.220446049250313e-16,0.47944567390105786,2.220446049250313e-16,0.044697551238208226,2.220446049250313e-16,0.6999227201404117,0.37477950409332617,2.220446049250313e-16
82.0,2.220446049250313e-16,2.220446049250313e-16,2.220446049250313e-16,2.220446049250313e-16,2.220446049250313e-16,0.47025919968092933,0.6111622348619954,0.1755222950865331,2.220446049250313e-16,0.5109621379813997
83.0,2.220446049250313e-16,2.220446049250313e-16,2.220446049250313e-16,2.220446049250313e-16,2.220446049250313e-16,0.47025919968092933,0.6111622348619954,0.1755222950865331,2.220446049250313e-16,0.5109621379813997
84.0,2.220446049250313e-16,0.58374197980782,2.220446049250313e-16,0.4832057469285043,0.04640338233880934,0.5735599281140645,2.220446049250313e-16,0.18968169217898673,2.220446049250313e-16,2.220446049250313e-16
85.0,2.220446049250313e-16,0.58374197980782,2.220446049250313e-16,0.4832057469285043,0.04640338233880934,0.5735599281140645,2.220446049250313e-16,0.18968169217898673,2.220446049250313e-16,2.220446049250313e-16
86.0,2.220446049250313e-16,2.220446049250313e-16,2.220446049250313e-16,0.2148035400938525,0.01339858241843539,0.2645272872698776,0.2137250521931144,2.220446049250313e-16,2.220446049250313e-16,0.7938895698492143
87.0,0.6688449244003368,0.024607000134919968,0.20309920848005047,0.4597027631958174,2.220446049250313e-16,2.220446049250313e-16,2.220446049250313e-16,0.028948370890948247,2.220446049250313e-16,0.13528256865161548
88.0,0.012494654224204085,0.0020450647605957384,2.220446049250313e-16,2.220446049250313e-16,0.7987486373497448,0.0071761002270944,2.220446049250313e-16,2.220446049250313e-16,2.220446049250313e-16,0.03358279703199976
89.0,0.012494654224204085,0.0020450647605957384,2.220446049250313e-16,2.220446049250313e-16,0.7987486373497448,0.0071761002270944,2.220446049250313e-16,2.220446049250313e-16,2.220446049250313e-16,0.03358279703199976
90.0,0.012494654224204085,0.0020450647605957384,2.220446049250313e-16,2.220446049250313e-16,0.7987486373497448,0.0071761002270944,2.220446049250313e-16,2.220446049250313e-16,2.220446049250313e-16,0.03358279703199976
91.0,0.012494654224204085,0.0020450647605957384,2.220446049250313e-16,2.220446049250313e-16,0.7987486373497448,0.0071761002270944,2.220446049250313e-16,2.220446049250313e-16,2.220446049250313e-16,0.03358279703199976
92.0,0.012494654224204085,0.0020450647605957384,2.220446049250313e-16,2.220446049250313e-16,0.7987486373497448,0.0071761002270944,2.220446049250313e-16,2.220446049250313e-16,2.220446049250313e-16,0.03358279703199976
93.0,0.012494654224204085,0.0020450647605957384,2.220446049250313e-16,2.220446049250313e-16,0.7987486373497448,0.0071761002270944,2.220446049250313e-16,2.220446049250313e-16,2.220446049250313e-16,0.03358279703199976
94.0,0.6688449244003368,0.024607000134919968,0.20309920848005047,0.4597027631958174,2.220446049250313e-16,2.220446049250313e-16,2.220446049250313e-16,0.028948370890948247,2.220446049250313e-16,0.13528256865161548
95.0,0.012494654224204085,0.0020450647605957384,2.220446049250313e-16,2.220446049250313e-16,0.7987486373497448,0.0071761002270944,2.220446049250313e-16,2.220446049250313e-16,2.220446049250313e-16,0.03358279703199976
96.0,0.012494654224204085,0.0020450647605957384,2.220446049250313e-16,2.220446049250313e-16,0.7987486373497448,0.0071761002270944,2.220446049250313e-16,2.220446049250313e-16,2.220446049250313e-16,0.03358279703199976
97.0,0.012494654224204085,0.0020450647605957384,2.220446049250313e-16,2.220446049250313e-16,0.7987486373497448,0.0071761002270944,2.220446049250313e-16,2.220446049250313e-16,2.220446049250313e-16,0.03358279703199976
98.0,0.012494654224204085,0.0020450647605957384,2.220446049250313e-16,2.220446049250313e-16,0.7987486373497448,0.0071761002270944,2.220446049250313e-16,2.220446049250313e-16,2.220446049250313e-16,0.03358279703199976
99.0,0.012494654224204085,0.0020450647605957384,2.220446049250313e-16,2.220446049250313e-16,0.7987486373497448,0.0071761002270944,2.220446049250313e-16,2.220446049250313e-16,2.220446049250313e-16,0.03358279703199976
100.0,0.012494654224204085,0.0020450647605957384,2.220446049250313e-16,2.220446049250313e-16,0.7987486373497448,0.0071761002270944,2.220446049250313e-16,2.220446049250313e-16,2.220446049250313e-16,0.03358279703199976
101.0,0.7367320770641731,2.220446049250313e-16,0.502675287245087,4.624353265374928e-07,0.036432472071311894,2.220446049250313e-16,2.220446049250313e-16,0.033255768910439416,0.3747795040933262,2.220446049250313e-16
102.0,0.7367320770641731,2.220446049250313e-16,0.502675287245087,4.624353265374928e-07,0.036432472071311894,2.220446049250313e-16,2.220446049250313e-16,0.033255768910439416,0.3747795040933262,2.220446049250313e-16
103.0,2.220446049250313e-16,0.6991747460047997,0.6229824806912463,0.0004163024694523575,2.220446049250313e-16,2.220446049250313e-16,2.220446049250313e-16,0.04973178366382794,2.220446049250313e-16,2.220446049250313e-16
104.0,2.220446049250313e-16,0.6991747460047997,0.6229824806912463,0.0004163024694523575,2.220446049250313e-16,2.220446049250313e-16,2.220446049250313e-16,0.04973178366382794,2.220446049250313e-16,2.220446049250313e-16
105.0,0.7367320770641731,2.220446049250313e-16,0.502675287245087,4.624353265374928e-07,0.036432472071311894,2.220446049250313e-16,2.220446049250313e-16,0.033255768910439416,0.3747795040933262,2.220446049250313e-16
106.0,0.7367320770641731,2.220446049250313e-16,0.502675287245087,4.624353265374928e-07,0.036432472071311894,2.220446049250313e-16,2.220446049250313e-16,0.033255768910439416,0.3747795040933262,2.220446049250313e-16
107.0,2.220446049250313e-16,0.6991747460047997,0.6229824806912463,0.0004163024694523575,2.220446049250313e-16,2.220446049250313e-16,2.220446049250313e-16,0.04973178366382794,2.220446049250313e-16,2.220446049250313e-16
108.0,2.220446049250313e-16,0.6991747460047997,0.6229824806912463,0.0004163024694523575,2.220446049250313e-16,2.220446049250313e-16,2.220446049250313e-16,0.04973178366382794,2.220446049250313e-16,2.220446049250313e-16
109.0,0.3527169079229385,2.220446049250313e-16,2.220446049250313e-16,0.47944567390105786,2.220446049250313e-16,0.044697551238208226,2.220446049250313e-16,0.6999227201404117,0.37477950409332617,2.220446049250313e-16
110.0,2.220446049250313e-16,2.220446049250313e-16,2.220446049250313e-16,2.220446049250313e-16,2.220446049250313e-16,0.47025919968092933,0.6111622348619954,0.1755222950865331,2.220446049250313e-16,0.5109621379813997
111.0,2.220446049250313e-16,2.220446049250313e-16,2.220446049250313e-16,2.220446049250313e-16,2.220446049250313e-16,0.47025919968092933,0.6111622348619954,0.1755222950865331,2.220446049250313e-16,0.5109621379813997
112.0,2.220446049250313e-16,0.58374197980782,2.220446049250313e-16,0.4832057469285043,0.04640338233880934,0.5735599281140645,2.220446049250313e-16,0.18968169217898673,2.220446049250313e-16,2.220446049250313e-16
113.0,2.220446049250313e-16,0.58374197980782,2.220446049250313e-16,0.4832057469285043,0.04640338233880934,0.5735599281140645,2.220446049250313e-16,0.18968169217898673,2.220446049250313e-16,2.220446049250313e-16
114.0,2.220446049250313e-16,2.220446049250313e-16,2.220446049250313e-16,0.2148035400938525,0.01339858241843539,0.2645272872698776,0.2137250521931144,2.220446049250313e-16,2.220446049250313e-16,0.7938895698492143
115.0,0.6688449244003368,0.024607000134919968,0.20309920848005047,0.4597027631958174,2.220446049250313e-16,2.220446049250313e-16,2.220446049250313e-16,0.028948370890948247,2.220446049250313e-16,0.13528256865161548
116.0,0.012494654224204085,0.0020450647605957384,2.220446049250313e-16,2.220446049250313e-16,0.7987486373497448,0.0071761002270944,2.220446049250313e-16,2.220446049250313e-16,2.220446049250313e-16,0.03358279703199976
117.0,0.012494654224204085,0.0020450647605957384,2.220446049250313e-16,2.220446049250313e-16,0.7987486373497448,0.0071761002270944,2.220446049250313e-16,2.220446049250313e-16,2.220446049250313e-16,0.03358279703199976
118.0,0.012494654224204085,0.0020450647605957384,2.220446049250313e-16,2.220446049250313e-16,0.7987486373497448,0.0071761002270944,2.220446049250313e-16,2.220446049250313e-16,2.220446049250313e-16,0.03358279703199976
119.0,0.012494654224204085,0.0020450647605957384,2.220446049250313e-16,2.220446049250313e-16,0.7987486373497448,0.0071761002270944,2.220446049250313e-16,2.220446049250313e-16,2.220446049250313e-16,0.03358279703199976
120.0,0.012494654224204085,0.0020450647605957384,2.220446049250313e-16,2.220446049250313e-16,0.7987486373497448,0.0071761002270944,2.220446049250313e-16,2.220446049250313e-16,2.220446049250313e-16,0.03358279703199976
121.0,0.012494654224204085,0.0020450647605957384,2.220446049250313e-16,2.220446049250313e-16,0.7987486373497448,0.0071761002270944,2.220446049250313e-16,2.220446049250313e-16,2.220446049250313e-16,0.03358279703199976
122.0,0.6688449244003368,0.024607000134919968,0.20309920848005047,0.4597027631958174,2.220446049250313e-16,2.220446049250313e-16,2.220446049250313e-16,0.028948370890948247,2.220446049250313e-16,0.13528256865161548
123.0,0.012494654224204085,0.0020450647605957384,2.220446049250313e-16,2.220446049250313e-16,0.7987486373497448,0.0071761002270944,2.220446049250313e-16,2.220446049250313e-16,2.220446049250313e-16,0.03358279703199976
124.0,0.012494654224204085,0.0020450647605957384,2.220446049250313e-16,2.220446049250313e-16,0.7987486373497448,0.0071761002270944,2.220446049250313e-16,2.220446049250313e-16,2.220446049250313e-16,0.03358279703199976
125.0,0.012494654224204085,0.0020450647605957384,2.220446049250313e-16,2.220446049250313e-16,0.7987486373497448,0.0071761002270944,2.220446049250313e-16,2.220446049250313e-16,2.220446049250313e-16,0.03358279703199976
126.0,0.012494654224204085,0.0020450647605957384,2.220446049250313e-16,2.220446049250313e-16,0.7987486373497448,0.0071761002270944,2.220446049250313e-16,2.220446049250313e-16,2.220446049250313e-16,0.03358279703199976
127.0,0.012494654224204085,0.0020450647605957384,2.220446049250313e-16,2.220446049250313e-16,0.7987486373497448,0.0071761002270944,2.220446049250313e-16,2.220446049250313e-16,2.220446049250313e-16,0.03358279703199976
128.0,0.012494654224204085,0.0020450647605957384,2.220446049250313e-16,2.220446049250313e-16,0.7987486373497448,0.0071761002270944,2.220446049250313e-16,2.220446049250313e-16,2.220446049250313e-16,0.03358279703199976
129.0,0.7367320770641731,2.220446049250313e-16,0.502675287245087,4.624353265374928e-07,0.036432472071311894,2.220446049250313e-16,2.220446049250313e-16,0.033255768910439416,0.3747795040933262,2.220446049250313e-16
130.0,0.7367320770641731,2.220446049250313e-16,0.502675287245087,4.624353265374928e-07,0.036432472071311894,2.220446049250313e-16,2.220446049250313e-16,0.033255768910439416,0.3747795040933262,2.220446049250313e-16
131.0,2.220446049250313e-16,0.6991747460047997,0.6229824806912463,0.0004163024694523575,2.220446049250313e-16,2.220446049250313e-16,2.220446049250313e-16,0.04973178366382794,2.220446049250313e-16,2.220446049250313e-16
132.0,2.220446049250313e-16,0.6991747460047997,0.6229824806912463,0.0004163024694523575,2.220446049250313e-16,2.220446049250313e-16,2.220446049250313e-16,0.04973178366382794,2.220446049250313e-16,2.220446049250313e-16
133.0,0.3527169079229385,2.220446049250313e-16,2.220446049250313e-16,0.47944567390105786,2.220446049250313e-16,0.044697551238208226,2.220446049250313e-16,0.6999227201404117,0.37477950409332617,2.220446049250313e-16
134.0,2.220446049250313e-16,2.220446049250313e-16,2.220446049250313e-16,2.220446049250313e-16,2.220446049250313e-16,0.47025919968092933,0.6111622348619954,0.1755222950865331,2.220446049250313e-16,0.5109621379813997
135.0,2.220446049250313e-16,2.220446049250313e-16,2.220446049250313e-16,2.220446049250313e-16,2.220446049250313e-16,0.47025919968092933,0.6111622348619954,0.1755222950865331,2.220446049250313e-16,0.5109621379813997
136.0,2.220446049250313e-16,0.58374197980782,2.220446049250313e-16,0.4832057469285043,0.04640338233880934,0.5735599281140645,2.220446049250313e-16,0.18968169217898673,2.220446049250313e-16,2.220446049250313e-16
137.0,2.220446049250313e-16,0.58374197980782,2.220446049250313e-16,0.4832057469285043,0.04640338233880934,0.5735599281140645,2.220446049250313e-16,0.18968169217898673,2.220446049250313e-16,2.220446049250313e-16
138.0,2.220446049250313e-16,2.220446049250313e-16,2.220446049250313e-16,0.2148035400938525,0.01339858241843539,0.2645272872698776,0.2137250521931144,2.220446049250313e-16,2.220446049250313e-16,0.7938895698492143
139.0,0.7367320770641731,2.220446049250313e-16,0.502675287245087,4.624353265374928e-07,0.036432472071311894,2.220446049250313e-16,2.220446049250313e-16,0.033255768910439416,0.3747795040933262,2.220446049250313e-16
140.0,0.7367320770641731,2.220446049250313e-16,0.502675287245087,4.624353265374928e-07,0.036432472071311894,2.220446049250313e-16,2.220446049250313e-16,0.033255768910439416,0.3747795040933262,2.220446049250313e-16
141.0,2.220446049250313e-16,0.6991747460047997,0.6229824806912463,0.0004163024694523575,2.220446049250313e-16,2.220446049250313e-16,2.220446049250313e-16,0.04973178366382794,2.220446049250313e-16,2.220446049250313e-16
142.0,2.220446049250313e-16,0.6991747460047997,0.6229824806912463,0.0004163024694523575,2.220446049250313e-16,2.220446049250313e-16,2.220446049250313e-16,0.04973178366382794,2.220446049250313e-16,2.220446049250313e-16
143.0,0.3527169079229385,2.220446049250313e-16,2.220446049250313e-16,0.47944567390105786,2.220446049250313e-16,0.044697551238208226,2.220446049250313e-16,0.6999227201404117,0.37477950409332617,2.220446049250313e-16
144.0,2.220446049250313e-16,2.220446049250313e-16,2.220446049250313e-16,2.220446049250313e-16,2.220446049250313e-16,0.47025919968092933,0.6111622348619954,0.1755222950865331,2.220446049250313e-16,0.5109621379813997
145.0,2.220446049250313e-16,2.220446049250313e-16,2.220446049250313e-16,2.220446049250313e-16,2.220446049250313e-16,0.47025919968092933,0.6111622348619954,0.1755222950865331,2.220446049250313e-16,0.5109621379813997
146.0,2.220446049250313e-16,0.58374197980782,2.220446049250313e-16,0.4832057469285043,0.04640338233880934,0.5735599281140645,2.220446049250313e-16,0.18968169217898673,2.220446049250313e-16,2.220446049250313e-16
147.0,2.220446049250313e-16,0.58374197980782,2.220446049250313e-16,0.4832057469285043,0.04640338233880934,0.5735599281140645,2.220446049250313e-16,0.18968169217898673,2.220446049250313e-16,2.220446049250313e-16
148.0,2.220446049250313e-16,2.220446049250313e-16,2.220446049250313e-16,0.2148035400938525,0.01339858241843539,0.2645272872698776,0.2137250521931144,2.220446049250313e-16,2.220446049250313e-16,0.7938895698492143
149.0,0.7367320770641731,2.220446049250313e-16,0.502675287245087,4.624353265374928e-07,0.036432472071311894,2.220446049250313e-16,2.220446049250313e-16,0.033255768910439416,0.3747795040933262,2.220446049250313e-16
150.0,0.7367320770641731,2.220446049250313e-16,0.502675287245087,4.624353265374928e-07,0.036432472071311894,2.220446049250313e-16,2.220446049250313e-16,0.033255768910439416,0.3747795040933262,2.220446049250313e-16
151.0,2.220446049250313e-16,0.6991747460047997,0.6229824806912463,0.0004163024694523575,2.220446049250313e-16,2.220446049250313e-16,2.220446049250313e-16,0.04973178366382794,2.220446049250313e-16,2.220446049250313e-16
152.0,2.220446049250313e-16,0.6991747460047997,0.6229824806912463,0.0004163024694523575,2.220446049250313e-16,2.220446049250313e-16,2.220446049250313e-16,0.04973178366382794,2.220446049250313e-16,2.220446049250313e-16
153.0,0.7367320770641731,2.220446049250313e-16,0.502675287245087,4.624353265374928e-07,0.036432472071311894,2.220446049250313e-16,2.220446049250313e-16,0.033255768910439416,0.3747795040933262,2.220446049250313e-16
154.0,0.7367320770641731,2.220446049250313e-16,0.502675287245087,4.624353265374928e-07,0.036432472071311894,2.220446049250313e-16,2.220446049250313e-16,0.033255768910439416,0.3747795040933262,2.220446049250313e-16
155.0,2.220446049250313e-16,0.6991747460047997,0.6229824806912463,0.0004163024694523575,2.220446049250313e-16,2.220446049250313e-16,2.220446049250313e-16,0.04973178366382794,2.220446049250313e-16,2.220446049250313e-16
156.0,2.220446049250313e-16,0.6991747460047997,0.6229824806912463,0.0004163024694523575,2.220446049250313e-16,2.220446049250313e-16,2.220446049250313e-16,0.04973178366382794,2.220446049250313e-16,2.220446049250313e-16
157.0,0.3527169079229385,2.220446049250313e-16,2.220446049250313e-16,0.47944567390105786,2.220446049250313e-16,0.044697551238208226,2.220446049250313e-16,0.6999227201404117,0.37477950409332617,2.220446049250313e-16
158.0,2.220446049250313e-16,2.220446049250313e-16,2.220446049250313e-16,2.220446049250313e-16,2.220446049250313e-16,0.47025919968092933,0.6111622348619954,0.1755222950865331,2.220446049250313e-16,0.5109621379813997
159.0,2.220446049250313e-16,2.220446049250313e-16,2.220446049250313e-16,2.220446049250313e-16,2.220446049250313e-16,0.47025919968092933,0.6111622348619954,0.1755222950865331,2.220446049250313e-16,0.5109621379813997
160.0,2.220446049250313e-16,0.58374197980782,2.220446049250313e-16,0.4832057469285043,0.04640338233880934,0.5735599281140645,2.220446049250313e-16,0.18968169217898673,2.220446049250313e-16,2.220446049250313e-16
161.0,2.220446049250313e-16,0.58374197980782,2.220446049250313e-16,0.4832057469285043,0.04640338233880934,0.5735599281140645,2.220446049250313e-16,0.18968169217898673,2.220446049250313e-16,2.220446049250313e-16
162.0,2.220446049250313e-16,2.220446049250313e-16,2.220446049250313e-16,0.2148035400938525,0.01339858241843539,0.2645272872698776,0.2137250521931144,2.220446049250313e-16,2.220446049250313e-16,0.7938895698492143
163.0,0.6688449244003368,0.024607000134919968,0.20309920848005047,0.4597027631958174,2.220446049250313e-16,2.220446049250313e-16,2.220446049250313e-16,0.028948370890948247,2.220446049250313e-16,0.13528256865161548
164.0,0.012494654224204085,0.0020450647605957384,2.220446049250313e-16,2.220446049250313e-16,0.7987486373497448,0.0071761002270944,2.220446049250313e-16,2.220446049250313e-16,2.220446049250313e-16,0.03358279703199976
165.0,0.012494654224204085,0.0020450647605957384,2.220446049250313e-16,2.220446049250313e-16,0.7987486373497448,0.0071761002270944,2.220446049250313e-16,2.220446049250313e-16,2.220446049250313e-16,0.03358279703199976
166.0,0.012494654224204085,0.0020450647605957384,2.220446049250313e-16,2.220446049250313e-16,0.7987486373497448,0.0071761002270944,2.220446049250313e-16,2.220446049250313e-16,2.220446049250313e-16,0.03358279703199976
167.0,0.012494654224204085,0.0020450647605957384,2.220446049250313e-16,2.220446049250313e-16,0.7987486373497448,0.0071761002270944,2.220446049250313e-16,2.220446049250313e-16,2.220446049250313e-16,0.03358279703199976
168.0,0.012494654224204085,0.0020450647605957384,2.220446049250313e-16,2.220446049250313e-16,0.7987486373497448,0.0071761002270944,2.220446049250313e-16,2.220446049250313e-16,2.220446049250313e-16,0.03358279703199976
169.0,0.012494654224204085,0.0020450647605957384,2.220446049250313e-16,2.220446049250313e-16,0.7987486373497448,0.0071761002270944,2.220446049250313e-16,2.220446049250313e-16,2.220446049250313e-16,0.03358279703199976
170.0,0.7367320770641731,2.220446049250313e-16,0.502675287245087,4.624353265374928e-07,0.036432472071311894,2.220446049250313e-16,2.220446049250313e-16,0.033255768910439416,0.3747795040933262,2.220446049250313e-16
171.0,0.7367320770641731,2.220446049250313e-16,0.502675287245087,4.624353265374928e-07,0.036432472071311894,2.220446049250313e-16,2.220446049250313e-16,0.033255768910439416,0.3747795040933262,2.220446049250313e-16
172.0,2.220446049250313e-16,0.6991747460047997,0.6229824806912463,0.0004163024694523575,2.220446049250313e-16,2.220446049250313e-16,2.220446049250313e-16,0.04973178366382794,2.220446049250313e-16,2.220446049250313e-16
173.0,2.220446049250313e-16,0.6991747460047997,0.6229824806912463,0.0004163024694523575,2.220446049250313e-16,2.220446049250313e-16,2.220446049250313e-16,0.04973178366382794,2.220446049250313e-16,2.220446049250313e-16
174.0,0.6688449244003368,0.024607000134919968,0.20309920848005047,0.4597027631958174,2.220446049250313e-16,2.220446049250313e-16,2.220446049250313e-16,0.028948370890948247,2.220446049250313e-16,0.13528256865161548
175.0,0.012494654224204085,0.0020450647605957384,2.220446049250313e-16,2.220446049250313e-16,0.7987486373497448,0.0071761002270944,2.220446049250313e-16,2.220446049250313e-16,2.220446049250313e-16,0.03358279703199976
176.0,0.012494654224204085,0.0020450647605957384,2.220446049250313e-16,2.220446049250313e-16,0.7987486373497448,0.0071761002270944,2.220446049250313e-16,2.220446049250313e-16,2.220446049250313e-16,0.03358279703199976
177.0,0.012494654224204085,0.0020450647605957384,2.220446049250313e-16,2.220446049250313e-16,0.7987486373497448,0.0071761002270944,2.220446049250313e-16,2.220446049250313e-16,2.220446049250313e-16,0.03358279703199976
178.0,0.012494654224204085,0.0020450647605957384,2.220446049250313e-16,2.220446049250313e-16,0.7987486373497448,0.0071761002270944,2.220446049250313e-16,2.220446049250313e-16,2.220446049250313e-16,0.03358279703199976
179.0,0.012494654224204085,0.0020450647605957384,2.220446049250313e-16,2.220446049250313e-16,0.7987486373497448,0.0071761002270944,2.220446049250313e-16,2.220446049250313e-16,2.220446049250313e-16,0.03358279703199976
180.0,0.012494654224204085,0.0020450647605957384,2.220446049250313e-16,2.220446049250313e-16,0.7987486373497448,0.0071761002270944,2.220446049250313e-16,2.220446049250313e-16,2.220446049250313e-16,0.03358279703199976
181.0,0.7367320770641731,2.220446049250313e-16,0.502675287245087,4.624353265374928e-07,0.036432472071311894,2.220446049250313e-16,2.220446049250313e-16,0.033255768910439416,0.3747795040933262,2.220446049250313e-16
182.0,0.7367320770641731,2.220446049250313e-16,0.502675287245087,4.624353265374928e-07,0.036432472071311894,2.220446049250313e-16,2.220446049250313e-16,0.033255768910439416,0.3747795040933262,2.220446049250313e-16
183.0,2.220446049250313e-16,0.6991747460047997,0.6229824806912463,0.0004163024694523575,2.220446049250313e-16,2.220446049250313e-16,2.220446049250313e-16,0.04973178366382794,2.220446049250313e-16,2.220446049250313e-16
184.0,2.220446049250313e-16,0.6991747460047997,0.6229824806912463,0.0004163024694523575,2.220446049250313e-16,2.220446049250313e-16,2.220446049250313e-16,0.04973178366382794,2.220446049250313e-16,2.220446049250313e-16
185.0,0.7367320770641731,2.220446049250313e-16,0.502675287245087,4.624353265374928e-07,0.036432472071311894,2.220446049250313e-16,2.220446049250313e-16,0.033255768910439416,0.3747795040933262,2.220446049250313e-16
186.0,0.7367320770641731,2.220446049250313e-16,0.502675287245087,4.624353265374928e-07,0.036432472071311894,2.220446049250313e-16,2.220446049250313e-16,0.033255768910439416,0.3747795040933262,2.220446049250313e-16
187.0,2.220446049250313e-16,0.6991747460047997,0.6229824806912463,0.0004163024694523575,2.220446049250313e-16,2.220446049250313e-16,2.220446049250313e-16,0.04973178366382794,2.220446049250313e-16,2.220446049250313e-16
188.0,2.220446049250313e-16,0.6991747460047997,0.6229824806912463,0.0004163024694523575,2.220446049250313e-16,2.220446049250313e-16,2.220446049250313e-16,0.04973178366382794,2.220446049250313e-16,2.220446049250313e-16
189.0,0.3527169079229385,2.220446049250313e-16,2.220446049250313e-16,0.47944567390105786,2.220446049250313e-16,0.044697551238208226,2.220446049250313e-16,0.6999227201404117,0.37477950409332617,2.220446049250313e-16
190.0,2.220446049250313e-16,2.220446049250313e-16,2.220446049250313e-16,2.220446049250313e-16,2.220446049250313e-16,0.47025919968092933,0.6111622348619954,0.1755222950865331,2.220446049250313e-16,0.5109621379813997
191.0,2.220446049250313e-16,2.220446049250313e-16,2.220446049250313e-16,2.220446049250313e-16,2.220446049250313e-16,0.47025919968092933,0.6111622348619954,0.1755222950865331,2.220446049250313e-16,0.5109621379813997
192.0,2.220446049250313e-16,0.58374197980782,2.220446049250313e-16,0.4832057469285043,0.04640338233880934,0.5735599281140645,2.220446049250313e-16,0.18968169217898673,2.220446049250313e-16,2.220446049250313e-16
193.0,2.220446049250313e-16,0.58374197980782,2.220446049250313e-16,0.4832057469285043,0.04640338233880934,0.5735599281140645,2.220446049250313e-16,0.18968169217898673,2.220446049250313e-16,2.220446049250313e-16
194.0,2.220446049250313e-16,2.220446049250313e-16,2.220446049250313e-16,0.2148035400938525,0.01339858241843539,0.2645272872698776,0.2137250521931144,2.220446049250313e-16,2.220446049250313e-16,0.7938895698492143
195.0,0.6688449244003368,0.024607000134919968,0.20309920848005047,0.4597027631958174,2.220446049250313e-16,2.220446049250313e-16,2.220446049250313e-16,0.028948370890948247,2.220446049250313e-16,0.13528256865161548
196.0,0.012494654224204085,0.0020450647605957384,2.220446049250313e-16,2.220446049250313e-16,0.7987486373497448,0.0071761002270944,2.220446049250313e-16,2.220446049250313e-16,2.220446049250313e-16,0.03358279703199976
197.0,0.012494654224204085,0.0020450647605957384,2.220446049250313e-16,2.220446049250313e-16,0.7987486373497448,0.0071761002270944,2.220446049250313e-16,2.220446049250313e-16,2.220446049250313e-16,0.03358279703199976
198.0,0.012494654224204085,0.0020450647605957384,2.220446049250313e-16,2.220446049250313e-16,0.7987486373497448,0.0071761002270944,2.220446049250313e-16,2.220446049250313e-16,2.220446049250313e-16,0.03358279703199976
199.0,0.012494654224204085,0.0020450647605957384,2.220446049250313e-16,2.220446049250313e-16,0.7987486373497448,0.0071761002270944,2.220446049250313e-16,2.220446049250313e-16,2.220446049250313e-16,0.03358279703199976
200.0,0.012494654224204085,0.0020450647605957384,2.220446049250313e-16,2.220446049250313e-16,0.7987486373497448,0.0071761002270944,2.220446049250313e-16,2.220446049250313e-16,2.220446049250313e-16,0.03358279703199976
201.0,0.012494654224204085,0.0020450647605957384,2.220446049250313e-16,2.220446049250313e-16,0.7987486373497448,0.0071761002270944,2.220446049250313e-16,2.220446049250313e-16,2.220446049250313e-16,0.03358279703199976
202.0,0.3527169079229385,2.220446049250313e-16,2.220446049250313e-16,0.47944567390105786,2.220446049250313e-16,0.044697551238208226,2.220446049250313e-16,0.6999227201404117,0.37477950409332617,2.220446049250313e-16
203.0,2.220446049250313e-16,2.220446049250313e-16,2.220446049250313e-16,2.220446049250313e-16,2.220446049250313e-16,0.47025919968092933,0.6111622348619954,0.1755222950865331,2.220446049250313e-16,0.5109621379813997
204.0,2.220446049250313e-16,2.220446049250313e-16,2.220446049250313e-16,2.220446049250313e-16,2.220446049250313e-16,0.47025919968092933,0.6111622348619954,0.1755222950865331,2.220446049250313e-16,0.5109621379813997
205.0,2.220446049250313e-16,0.58374197980782,2.220446049250313e-16,0.4832057469285043,0.04640338233880934,0.5735599281140645,2.220446049250313e-16,0.18968169217898673,2.220446049250313e-16,2.220446049250313e-16
206.0,2.220446049250313e-16,0.58374197980782,2.220446049250313e-16,0.4832057469285043,0.04640338233880934,0.5735599281140645,2.220446049250313e-16,0.18968169217898673,2.220446049250313e-16,2.220446049250313e-16
207.0,2.220446049250313e-16,2.220446049250313e-16,2.220446049250313e-16,0.2148035400938525,0.01339858241843539,0.2645272872698776,0.2137250521931144,2.220446049250313e-16,2.220446049250313e-16,0.7938895698492143
208.0,0.3527169079229385,2.220446049250313e-16,2.220446049250313e-16,0.47944567390105786,2.220446049250313e-16,0.044697551238208226,2.220446049250313e-16,0.6999227201404117,0.37477950409332617,2.220446049250313e-16
209.0,2.220446049250313e-16,2.220446049250313e-16,2.220446049250313e-16,2.220446049250313e-16,2.220446049250313e-16,0.47025919968092933,0.6111622348619954,0.1755222950865331,2.220446049250313e-16,0.5109621379813997
210.0,2.220446049250313e-16,2.220446049250313e-16,2.220446049250313e-16,2.220446049250313e-16,2.220446049250313e-16,0.47025919968092933,0.6111622348619954,0.1755222950865331,2.220446049250313e-16,0.5109621379813997
211.0,2.220446049250313e-16,0.58374197980782,2.220446049250313e-16,0.4832057469285043,0.04640338233880934,0.5735599281140645,2.220446049250313e-16,0.18968169217898673,2.220446049250313e-16,2.220446049250313e-16
212.0,2.220446049250313e-16,0.58374197980782,2.220446049250313e-16,0.4832057469285043,0.04640338233880934,0.5735599281140645,2.220446049250313e-16,0.18968169217898673,2.220446049250313e-16,2.220446049250313e-16
213.0,2.220446049250313e-16,2.220446049250313e-16,2.220446049250313e-16,0.2148035400938525,0.01339858241843539,0.2645272872698776,0.2137250521931144,2.220446049250313e-16,2.220446049250313e-16,0.7938895698492143
214.0,0.7367320770641731,2.220446049250313e-16,0.502675287245087,4.624353265374928e-07,0.036432472071311894,2.220446049250313e-16,2.220446049250313e-16,0.033255768910439416,0.3747795040933262,2.220446049250313e-16
215.0,0.7367320770641731,2.220446049250313e-16,0.502675287245087,4.624353265374928e-07,0.036432472071311894,2.220446049250313e-16,2.220446049250313e-16,0.033255768910439416,0.3747795040933262,2.220446049250313e-16
216.0,2.220446049250313e-16,0.6991747460047997,0.6229824806912463,0.0004163024694523575,2.220446049250313e-16,2.220446049250313e-16,2.220446049250313e-16,0.04973178366382794,2.220446049250313e-16,2.220446049250313e-16
217.0,2.220446049250313e-16,0.6991747460047997,0.6229824806912463,0.0004163024694523575,2.220446049250313e-16,2.220446049250313e-16,2.220446049250313e-16,0.04973178366382794,2.220446049250313e-16,2.220446049250313e-16
218.0,0.7367320770641731,2.220446049250313e-16,0.502675287245087,4.624353265374928e-07,0.036432472071311894,2.220446049250313e-16,2.220446049250313e-16,0.033255768910439416,0.3747795040933262,2.220446049250313e-16
219.0,0.7367320770641731,2.220446049250313e-16,0.502675287245087,4.624353265374928e-07,0.036432472071311894,2.220446049250313e-16,2.220446049250313e-16,0.033255768910439416,0.3747795040933262,2.220446049250313e-16
220.0,2.220446049250313e-16,0.6991747460047997,0.6229824806912463,0.0004163024694523575,2.220446049250313e-16,2.220446049250313e-16,2.220446049250313e-16,0.04973178366382794,2.220446049250313e-16,2.220446049250313e-16
221.0,2.220446049250313e-16,0.6991747460047997,0.6229824806912463,0.0004163024694523575,2.220446049250313e-16,2.220446049250313e-16,2.220446049250313e-16,0.04973178366382794,2.220446049250313e-16,2.220446049250313e-16
