id,x_0,x_1,x_2,x_3,x_4,x_5,x_6,x_7,x_8,x_9,x_10,x_11,x_12,x_13
0.0,0.4019474379103648,2.220446049250313e-16,0.4769456064432772,0.5226893919142532,0.061739148595397475,2.220446049250313e-16,0.0020965621429658798,2.220446049250313e-16,2.220446049250313e-16,0.15286128325022713,0.37499197560013187,2.220446049250313e-16,0.48573626432749134,2.220446049250313e-16
1.0,2.220446049250313e-16,2.220446049250313e-16,2.220446049250313e-16,0.5173052084188793,0.06352793840470904,2.220446049250313e-16,2.220446049250313e-16,0.2882812215160087,2.220446049250313e-16,0.5299017548181927,0.41216218738111554,0.4392920161177862,2.220446049250313e-16,2.220446049250313e-16
2.0,2.220446049250313e-16,0.480160868202329,2.220446049250313e-16,0.002102282180940551,2.220446049250313e-16,2.220446049250313e-16,2.220446049250313e-16,0.6128082345789265,0.13838063780724008,2.220446049250313e-16,0.3288061472634711,2.220446049250313e-16,2.220446049250313e-16,0.5264048207180846
3.0,2.220446049250313e-16,2.220446049250313e-16,2.220446049250313e-16,0.4242042507286038,0.4116783935084881,2.220446049250313e-16,2.220446049250313e-16,0.2882600386168036,2.220446049250313e-16,0.5624726941947887,0.10735998529722066,0.4455536708297652,2.220446049250313e-16,2.220446049250313e-16
4.0,2.220446049250313e-16,0.0028529725155373212,0.05099456676932834,0.5216211694320418,0.06187320598263024,2.220446049250313e-16,0.23539513158515066,0.10894147823924363,2.220446049250313e-16,0.02868012196872899,0.6023257565093473,2.220446049250313e-16,0.25463686476001807,0.008047315809277042
5.0,2.220446049250313e-16,2.220446049250313e-16,2.220446049250313e-16,0.4242042507286038,0.4116783935084881,2.220446049250313e-16,2.220446049250313e-16,0.2882600386168036,2.220446049250313e-16,0.5624726941947887,0.10735998529722066,0.4455536708297652,2.220446049250313e-16,2.220446049250313e-16
6.0,2.220446049250313e-16,0.480160868202329,2.220446049250313e-16,0.002102282180940551,2.220446049250313e-16,2.220446049250313e-16,2.220446049250313e-16,0.6128082345789265,0.13838063780724008,2.220446049250313e-16,0.3288061472634711,2.220446049250313e-16,2.220446049250313e-16,0.5264048207180846
7.0,2.220446049250313e-16,2.220446049250313e-16,2.220446049250313e-16,0.5173052084188793,0.06352793840470904,2.220446049250313e-16,2.220446049250313e-16,0.2882812215160087,2.220446049250313e-16,0.5299017548181927,0.41216218738111554,0.4392920161177862,2.220446049250313e-16,2.220446049250313e-16
8.0,0.40148358908666726,2.220446049250313e-16,0.49662824524202004,0.429557952706119,0.4098979352178221,2.220446049250313e-16,0.005452414605994826,2.220446049250313e-16,2.220446049250313e-16,0.184447331763211,0.0691497463438068,2.220446049250313e-16,0.48554516677994114,2.220446049250313e-16
9.0,2.220446049250313e-16,2.220446049250313e-16,0.3857996537286911,0.4260031066175195,0.4111946247406673,2.220446049250313e-16,0.10713202094726264,2.220446049250313e-16,2.220446049250313e-16,0.4500336990856647,2.220446049250313e-16,0.4552023118596669,2.220446049250313e-16,2.220446049250313e-16
10.0,2.220446049250313e-16,0.00282996828257181,0.0654815235469629,0.5221020947776421,0.06127810750394652,2.220446049250313e-16,0.3482268541042908,0.10875623278099583,2.220446049250313e-16,2.220446049250313e-16,0.42689494665452626,2.220446049250313e-16,0.2546374715194087,0.019932171679117604
11.0,2.220446049250313e-16,2.220446049250313e-16,0.3857996537286911,0.4260031066175195,0.4111946247406673,2.220446049250313e-16,0.10713202094726264,2.220446049250313e-16,2.220446049250313e-16,0.4500336990856647,2.220446049250313e-16,0.4552023118596669,2.220446049250313e-16,2.220446049250313e-16
12.0,2.220446049250313e-16,0.0028529725155373212,0.05099456676932834,0.5216211694320418,0.06187320598263024,2.220446049250313e-16,0.23539513158515066,0.10894147823924363,2.220446049250313e-16,0.02868012196872899,0.6023257565093473,2.220446049250313e-16,0.25463686476001807,0.008047315809277042
13.0,2.220446049250313e-16,2.220446049250313e-16,2.220446049250313e-16,0.4242042507286038,0.4116783935084881,2.220446049250313e-16,2.220446049250313e-16,0.2882600386168036,2.220446049250313e-16,0.5624726941947887,0.10735998529722066,0.4455536708297652,2.220446049250313e-16,2.220446049250313e-16
14.0,2.220446049250313e-16,0.4797968420187888,2.220446049250313e-16,0.0018859312257376581,2.220446049250313e-16,0.11442333317655452,2.220446049250313e-16,0.6656320674907936,0.1210131696218363,2.220446049250313e-16,0.02696888518809116,2.220446049250313e-16,2.220446049250313e-16,0.5448094575842615
15.0,0.36937432900309175,2.220446049250313e-16,2.220446049250313e-16,2.220446049250313e-16,2.220446049250313e-16,2.220446049250313e-16,0.2377564197742269,0.28924199092237024,2.220446049250313e-16,0.046695952658994656,0.5341560826687891,0.42230289155788364,2.220446049250313e-16,0.13846639162930444
16.0,2.220446049250313e-16,0.4797968420187888,2.220446049250313e-16,0.0018859312257376581,2.220446049250313e-16,0.11442333317655452,2.220446049250313e-16,0.6656320674907936,0.1210131696218363,2.220446049250313e-16,0.02696888518809116,2.220446049250313e-16,2.220446049250313e-16,0.5448094575842615
17.0,2.220446049250313e-16,2.220446049250313e-16,2.220446049250313e-16,0.5173052084188793,0.06352793840470904,2.220446049250313e-16,2.220446049250313e-16,0.2882812215160087,2.220446049250313e-16,0.5299017548181927,0.41216218738111554,0.4392920161177862,2.220446049250313e-16,2.220446049250313e-16
18.0,0.40148358908666726,2.220446049250313e-16,0.49662824524202004,0.429557952706119,0.4098979352178221,2.220446049250313e-16,0.005452414605994826,2.220446049250313e-16,2.220446049250313e-16,0.184447331763211,0.0691497463438068,2.220446049250313e-16,0.48554516677994114,2.220446049250313e-16
19.0,2.220446049250313e-16,2.220446049250313e-16,0.3857996537286911,0.4260031066175195,0.4111946247406673,2.220446049250313e-16,0.10713202094726264,2.220446049250313e-16,2.220446049250313e-16,0.4500336990856647,2.220446049250313e-16,0.4552023118596669,2.220446049250313e-16,2.220446049250313e-16
20.0,2.220446049250313e-16,0.00282996828257181,0.0654815235469629,0.5221020947776421,0.06127810750394652,2.220446049250313e-16,0.3482268541042908,0.10875623278099583,2.220446049250313e-16,2.220446049250313e-16,0.42689494665452626,2.220446049250313e-16,0.2546374715194087,0.019932171679117604
21.0,2.220446049250313e-16,2.220446049250313e-16,0.3857996537286911,0.4260031066175195,0.4111946247406673,2.220446049250313e-16,0.10713202094726264,2.220446049250313e-16,2.220446049250313e-16,0.4500336990856647,2.220446049250313e-16,0.4552023118596669,2.220446049250313e-16,2.220446049250313e-16
22.0,2.220446049250313e-16,0.0028529725155373212,0.05099456676932834,0.5216211694320418,0.06187320598263024,2.220446049250313e-16,0.23539513158515066,0.10894147823924363,2.220446049250313e-16,0.02868012196872899,0.6023257565093473,2.220446049250313e-16,0.25463686476001807,0.008047315809277042
23.0,2.220446049250313e-16,2.220446049250313e-16,2.220446049250313e-16,0.4242042507286038,0.4116783935084881,2.220446049250313e-16,2.220446049250313e-16,0.2882600386168036,2.220446049250313e-16,0.5624726941947887,0.10735998529722066,0.4455536708297652,2.220446049250313e-16,2.220446049250313e-16
24.0,2.220446049250313e-16,0.480160868202329,2.220446049250313e-16,0.002102282180940551,2.220446049250313e-16,2.220446049250313e-16,2.220446049250313e-16,0.6128082345789265,0.13838063780724008,2.220446049250313e-16,0.3288061472634711,2.220446049250313e-16,2.220446049250313e-16,0.5264048207180846
25.0,2.220446049250313e-16,2.220446049250313e-16,2.220446049250313e-16,0.5173052084188793,0.06352793840470904,2.220446049250313e-16,2.220446049250313e-16,0.2882812215160087,2.220446049250313e-16,0.5299017548181927,0.41216218738111554,0.4392920161177862,2.220446049250313e-16,2.220446049250313e-16
26.0,0.4019474379103648,2.220446049250313e-16,0.4769456064432772,0.5226893919142532,0.061739148595397475,2.220446049250313e-16,0.0020965621429658798,2.220446049250313e-16,2.220446049250313e-16,0.15286128325022713,0.37499197560013187,2.220446049250313e-16,0.48573626432749134,2.220446049250313e-16
27.0,2.220446049250313e-16,2.220446049250313e-16,2.220446049250313e-16,0.5173052084188793,0.06352793840470904,2.220446049250313e-16,2.220446049250313e-16,0.2882812215160087,2.220446049250313e-16,0.5299017548181927,0.41216218738111554,0.4392920161177862,2.220446049250313e-16,2.220446049250313e-16
28.0,2.220446049250313e-16,0.480160868202329,2.220446049250313e-16,0.002102282180940551,2.220446049250313e-16,2.220446049250313e-16,2.220446049250313e-16,0.6128082345789265,0.13838063780724008,2.220446049250313e-16,0.3288061472634711,2.220446049250313e-16,2.220446049250313e-16,0.5264048207180846
29.0,2.220446049250313e-16,2.220446049250313e-16,2.220446049250313e-16,0.5173052084188793,0.06352793840470904,2.220446049250313e-16,2.220446049250313e-16,0.2882812215160087,2.220446049250313e-16,0.5299017548181927,0.41216218738111554,0.4392920161177862,2.220446049250313e-16,2.220446049250313e-16
30.0,0.4019474379103648,2.220446049250313e-16,0.4769456064432772,0.5226893919142532,0.061739148595397475,2.220446049250313e-16,0.0020965621429658798,2.220446049250313e-16,2.220446049250313e-16,0.15286128325022713,0.37499197560013187,2.220446049250313e-16,0.48573626432749134,2.220446049250313e-16
31.0,2.220446049250313e-16,2.220446049250313e-16,2.220446049250313e-16,0.5173052084188793,0.06352793840470904,2.220446049250313e-16,2.220446049250313e-16,0.2882812215160087,2.220446049250313e-16,0.5299017548181927,0.41216218738111554,0.4392920161177862,2.220446049250313e-16,2.220446049250313e-16
32.0,2.220446049250313e-16,0.4797968420187888,2.220446049250313e-16,0.0018859312257376581,2.220446049250313e-16,0.11442333317655452,2.220446049250313e-16,0.6656320674907936,0.1210131696218363,2.220446049250313e-16,0.02696888518809116,2.220446049250313e-16,2.220446049250313e-16,0.5448094575842615
33.0,0.36937432900309175,2.220446049250313e-16,2.220446049250313e-16,2.220446049250313e-16,2.220446049250313e-16,2.220446049250313e-16,0.2377564197742269,0.28924199092237024,2.220446049250313e-16,0.046695952658994656,0.5341560826687891,0.42230289155788364,2.220446049250313e-16,0.13846639162930444
34.0,2.220446049250313e-16,0.4797968420187888,2.220446049250313e-16,0.0018859312257376581,2.220446049250313e-16,0.11442333317655452,2.220446049250313e-16,0.6656320674907936,0.1210131696218363,2.220446049250313e-16,0.02696888518809116,2.220446049250313e-16,2.220446049250313e-16,0.5448094575842615
35.0,2.220446049250313e-16,2.220446049250313e-16,2.220446049250313e-16,0.5173052084188793,0.06352793840470904,2.220446049250313e-16,2.220446049250313e-16,0.2882812215160087,2.220446049250313e-16,0.5299017548181927,0.41216218738111554,0.4392920161177862,2.220446049250313e-16,2.220446049250313e-16
36.0,0.40148358908666726,2.220446049250313e-16,0.49662824524202004,0.429557952706119,0.4098979352178221,2.220446049250313e-16,0.005452414605994826,2.220446049250313e-16,2.220446049250313e-16,0.184447331763211,0.0691497463438068,2.220446049250313e-16,0.48554516677994114,2.220446049250313e-16
37.0,2.220446049250313e-16,2.220446049250313e-16,0.3857996537286911,0.4260031066175195,0.4111946247406673,2.220446049250313e-16,0.10713202094726264,2.220446049250313e-16,2.220446049250313e-16,0.4500336990856647,2.220446049250313e-16,0.4552023118596669,2.220446049250313e-16,2.220446049250313e-16
38.0,2.220446049250313e-16,0.0028529725155373212,0.05099456676932834,0.5216211694320418,0.06187320598263024,2.220446049250313e-16,0.23539513158515066,0.10894147823924363,2.220446049250313e-16,0.02868012196872899,0.6023257565093473,2.220446049250313e-16,0.25463686476001807,0.008047315809277042
39.0,2.220446049250313e-16,2.220446049250313e-16,2.220446049250313e-16,0.4242042507286038,0.4116783935084881,2.220446049250313e-16,2.220446049250313e-16,0.2882600386168036,2.220446049250313e-16,0.5624726941947887,0.10735998529722066,0.4455536708297652,2.220446049250313e-16,2.220446049250313e-16
40.0,2.220446049250313e-16,0.480160868202329,2.220446049250313e-16,0.002102282180940551,2.220446049250313e-16,2.220446049250313e-16,2.220446049250313e-16,0.6128082345789265,0.13838063780724008,2.220446049250313e-16,0.3288061472634711,2.220446049250313e-16,2.220446049250313e-16,0.5264048207180846
41.0,2.220446049250313e-16,2.220446049250313e-16,2.220446049250313e-16,0.4242042507286038,0.4116783935084881,2.220446049250313e-16,2.220446049250313e-16,0.2882600386168036,2.220446049250313e-16,0.5624726941947887,0.10735998529722066,0.4455536708297652,2.220446049250313e-16,2.220446049250313e-16
42.0,2.220446049250313e-16,0.002852972515537319,0.05099456676932845,0.5216211694320416,0.06187320598263019,2.220446049250313e-16,0.23539513158515077,0.10894147823924362,2.220446049250313e-16,0.028680121968728902,0.6023257565093473,2.220446049250313e-16,0.254636864760018,0.00804731580927714
43.0,2.220446049250313e-16,2.220446049250313e-16,2.220446049250313e-16,0.4242042507286038,0.4116783935084881,2.220446049250313e-16,2.220446049250313e-16,0.2882600386168036,2.220446049250313e-16,0.5624726941947887,0.10735998529722066,0.4455536708297652,2.220446049250313e-16,2.220446049250313e-16
44.0,2.220446049250313e-16,0.4797968420187888,2.220446049250313e-16,0.0018859312257376581,2.220446049250313e-16,0.11442333317655452,2.220446049250313e-16,0.6656320674907936,0.1210131696218363,2.220446049250313e-16,0.02696888518809116,2.220446049250313e-16,2.220446049250313e-16,0.5448094575842615
45.0,0.36937432900309175,2.220446049250313e-16,2.220446049250313e-16,2.220446049250313e-16,2.220446049250313e-16,2.220446049250313e-16,0.2377564197742269,0.28924199092237024,2.220446049250313e-16,0.046695952658994656,0.5341560826687891,0.42230289155788364,2.220446049250313e-16,0.13846639162930444
46.0,2.220446049250313e-16,0.4797968420187888,2.220446049250313e-16,0.0018859312257376581,2.220446049250313e-16,0.11442333317655452,2.220446049250313e-16,0.6656320674907936,0.1210131696218363,2.220446049250313e-16,0.02696888518809116,2.220446049250313e-16,2.220446049250313e-16,0.5448094575842615
47.0,2.220446049250313e-16,2.220446049250313e-16,2.220446049250313e-16,0.5173052084188793,0.06352793840470904,2.220446049250313e-16,2.220446049250313e-16,0.2882812215160087,2.220446049250313e-16,0.5299017548181927,0.41216218738111554,0.4392920161177862,2.220446049250313e-16,2.220446049250313e-16
48.0,0.40148358908666726,2.220446049250313e-16,0.49662824524202004,0.429557952706119,0.4098979352178221,2.220446049250313e-16,0.005452414605994826,2.220446049250313e-16,2.220446049250313e-16,0.184447331763211,0.0691497463438068,2.220446049250313e-16,0.48554516677994114,2.220446049250313e-16
49.0,2.220446049250313e-16,2.220446049250313e-16,0.3857996537286911,0.4260031066175195,0.4111946247406673,2.220446049250313e-16,0.10713202094726264,2.220446049250313e-16,2.220446049250313e-16,0.4500336990856647,2.220446049250313e-16,0.4552023118596669,2.220446049250313e-16,2.220446049250313e-16
50.0,2.220446049250313e-16,0.0028299682825718175,0.0654815235469629,0.5221020947776421,0.0612781075039465,2.220446049250313e-16,0.34822685410429083,0.10875623278099589,2.220446049250313e-16,2.220446049250313e-16,0.4268949466545262,2.220446049250313e-16,0.25463747151940863,0.019932171679117636
51.0,2.220446049250313e-16,2.220446049250313e-16,0.3857996537286911,0.4260031066175195,0.4111946247406673,2.220446049250313e-16,0.10713202094726264,2.220446049250313e-16,2.220446049250313e-16,0.4500336990856647,2.220446049250313e-16,0.4552023118596669,2.220446049250313e-16,2.220446049250313e-16
52.0,0.40173514440252317,2.220446049250313e-16,0.47889936070975603,0.42837837411168167,0.41037728619250086,2.220446049250313e-16,0.0036324627527727247,2.220446049250313e-16,2.220446049250313e-16,0.2685073382987519,0.23501464596643024,2.220446049250313e-16,0.2544803182013741,2.220446049250313e-16
53.0,2.220446049250313e-16,2.220446049250313e-16,0.3857996537286911,0.4260031066175195,0.4111946247406673,2.220446049250313e-16,0.10713202094726264,2.220446049250313e-16,2.220446049250313e-16,0.4500336990856647,2.220446049250313e-16,0.4552023118596669,2.220446049250313e-16,2.220446049250313e-16
54.0,0.4014835890866674,2.220446049250313e-16,0.49662824524202004,0.429557952706119,0.4098979352178221,2.220446049250313e-16,0.005452414605994771,2.220446049250313e-16,2.220446049250313e-16,0.184447331763211,0.0691497463438068,2.220446049250313e-16,0.48554516677994114,2.220446049250313e-16
55.0,2.220446049250313e-16,2.220446049250313e-16,2.220446049250313e-16,0.5173052084188793,0.06352793840470904,2.220446049250313e-16,2.220446049250313e-16,0.2882812215160087,2.220446049250313e-16,0.5299017548181927,0.41216218738111554,0.4392920161177862,2.220446049250313e-16,2.220446049250313e-16
56.0,2.220446049250313e-16,0.4797968420187888,2.220446049250313e-16,0.0018859312257376581,2.220446049250313e-16,0.11442333317655452,2.220446049250313e-16,0.6656320674907936,0.1210131696218363,2.220446049250313e-16,0.02696888518809116,2.220446049250313e-16,2.220446049250313e-16,0.5448094575842615
57.0,0.36937432900309175,2.220446049250313e-16,2.220446049250313e-16,2.220446049250313e-16,2.220446049250313e-16,2.220446049250313e-16,0.2377564197742269,0.28924199092237024,2.220446049250313e-16,0.046695952658994656,0.5341560826687891,0.42230289155788364,2.220446049250313e-16,0.13846639162930444
58.0,2.220446049250313e-16,0.4797968420187888,2.220446049250313e-16,0.0018859312257376581,2.220446049250313e-16,0.11442333317655452,2.220446049250313e-16,0.6656320674907936,0.1210131696218363,2.220446049250313e-16,0.02696888518809116,2.220446049250313e-16,2.220446049250313e-16,0.5448094575842615
59.0,2.220446049250313e-16,2.220446049250313e-16,2.220446049250313e-16,0.5173052084188793,0.06352793840470904,2.220446049250313e-16,2.220446049250313e-16,0.2882812215160087,2.220446049250313e-16,0.5299017548181927,0.41216218738111554,0.4392920161177862,2.220446049250313e-16,2.220446049250313e-16
60.0,2.220446049250313e-16,0.2529848614727627,2.220446049250313e-16,0.10031579249383515,0.5086383081347225,2.220446049250313e-16,2.220446049250313e-16,0.5718274695440648,0.3390125255499515,2.220446049250313e-16,2.220446049250313e-16,2.220446049250313e-16,2.220446049250313e-16,0.34496484871938193
61.0,2.220446049250313e-16,2.220446049250313e-16,0.44150151317294417,2.220446049250313e-16,0.002447847306034867,2.220446049250313e-16,2.220446049250313e-16,2.220446049250313e-16,2.220446049250313e-16,0.49487982324371765,0.5490678864744513,0.23197482575765552,2.220446049250313e-16,0.4796631885730006
62.0,2.220446049250313e-16,2.220446049250313e-16,0.44150151317294417,2.220446049250313e-16,0.002447847306034867,2.220446049250313e-16,2.220446049250313e-16,2.220446049250313e-16,2.220446049250313e-16,0.49487982324371765,0.5490678864744513,0.23197482575765552,2.220446049250313e-16,0.4796631885730006
63.0,0.4013787146598146,0.47443655000050905,0.37258193504839615,0.09631217199526676,0.5086263041395698,2.220446049250313e-16,0.006211159881785885,2.220446049250313e-16,2.220446049250313e-16,2.220446049250313e-16,2.220446049250313e-16,2.220446049250313e-16,0.4833659943632399,0.3097518116994208
64.0,0.4013787146598146,0.47443655000050905,0.37258193504839615,0.09631217199526676,0.5086263041395698,2.220446049250313e-16,0.006211159881785885,2.220446049250313e-16,2.220446049250313e-16,2.220446049250313e-16,2.220446049250313e-16,2.220446049250313e-16,0.4833659943632399,0.3097518116994208
65.0,2.220446049250313e-16,2.220446049250313e-16,0.3535122055733578,0.5178779814611482,0.06337390176919783,2.220446049250313e-16,2.220446049250313e-16,2.220446049250313e-16,2.220446049250313e-16,0.5105316476136247,0.39154044086873735,0.43769675516286743,2.220446049250313e-16,2.220446049250313e-16
66.0,2.220446049250313e-16,2.220446049250313e-16,2.220446049250313e-16,2.220446049250313e-16,2.220446049250313e-16,0.3641732237738026,0.04899149943672387,0.41003187844197486,0.731015802838535,0.0010044421365643522,2.220446049250313e-16,2.220446049250313e-16,2.220446049250313e-16,2.220446049250313e-16
67.0,2.220446049250313e-16,2.220446049250313e-16,2.220446049250313e-16,2.220446049250313e-16,2.220446049250313e-16,0.3641732237738026,0.04899149943672387,0.41003187844197486,0.731015802838535,0.0010044421365643522,2.220446049250313e-16,2.220446049250313e-16,2.220446049250313e-16,2.220446049250313e-16
68.0,2.220446049250313e-16,0.4752897662259653,2.220446049250313e-16,2.220446049250313e-16,0.0013267532118957925,0.7210561203961859,2.220446049250313e-16,2.220446049250313e-16,0.013377968997050016,2.220446049250313e-16,2.220446049250313e-16,2.220446049250313e-16,0.501322993535314,2.220446049250313e-16
69.0,2.220446049250313e-16,0.4752897662259653,2.220446049250313e-16,2.220446049250313e-16,0.0013267532118957925,0.7210561203961859,2.220446049250313e-16,2.220446049250313e-16,0.013377968997050016,2.220446049250313e-16,2.220446049250313e-16,2.220446049250313e-16,0.501322993535314,2.220446049250313e-16
70.0,2.220446049250313e-16,2.220446049250313e-16,2.220446049250313e-16,0.0950414199463741,0.5054275214873747,0.17056383320560997,2.220446049250313e-16,0.07912721406903446,0.6740643407312318,0.2507231420019379,2.220446049250313e-16,2.220446049250313e-16,0.009442410934474718,2.220446049250313e-16
71.0,0.3058240812039255,2.220446049250313e-16,2.220446049250313e-16,5.551115123125783e-17,2.220446049250313e-16,2.220446049250313e-16,0.6975296146331015,2.220446049250313e-16,0.016193844464219065,2.220446049250313e-16,0.0019750333184474955,0.41913456911268004,1.3840049639615663e-18,2.220446049250313e-16
72.0,0.3058240812039255,2.220446049250313e-16,2.220446049250313e-16,5.551115123125783e-17,2.220446049250313e-16,2.220446049250313e-16,0.6975296146331015,2.220446049250313e-16,0.016193844464219065,2.220446049250313e-16,0.0019750333184474955,0.41913456911268004,1.3840049639615663e-18,2.220446049250313e-16
73.0,0.3058240812039255,2.220446049250313e-16,2.220446049250313e-16,5.551115123125783e-17,2.220446049250313e-16,2.220446049250313e-16,0.6975296146331015,2.220446049250313e-16,0.016193844464219065,2.220446049250313e-16,0.0019750333184474955,0.41913456911268004,1.3840049639615663e-18,2.220446049250313e-16
74.0,0.3058240812039255,2.220446049250313e-16,2.220446049250313e-16,5.551115123125783e-17,2.220446049250313e-16,2.220446049250313e-16,0.6975296146331015,2.220446049250313e-16,0.016193844464219065,2.220446049250313e-16,0.0019750333184474955,0.41913456911268004,1.3840049639615663e-18,2.220446049250313e-16
75.0,0.3058240812039255,2.220446049250313e-16,2.220446049250313e-16,5.551115123125783e-17,2.220446049250313e-16,2.220446049250313e-16,0.6975296146331015,2.220446049250313e-16,0.016193844464219065,2.220446049250313e-16,0.0019750333184474955,0.41913456911268004,1.3840049639615663e-18,2.220446049250313e-16
76.0,0.3058240812039255,2.220446049250313e-16,2.220446049250313e-16,5.551115123125783e-17,2.220446049250313e-16,2.220446049250313e-16,0.6975296146331015,2.220446049250313e-16,0.016193844464219065,2.220446049250313e-16,0.0019750333184474955,0.41913456911268004,1.3840049639615663e-18,2.220446049250313e-16
77.0,2.220446049250313e-16,2.220446049250313e-16,2.220446049250313e-16,2.220446049250313e-16,2.220446049250313e-16,0.3641732237738026,0.04899149943672387,0.41003187844197486,0.731015802838535,0.0010044421365643522,2.220446049250313e-16,2.220446049250313e-16,2.220446049250313e-16,2.220446049250313e-16
78.0,2.220446049250313e-16,2.220446049250313e-16,2.220446049250313e-16,2.220446049250313e-16,2.220446049250313e-16,0.3641732237738026,0.04899149943672387,0.41003187844197486,0.731015802838535,0.0010044421365643522,2.220446049250313e-16,2.220446049250313e-16,2.220446049250313e-16,2.220446049250313e-16
79.0,2.220446049250313e-16,0.4752897662259653,2.220446049250313e-16,2.220446049250313e-16,0.0013267532118957925,0.7210561203961859,2.220446049250313e-16,2.220446049250313e-16,0.013377968997050016,2.220446049250313e-16,2.220446049250313e-16,2.220446049250313e-16,0.501322993535314,2.220446049250313e-16
80.0,2.220446049250313e-16,0.4752897662259653,2.220446049250313e-16,2.220446049250313e-16,0.0013267532118957925,0.7210561203961859,2.220446049250313e-16,2.220446049250313e-16,0.013377968997050016,2.220446049250313e-16,2.220446049250313e-16,2.220446049250313e-16,0.501322993535314,2.220446049250313e-16
81.0,2.220446049250313e-16,0.2529848614727627,2.220446049250313e-16,0.10031579249383515,0.5086383081347225,2.220446049250313e-16,2.220446049250313e-16,0.5718274695440648,0.3390125255499515,2.220446049250313e-16,2.220446049250313e-16,2.220446049250313e-16,2.220446049250313e-16,0.34496484871938193
82.0,2.220446049250313e-16,2.220446049250313e-16,0.44150151317294417,2.220446049250313e-16,0.002447847306034867,2.220446049250313e-16,2.220446049250313e-16,2.220446049250313e-16,2.220446049250313e-16,0.49487982324371765,0.5490678864744513,0.23197482575765552,2.220446049250313e-16,0.4796631885730006
83.0,2.220446049250313e-16,2.220446049250313e-16,0.44150151317294417,2.220446049250313e-16,0.002447847306034867,2.220446049250313e-16,2.220446049250313e-16,2.220446049250313e-16,2.220446049250313e-16,0.49487982324371765,0.5490678864744513,0.23197482575765552,2.220446049250313e-16,0.4796631885730006
84.0,0.4013787146598146,0.47443655000050905,0.37258193504839615,0.09631217199526676,0.5086263041395698,2.220446049250313e-16,0.006211159881785885,2.220446049250313e-16,2.220446049250313e-16,2.220446049250313e-16,2.220446049250313e-16,2.220446049250313e-16,0.4833659943632399,0.3097518116994208
85.0,0.4013787146598146,0.47443655000050905,0.37258193504839615,0.09631217199526676,0.5086263041395698,2.220446049250313e-16,0.006211159881785885,2.220446049250313e-16,2.220446049250313e-16,2.220446049250313e-16,2.220446049250313e-16,2.220446049250313e-16,0.4833659943632399,0.3097518116994208
86.0,2.220446049250313e-16,2.220446049250313e-16,0.3535122055733578,0.5178779814611482,0.06337390176919783,2.220446049250313e-16,2.220446049250313e-16,2.220446049250313e-16,2.220446049250313e-16,0.5105316476136247,0.39154044086873735,0.43769675516286743,2.220446049250313e-16,2.220446049250313e-16
87.0,2.220446049250313e-16,2.220446049250313e-16,2.220446049250313e-16,0.0950414199463741,0.5054275214873747,0.17056383320560997,2.220446049250313e-16,0.07912721406903446,0.6740643407312318,0.2507231420019379,2.220446049250313e-16,2.220446049250313e-16,0.009442410934474718,2.220446049250313e-16
88.0,0.3058240812039255,2.220446049250313e-16,2.220446049250313e-16,5.551115123125783e-17,2.220446049250313e-16,2.220446049250313e-16,0.6975296146331015,2.220446049250313e-16,0.016193844464219065,2.220446049250313e-16,0.0019750333184474955,0.41913456911268004,1.3840049639615663e-18,2.220446049250313e-16
89.0,0.3058240812039255,2.220446049250313e-16,2.220446049250313e-16,5.551115123125783e-17,2.220446049250313e-16,2.220446049250313e-16,0.6975296146331015,2.220446049250313e-16,0.016193844464219065,2.220446049250313e-16,0.0019750333184474955,0.41913456911268004,1.3840049639615663e-18,2.220446049250313e-16
90.0,0.3058240812039255,2.220446049250313e-16,2.220446049250313e-16,5.551115123125783e-17,2.220446049250313e-16,2.220446049250313e-16,0.6975296146331015,2.220446049250313e-16,0.016193844464219065,2.220446049250313e-16,0.0019750333184474955,0.41913456911268004,1.3840049639615663e-18,2.220446049250313e-16
91.0,0.3058240812039255,2.220446049250313e-16,2.220446049250313e-16,5.551115123125783e-17,2.220446049250313e-16,2.220446049250313e-16,0.6975296146331015,2.220446049250313e-16,0.016193844464219065,2.220446049250313e-16,0.0019750333184474955,0.41913456911268004,1.3840049639615663e-18,2.220446049250313e-16
92.0,0.3058240812039255,2.220446049250313e-16,2.220446049250313e-16,5.551115123125783e-17,2.220446049250313e-16,2.220446049250313e-16,0.6975296146331015,2.220446049250313e-16,0.016193844464219065,2.220446049250313e-16,0.0019750333184474955,0.41913456911268004,1.3840049639615663e-18,2.220446049250313e-16
93.0,0.3058240812039255,2.220446049250313e-16,2.220446049250313e-16,5.551115123125783e-17,2.220446049250313e-16,2.220446049250313e-16,0.6975296146331015,2.220446049250313e-16,0.016193844464219065,2.220446049250313e-16,0.0019750333184474955,0.41913456911268004,1.3840049639615663e-18,2.220446049250313e-16
94.0,2.220446049250313e-16,2.220446049250313e-16,2.220446049250313e-16,0.0950414199463741,0.5054275214873747,0.17056383320560997,2.220446049250313e-16,0.07912721406903446,0.6740643407312318,0.2507231420019379,2.220446049250313e-16,2.220446049250313e-16,0.009442410934474718,2.220446049250313e-16
95.0,0.3058240812039255,2.220446049250313e-16,2.220446049250313e-16,5.551115123125783e-17,2.220446049250313e-16,2.220446049250313e-16,0.6975296146331015,2.220446049250313e-16,0.016193844464219065,2.220446049250313e-16,0.0019750333184474955,0.41913456911268004,1.3840049639615663e-18,2.220446049250313e-16
96.0,0.3058240812039255,2.220446049250313e-16,2.220446049250313e-16,5.551115123125783e-17,2.220446049250313e-16,2.220446049250313e-16,0.6975296146331015,2.220446049250313e-16,0.016193844464219065,2.220446049250313e-16,0.0019750333184474955,0.41913456911268004,1.3840049639615663e-18,2.220446049250313e-16
97.0,0.3058240812039255,2.220446049250313e-16,2.220446049250313e-16,5.551115123125783e-17,2.220446049250313e-16,2.220446049250313e-16,0.6975296146331015,2.220446049250313e-16,0.016193844464219065,2.220446049250313e-16,0.0019750333184474955,0.41913456911268004,1.3840049639615663e-18,2.220446049250313e-16
98.0,0.3058240812039255,2.220446049250313e-16,2.220446049250313e-16,5.551115123125783e-17,2.220446049250313e-16,2.220446049250313e-16,0.6975296146331015,2.220446049250313e-16,0.016193844464219065,2.220446049250313e-16,0.0019750333184474955,0.41913456911268004,1.3840049639615663e-18,2.220446049250313e-16
99.0,0.3058240812039255,2.220446049250313e-16,2.220446049250313e-16,5.551115123125783e-17,2.220446049250313e-16,2.220446049250313e-16,0.6975296146331015,2.220446049250313e-16,0.016193844464219065,2.220446049250313e-16,0.0019750333184474955,0.41913456911268004,1.3840049639615663e-18,2.220446049250313e-16
100.0,0.3058240812039255,2.220446049250313e-16,2.220446049250313e-16,5.551115123125783e-17,2.220446049250313e-16,2.220446049250313e-16,0.6975296146331015,2.220446049250313e-16,0.016193844464219065,2.220446049250313e-16,0.0019750333184474955,0.41913456911268004,1.3840049639615663e-18,2.220446049250313e-16
101.0,2.220446049250313e-16,2.220446049250313e-16,2.220446049250313e-16,2.220446049250313e-16,2.220446049250313e-16,0.3641732237738026,0.04899149943672387,0.41003187844197486,0.731015802838535,0.0010044421365643522,2.220446049250313e-16,2.220446049250313e-16,2.220446049250313e-16,2.220446049250313e-16
102.0,2.220446049250313e-16,2.220446049250313e-16,2.220446049250313e-16,2.220446049250313e-16,2.220446049250313e-16,0.3641732237738026,0.04899149943672387,0.41003187844197486,0.731015802838535,0.0010044421365643522,2.220446049250313e-16,2.220446049250313e-16,2.220446049250313e-16,2.220446049250313e-16
103.0,2.220446049250313e-16,0.4752897662259653,2.220446049250313e-16,2.220446049250313e-16,0.0013267532118957925,0.7210561203961859,2.220446049250313e-16,2.220446049250313e-16,0.013377968997050016,2.220446049250313e-16,2.220446049250313e-16,2.220446049250313e-16,0.501322993535314,2.220446049250313e-16
104.0,2.220446049250313e-16,0.4752897662259653,2.220446049250313e-16,2.220446049250313e-16,0.0013267532118957925,0.7210561203961859,2.220446049250313e-16,2.220446049250313e-16,0.013377968997050016,2.220446049250313e-16,2.220446049250313e-16,2.220446049250313e-16,0.501322993535314,2.220446049250313e-16
105.0,2.220446049250313e-16,2.220446049250313e-16,2.220446049250313e-16,2.220446049250313e-16,2.220446049250313e-16,0.3641732237738026,0.04899149943672387,0.41003187844197486,0.731015802838535,0.0010044421365643522,2.220446049250313e-16,2.220446049250313e-16,2.220446049250313e-16,2.220446049250313e-16
106.0,2.220446049250313e-16,2.220446049250313e-16,2.220446049250313e-16,2.220446049250313e-16,2.220446049250313e-16,0.3641732237738026,0.04899149943672387,0.41003187844197486,0.731015802838535,0.0010044421365643522,2.220446049250313e-16,2.220446049250313e-16,2.220446049250313e-16,2.220446049250313e-16
107.0,2.220446049250313e-16,0.4752897662259653,2.220446049250313e-16,2.220446049250313e-16,0.0013267532118957925,0.7210561203961859,2.220446049250313e-16,2.220446049250313e-16,0.013377968997050016,2.220446049250313e-16,2.220446049250313e-16,2.220446049250313e-16,0.501322993535314,2.220446049250313e-16
108.0,2.220446049250313e-16,0.4752897662259653,2.220446049250313e-16,2.220446049250313e-16,0.0013267532118957925,0.7210561203961859,2.220446049250313e-16,2.220446049250313e-16,0.013377968997050016,2.220446049250313e-16,2.220446049250313e-16,2.220446049250313e-16,0.501322993535314,2.220446049250313e-16
109.0,2.220446049250313e-16,0.2529848614727627,2.220446049250313e-16,0.10031579249383515,0.5086383081347225,2.220446049250313e-16,2.220446049250313e-16,0.5718274695440648,0.3390125255499515,2.220446049250313e-16,2.220446049250313e-16,2.220446049250313e-16,2.220446049250313e-16,0.34496484871938193
110.0,2.220446049250313e-16,2.220446049250313e-16,0.44150151317294417,2.220446049250313e-16,0.002447847306034867,2.220446049250313e-16,2.220446049250313e-16,2.220446049250313e-16,2.220446049250313e-16,0.49487982324371765,0.5490678864744513,0.23197482575765552,2.220446049250313e-16,0.4796631885730006
111.0,2.220446049250313e-16,2.220446049250313e-16,0.44150151317294417,2.220446049250313e-16,0.002447847306034867,2.220446049250313e-16,2.220446049250313e-16,2.220446049250313e-16,2.220446049250313e-16,0.49487982324371765,0.5490678864744513,0.23197482575765552,2.220446049250313e-16,0.4796631885730006
112.0,0.4013787146598146,0.47443655000050905,0.37258193504839615,0.09631217199526676,0.5086263041395698,2.220446049250313e-16,0.006211159881785885,2.220446049250313e-16,2.220446049250313e-16,2.220446049250313e-16,2.220446049250313e-16,2.220446049250313e-16,0.4833659943632399,0.3097518116994208
113.0,0.4013787146598146,0.47443655000050905,0.37258193504839615,0.09631217199526676,0.5086263041395698,2.220446049250313e-16,0.006211159881785885,2.220446049250313e-16,2.220446049250313e-16,2.220446049250313e-16,2.220446049250313e-16,2.220446049250313e-16,0.4833659943632399,0.3097518116994208
114.0,2.220446049250313e-16,2.220446049250313e-16,0.3535122055733578,0.5178779814611482,0.06337390176919783,2.220446049250313e-16,2.220446049250313e-16,2.220446049250313e-16,2.220446049250313e-16,0.5105316476136247,0.39154044086873735,0.43769675516286743,2.220446049250313e-16,2.220446049250313e-16
115.0,2.220446049250313e-16,2.220446049250313e-16,2.220446049250313e-16,0.0950414199463741,0.5054275214873747,0.17056383320560997,2.220446049250313e-16,0.07912721406903446,0.6740643407312318,0.2507231420019379,2.220446049250313e-16,2.220446049250313e-16,0.009442410934474718,2.220446049250313e-16
116.0,0.3058240812039255,2.220446049250313e-16,2.220446049250313e-16,5.551115123125783e-17,2.220446049250313e-16,2.220446049250313e-16,0.6975296146331015,2.220446049250313e-16,0.016193844464219065,2.220446049250313e-16,0.0019750333184474955,0.41913456911268004,1.3840049639615663e-18,2.220446049250313e-16
117.0,0.3058240812039255,2.220446049250313e-16,2.220446049250313e-16,5.551115123125783e-17,2.220446049250313e-16,2.220446049250313e-16,0.6975296146331015,2.220446049250313e-16,0.016193844464219065,2.220446049250313e-16,0.0019750333184474955,0.41913456911268004,1.3840049639615663e-18,2.220446049250313e-16
118.0,0.3058240812039255,2.220446049250313e-16,2.220446049250313e-16,5.551115123125783e-17,2.220446049250313e-16,2.220446049250313e-16,0.6975296146331015,2.220446049250313e-16,0.016193844464219065,2.220446049250313e-16,0.0019750333184474955,0.41913456911268004,1.3840049639615663e-18,2.220446049250313e-16
119.0,0.3058240812039255,2.220446049250313e-16,2.220446049250313e-16,5.551115123125783e-17,2.220446049250313e-16,2.220446049250313e-16,0.6975296146331015,2.220446049250313e-16,0.016193844464219065,2.220446049250313e-16,0.0019750333184474955,0.41913456911268004,1.3840049639615663e-18,2.220446049250313e-16
120.0,0.3058240812039255,2.220446049250313e-16,2.220446049250313e-16,5.551115123125783e-17,2.220446049250313e-16,2.220446049250313e-16,0.6975296146331015,2.220446049250313e-16,0.016193844464219065,2.220446049250313e-16,0.0019750333184474955,0.41913456911268004,1.3840049639615663e-18,2.220446049250313e-16
121.0,0.3058240812039255,2.220446049250313e-16,2.220446049250313e-16,5.551115123125783e-17,2.220446049250313e-16,2.220446049250313e-16,0.6975296146331015,2.220446049250313e-16,0.016193844464219065,2.220446049250313e-16,0.0019750333184474955,0.41913456911268004,1.3840049639615663e-18,2.220446049250313e-16
122.0,2.220446049250313e-16,2.220446049250313e-16,2.220446049250313e-16,0.0950414199463741,0.5054275214873747,0.17056383320560997,2.220446049250313e-16,0.07912721406903446,0.6740643407312318,0.2507231420019379,2.220446049250313e-16,2.220446049250313e-16,0.009442410934474718,2.220446049250313e-16
123.0,0.3058240812039255,2.220446049250313e-16,2.220446049250313e-16,5.551115123125783e-17,2.220446049250313e-16,2.220446049250313e-16,0.6975296146331015,2.220446049250313e-16,0.016193844464219065,2.220446049250313e-16,0.0019750333184474955,0.41913456911268004,1.3840049639615663e-18,2.220446049250313e-16
124.0,0.3058240812039255,2.220446049250313e-16,2.220446049250313e-16,5.551115123125783e-17,2.220446049250313e-16,2.220446049250313e-16,0.6975296146331015,2.220446049250313e-16,0.016193844464219065,2.220446049250313e-16,0.0019750333184474955,0.41913456911268004,1.3840049639615663e-18,2.220446049250313e-16
125.0,0.3058240812039255,2.220446049250313e-16,2.220446049250313e-16,5.551115123125783e-17,2.220446049250313e-16,2.220446049250313e-16,0.6975296146331015,2.220446049250313e-16,0.016193844464219065,2.220446049250313e-16,0.0019750333184474955,0.41913456911268004,1.3840049639615663e-18,2.220446049250313e-16
126.0,0.3058240812039255,2.220446049250313e-16,2.220446049250313e-16,5.551115123125783e-17,2.220446049250313e-16,2.220446049250313e-16,0.6975296146331015,2.220446049250313e-16,0.016193844464219065,2.220446049250313e-16,0.0019750333184474955,0.41913456911268004,1.3840049639615663e-18,2.220446049250313e-16
127.0,0.3058240812039255,2.220446049250313e-16,2.220446049250313e-16,5.551115123125783e-17,2.220446049250313e-16,2.220446049250313e-16,0.6975296146331015,2.220446049250313e-16,0.016193844464219065,2.220446049250313e-16,0.0019750333184474955,0.41913456911268004,1.3840049639615663e-18,2.220446049250313e-16
128.0,0.3058240812039255,2.220446049250313e-16,2.220446049250313e-16,5.551115123125783e-17,2.220446049250313e-16,2.220446049250313e-16,0.6975296146331015,2.220446049250313e-16,0.016193844464219065,2.220446049250313e-16,0.0019750333184474955,0.41913456911268004,1.3840049639615663e-18,2.220446049250313e-16
129.0,2.220446049250313e-16,2.220446049250313e-16,2.220446049250313e-16,2.220446049250313e-16,2.220446049250313e-16,0.3641732237738026,0.04899149943672387,0.41003187844197486,0.731015802838535,0.0010044421365643522,2.220446049250313e-16,2.220446049250313e-16,2.220446049250313e-16,2.220446049250313e-16
130.0,2.220446049250313e-16,2.220446049250313e-16,2.220446049250313e-16,2.220446049250313e-16,2.220446049250313e-16,0.3641732237738026,0.04899149943672387,0.41003187844197486,0.731015802838535,0.0010044421365643522,2.220446049250313e-16,2.220446049250313e-16,2.220446049250313e-16,2.220446049250313e-16
131.0,2.220446049250313e-16,0.4752897662259653,2.220446049250313e-16,2.220446049250313e-16,0.0013267532118957925,0.7210561203961859,2.220446049250313e-16,2.220446049250313e-16,0.013377968997050016,2.220446049250313e-16,2.220446049250313e-16,2.220446049250313e-16,0.501322993535314,2.220446049250313e-16
132.0,2.220446049250313e-16,0.4752897662259653,2.220446049250313e-16,2.220446049250313e-16,0.0013267532118957925,0.7210561203961859,2.220446049250313e-16,2.220446049250313e-16,0.013377968997050016,2.220446049250313e-16,2.220446049250313e-16,2.220446049250313e-16,0.501322993535314,2.220446049250313e-16
133.0,2.220446049250313e-16,0.2529848614727627,2.220446049250313e-16,0.10031579249383515,0.5086383081347225,2.220446049250313e-16,2.220446049250313e-16,0.5718274695440648,0.3390125255499515,2.220446049250313e-16,2.220446049250313e-16,2.220446049250313e-16,2.220446049250313e-16,0.34496484871938193
134.0,2.220446049250313e-16,2.220446049250313e-16,0.44150151317294417,2.220446049250313e-16,0.002447847306034867,2.220446049250313e-16,2.220446049250313e-16,2.220446049250313e-16,2.220446049250313e-16,0.49487982324371765,0.5490678864744513,0.23197482575765552,2.220446049250313e-16,0.4796631885730006
135.0,2.220446049250313e-16,2.220446049250313e-16,0.44150151317294417,2.220446049250313e-16,0.002447847306034867,2.220446049250313e-16,2.220446049250313e-16,2.220446049250313e-16,2.220446049250313e-16,0.49487982324371765,0.5490678864744513,0.23197482575765552,2.220446049250313e-16,0.4796631885730006
136.0,0.4013787146598146,0.47443655000050905,0.37258193504839615,0.09631217199526676,0.5086263041395698,2.220446049250313e-16,0.006211159881785885,2.220446049250313e-16,2.220446049250313e-16,2.220446049250313e-16,2.220446049250313e-16,2.220446049250313e-16,0.4833659943632399,0.3097518116994208
137.0,0.4013787146598146,0.47443655000050905,0.37258193504839615,0.09631217199526676,0.5086263041395698,2.220446049250313e-16,0.006211159881785885,2.220446049250313e-16,2.220446049250313e-16,2.220446049250313e-16,2.220446049250313e-16,2.220446049250313e-16,0.4833659943632399,0.3097518116994208
138.0,2.220446049250313e-16,2.220446049250313e-16,0.3535122055733578,0.5178779814611482,0.06337390176919783,2.220446049250313e-16,2.220446049250313e-16,2.220446049250313e-16,2.220446049250313e-16,0.5105316476136247,0.39154044086873735,0.43769675516286743,2.220446049250313e-16,2.220446049250313e-16
139.0,2.220446049250313e-16,2.220446049250313e-16,2.220446049250313e-16,2.220446049250313e-16,2.220446049250313e-16,0.3641732237738026,0.04899149943672387,0.41003187844197486,0.731015802838535,0.0010044421365643522,2.220446049250313e-16,2.220446049250313e-16,2.220446049250313e-16,2.220446049250313e-16
140.0,2.220446049250313e-16,2.220446049250313e-16,2.220446049250313e-16,2.220446049250313e-16,2.220446049250313e-16,0.3641732237738026,0.04899149943672387,0.41003187844197486,0.731015802838535,0.0010044421365643522,2.220446049250313e-16,2.220446049250313e-16,2.220446049250313e-16,2.220446049250313e-16
141.0,2.220446049250313e-16,0.4752897662259653,2.220446049250313e-16,2.220446049250313e-16,0.0013267532118957925,0.7210561203961859,2.220446049250313e-16,2.220446049250313e-16,0.013377968997050016,2.220446049250313e-16,2.220446049250313e-16,2.220446049250313e-16,0.501322993535314,2.220446049250313e-16
142.0,2.220446049250313e-16,0.4752897662259653,2.220446049250313e-16,2.220446049250313e-16,0.0013267532118957925,0.7210561203961859,2.220446049250313e-16,2.220446049250313e-16,0.013377968997050016,2.220446049250313e-16,2.220446049250313e-16,2.220446049250313e-16,0.501322993535314,2.220446049250313e-16
143.0,2.220446049250313e-16,0.2529848614727627,2.220446049250313e-16,0.10031579249383515,0.5086383081347225,2.220446049250313e-16,2.220446049250313e-16,0.5718274695440648,0.3390125255499515,2.220446049250313e-16,2.220446049250313e-16,2.220446049250313e-16,2.220446049250313e-16,0.34496484871938193
144.0,2.220446049250313e-16,2.220446049250313e-16,0.44150151317294417,2.220446049250313e-16,0.002447847306034867,2.220446049250313e-16,2.220446049250313e-16,2.220446049250313e-16,2.220446049250313e-16,0.49487982324371765,0.5490678864744513,0.23197482575765552,2.220446049250313e-16,0.4796631885730006
145.0,2.220446049250313e-16,2.220446049250313e-16,0.44150151317294417,2.220446049250313e-16,0.002447847306034867,2.220446049250313e-16,2.220446049250313e-16,2.220446049250313e-16,2.220446049250313e-16,0.49487982324371765,0.5490678864744513,0.23197482575765552,2.220446049250313e-16,0.4796631885730006
146.0,0.4013787146598146,0.47443655000050905,0.37258193504839615,0.09631217199526676,0.5086263041395698,2.220446049250313e-16,0.006211159881785885,2.220446049250313e-16,2.220446049250313e-16,2.220446049250313e-16,2.220446049250313e-16,2.220446049250313e-16,0.4833659943632399,0.3097518116994208
147.0,0.4013787146598146,0.47443655000050905,0.37258193504839615,0.09631217199526676,0.5086263041395698,2.220446049250313e-16,0.006211159881785885,2.220446049250313e-16,2.220446049250313e-16,2.220446049250313e-16,2.220446049250313e-16,2.220446049250313e-16,0.4833659943632399,0.3097518116994208
148.0,2.220446049250313e-16,2.220446049250313e-16,0.3535122055733578,0.5178779814611482,0.06337390176919783,2.220446049250313e-16,2.220446049250313e-16,2.220446049250313e-16,2.220446049250313e-16,0.5105316476136247,0.39154044086873735,0.43769675516286743,2.220446049250313e-16,2.220446049250313e-16
149.0,2.220446049250313e-16,2.220446049250313e-16,2.220446049250313e-16,2.220446049250313e-16,2.220446049250313e-16,0.3641732237738026,0.04899149943672387,0.41003187844197486,0.731015802838535,0.0010044421365643522,2.220446049250313e-16,2.220446049250313e-16,2.220446049250313e-16,2.220446049250313e-16
150.0,2.220446049250313e-16,2.220446049250313e-16,2.220446049250313e-16,2.220446049250313e-16,2.220446049250313e-16,0.3641732237738026,0.04899149943672387,0.41003187844197486,0.731015802838535,0.0010044421365643522,2.220446049250313e-16,2.220446049250313e-16,2.220446049250313e-16,2.220446049250313e-16
151.0,2.220446049250313e-16,0.4752897662259653,2.220446049250313e-16,2.220446049250313e-16,0.0013267532118957925,0.7210561203961859,2.220446049250313e-16,2.220446049250313e-16,0.013377968997050016,2.220446049250313e-16,2.220446049250313e-16,2.220446049250313e-16,0.501322993535314,2.220446049250313e-16
152.0,2.220446049250313e-16,0.4752897662259653,2.220446049250313e-16,2.220446049250313e-16,0.0013267532118957925,0.7210561203961859,2.220446049250313e-16,2.220446049250313e-16,0.013377968997050016,2.220446049250313e-16,2.220446049250313e-16,2.220446049250313e-16,0.501322993535314,2.220446049250313e-16
153.0,2.220446049250313e-16,2.220446049250313e-16,2.220446049250313e-16,2.220446049250313e-16,2.220446049250313e-16,0.3641732237738026,0.04899149943672387,0.41003187844197486,0.731015802838535,0.0010044421365643522,2.220446049250313e-16,2.220446049250313e-16,2.220446049250313e-16,2.220446049250313e-16
154.0,2.220446049250313e-16,2.220446049250313e-16,2.220446049250313e-16,2.220446049250313e-16,2.220446049250313e-16,0.3641732237738026,0.04899149943672387,0.41003187844197486,0.731015802838535,0.0010044421365643522,2.220446049250313e-16,2.220446049250313e-16,2.220446049250313e-16,2.220446049250313e-16
155.0,2.220446049250313e-16,0.4752897662259653,2.220446049250313e-16,2.220446049250313e-16,0.0013267532118957925,0.7210561203961859,2.220446049250313e-16,2.220446049250313e-16,0.013377968997050016,2.220446049250313e-16,2.220446049250313e-16,2.220446049250313e-16,0.501322993535314,2.220446049250313e-16
156.0,2.220446049250313e-16,0.4752897662259653,2.220446049250313e-16,2.220446049250313e-16,0.0013267532118957925,0.7210561203961859,2.220446049250313e-16,2.220446049250313e-16,0.013377968997050016,2.220446049250313e-16,2.220446049250313e-16,2.220446049250313e-16,0.501322993535314,2.220446049250313e-16
157.0,2.220446049250313e-16,0.2529848614727627,2.220446049250313e-16,0.10031579249383515,0.5086383081347225,2.220446049250313e-16,2.220446049250313e-16,0.5718274695440648,0.3390125255499515,2.220446049250313e-16,2.220446049250313e-16,2.220446049250313e-16,2.220446049250313e-16,0.34496484871938193
158.0,2.220446049250313e-16,2.220446049250313e-16,0.44150151317294417,2.220446049250313e-16,0.002447847306034867,2.220446049250313e-16,2.220446049250313e-16,2.220446049250313e-16,2.220446049250313e-16,0.49487982324371765,0.5490678864744513,0.23197482575765552,2.220446049250313e-16,0.4796631885730006
159.0,2.220446049250313e-16,2.220446049250313e-16,0.44150151317294417,2.220446049250313e-16,0.002447847306034867,2.220446049250313e-16,2.220446049250313e-16,2.220446049250313e-16,2.220446049250313e-16,0.49487982324371765,0.5490678864744513,0.23197482575765552,2.220446049250313e-16,0.4796631885730006
160.0,0.4013787146598146,0.47443655000050905,0.37258193504839615,0.09631217199526676,0.5086263041395698,2.220446049250313e-16,0.006211159881785885,2.220446049250313e-16,2.220446049250313e-16,2.220446049250313e-16,2.220446049250313e-16,2.220446049250313e-16,0.4833659943632399,0.3097518116994208
161.0,0.4013787146598146,0.47443655000050905,0.37258193504839615,0.09631217199526676,0.5086263041395698,2.220446049250313e-16,0.006211159881785885,2.220446049250313e-16,2.220446049250313e-16,2.220446049250313e-16,2.220446049250313e-16,2.220446049250313e-16,0.4833659943632399,0.3097518116994208
162.0,2.220446049250313e-16,2.220446049250313e-16,0.3535122055733578,0.5178779814611482,0.06337390176919783,2.220446049250313e-16,2.220446049250313e-16,2.220446049250313e-16,2.220446049250313e-16,0.5105316476136247,0.39154044086873735,0.43769675516286743,2.220446049250313e-16,2.220446049250313e-16
163.0,2.220446049250313e-16,2.220446049250313e-16,2.220446049250313e-16,0.0950414199463741,0.5054275214873747,0.17056383320560997,2.220446049250313e-16,0.07912721406903446,0.6740643407312318,0.2507231420019379,2.220446049250313e-16,2.220446049250313e-16,0.009442410934474718,2.220446049250313e-16
164.0,0.3058240812039255,2.220446049250313e-16,2.220446049250313e-16,5.551115123125783e-17,2.220446049250313e-16,2.220446049250313e-16,0.6975296146331015,2.220446049250313e-16,0.016193844464219065,2.220446049250313e-16,0.0019750333184474955,0.41913456911268004,1.3840049639615663e-18,2.220446049250313e-16
165.0,0.3058240812039255,2.220446049250313e-16,2.220446049250313e-16,5.551115123125783e-17,2.220446049250313e-16,2.220446049250313e-16,0.6975296146331015,2.220446049250313e-16,0.016193844464219065,2.220446049250313e-16,0.0019750333184474955,0.41913456911268004,1.3840049639615663e-18,2.220446049250313e-16
166.0,0.3058240812039255,2.220446049250313e-16,2.220446049250313e-16,5.551115123125783e-17,2.220446049250313e-16,2.220446049250313e-16,0.6975296146331015,2.220446049250313e-16,0.016193844464219065,2.220446049250313e-16,0.0019750333184474955,0.41913456911268004,1.3840049639615663e-18,2.220446049250313e-16
167.0,0.3058240812039255,2.220446049250313e-16,2.220446049250313e-16,5.551115123125783e-17,2.220446049250313e-16,2.220446049250313e-16,0.6975296146331015,2.220446049250313e-16,0.016193844464219065,2.220446049250313e-16,0.0019750333184474955,0.41913456911268004,1.3840049639615663e-18,2.220446049250313e-16
168.0,0.3058240812039255,2.220446049250313e-16,2.220446049250313e-16,5.551115123125783e-17,2.220446049250313e-16,2.220446049250313e-16,0.6975296146331015,2.220446049250313e-16,0.016193844464219065,2.220446049250313e-16,0.0019750333184474955,0.41913456911268004,1.3840049639615663e-18,2.220446049250313e-16
169.0,0.3058240812039255,2.220446049250313e-16,2.220446049250313e-16,5.551115123125783e-17,2.220446049250313e-16,2.220446049250313e-16,0.6975296146331015,2.220446049250313e-16,0.016193844464219065,2.220446049250313e-16,0.0019750333184474955,0.41913456911268004,1.3840049639615663e-18,2.220446049250313e-16
170.0,2.220446049250313e-16,2.220446049250313e-16,2.220446049250313e-16,2.220446049250313e-16,2.220446049250313e-16,0.3641732237738026,0.04899149943672387,0.41003187844197486,0.731015802838535,0.0010044421365643522,2.220446049250313e-16,2.220446049250313e-16,2.220446049250313e-16,2.220446049250313e-16
171.0,2.220446049250313e-16,2.220446049250313e-16,2.220446049250313e-16,2.220446049250313e-16,2.220446049250313e-16,0.3641732237738026,0.04899149943672387,0.41003187844197486,0.731015802838535,0.0010044421365643522,2.220446049250313e-16,2.220446049250313e-16,2.220446049250313e-16,2.220446049250313e-16
172.0,2.220446049250313e-16,0.4752897662259653,2.220446049250313e-16,2.220446049250313e-16,0.0013267532118957925,0.7210561203961859,2.220446049250313e-16,2.220446049250313e-16,0.013377968997050016,2.220446049250313e-16,2.220446049250313e-16,2.220446049250313e-16,0.501322993535314,2.220446049250313e-16
173.0,2.220446049250313e-16,0.4752897662259653,2.220446049250313e-16,2.220446049250313e-16,0.0013267532118957925,0.7210561203961859,2.220446049250313e-16,2.220446049250313e-16,0.013377968997050016,2.220446049250313e-16,2.220446049250313e-16,2.220446049250313e-16,0.501322993535314,2.220446049250313e-16
174.0,2.220446049250313e-16,2.220446049250313e-16,2.220446049250313e-16,0.0950414199463741,0.5054275214873747,0.17056383320560997,2.220446049250313e-16,0.07912721406903446,0.6740643407312318,0.2507231420019379,2.220446049250313e-16,2.220446049250313e-16,0.009442410934474718,2.220446049250313e-16
175.0,0.3058240812039255,2.220446049250313e-16,2.220446049250313e-16,5.551115123125783e-17,2.220446049250313e-16,2.220446049250313e-16,0.6975296146331015,2.220446049250313e-16,0.016193844464219065,2.220446049250313e-16,0.0019750333184474955,0.41913456911268004,1.3840049639615663e-18,2.220446049250313e-16
176.0,0.3058240812039255,2.220446049250313e-16,2.220446049250313e-16,5.551115123125783e-17,2.220446049250313e-16,2.220446049250313e-16,0.6975296146331015,2.220446049250313e-16,0.016193844464219065,2.220446049250313e-16,0.0019750333184474955,0.41913456911268004,1.3840049639615663e-18,2.220446049250313e-16
177.0,0.3058240812039255,2.220446049250313e-16,2.220446049250313e-16,5.551115123125783e-17,2.220446049250313e-16,2.220446049250313e-16,0.6975296146331015,2.220446049250313e-16,0.016193844464219065,2.220446049250313e-16,0.0019750333184474955,0.41913456911268004,1.3840049639615663e-18,2.220446049250313e-16
178.0,0.3058240812039255,2.220446049250313e-16,2.220446049250313e-16,5.551115123125783e-17,2.220446049250313e-16,2.220446049250313e-16,0.6975296146331015,2.220446049250313e-16,0.016193844464219065,2.220446049250313e-16,0.0019750333184474955,0.41913456911268004,1.3840049639615663e-18,2.220446049250313e-16
179.0,0.3058240812039255,2.220446049250313e-16,2.220446049250313e-16,5.551115123125783e-17,2.220446049250313e-16,2.220446049250313e-16,0.6975296146331015,2.220446049250313e-16,0.016193844464219065,2.220446049250313e-16,0.0019750333184474955,0.41913456911268004,1.3840049639615663e-18,2.220446049250313e-16
180.0,0.3058240812039255,2.220446049250313e-16,2.220446049250313e-16,5.551115123125783e-17,2.220446049250313e-16,2.220446049250313e-16,0.6975296146331015,2.220446049250313e-16,0.016193844464219065,2.220446049250313e-16,0.0019750333184474955,0.41913456911268004,1.3840049639615663e-18,2.220446049250313e-16
181.0,2.220446049250313e-16,2.220446049250313e-16,2.220446049250313e-16,2.220446049250313e-16,2.220446049250313e-16,0.3641732237738026,0.04899149943672387,0.41003187844197486,0.731015802838535,0.0010044421365643522,2.220446049250313e-16,2.220446049250313e-16,2.220446049250313e-16,2.220446049250313e-16
182.0,2.220446049250313e-16,2.220446049250313e-16,2.220446049250313e-16,2.220446049250313e-16,2.220446049250313e-16,0.3641732237738026,0.04899149943672387,0.41003187844197486,0.731015802838535,0.0010044421365643522,2.220446049250313e-16,2.220446049250313e-16,2.220446049250313e-16,2.220446049250313e-16
183.0,2.220446049250313e-16,0.4752897662259653,2.220446049250313e-16,2.220446049250313e-16,0.0013267532118957925,0.7210561203961859,2.220446049250313e-16,2.220446049250313e-16,0.013377968997050016,2.220446049250313e-16,2.220446049250313e-16,2.220446049250313e-16,0.501322993535314,2.220446049250313e-16
184.0,2.220446049250313e-16,0.4752897662259653,2.220446049250313e-16,2.220446049250313e-16,0.0013267532118957925,0.7210561203961859,2.220446049250313e-16,2.220446049250313e-16,0.013377968997050016,2.220446049250313e-16,2.220446049250313e-16,2.220446049250313e-16,0.501322993535314,2.220446049250313e-16
185.0,2.220446049250313e-16,2.220446049250313e-16,2.220446049250313e-16,2.220446049250313e-16,2.220446049250313e-16,0.3641732237738026,0.04899149943672387,0.41003187844197486,0.731015802838535,0.0010044421365643522,2.220446049250313e-16,2.220446049250313e-16,2.220446049250313e-16,2.220446049250313e-16
186.0,2.220446049250313e-16,2.220446049250313e-16,2.220446049250313e-16,2.220446049250313e-16,2.220446049250313e-16,0.3641732237738026,0.04899149943672387,0.41003187844197486,0.731015802838535,0.0010044421365643522,2.220446049250313e-16,2.220446049250313e-16,2.220446049250313e-16,2.220446049250313e-16
187.0,2.220446049250313e-16,0.4752897662259653,2.220446049250313e-16,2.220446049250313e-16,0.0013267532118957925,0.7210561203961859,2.220446049250313e-16,2.220446049250313e-16,0.013377968997050016,2.220446049250313e-16,2.220446049250313e-16,2.220446049250313e-16,0.501322993535314,2.220446049250313e-16
188.0,2.220446049250313e-16,0.4752897662259653,2.220446049250313e-16,2.220446049250313e-16,0.0013267532118957925,0.7210561203961859,2.220446049250313e-16,2.220446049250313e-16,0.013377968997050016,2.220446049250313e-16,2.220446049250313e-16,2.220446049250313e-16,0.501322993535314,2.220446049250313e-16
189.0,2.220446049250313e-16,0.2529848614727627,2.220446049250313e-16,0.10031579249383515,0.5086383081347225,2.220446049250313e-16,2.220446049250313e-16,0.5718274695440648,0.3390125255499515,2.220446049250313e-16,2.220446049250313e-16,2.220446049250313e-16,2.220446049250313e-16,0.34496484871938193
190.0,2.220446049250313e-16,2.220446049250313e-16,0.44150151317294417,2.220446049250313e-16,0.002447847306034867,2.220446049250313e-16,2.220446049250313e-16,2.220446049250313e-16,2.220446049250313e-16,0.49487982324371765,0.5490678864744513,0.23197482575765552,2.220446049250313e-16,0.4796631885730006
191.0,2.220446049250313e-16,2.220446049250313e-16,0.44150151317294417,2.220446049250313e-16,0.002447847306034867,2.220446049250313e-16,2.220446049250313e-16,2.220446049250313e-16,2.220446049250313e-16,0.49487982324371765,0.5490678864744513,0.23197482575765552,2.220446049250313e-16,0.4796631885730006
192.0,0.4013787146598146,0.47443655000050905,0.37258193504839615,0.09631217199526676,0.5086263041395698,2.220446049250313e-16,0.006211159881785885,2.220446049250313e-16,2.220446049250313e-16,2.220446049250313e-16,2.220446049250313e-16,2.220446049250313e-16,0.4833659943632399,0.3097518116994208
193.0,0.4013787146598146,0.47443655000050905,0.37258193504839615,0.09631217199526676,0.5086263041395698,2.220446049250313e-16,0.006211159881785885,2.220446049250313e-16,2.220446049250313e-16,2.220446049250313e-16,2.220446049250313e-16,2.220446049250313e-16,0.4833659943632399,0.3097518116994208
194.0,2.220446049250313e-16,2.220446049250313e-16,0.3535122055733578,0.5178779814611482,0.06337390176919783,2.220446049250313e-16,2.220446049250313e-16,2.220446049250313e-16,2.220446049250313e-16,0.5105316476136247,0.39154044086873735,0.43769675516286743,2.220446049250313e-16,2.220446049250313e-16
195.0,2.220446049250313e-16,2.220446049250313e-16,2.220446049250313e-16,0.0950414199463741,0.5054275214873747,0.17056383320560997,2.220446049250313e-16,0.07912721406903446,0.6740643407312318,0.2507231420019379,2.220446049250313e-16,2.220446049250313e-16,0.009442410934474718,2.220446049250313e-16
196.0,0.3058240812039255,2.220446049250313e-16,2.220446049250313e-16,5.551115123125783e-17,2.220446049250313e-16,2.220446049250313e-16,0.6975296146331015,2.220446049250313e-16,0.016193844464219065,2.220446049250313e-16,0.0019750333184474955,0.41913456911268004,1.3840049639615663e-18,2.220446049250313e-16
197.0,0.3058240812039255,2.220446049250313e-16,2.220446049250313e-16,5.551115123125783e-17,2.220446049250313e-16,2.220446049250313e-16,0.6975296146331015,2.220446049250313e-16,0.016193844464219065,2.220446049250313e-16,0.0019750333184474955,0.41913456911268004,1.3840049639615663e-18,2.220446049250313e-16
198.0,0.3058240812039255,2.220446049250313e-16,2.220446049250313e-16,5.551115123125783e-17,2.220446049250313e-16,2.220446049250313e-16,0.6975296146331015,2.220446049250313e-16,0.016193844464219065,2.220446049250313e-16,0.0019750333184474955,0.41913456911268004,1.3840049639615663e-18,2.220446049250313e-16
199.0,0.3058240812039255,2.220446049250313e-16,2.220446049250313e-16,5.551115123125783e-17,2.220446049250313e-16,2.220446049250313e-16,0.6975296146331015,2.220446049250313e-16,0.016193844464219065,2.220446049250313e-16,0.0019750333184474955,0.41913456911268004,1.3840049639615663e-18,2.220446049250313e-16
200.0,0.3058240812039255,2.220446049250313e-16,2.220446049250313e-16,5.551115123125783e-17,2.220446049250313e-16,2.220446049250313e-16,0.6975296146331015,2.220446049250313e-16,0.016193844464219065,2.220446049250313e-16,0.0019750333184474955,0.41913456911268004,1.3840049639615663e-18,2.220446049250313e-16
201.0,0.3058240812039255,2.220446049250313e-16,2.220446049250313e-16,5.551115123125783e-17,2.220446049250313e-16,2.220446049250313e-16,0.6975296146331015,2.220446049250313e-16,0.016193844464219065,2.220446049250313e-16,0.0019750333184474955,0.41913456911268004,1.3840049639615663e-18,2.220446049250313e-16
202.0,2.220446049250313e-16,0.2529848614727627,2.220446049250313e-16,0.10031579249383515,0.5086383081347225,2.220446049250313e-16,2.220446049250313e-16,0.5718274695440648,0.3390125255499515,2.220446049250313e-16,2.220446049250313e-16,2.220446049250313e-16,2.220446049250313e-16,0.34496484871938193
203.0,2.220446049250313e-16,2.220446049250313e-16,0.44150151317294417,2.220446049250313e-16,0.002447847306034867,2.220446049250313e-16,2.220446049250313e-16,2.220446049250313e-16,2.220446049250313e-16,0.49487982324371765,0.5490678864744513,0.23197482575765552,2.220446049250313e-16,0.4796631885730006
204.0,2.220446049250313e-16,2.220446049250313e-16,0.44150151317294417,2.220446049250313e-16,0.002447847306034867,2.220446049250313e-16,2.220446049250313e-16,2.220446049250313e-16,2.220446049250313e-16,0.49487982324371765,0.5490678864744513,0.23197482575765552,2.220446049250313e-16,0.4796631885730006
205.0,0.4013787146598146,0.47443655000050905,0.37258193504839615,0.09631217199526676,0.5086263041395698,2.220446049250313e-16,0.006211159881785885,2.220446049250313e-16,2.220446049250313e-16,2.220446049250313e-16,2.220446049250313e-16,2.220446049250313e-16,0.4833659943632399,0.3097518116994208
206.0,0.4013787146598146,0.47443655000050905,0.37258193504839615,0.09631217199526676,0.5086263041395698,2.220446049250313e-16,0.006211159881785885,2.220446049250313e-16,2.220446049250313e-16,2.220446049250313e-16,2.220446049250313e-16,2.220446049250313e-16,0.4833659943632399,0.3097518116994208
207.0,2.220446049250313e-16,2.220446049250313e-16,0.3535122055733578,0.5178779814611482,0.06337390176919783,2.220446049250313e-16,2.220446049250313e-16,2.220446049250313e-16,2.220446049250313e-16,0.5105316476136247,0.39154044086873735,0.43769675516286743,2.220446049250313e-16,2.220446049250313e-16
208.0,2.220446049250313e-16,0.2529848614727627,2.220446049250313e-16,0.10031579249383515,0.5086383081347225,2.220446049250313e-16,2.220446049250313e-16,0.5718274695440648,0.3390125255499515,2.220446049250313e-16,2.220446049250313e-16,2.220446049250313e-16,2.220446049250313e-16,0.34496484871938193
209.0,2.220446049250313e-16,2.220446049250313e-16,0.44150151317294417,2.220446049250313e-16,0.002447847306034867,2.220446049250313e-16,2.220446049250313e-16,2.220446049250313e-16,2.220446049250313e-16,0.49487982324371765,0.5490678864744513,0.23197482575765552,2.220446049250313e-16,0.4796631885730006
210.0,2.220446049250313e-16,2.220446049250313e-16,0.44150151317294417,2.220446049250313e-16,0.002447847306034867,2.220446049250313e-16,2.220446049250313e-16,2.220446049250313e-16,2.220446049250313e-16,0.49487982324371765,0.5490678864744513,0.23197482575765552,2.220446049250313e-16,0.4796631885730006
211.0,0.4013787146598146,0.47443655000050905,0.37258193504839615,0.09631217199526676,0.5086263041395698,2.220446049250313e-16,0.006211159881785885,2.220446049250313e-16,2.220446049250313e-16,2.220446049250313e-16,2.220446049250313e-16,2.220446049250313e-16,0.4833659943632399,0.3097518116994208
212.0,0.4013787146598146,0.47443655000050905,0.37258193504839615,0.09631217199526676,0.5086263041395698,2.220446049250313e-16,0.006211159881785885,2.220446049250313e-16,2.220446049250313e-16,2.220446049250313e-16,2.220446049250313e-16,2.220446049250313e-16,0.4833659943632399,0.3097518116994208
213.0,2.220446049250313e-16,2.220446049250313e-16,0.3535122055733578,0.5178779814611482,0.06337390176919783,2.220446049250313e-16,2.220446049250313e-16,2.220446049250313e-16,2.220446049250313e-16,0.5105316476136247,0.39154044086873735,0.43769675516286743,2.220446049250313e-16,2.220446049250313e-16
214.0,2.220446049250313e-16,2.220446049250313e-16,2.220446049250313e-16,2.220446049250313e-16,2.220446049250313e-16,0.3641732237738026,0.04899149943672387,0.41003187844197486,0.731015802838535,0.0010044421365643522,2.220446049250313e-16,2.220446049250313e-16,2.220446049250313e-16,2.220446049250313e-16
215.0,2.220446049250313e-16,2.220446049250313e-16,2.220446049250313e-16,2.220446049250313e-16,2.220446049250313e-16,0.3641732237738026,0.04899149943672387,0.41003187844197486,0.731015802838535,0.0010044421365643522,2.220446049250313e-16,2.220446049250313e-16,2.220446049250313e-16,2.220446049250313e-16
216.0,2.220446049250313e-16,0.4752897662259653,2.220446049250313e-16,2.220446049250313e-16,0.0013267532118957925,0.7210561203961859,2.220446049250313e-16,2.220446049250313e-16,0.013377968997050016,2.220446049250313e-16,2.220446049250313e-16,2.220446049250313e-16,0.501322993535314,2.220446049250313e-16
217.0,2.220446049250313e-16,0.4752897662259653,2.220446049250313e-16,2.220446049250313e-16,0.0013267532118957925,0.7210561203961859,2.220446049250313e-16,2.220446049250313e-16,0.013377968997050016,2.220446049250313e-16,2.220446049250313e-16,2.220446049250313e-16,0.501322993535314,2.220446049250313e-16
218.0,2.220446049250313e-16,2.220446049250313e-16,2.220446049250313e-16,2.220446049250313e-16,2.220446049250313e-16,0.3641732237738026,0.04899149943672387,0.41003187844197486,0.731015802838535,0.0010044421365643522,2.220446049250313e-16,2.220446049250313e-16,2.220446049250313e-16,2.220446049250313e-16
219.0,2.220446049250313e-16,2.220446049250313e-16,2.220446049250313e-16,2.220446049250313e-16,2.220446049250313e-16,0.3641732237738026,0.04899149943672387,0.41003187844197486,0.731015802838535,0.0010044421365643522,2.220446049250313e-16,2.220446049250313e-16,2.220446049250313e-16,2.220446049250313e-16
220.0,2.220446049250313e-16,0.4752897662259653,2.220446049250313e-16,2.220446049250313e-16,0.0013267532118957925,0.7210561203961859,2.220446049250313e-16,2.220446049250313e-16,0.013377968997050016,2.220446049250313e-16,2.220446049250313e-16,2.220446049250313e-16,0.501322993535314,2.220446049250313e-16
221.0,2.220446049250313e-16,0.4752897662259653,2.220446049250313e-16,2.220446049250313e-16,0.0013267532118957925,0.7210561203961859,2.220446049250313e-16,2.220446049250313e-16,0.013377968997050016,2.220446049250313e-16,2.220446049250313e-16,2.220446049250313e-16,0.501322993535314,2.220446049250313e-16
