44 0.1328909727054173 0.5979500565858347 0.27828020717760177 0.22730720438398672 0.0997152368685315 0.5146658085943928 0.09123016639164147 0.31737305826449846 0.427673601722219 0.2782802077047915 0.396173223166822 0.43066569357290274 0.452168697848129 0.12072813633171792 0.35942399750925486 0.29913370764727454 0.05081684477201493 0.21994818762529073 0.03460099327974571 0.07893283721253413
64 0.34728300257400996 0.31855757581525546 0.15878864935796447 0.24367955018433074 0.18118930752907397 0.09874046217653071 0.3189861599134454 0.6694653177233585 0.35360313649247965 0.15878864988317248 0.1958619546298007 0.15955439212990277 0.2830772845430956 0.6251370237738917 0.3351604425815791 0.26594165550045407 0.29402515509454935 0.2504771372732401 0.14360970613693344 0.22930778889057463
26 0.09254258706214964 0.2700686344499754 0.15580643665597427 0.13058694564408235 0.04289633506241341 0.7352135373423462 0.06012398868084161 0.21358899519621505 0.27326746636139715 0.1558064370463306 0.7150754744060261 0.3873949715412386 0.25473347659549944 0.09134922931959895 0.2482153844666011 0.5713051528031082 0.08893518638659392 0.08345063552790224 0.14658615866641198 0.16322672967429672
3 0.03156731732715506 0.23702680081717745 0.19540253817126274 0.17941302104227339 0.0011568132973587897 0.5590524987691203 0.05849368294622303 0.2001734043870878 0.3096157832278632 0.1954025386358461 0.585150544683257 0.6721821718572141 0.2533539797233707 0.13302196676645076 0.30357926037448985 0.6270068598036846 0.0367878711907057 0.07858189944155428 0.0754326254647595 0.08378988216656835
87 -0.01624510218813731 0.4517882004105985 0.6365861059979213 0.738471241486831 -0.027909269368357224 0.1804182149639022 -0.019526657882390174 0.1756176212180339 0.3035796831886527 0.6365861065327725 0.14405654543908197 0.223102340695705 0.26013666238140276 0.2147495714734927 0.26461874868858476 0.14424108376138314 -0.009219725712545734 0.08732370785104134 0.01062120134058205 0.010938904373486493
0 0.04434639768136022 0.3126222917815734 0.20657292063238933 0.1685622474782517 0.017105634911095197 0.7218147771435813 0.04257345799409792 0.20361821769446695 0.29809599229324285 0.2065729211990546 0.5854847557715351 0.5761131984256384 0.25972846861678445 0.07702862935593956 0.33207330184857287 0.5080227615440267 0.026555328358176006 0.08258467238470103 0.06647135667935392 0.0590661315685071
214 0.26522845199187767 0.07661807150625555 0.01923328123293581 0.11715743456410214 0.2709467958391357 0.034313898156162384 0.37585443401419655 0.07635879129983125 0.3622699770874164 0.019233281360790246 0.14511715086739607 0.10684749718079763 0.48099033293232524 0.3587833364400117 0.39450145908816137 0.16410053393524013 0.7032767569585342 0.6730639698859875 0.11564504051199156 0.10330801402370937
40 0.0002024410403806486 0.23696592504421124 0.27933864860667396 0.22183931321404513 -0.005948549960140851 0.4905988201972822 0.003369711126370819 0.12112058752542165 0.3524131992618025 0.27933864908509826 0.4215555355496475 0.8131637646032117 0.32608073338708427 0.1216164028716282 0.4016174107086972 0.4798439531999398 -0.0012624765960782965 0.07549365884887688 -0.012632814035671997 -0.01961188767164827
217 0.4485705214538963 0.06283886374346635 -0.019570525873557773 -0.02790926936834995 1.0463122818541992 0.021115417023448237 0.33934660291554736 0.06960248822513783 0.05245064077800348 -0.019570525952227802 0.02829118432971423 0.006709852654845918 0.09993557122192316 0.3899103932870365 0.04522815409645614 0.023461313546559573 0.2690262845114035 0.569160588414717 0.07804270326559341 0.08634601864276359
180 0.2280250898758791 0.04518388770944526 0.017160702915751138 0.01093890437349565 0.08634601864275249 0.06939978523998663 0.29628116211860667 0.2829536499997793 0.06866017846165406 0.01716070299680518 0.1833250452544548 -0.003633264230082922 0.06366705753665147 0.07122780295540254 0.07149052800106626 0.20427671968811545 0.44767041358244164 0.07247899206658137 0.8348676942168076 0.8764523627664076
136 0.3173122618268091 0.29793033564937405 0.16231940497114153 0.24959998646720877 0.14916809908248835 0.08914995511295126 0.36859124784964165 0.6110153299655845 0.37157706650872835 0.16231940520146632 0.2400915116468023 0.17639971280305036 0.22637450221257596 0.6844377051694039 0.3456945831308975 0.2234140592942034 0.2917848006512194 0.26814571614267724 0.14693983995883256 0.22003456426004764
155 0.4485705214538963 0.06283886374346635 -0.019570525873557773 -0.02790926936834995 1.0463122818541992 0.021115417023448237 0.33934660291554736 0.06960248822513783 0.05245064077800348 -0.019570525952227802 0.02829118432971423 0.006709852654845918 0.09993557122192316 0.3899103932870365 0.04522815409645614 0.023461313546559573 0.2690262845114035 0.569160588414717 0.07804270326559341 0.08634601864276359
77 0.2845679875513771 0.1359155310209624 0.027673212147706384 0.10665022471959797 0.33924829385767413 0.037451790417533715 0.36994143874464297 0.08527606160869489 0.3668568920275406 0.027673212223352495 0.13031632257412887 0.10972873736819261 0.4729212549154404 0.40532015879250055 0.3619178888440145 0.1323112335577312 0.5848745064111571 0.7473797206506346 0.09638644872662466 0.10124971255488092
22 0.04236896734705082 0.24869679242119289 0.17883299573998473 0.18041821496391058 0.02111541702344379 0.8186258769665089 0.020906325732184518 0.15403625341140947 0.2830672225373692 0.17883299595772637 0.5987996762791593 0.5025765444769172 0.26070029353154967 0.09732426685148278 0.2853507234564642 0.5287443590929082 0.03752351452907979 0.06728127238129632 0.06803266397059043 0.069399785239984
164 0.2280250898758791 0.04518388770944526 0.017160702915751138 0.01093890437349565 0.08634601864275249 0.06939978523998663 0.29628116211860667 0.2829536499997793 0.06866017846165406 0.01716070299680518 0.1833250452544548 -0.003633264230082922 0.06366705753665147 0.07122780295540254 0.07149052800106626 0.20427671968811545 0.44767041358244164 0.07247899206658137 0.8348676942168076 0.8764523627664076
181 0.2903788066688037 0.2888440650921231 0.07224603506590607 0.08732370785104251 0.5691605884147131 0.06728127238129569 0.28451441243172043 0.09998832916895842 0.2539540409682518 0.07224603527439087 0.07686853302783758 0.0939587056210054 0.3821835077260938 0.5319748607240796 0.24495319034144433 0.07550386520839554 0.2584373030438601 0.8619363007412717 0.07613739858096258 0.07247899206658333
84 0.3173122618268091 0.29793033564937405 0.16231940497114153 0.24959998646720877 0.14916809908248835 0.08914995511295126 0.36859124784964165 0.6110153299655845 0.37157706650872835 0.16231940520146632 0.2400915116468023 0.17639971280305036 0.22637450221257596 0.6844377051694039 0.3456945831308975 0.2234140592942034 0.2917848006512194 0.26814571614267724 0.14693983995883256 0.22003456426004764
96 0.2280250898758791 0.04518388770944526 0.017160702915751138 0.01093890437349565 0.08634601864275249 0.06939978523998663 0.29628116211860667 0.2829536499997793 0.06866017846165406 0.01716070299680518 0.1833250452544548 -0.003633264230082922 0.06366705753665147 0.07122780295540254 0.07149052800106626 0.20427671968811545 0.44767041358244164 0.07247899206658137 0.8348676942168076 0.8764523627664076
36 0.09737411326270949 0.2927564119234993 0.16140909395936323 0.1261151970287702 0.042591190548974416 0.7272509425427107 0.06514280018938565 0.2328652719776106 0.27706417224953483 0.1614090942876892 0.7097321836599744 0.3953451130291996 0.25431789889853257 0.08060343899237926 0.2623736661647262 0.5560122224858056 0.08346641191503634 0.08934356791147725 0.1451953662307135 0.15492226130290826
17 0.034071113115938405 0.2894999485009704 0.21682558155942858 0.16962242145328651 0.0061536815313398 0.5466383602838881 0.062051534458537415 0.22706353563892906 0.3262667150514409 0.216825582058336 0.5631258029185533 0.6772563269702652 0.2637306885358835 0.10787440070562122 0.3212031856124308 0.5927279163428745 0.029590146899289186 0.08533544620027042 0.06914348922610367 0.0786423948456843
32 0.0121449716656773 0.40981008945538744 0.3206116957049254 0.2415697994732886 0.033312960072431126 0.6847510172867916 0.021762752017042315 0.12712817094265802 0.4089827450858808 0.3206116961357961 0.3792024079572371 0.5811629999957075 0.3896288781148004 0.07412318629645862 0.3979468623191854 0.32839150943253925 -0.00202947871529196 0.08298703129126313 0.008221869762971182 -0.007677537346970131
51 0.023468807416685927 0.15252677064110562 0.18492319230777188 0.1920276895794576 -0.007148529016335469 0.47157672708998705 0.0594618443116226 0.212513591797478 0.28429491550361646 0.18492319296047144 0.5813127043976678 0.6853234082229618 0.25240860705746815 0.16306157449782496 0.3210527927264282 0.7003263171545686 0.04816140022139598 0.07509706009944354 0.09065079607743881 0.09970680572298861
1 0.05830998417414151 0.21201724092569524 0.12411892767685018 0.20659905342502558 0.06049827059290836 0.4284992634113603 0.17500001662950812 0.17137388446823243 0.25392036821845576 0.12411892808676368 0.6135646010632131 0.689748101043973 0.37348896379199314 0.18885034724971708 0.24391403716168264 0.6480037509334299 0.14000729539309975 0.13074972816705754 0.07269296720198007 0.09289928403502348
143 0.07263644329608031 0.43838052678792644 0.38019505410402143 0.3035796831886607 0.052450640777983816 0.28306722253735683 0.07695143258311603 0.20195511752338172 0.5481469351848429 0.3801950544403454 0.26208561126820096 0.35653094040806615 0.5198539694561769 0.25666233489772444 0.5383462979362208 0.29426363114032184 0.09701313647362221 0.2539540409682488 0.06546428995648229 0.06866017846164632
179 0.2280250898758791 0.04518388770944526 0.017160702915751138 0.01093890437349565 0.08634601864275249 0.06939978523998663 0.29628116211860667 0.2829536499997793 0.06866017846165406 0.01716070299680518 0.1833250452544548 -0.003633264230082922 0.06366705753665147 0.07122780295540254 0.07149052800106626 0.20427671968811545 0.44767041358244164 0.07247899206658137 0.8348676942168076 0.8764523627664076
69 0.4485705214538963 0.06283886374346635 -0.019570525873557773 -0.02790926936834995 1.0463122818541992 0.021115417023448237 0.33934660291554736 0.06960248822513783 0.05245064077800348 -0.019570525952227802 0.02829118432971423 0.006709852654845918 0.09993557122192316 0.3899103932870365 0.04522815409645614 0.023461313546559573 0.2690262845114035 0.569160588414717 0.07804270326559341 0.08634601864276359
4 -0.00035620178000436166 0.2160580210670908 0.21156743900431818 0.22364780948731988 -0.009853908582519109 0.7260532800067088 -0.008220015227946985 0.1174021530064237 0.30102064369152276 0.21156743942391096 0.48045986489023457 0.70568486309646 0.25483347164106235 0.12057734909372922 0.32968823327929037 0.5106274187260444 -0.0060835815530134 0.0496597187604702 0.005687713242733251 -0.011101366967076589
85 0.3173122618268091 0.29793033564937405 0.16231940497114153 0.24959998646720877 0.14916809908248835 0.08914995511295126 0.36859124784964165 0.6110153299655845 0.37157706650872835 0.16231940520146632 0.2400915116468023 0.17639971280305036 0.22637450221257596 0.6844377051694039 0.3456945831308975 0.2234140592942034 0.2917848006512194 0.26814571614267724 0.14693983995883256 0.22003456426004764
165 0.2280250898758791 0.04518388770944526 0.017160702915751138 0.01093890437349565 0.08634601864275249 0.06939978523998663 0.29628116211860667 0.2829536499997793 0.06866017846165406 0.01716070299680518 0.1833250452544548 -0.003633264230082922 0.06366705753665147 0.07122780295540254 0.07149052800106626 0.20427671968811545 0.44767041358244164 0.07247899206658137 0.8348676942168076 0.8764523627664076
126 0.378195372529976 0.04406530298351715 -0.020943309992409787 -0.009219725712538993 0.2690262845113942 0.03752351452908413 0.5610369979009826 0.13274856826036074 0.09701313647363587 -0.02094331006404557 0.1012858247656548 0.012297579942814415 0.1634347241032016 0.256916552617429 0.1150124404864478 0.10598449007404495 0.9254011372199032 0.2584373030438595 0.43281787339002487 0.4476704135824431
188 0.4485705214538963 0.06283886374346635 -0.019570525873557773 -0.02790926936834995 1.0463122818541992 0.021115417023448237 0.33934660291554736 0.06960248822513783 0.05245064077800348 -0.019570525952227802 0.02829118432971423 0.006709852654845918 0.09993557122192316 0.3899103932870365 0.04522815409645614 0.023461313546559573 0.2690262845114035 0.569160588414717 0.07804270326559341 0.08634601864276359
104 0.4485705214538963 0.06283886374346635 -0.019570525873557773 -0.02790926936834995 1.0463122818541992 0.021115417023448237 0.33934660291554736 0.06960248822513783 0.05245064077800348 -0.019570525952227802 0.02829118432971423 0.006709852654845918 0.09993557122192316 0.3899103932870365 0.04522815409645614 0.023461313546559573 0.2690262845114035 0.569160588414717 0.07804270326559341 0.08634601864276359
37 0.03355202793687585 0.34137414792762644 0.23815564756797092 0.1842615768851413 0.012255917735949548 0.585283722261416 0.05759871058830298 0.2490116901317371 0.39849619521052276 0.23815564811978396 0.5417770799207121 0.5913385226423673 0.2808777498990682 0.1150774139929267 0.37959500677744096 0.5190339687646701 0.02621606243518558 0.07063582610245318 0.07631549720648081 0.07690975930195458
146 0.3173122618268091 0.29793033564937405 0.16231940497114153 0.24959998646720877 0.14916809908248835 0.08914995511295126 0.36859124784964165 0.6110153299655845 0.37157706650872835 0.16231940520146632 0.2400915116468023 0.17639971280305036 0.22637450221257596 0.6844377051694039 0.3456945831308975 0.2234140592942034 0.2917848006512194 0.26814571614267724 0.14693983995883256 0.22003456426004764
115 -0.019686343681145944 0.43319868598629 0.6412790902041352 0.6365861063925616 -0.01957052591699072 0.17883299595408714 -0.014144022051098574 0.16612245847868484 0.38019505435298295 0.6412790907672944 0.14873903579306152 0.2629460385018689 0.3079718218720521 0.18238414060603103 0.3586983258229484 0.15877559328273488 -0.020943310016831234 0.07224603513959563 0.01792106634371972 0.017160702957724438
72 0.2280250898758791 0.04518388770944526 0.017160702915751138 0.01093890437349565 0.08634601864275249 0.06939978523998663 0.29628116211860667 0.2829536499997793 0.06866017846165406 0.01716070299680518 0.1833250452544548 -0.003633264230082922 0.06366705753665147 0.07122780295540254 0.07149052800106626 0.20427671968811545 0.44767041358244164 0.07247899206658137 0.8348676942168076 0.8764523627664076
11 0.029341180712708612 0.2256508598384943 0.20198952457272212 0.1822593503357154 -0.007425312376690515 0.46904907334052665 0.07118372371490733 0.2312254334551309 0.2937862557610209 0.201989525075137 0.5798133585289702 0.7168018532868439 0.24425872660931022 0.14461501583691924 0.3253190806449139 0.6390421934724172 0.0361180442808044 0.08685843225732051 0.07891617547785039 0.08426817141469518
70 -0.026575725968285176 0.3263507983744459 0.6179201624444097 0.46479166879180434 -0.011161323843853219 0.17678833253831622 -0.012190006127653431 0.15586427588295507 0.48439182114848384 0.6179201629316692 0.16956045014505555 0.3062076130887698 0.3809983123453476 0.15247423477745106 0.5223235807845915 0.23076210334726632 -0.03528093363190999 0.04573498097963706 0.030629158348105673 0.0312927125057931
42 0.03418661269107085 0.23618068825673186 0.19868017251872996 0.17569349615754684 0.016523903393830225 0.7122656907551707 0.03120744869220949 0.16376436859573396 0.3501289010934339 0.19868017270943603 0.575635970111621 0.5300129331047906 0.28296616172849104 0.10991013182283943 0.342264418609611 0.5772947029159838 0.03892396139739428 0.061012224114805474 0.08588467595764086 0.08780564982073057
108 0.4485705214538963 0.06283886374346635 -0.019570525873557773 -0.02790926936834995 1.0463122818541992 0.021115417023448237 0.33934660291554736 0.06960248822513783 0.05245064077800348 -0.019570525952227802 0.02829118432971423 0.006709852654845918 0.09993557122192316 0.3899103932870365 0.04522815409645614 0.023461313546559573 0.2690262845114035 0.569160588414717 0.07804270326559341 0.08634601864276359
132 0.4485705214538963 0.06283886374346635 -0.019570525873557773 -0.02790926936834995 1.0463122818541992 0.021115417023448237 0.33934660291554736 0.06960248822513783 0.05245064077800348 -0.019570525952227802 0.02829118432971423 0.006709852654845918 0.09993557122192316 0.3899103932870365 0.04522815409645614 0.023461313546559573 0.2690262845114035 0.569160588414717 0.07804270326559341 0.08634601864276359
80 0.4485705214538963 0.06283886374346635 -0.019570525873557773 -0.02790926936834995 1.0463122818541992 0.021115417023448237 0.33934660291554736 0.06960248822513783 0.05245064077800348 -0.019570525952227802 0.02829118432971423 0.006709852654845918 0.09993557122192316 0.3899103932870365 0.04522815409645614 0.023461313546559573 0.2690262845114035 0.569160588414717 0.07804270326559341 0.08634601864276359
114 0.3563475657077165 0.23885691203528808 0.16612245834510528 0.17561762121803565 0.06960248822513145 0.15403625341141156 0.26118009570214157 1.0490535824017144 0.2019551175233833 0.16612245872680467 0.23580114589387016 0.1488824432779373 0.1686019967259386 0.2782853449370908 0.20731846204195667 0.24826983187468188 0.13274856826036016 0.09998832916895915 0.30968353681148547 0.28295364999977796
159 0.6464451330203161 0.06206834089534097 -0.014144022057935964 -0.01952665788237934 0.3393466029155443 0.020906325732190874 0.8243559957758156 0.2611800957021487 0.07695143258313385 -0.014144022081985569 0.09211700274899444 0.03555259479792984 0.11523868474420804 0.2934165667415787 0.08388519813283397 0.10227237506751131 0.5610369979009918 0.28451441243172587 0.31316070647291855 0.2962811621186163
47 0.17963012733304923 0.2261652097987757 0.11971086924956333 0.04040932873736414 0.06720042514137954 0.45939769587277524 0.15175808052867995 0.31603567926370113 0.27505627395862214 0.11971086951448158 0.7651769348717599 0.142593345688634 0.2456633515570945 0.09035329674272682 0.21922082122850775 0.6079477529825429 0.22033968372681384 0.09363690311491496 0.38325541809489455 0.40935644565842433
94 -0.019686343681145944 0.43319868598629 0.6412790902041352 0.6365861063925616 -0.01957052591699072 0.17883299595408714 -0.014144022051098574 0.16612245847868484 0.38019505435298295 0.6412790907672944 0.14873903579306152 0.2629460385018689 0.3079718218720521 0.18238414060603103 0.3586983258229484 0.15877559328273488 -0.020943310016831234 0.07224603513959563 0.01792106634371972 0.017160702957724438
125 0.2591901537107405 0.04174589972006192 0.017921066402135213 0.010621201340596013 0.07804270326558885 0.06803266397059525 0.31316070647291006 0.3096835368114862 0.06546428995650495 0.017921066281012227 0.18402920186432772 -0.0014041558415158813 0.06187668255504665 0.0620982399914386 0.07262786926962465 0.2016210948057349 0.43281787339002326 0.07613739858096297 0.862399335901239 0.8348676942168087
177 0.2280250898758791 0.04518388770944526 0.017160702915751138 0.01093890437349565 0.08634601864275249 0.06939978523998663 0.29628116211860667 0.2829536499997793 0.06866017846165406 0.01716070299680518 0.1833250452544548 -0.003633264230082922 0.06366705753665147 0.07122780295540254 0.07149052800106626 0.20427671968811545 0.44767041358244164 0.07247899206658137 0.8348676942168076 0.8764523627664076
13 0.014955658144430171 0.23263280718625368 0.18609532984777263 0.23527511110400984 0.009685405166431372 0.6600976280756462 0.022367928141552074 0.1100034059566821 0.2874806531562099 0.1860953303018565 0.49356453556449176 0.761115777950515 0.3040935660895207 0.1420237105353898 0.285723424923079 0.5145541377199493 0.02520487590361176 0.07959095964976062 -0.0035710320266168958 -0.014082273229715267
192 0.3173122618268091 0.29793033564937405 0.16231940497114153 0.24959998646720877 0.14916809908248835 0.08914995511295126 0.36859124784964165 0.6110153299655845 0.37157706650872835 0.16231940520146632 0.2400915116468023 0.17639971280305036 0.22637450221257596 0.6844377051694039 0.3456945831308975 0.2234140592942034 0.2917848006512194 0.26814571614267724 0.14693983995883256 0.22003456426004764
205 0.3173122618268091 0.29793033564937405 0.16231940497114153 0.24959998646720877 0.14916809908248835 0.08914995511295126 0.36859124784964165 0.6110153299655845 0.37157706650872835 0.16231940520146632 0.2400915116468023 0.17639971280305036 0.22637450221257596 0.6844377051694039 0.3456945831308975 0.2234140592942034 0.2917848006512194 0.26814571614267724 0.14693983995883256 0.22003456426004764
39 0.06565981203656739 0.17870972195941776 0.15877559306839917 0.14424108376137837 0.023461313546552065 0.5287443590929176 0.10227237506750576 0.24826983187468296 0.2942636311403057 0.15877559364159255 0.6706155855049905 0.46105373640038966 0.26925340256088776 0.13533522015962168 0.32573025264105576 0.7037005595384821 0.10598449007404202 0.07550386520838724 0.2016210948057341 0.20427671968811034
49 0.02443914247084643 0.028206777690968503 0.22026945249935737 0.18013752284358725 -0.01999865091866224 0.053636549504516656 0.18612438839176296 0.38519472620037787 0.28799140982737387 0.2202694530250786 0.45916837176825454 0.5721857744417129 0.26998250330797624 0.23840053164800515 0.413190281700933 0.7683695674562239 0.10883195544773694 0.1019508258371634 0.2442978146409615 0.2768048827396645
67 0.2845679875513771 0.1359155310209624 0.027673212147706384 0.10665022471959797 0.33924829385767413 0.037451790417533715 0.36994143874464297 0.08527606160869489 0.3668568920275406 0.027673212223352495 0.13031632257412887 0.10972873736819261 0.4729212549154404 0.40532015879250055 0.3619178888440145 0.1323112335577312 0.5848745064111571 0.7473797206506346 0.09638644872662466 0.10124971255488092
54 0.013856357908695001 0.30195132579778755 0.2310581493771968 0.20132030050642793 0.010570795296793044 0.7959544385833939 0.011038586062877718 0.1478239163842196 0.3253319365554701 0.23105814985800352 0.4997869200970807 0.5876699942936411 0.2748357866207374 0.08329296338620715 0.3455102369148846 0.444661265943395 0.0011266144053337355 0.05742523297626132 0.027708148249310612 0.014484588146080148
140 0.2973443201446514 0.211363820685258 0.044566742512205396 0.09545563063093096 0.44042486882151155 0.04757828006523553 0.34315910794005905 0.09447987579088929 0.33813770891999634 0.04456674253253698 0.10742827090305415 0.10721334114592329 0.443581337234756 0.46562299571324745 0.31104361071840386 0.09836601012066379 0.42778979736899103 0.8198478343713809 0.07940830590916104 0.09238611100183114
105 0.2973443201446514 0.211363820685258 0.044566742512205396 0.09545563063093096 0.44042486882151155 0.04757828006523553 0.34315910794005905 0.09447987579088929 0.33813770891999634 0.04456674253253698 0.10742827090305415 0.10721334114592329 0.443581337234756 0.46562299571324745 0.31104361071840386 0.09836601012066379 0.42778979736899103 0.8198478343713809 0.07940830590916104 0.09238611100183114
19 0.03820539333982672 0.3029288106849489 0.1854356270687262 0.2168166769806101 0.031176502788946098 0.6025301871599069 0.07216144868186505 0.14421649275211598 0.3113184251536053 0.18543562754339693 0.534809751468018 0.7302808974967091 0.3401400239516148 0.14204646084698827 0.2862715480933941 0.5009042089989367 0.04736801208062083 0.10782304987007861 0.016329855086729187 0.01804050854863964
195 -0.018678818032685108 0.209725578156107 0.560525082230151 0.3346672455086579 -0.008284489560175481 0.17376905781094826 -0.006274955171752752 0.15381161926366857 0.5136910480983481 0.5605250825719371 0.1932249803746819 0.32196770447737366 0.4528861218975855 0.16200813071479578 0.6500358421423416 0.3017126779545334 -0.012490797809890526 0.07720641460410073 0.035667565878435996 0.03804379353408636
141 0.4485705214538963 0.06283886374346635 -0.019570525873557773 -0.02790926936834995 1.0463122818541992 0.021115417023448237 0.33934660291554736 0.06960248822513783 0.05245064077800348 -0.019570525952227802 0.02829118432971423 0.006709852654845918 0.09993557122192316 0.3899103932870365 0.04522815409645614 0.023461313546559573 0.2690262845114035 0.569160588414717 0.07804270326559341 0.08634601864276359
184 0.4485705214538963 0.06283886374346635 -0.019570525873557773 -0.02790926936834995 1.0463122818541992 0.021115417023448237 0.33934660291554736 0.06960248822513783 0.05245064077800348 -0.019570525952227802 0.02829118432971423 0.006709852654845918 0.09993557122192316 0.3899103932870365 0.04522815409645614 0.023461313546559573 0.2690262845114035 0.569160588414717 0.07804270326559341 0.08634601864276359
25 0.015808210410098274 0.280357381764155 0.2129764587517611 0.20086769406812263 0.008473348945620292 0.8112228650988635 0.008277960558428278 0.13736428394270447 0.2981348362926272 0.2129764593829419 0.5110024869467731 0.6045219147855926 0.26402646795822443 0.08737978979350249 0.3098074337517705 0.4683104724248225 0.004439752461055056 0.06080972518511023 0.023451266233268042 0.014013568369880203
121 0.2280250898758791 0.04518388770944526 0.017160702915751138 0.01093890437349565 0.08634601864275249 0.06939978523998663 0.29628116211860667 0.2829536499997793 0.06866017846165406 0.01716070299680518 0.1833250452544548 -0.003633264230082922 0.06366705753665147 0.07122780295540254 0.07149052800106626 0.20427671968811545 0.44767041358244164 0.07247899206658137 0.8348676942168076 0.8764523627664076
185 0.2845679875513771 0.1359155310209624 0.027673212147706384 0.10665022471959797 0.33924829385767413 0.037451790417533715 0.36994143874464297 0.08527606160869489 0.3668568920275406 0.027673212223352495 0.13031632257412887 0.10972873736819261 0.4729212549154404 0.40532015879250055 0.3619178888440145 0.1323112335577312 0.5848745064111571 0.7473797206506346 0.09638644872662466 0.10124971255488092
189 0.07263644329608031 0.43838052678792644 0.38019505410402143 0.3035796831886607 0.052450640777983816 0.28306722253735683 0.07695143258311603 0.20195511752338172 0.5481469351848429 0.3801950544403454 0.26208561126820096 0.35653094040806615 0.5198539694561769 0.25666233489772444 0.5383462979362208 0.29426363114032184 0.09701313647362221 0.2539540409682488 0.06546428995648229 0.06866017846164632
197 0.2591901537107405 0.04174589972006192 0.017921066402135213 0.010621201340596013 0.07804270326558885 0.06803266397059525 0.31316070647291006 0.3096835368114862 0.06546428995650495 0.017921066281012227 0.18402920186432772 -0.0014041558415158813 0.06187668255504665 0.0620982399914386 0.07262786926962465 0.2016210948057349 0.43281787339002326 0.07613739858096297 0.862399335901239 0.8348676942168087
91 0.2280250898758791 0.04518388770944526 0.017160702915751138 0.01093890437349565 0.08634601864275249 0.06939978523998663 0.29628116211860667 0.2829536499997793 0.06866017846165406 0.01716070299680518 0.1833250452544548 -0.003633264230082922 0.06366705753665147 0.07122780295540254 0.07149052800106626 0.20427671968811545 0.44767041358244164 0.07247899206658137 0.8348676942168076 0.8764523627664076
202 0.07994711164641026 0.5402554989983628 0.4064712175498074 0.3641974675475767 0.058522577233282407 0.2726937415005953 0.07232859307940377 0.2181916279034838 0.5091514696939137 0.4064712181545613 0.23483753445962258 0.3425358548213468 0.48498055765133913 0.301400113267011 0.4595574756293447 0.23238940857250381 0.06685080759107406 0.27299758566279086 0.05225955081760096 0.057269609893599714
15 0.016833115344086595 0.27481997890123444 0.19500877654918922 0.23038880180287147 0.018384599275202865 0.7479862861078503 0.020682393367243004 0.10594569403931069 0.28227763196836886 0.195008776927163 0.48367948322063514 0.7062205443581357 0.31261161474132476 0.11451496420929277 0.29757062161135744 0.45185432745705373 0.017693052507068395 0.0795527702730831 -0.0038967158666472464 -0.02018329950634845
149 0.2845679875513771 0.1359155310209624 0.027673212147706384 0.10665022471959797 0.33924829385767413 0.037451790417533715 0.36994143874464297 0.08527606160869489 0.3668568920275406 0.027673212223352495 0.13031632257412887 0.10972873736819261 0.4729212549154404 0.40532015879250055 0.3619178888440145 0.1323112335577312 0.5848745064111571 0.7473797206506346 0.09638644872662466 0.10124971255488092
43 0.23536531647854894 0.3479429783409998 0.1324668075760847 0.01857914806726702 0.07508895254063078 0.4529985394899915 0.17163162020400358 0.43948354982297855 0.3338421960516314 0.1324668080716572 0.7119379509107441 0.1603557480613685 0.24326036510469176 0.05261108117060488 0.1994020025546106 0.5518558649198997 0.17472196119395778 0.12775471026309862 0.32039799930762236 0.3614242533164969
206 0.3173122618268091 0.29793033564937405 0.16231940497114153 0.24959998646720877 0.14916809908248835 0.08914995511295126 0.36859124784964165 0.6110153299655845 0.37157706650872835 0.16231940520146632 0.2400915116468023 0.17639971280305036 0.22637450221257596 0.6844377051694039 0.3456945831308975 0.2234140592942034 0.2917848006512194 0.26814571614267724 0.14693983995883256 0.22003456426004764
102 0.36742765635415636 0.24766831001423673 0.04098854513346491 0.10345805757318226 0.4430010344073532 0.04474287034248889 0.36811831991720984 0.11845901499820215 0.2909228893283107 0.040988545266204594 0.11662865331645762 0.124641908176004 0.4146213730174324 0.45723218272225197 0.336359980537399 0.059670331868121075 0.31803101397688455 0.8444638378690894 0.05831134728046258 0.08042876199862775
75 0.2280250898758791 0.04518388770944526 0.017160702915751138 0.01093890437349565 0.08634601864275249 0.06939978523998663 0.29628116211860667 0.2829536499997793 0.06866017846165406 0.01716070299680518 0.1833250452544548 -0.003633264230082922 0.06366705753665147 0.07122780295540254 0.07149052800106626 0.20427671968811545 0.44767041358244164 0.07247899206658137 0.8348676942168076 0.8764523627664076
21 0.01618262716438775 0.24907703681951204 0.19049312784685263 0.2372472020890514 0.0062859664511467905 0.6428220977469932 0.026541949638330887 0.11257631254196811 0.28585267452900376 0.19049312814811972 0.496991606724555 0.7823029731888945 0.295772066950419 0.14752061077649836 0.279271653224813 0.4955075823450374 0.021739178578159542 0.08430082021732213 -0.00580966470954781 -0.015294353652042922
210 0.70456521872604 0.07374421485614827 -0.024111317002705825 -0.009786291060350076 0.3664546275635636 0.01870020902723183 0.7527741249931531 0.29214540432741914 0.06360336232211954 -0.02411131699681913 0.06645105399236859 0.0327876927159199 0.1629908533716618 0.2597408794965861 0.07703301611567918 0.12324724659909335 0.5561324934522303 0.26324341622899894 0.3224962421339511 0.30836970736157077
183 0.4485705214538963 0.06283886374346635 -0.019570525873557773 -0.02790926936834995 1.0463122818541992 0.021115417023448237 0.33934660291554736 0.06960248822513783 0.05245064077800348 -0.019570525952227802 0.02829118432971423 0.006709852654845918 0.09993557122192316 0.3899103932870365 0.04522815409645614 0.023461313546559573 0.2690262845114035 0.569160588414717 0.07804270326559341 0.08634601864276359
161 0.3173122618268091 0.29793033564937405 0.16231940497114153 0.24959998646720877 0.14916809908248835 0.08914995511295126 0.36859124784964165 0.6110153299655845 0.37157706650872835 0.16231940520146632 0.2400915116468023 0.17639971280305036 0.22637450221257596 0.6844377051694039 0.3456945831308975 0.2234140592942034 0.2917848006512194 0.26814571614267724 0.14693983995883256 0.22003456426004764
12 0.03221149361988 0.17765433124910657 0.1639789948436461 0.19406366787717996 0.008785019868931819 0.6899012931222841 0.03319434810105889 0.1701935022210912 0.2794180146553586 0.16397899524979231 0.6099517179083513 0.5669796586950532 0.25553683545728595 0.13838194178238325 0.3058494963178765 0.631650462857325 0.048572060177160994 0.06060402495621343 0.0859964999668158 0.08361116353587407
131 0.4485705214538963 0.06283886374346635 -0.019570525873557773 -0.02790926936834995 1.0463122818541992 0.021115417023448237 0.33934660291554736 0.06960248822513783 0.05245064077800348 -0.019570525952227802 0.02829118432971423 0.006709852654845918 0.09993557122192316 0.3899103932870365 0.04522815409645614 0.023461313546559573 0.2690262845114035 0.569160588414717 0.07804270326559341 0.08634601864276359
58 0.12170874863543947 0.46746166818505097 0.22795233780987223 0.18801777053588783 0.08774474045197646 0.5588371546520544 0.09863169762486633 0.26950206429444407 0.416876961849707 0.22795233803988546 0.47662421648170333 0.453206658252349 0.4622434069265223 0.09397745462609483 0.42934012416213296 0.38408972769579464 0.08820323222222153 0.18917492811721967 0.0679065415010283 0.08202602617388687
178 0.2280250898758791 0.04518388770944526 0.017160702915751138 0.01093890437349565 0.08634601864275249 0.06939978523998663 0.29628116211860667 0.2829536499997793 0.06866017846165406 0.01716070299680518 0.1833250452544548 -0.003633264230082922 0.06366705753665147 0.07122780295540254 0.07149052800106626 0.20427671968811545 0.44767041358244164 0.07247899206658137 0.8348676942168076 0.8764523627664076
134 0.6464451330203161 0.06206834089534097 -0.014144022057935964 -0.01952665788237934 0.3393466029155443 0.020906325732190874 0.8243559957758156 0.2611800957021487 0.07695143258313385 -0.014144022081985569 0.09211700274899444 0.03555259479792984 0.11523868474420804 0.2934165667415787 0.08388519813283397 0.10227237506751131 0.5610369979009918 0.28451441243172587 0.31316070647291855 0.2962811621186163
168 0.2280250898758791 0.04518388770944526 0.017160702915751138 0.01093890437349565 0.08634601864275249 0.06939978523998663 0.29628116211860667 0.2829536499997793 0.06866017846165406 0.01716070299680518 0.1833250452544548 -0.003633264230082922 0.06366705753665147 0.07122780295540254 0.07149052800106626 0.20427671968811545 0.44767041358244164 0.07247899206658137 0.8348676942168076 0.8764523627664076
198 0.2591901537107405 0.04174589972006192 0.017921066402135213 0.010621201340596013 0.07804270326558885 0.06803266397059525 0.31316070647291006 0.3096835368114862 0.06546428995650495 0.017921066281012227 0.18402920186432772 -0.0014041558415158813 0.06187668255504665 0.0620982399914386 0.07262786926962465 0.2016210948057349 0.43281787339002326 0.07613739858096297 0.862399335901239 0.8348676942168087
61 0.70456521872604 0.07374421485614827 -0.024111317002705825 -0.009786291060350076 0.3664546275635636 0.01870020902723183 0.7527741249931531 0.29214540432741914 0.06360336232211954 -0.02411131699681913 0.06645105399236859 0.0327876927159199 0.1629908533716618 0.2597408794965861 0.07703301611567918 0.12324724659909335 0.5561324934522303 0.26324341622899894 0.3224962421339511 0.30836970736157077
18 0.0909489403263016 0.3247313055453864 0.12786985201661333 0.19367432983860092 0.0778449161797996 0.5968302123339592 0.13931780220632015 0.18331121920205093 0.2787664187145681 0.1278698522668887 0.6293200367625091 0.6028797160521754 0.39131460000927354 0.14244607946232882 0.275138450467193 0.5186120886744002 0.11250941718719935 0.13619557202524402 0.06024551724032069 0.06512376944215303
28 0.029202430702063787 0.25716755858760804 0.2186729838413903 0.20653824891708952 0.02997416956671067 0.4938096943566525 0.06890540700519507 0.16815441370835554 0.38413379757445737 0.21867298447509614 0.4893310077793658 0.6922785124470631 0.3872559460774486 0.14058849537463358 0.38684980847296224 0.5595348208633453 0.06214901885490063 0.10240977048382854 0.03659439293653765 0.040060599267643916
219 0.2903788066688037 0.2888440650921231 0.07224603506590607 0.08732370785104251 0.5691605884147131 0.06728127238129569 0.28451441243172043 0.09998832916895842 0.2539540409682518 0.07224603527439087 0.07686853302783758 0.0939587056210054 0.3821835077260938 0.5319748607240796 0.24495319034144433 0.07550386520839554 0.2584373030438601 0.8619363007412717 0.07613739858096258 0.07247899206658333
182 0.2903788066688037 0.2888440650921231 0.07224603506590607 0.08732370785104251 0.5691605884147131 0.06728127238129569 0.28451441243172043 0.09998832916895842 0.2539540409682518 0.07224603527439087 0.07686853302783758 0.0939587056210054 0.3821835077260938 0.5319748607240796 0.24495319034144433 0.07550386520839554 0.2584373030438601 0.8619363007412717 0.07613739858096258 0.07247899206658333
163 -0.019686343681145944 0.43319868598629 0.6412790902041352 0.6365861063925616 -0.01957052591699072 0.17883299595408714 -0.014144022051098574 0.16612245847868484 0.38019505435298295 0.6412790907672944 0.14873903579306152 0.2629460385018689 0.3079718218720521 0.18238414060603103 0.3586983258229484 0.15877559328273488 -0.020943310016831234 0.07224603513959563 0.01792106634371972 0.017160702957724438
124 0.2591901537107405 0.04174589972006192 0.017921066402135213 0.010621201340596013 0.07804270326558885 0.06803266397059525 0.31316070647291006 0.3096835368114862 0.06546428995650495 0.017921066281012227 0.18402920186432772 -0.0014041558415158813 0.06187668255504665 0.0620982399914386 0.07262786926962465 0.2016210948057349 0.43281787339002326 0.07613739858096297 0.862399335901239 0.8348676942168087
158 0.6464451330203161 0.06206834089534097 -0.014144022057935964 -0.01952665788237934 0.3393466029155443 0.020906325732190874 0.8243559957758156 0.2611800957021487 0.07695143258313385 -0.014144022081985569 0.09211700274899444 0.03555259479792984 0.11523868474420804 0.2934165667415787 0.08388519813283397 0.10227237506751131 0.5610369979009918 0.28451441243172587 0.31316070647291855 0.2962811621186163
167 0.2280250898758791 0.04518388770944526 0.017160702915751138 0.01093890437349565 0.08634601864275249 0.06939978523998663 0.29628116211860667 0.2829536499997793 0.06866017846165406 0.01716070299680518 0.1833250452544548 -0.003633264230082922 0.06366705753665147 0.07122780295540254 0.07149052800106626 0.20427671968811545 0.44767041358244164 0.07247899206658137 0.8348676942168076 0.8764523627664076
172 0.4485705214538963 0.06283886374346635 -0.019570525873557773 -0.02790926936834995 1.0463122818541992 0.021115417023448237 0.33934660291554736 0.06960248822513783 0.05245064077800348 -0.019570525952227802 0.02829118432971423 0.006709852654845918 0.09993557122192316 0.3899103932870365 0.04522815409645614 0.023461313546559573 0.2690262845114035 0.569160588414717 0.07804270326559341 0.08634601864276359
220 0.4485705214538963 0.06283886374346635 -0.019570525873557773 -0.02790926936834995 1.0463122818541992 0.021115417023448237 0.33934660291554736 0.06960248822513783 0.05245064077800348 -0.019570525952227802 0.02829118432971423 0.006709852654845918 0.09993557122192316 0.3899103932870365 0.04522815409645614 0.023461313546559573 0.2690262845114035 0.569160588414717 0.07804270326559341 0.08634601864276359
122 -0.00532218436567095 0.4550373755565117 0.6288260390150995 0.6099718481285975 -0.014784560178103747 0.17639289798088278 -0.009648312680149809 0.1539001414557163 0.37567693074803366 0.6288260397026832 0.1400110831266953 0.26332983372301566 0.34626855817449587 0.21087415158499156 0.3743345979185764 0.15911034500546664 -0.010346172805462366 0.1175847784399453 0.021705828471351683 0.013642629858599285
29 0.0002616666302068295 0.16772672896368496 0.2063133401547187 0.22457352236682787 -0.01802396756903436 0.6245954220477608 -0.012013321608264809 0.1310177230952533 0.28900896824982125 0.20631334059819076 0.4878207872334805 0.7597312052690893 0.2483200184737334 0.1386397133086411 0.3336677727992703 0.576329077731696 -0.00036579454995176963 0.05584884894593528 0.0054574213030936305 -0.003521328768405592
150 0.2845679875513771 0.1359155310209624 0.027673212147706384 0.10665022471959797 0.33924829385767413 0.037451790417533715 0.36994143874464297 0.08527606160869489 0.3668568920275406 0.027673212223352495 0.13031632257412887 0.10972873736819261 0.4729212549154404 0.40532015879250055 0.3619178888440145 0.1323112335577312 0.5848745064111571 0.7473797206506346 0.09638644872662466 0.10124971255488092
157 0.08469136759661397 0.6207293061024395 0.4331986858425241 0.4517882004105951 0.06283886374346356 0.24869679242119497 0.062068340895339774 0.23885691203528503 0.4383805267879138 0.4331986861264712 0.2009767094694873 0.3034721345927127 0.42826517662830177 0.3742941722977917 0.3634804480356012 0.17870972195941032 0.04406530298351963 0.28884406509212374 0.04174589972005675 0.04518388770945339
68 0.4485705214538963 0.06283886374346635 -0.019570525873557773 -0.02790926936834995 1.0463122818541992 0.021115417023448237 0.33934660291554736 0.06960248822513783 0.05245064077800348 -0.019570525952227802 0.02829118432971423 0.006709852654845918 0.09993557122192316 0.3899103932870365 0.04522815409645614 0.023461313546559573 0.2690262845114035 0.569160588414717 0.07804270326559341 0.08634601864276359
90 0.2280250898758791 0.04518388770944526 0.017160702915751138 0.01093890437349565 0.08634601864275249 0.06939978523998663 0.29628116211860667 0.2829536499997793 0.06866017846165406 0.01716070299680518 0.1833250452544548 -0.003633264230082922 0.06366705753665147 0.07122780295540254 0.07149052800106626 0.20427671968811545 0.44767041358244164 0.07247899206658137 0.8348676942168076 0.8764523627664076
110 0.44652481792516413 0.15678275994761687 0.04629457174083527 0.049047511671763196 0.5013098754505049 0.03949906398437912 0.5722404152975329 0.34027723955098954 0.20655058484649916 0.04629457215802485 0.09239943410678202 0.1317393905698467 0.27424979894983553 0.6643459140914278 0.11413922221319465 0.19671110393848695 0.4864385415704589 0.352911500522783 0.07198837917071664 0.22134117986829635
137 0.3173122618268091 0.29793033564937405 0.16231940497114153 0.24959998646720877 0.14916809908248835 0.08914995511295126 0.36859124784964165 0.6110153299655845 0.37157706650872835 0.16231940520146632 0.2400915116468023 0.17639971280305036 0.22637450221257596 0.6844377051694039 0.3456945831308975 0.2234140592942034 0.2917848006512194 0.26814571614267724 0.14693983995883256 0.22003456426004764
138 0.338451072759987 0.23311260281347115 0.16187080257207348 0.18897370529963395 0.0375253088214005 0.13428127706952675 0.326524538713667 1.0076875190400156 0.22279649789410952 0.16187080269570966 0.28167029780850245 0.1685647795680138 0.10861141268293936 0.34494309287491426 0.23236682499262365 0.20911134021220598 0.13330350843022126 0.10714196668626488 0.3160455323024883 0.26487431210878515
92 0.2280250898758791 0.04518388770944526 0.017160702915751138 0.01093890437349565 0.08634601864275249 0.06939978523998663 0.29628116211860667 0.2829536499997793 0.06866017846165406 0.01716070299680518 0.1833250452544548 -0.003633264230082922 0.06366705753665147 0.07122780295540254 0.07149052800106626 0.20427671968811545 0.44767041358244164 0.07247899206658137 0.8348676942168076 0.8764523627664076
8 0.01693442626277953 0.22350669806522833 0.1724942006427812 0.24192511981418477 0.005585369903746243 0.6647281995328194 0.024060570355107315 0.11685628693798533 0.2494734731409655 0.17249420093067083 0.5109302585059475 0.7754991215605582 0.283427958663684 0.14758760672487486 0.28181666762241625 0.5100438443078428 0.026271158176459974 0.08457279146256974 -0.006525901886117197 -0.018569895870262948
53 0.18972376500934376 0.26675613072884524 0.1266890989811593 0.032784207057350974 0.0727074893849526 0.4464854596976829 0.15445198632187637 0.35715334274215943 0.33721818644318935 0.1266890993729903 0.7122159009043696 0.14091776507570677 0.257092760608585 0.0870493842678289 0.21249303106803646 0.601299495685457 0.21412715106915575 0.10248806197920354 0.35665694877110093 0.4280263923958784
117 0.2280250898758791 0.04518388770944526 0.017160702915751138 0.01093890437349565 0.08634601864275249 0.06939978523998663 0.29628116211860667 0.2829536499997793 0.06866017846165406 0.01716070299680518 0.1833250452544548 -0.003633264230082922 0.06366705753665147 0.07122780295540254 0.07149052800106626 0.20427671968811545 0.44767041358244164 0.07247899206658137 0.8348676942168076 0.8764523627664076
120 0.2280250898758791 0.04518388770944526 0.017160702915751138 0.01093890437349565 0.08634601864275249 0.06939978523998663 0.29628116211860667 0.2829536499997793 0.06866017846165406 0.01716070299680518 0.1833250452544548 -0.003633264230082922 0.06366705753665147 0.07122780295540254 0.07149052800106626 0.20427671968811545 0.44767041358244164 0.07247899206658137 0.8348676942168076 0.8764523627664076
95 0.2280250898758791 0.04518388770944526 0.017160702915751138 0.01093890437349565 0.08634601864275249 0.06939978523998663 0.29628116211860667 0.2829536499997793 0.06866017846165406 0.01716070299680518 0.1833250452544548 -0.003633264230082922 0.06366705753665147 0.07122780295540254 0.07149052800106626 0.20427671968811545 0.44767041358244164 0.07247899206658137 0.8348676942168076 0.8764523627664076
98 0.2280250898758791 0.04518388770944526 0.017160702915751138 0.01093890437349565 0.08634601864275249 0.06939978523998663 0.29628116211860667 0.2829536499997793 0.06866017846165406 0.01716070299680518 0.1833250452544548 -0.003633264230082922 0.06366705753665147 0.07122780295540254 0.07149052800106626 0.20427671968811545 0.44767041358244164 0.07247899206658137 0.8348676942168076 0.8764523627664076
203 0.6464451330203161 0.06206834089534097 -0.014144022057935964 -0.01952665788237934 0.3393466029155443 0.020906325732190874 0.8243559957758156 0.2611800957021487 0.07695143258313385 -0.014144022081985569 0.09211700274899444 0.03555259479792984 0.11523868474420804 0.2934165667415787 0.08388519813283397 0.10227237506751131 0.5610369979009918 0.28451441243172587 0.31316070647291855 0.2962811621186163
93 0.2280250898758791 0.04518388770944526 0.017160702915751138 0.01093890437349565 0.08634601864275249 0.06939978523998663 0.29628116211860667 0.2829536499997793 0.06866017846165406 0.01716070299680518 0.1833250452544548 -0.003633264230082922 0.06366705753665147 0.07122780295540254 0.07149052800106626 0.20427671968811545 0.44767041358244164 0.07247899206658137 0.8348676942168076 0.8764523627664076
200 0.2591901537107405 0.04174589972006192 0.017921066402135213 0.010621201340596013 0.07804270326558885 0.06803266397059525 0.31316070647291006 0.3096835368114862 0.06546428995650495 0.017921066281012227 0.18402920186432772 -0.0014041558415158813 0.06187668255504665 0.0620982399914386 0.07262786926962465 0.2016210948057349 0.43281787339002326 0.07613739858096297 0.862399335901239 0.8348676942168087
186 0.2845679875513771 0.1359155310209624 0.027673212147706384 0.10665022471959797 0.33924829385767413 0.037451790417533715 0.36994143874464297 0.08527606160869489 0.3668568920275406 0.027673212223352495 0.13031632257412887 0.10972873736819261 0.4729212549154404 0.40532015879250055 0.3619178888440145 0.1323112335577312 0.5848745064111571 0.7473797206506346 0.09638644872662466 0.10124971255488092
173 0.4485705214538963 0.06283886374346635 -0.019570525873557773 -0.02790926936834995 1.0463122818541992 0.021115417023448237 0.33934660291554736 0.06960248822513783 0.05245064077800348 -0.019570525952227802 0.02829118432971423 0.006709852654845918 0.09993557122192316 0.3899103932870365 0.04522815409645614 0.023461313546559573 0.2690262845114035 0.569160588414717 0.07804270326559341 0.08634601864276359
63 0.20421531681755029 0.4990678522938586 0.2737583790023733 0.40121063959762227 0.20866929657026692 0.11061552252192802 0.16441718636037272 0.4417133930416319 0.3205438180011128 0.2737583793433034 0.13362436491185256 0.13451692561336787 0.31500049289169085 0.7794038283284379 0.2371145309257008 0.21383911850598697 0.187049309319599 0.34554641262523417 0.05673950974068501 0.10070992506823549
31 0.17963012733304923 0.2261652097987757 0.11971086924956333 0.04040932873736414 0.06720042514137954 0.45939769587277524 0.15175808052867995 0.31603567926370113 0.27505627395862214 0.11971086951448158 0.7651769348717599 0.142593345688634 0.2456633515570945 0.09035329674272682 0.21922082122850775 0.6079477529825429 0.22033968372681384 0.09363690311491496 0.38325541809489455 0.40935644565842433
153 0.26522845199187767 0.07661807150625555 0.01923328123293581 0.11715743456410214 0.2709467958391357 0.034313898156162384 0.37585443401419655 0.07635879129983125 0.3622699770874164 0.019233281360790246 0.14511715086739607 0.10684749718079763 0.48099033293232524 0.3587833364400117 0.39450145908816137 0.16410053393524013 0.7032767569585342 0.6730639698859875 0.11564504051199156 0.10330801402370937
107 0.4485705214538963 0.06283886374346635 -0.019570525873557773 -0.02790926936834995 1.0463122818541992 0.021115417023448237 0.33934660291554736 0.06960248822513783 0.05245064077800348 -0.019570525952227802 0.02829118432971423 0.006709852654845918 0.09993557122192316 0.3899103932870365 0.04522815409645614 0.023461313546559573 0.2690262845114035 0.569160588414717 0.07804270326559341 0.08634601864276359
14 0.0636362784176713 0.31238641266354067 0.15990699964116842 0.22261315537441878 0.07595137078003061 0.5205559643234815 0.12692502462126182 0.13821202508727592 0.3568324900121539 0.15990700003994973 0.5188677761254405 0.6691894599772418 0.47280695121472444 0.16474467158848632 0.34068097434897116 0.4828434223910467 0.10996085074453177 0.15459164448096624 0.023776800301248287 0.024305103434620345
66 0.2845679875513771 0.1359155310209624 0.027673212147706384 0.10665022471959797 0.33924829385767413 0.037451790417533715 0.36994143874464297 0.08527606160869489 0.3668568920275406 0.027673212223352495 0.13031632257412887 0.10972873736819261 0.4729212549154404 0.40532015879250055 0.3619178888440145 0.1323112335577312 0.5848745064111571 0.7473797206506346 0.09638644872662466 0.10124971255488092
48 0.010579183913150953 0.2697518716867673 0.22830900742849214 0.20599926602187782 -0.0019250712236139728 0.6558960628897458 0.019970285239792416 0.17539438241542052 0.33056708209851354 0.22830900798990922 0.5188591322282069 0.6722467285738478 0.26365390664439037 0.11402188129910185 0.38216400903798664 0.5035988112566725 0.0045632043814109995 0.05895255383181016 0.034956938471480174 0.018794029931145758
109 0.14896974919572276 0.5677756168790791 0.33434430959782463 0.3061471947231833 0.1141773621204712 0.25493059018703623 0.11722932396587245 0.2091317122664504 0.4307154861236977 0.33434431006050475 0.23376313172924917 0.3455857557844805 0.5487754097802199 0.3261745331235887 0.4667506039250015 0.16870352660886617 0.08329896207905615 0.4215476025422741 0.038616321734307936 0.04549192426404645
211 0.2694498565331434 0.37429417229779394 0.1823841403757068 0.21474957147349574 0.38991039328703364 0.09732426685148314 0.29341656674157557 0.27828534493709234 0.2566623348977284 0.18238414056392624 0.1253081477513855 0.12732624934491954 0.2846083257659051 0.8637239223424886 0.22035885135682576 0.13533522015962027 0.256916552617432 0.5319748607240811 0.062098239991440284 0.07122780295540505
101 0.36742765635415636 0.24766831001423673 0.04098854513346491 0.10345805757318226 0.4430010344073532 0.04474287034248889 0.36811831991720984 0.11845901499820215 0.2909228893283107 0.040988545266204594 0.11662865331645762 0.124641908176004 0.4146213730174324 0.45723218272225197 0.336359980537399 0.059670331868121075 0.31803101397688455 0.8444638378690894 0.05831134728046258 0.08042876199862775
152 0.4485705214538963 0.06283886374346635 -0.019570525873557773 -0.02790926936834995 1.0463122818541992 0.021115417023448237 0.33934660291554736 0.06960248822513783 0.05245064077800348 -0.019570525952227802 0.02829118432971423 0.006709852654845918 0.09993557122192316 0.3899103932870365 0.04522815409645614 0.023461313546559573 0.2690262845114035 0.569160588414717 0.07804270326559341 0.08634601864276359
60 0.1299086470106117 0.529882683289342 0.3330970562440126 0.3039687055634307 0.11499182261184168 0.253483710799847 0.10802087585230863 0.18326937025347173 0.48084183618371595 0.33309705672964296 0.22607309867183023 0.3243290952277338 0.5688373916735742 0.3416614999284557 0.4560102664229948 0.212950020540435 0.11448624585031235 0.40681853353856495 0.050756608804844935 0.05370105248469436
160 0.3173122618268091 0.29793033564937405 0.16231940497114153 0.24959998646720877 0.14916809908248835 0.08914995511295126 0.36859124784964165 0.6110153299655845 0.37157706650872835 0.16231940520146632 0.2400915116468023 0.17639971280305036 0.22637450221257596 0.6844377051694039 0.3456945831308975 0.2234140592942034 0.2917848006512194 0.26814571614267724 0.14693983995883256 0.22003456426004764
46 0.013993473893248112 0.32416060127154306 0.26674755782062765 0.2170303985142346 0.02160544934923071 0.6532023774786694 0.02599997758729614 0.11747804235873853 0.3688428685734734 0.26674755834177005 0.4360359240726121 0.6818948455930479 0.36077155923546567 0.09043424950644811 0.390038949242236 0.417626956742217 0.00807228816928436 0.08358482914683517 0.006705937261415085 -0.008840355915142439
78 0.2845679875513771 0.1359155310209624 0.027673212147706384 0.10665022471959797 0.33924829385767413 0.037451790417533715 0.36994143874464297 0.08527606160869489 0.3668568920275406 0.027673212223352495 0.13031632257412887 0.10972873736819261 0.4729212549154404 0.40532015879250055 0.3619178888440145 0.1323112335577312 0.5848745064111571 0.7473797206506346 0.09638644872662466 0.10124971255488092
82 0.6464451330203161 0.06206834089534097 -0.014144022057935964 -0.01952665788237934 0.3393466029155443 0.020906325732190874 0.8243559957758156 0.2611800957021487 0.07695143258313385 -0.014144022081985569 0.09211700274899444 0.03555259479792984 0.11523868474420804 0.2934165667415787 0.08388519813283397 0.10227237506751131 0.5610369979009918 0.28451441243172587 0.31316070647291855 0.2962811621186163
123 0.2591901537107405 0.04174589972006192 0.017921066402135213 0.010621201340596013 0.07804270326558885 0.06803266397059525 0.31316070647291006 0.3096835368114862 0.06546428995650495 0.017921066281012227 0.18402920186432772 -0.0014041558415158813 0.06187668255504665 0.0620982399914386 0.07262786926962465 0.2016210948057349 0.43281787339002326 0.07613739858096297 0.862399335901239 0.8348676942168087
144 0.6464451330203161 0.06206834089534097 -0.014144022057935964 -0.01952665788237934 0.3393466029155443 0.020906325732190874 0.8243559957758156 0.2611800957021487 0.07695143258313385 -0.014144022081985569 0.09211700274899444 0.03555259479792984 0.11523868474420804 0.2934165667415787 0.08388519813283397 0.10227237506751131 0.5610369979009918 0.28451441243172587 0.31316070647291855 0.2962811621186163
88 0.2280250898758791 0.04518388770944526 0.017160702915751138 0.01093890437349565 0.08634601864275249 0.06939978523998663 0.29628116211860667 0.2829536499997793 0.06866017846165406 0.01716070299680518 0.1833250452544548 -0.003633264230082922 0.06366705753665147 0.07122780295540254 0.07149052800106626 0.20427671968811545 0.44767041358244164 0.07247899206658137 0.8348676942168076 0.8764523627664076
194 0.338451072759987 0.23311260281347115 0.16187080257207348 0.18897370529963395 0.0375253088214005 0.13428127706952675 0.326524538713667 1.0076875190400156 0.22279649789410952 0.16187080269570966 0.28167029780850245 0.1685647795680138 0.10861141268293936 0.34494309287491426 0.23236682499262365 0.20911134021220598 0.13330350843022126 0.10714196668626488 0.3160455323024883 0.26487431210878515
166 0.2280250898758791 0.04518388770944526 0.017160702915751138 0.01093890437349565 0.08634601864275249 0.06939978523998663 0.29628116211860667 0.2829536499997793 0.06866017846165406 0.01716070299680518 0.1833250452544548 -0.003633264230082922 0.06366705753665147 0.07122780295540254 0.07149052800106626 0.20427671968811545 0.44767041358244164 0.07247899206658137 0.8348676942168076 0.8764523627664076
128 0.378195372529976 0.04406530298351715 -0.020943309992409787 -0.009219725712538993 0.2690262845113942 0.03752351452908413 0.5610369979009826 0.13274856826036074 0.09701313647363587 -0.02094331006404557 0.1012858247656548 0.012297579942814415 0.1634347241032016 0.256916552617429 0.1150124404864478 0.10598449007404495 0.9254011372199032 0.2584373030438595 0.43281787339002487 0.4476704135824431
100 0.2280250898758791 0.04518388770944526 0.017160702915751138 0.01093890437349565 0.08634601864275249 0.06939978523998663 0.29628116211860667 0.2829536499997793 0.06866017846165406 0.01716070299680518 0.1833250452544548 -0.003633264230082922 0.06366705753665147 0.07122780295540254 0.07149052800106626 0.20427671968811545 0.44767041358244164 0.07247899206658137 0.8348676942168076 0.8764523627664076
76 0.2280250898758791 0.04518388770944526 0.017160702915751138 0.01093890437349565 0.08634601864275249 0.06939978523998663 0.29628116211860667 0.2829536499997793 0.06866017846165406 0.01716070299680518 0.1833250452544548 -0.003633264230082922 0.06366705753665147 0.07122780295540254 0.07149052800106626 0.20427671968811545 0.44767041358244164 0.07247899206658137 0.8348676942168076 0.8764523627664076
6 0.0045605109548741835 0.2658854098845125 0.2795520374769137 0.23512403741730603 0.0036800456279284044 0.4240880636659201 0.03433239739079764 0.17957211677716256 0.40719139018453215 0.2795520381222375 0.43892337404546294 0.7373537468898973 0.358001876518206 0.15793519388225036 0.4581223251569278 0.4813704043564088 0.01970792408765319 0.07884979609607273 0.011402062776890105 0.004185287378075897
148 0.338451072759987 0.23311260281347115 0.16187080257207348 0.18897370529963395 0.0375253088214005 0.13428127706952675 0.326524538713667 1.0076875190400156 0.22279649789410952 0.16187080269570966 0.28167029780850245 0.1685647795680138 0.10861141268293936 0.34494309287491426 0.23236682499262365 0.20911134021220598 0.13330350843022126 0.10714196668626488 0.3160455323024883 0.26487431210878515
142 0.4485705214538963 0.06283886374346635 -0.019570525873557773 -0.02790926936834995 1.0463122818541992 0.021115417023448237 0.33934660291554736 0.06960248822513783 0.05245064077800348 -0.019570525952227802 0.02829118432971423 0.006709852654845918 0.09993557122192316 0.3899103932870365 0.04522815409645614 0.023461313546559573 0.2690262845114035 0.569160588414717 0.07804270326559341 0.08634601864276359
27 0.00016115028523164536 0.19604406214655398 0.20288724652439458 0.22418102508009108 -0.011416108446763716 0.7120354572701 -0.011081754270723367 0.11943900715297534 0.28847478130332466 0.20288724715309597 0.48301501404989317 0.7185592416004392 0.2515302673787828 0.12411065937422962 0.3177800335676763 0.5388618723615665 -0.002848419593187608 0.05195402056701954 0.0039421837548834346 -0.009248980110705431
145 0.6464451330203161 0.06206834089534097 -0.014144022057935964 -0.01952665788237934 0.3393466029155443 0.020906325732190874 0.8243559957758156 0.2611800957021487 0.07695143258313385 -0.014144022081985569 0.09211700274899444 0.03555259479792984 0.11523868474420804 0.2934165667415787 0.08388519813283397 0.10227237506751131 0.5610369979009918 0.28451441243172587 0.31316070647291855 0.2962811621186163
55 0.04924875919390143 0.17024092576077282 0.18122720694563094 0.14621543705464382 0.010572455346431482 0.34030844619883727 0.1463288395224955 0.30193152562204734 0.32475377578403825 0.18122720719975904 0.5964855247350938 0.5482496665500346 0.27526453252961025 0.16671869217577298 0.3268419869727392 0.7533858289755415 0.10166315953234274 0.08515317604302046 0.2021885662479643 0.23051116995610196
215 0.26522845199187767 0.07661807150625555 0.01923328123293581 0.11715743456410214 0.2709467958391357 0.034313898156162384 0.37585443401419655 0.07635879129983125 0.3622699770874164 0.019233281360790246 0.14511715086739607 0.10684749718079763 0.48099033293232524 0.3587833364400117 0.39450145908816137 0.16410053393524013 0.7032767569585342 0.6730639698859875 0.11564504051199156 0.10330801402370937
73 0.2280250898758791 0.04518388770944526 0.017160702915751138 0.01093890437349565 0.08634601864275249 0.06939978523998663 0.29628116211860667 0.2829536499997793 0.06866017846165406 0.01716070299680518 0.1833250452544548 -0.003633264230082922 0.06366705753665147 0.07122780295540254 0.07149052800106626 0.20427671968811545 0.44767041358244164 0.07247899206658137 0.8348676942168076 0.8764523627664076
35 0.016401365208440214 0.2081108412468813 0.1768350147838007 0.236278460748482 0.006574637223758762 0.6456247983735062 0.02079672974069372 0.10396620378924916 0.2625042140229179 0.17683501528560303 0.49790729712387677 0.7839411267153151 0.2932086973691489 0.14434205653807752 0.25994739034899933 0.5424420886690078 0.028754724028184526 0.08518949742633777 -0.006297605624167033 -0.012093675597929947
57 0.0406095553124864 0.2624062696888263 0.15331747454316738 0.22267366159380317 0.03911620317308499 0.7187462877946087 0.054071297267587096 0.12104268027601695 0.2546880098918457 0.15331747477514593 0.5564571806360912 0.6737256490578817 0.3296211160347868 0.12978656421468068 0.26128801678015234 0.5099204364389666 0.055869459392619246 0.09686842746022183 0.017810751339985904 0.010705034713780547
139 0.2973443201446514 0.211363820685258 0.044566742512205396 0.09545563063093096 0.44042486882151155 0.04757828006523553 0.34315910794005905 0.09447987579088929 0.33813770891999634 0.04456674253253698 0.10742827090305415 0.10721334114592329 0.443581337234756 0.46562299571324745 0.31104361071840386 0.09836601012066379 0.42778979736899103 0.8198478343713809 0.07940830590916104 0.09238611100183114
50 -0.006347071235726451 0.22120701343674493 0.22102110554435853 0.2501297131324483 -0.010846447785538456 0.6881597422281955 -0.016903259454185506 0.08159692175609652 0.3004259392429565 0.2210211059417318 0.42430842031722243 0.7931254850202288 0.28068720401461594 0.13424837655287322 0.315192551054009 0.4544011734136814 -0.009889029059077485 0.054752737495848594 -0.025510567289130155 -0.05021902529777624
175 0.2280250898758791 0.04518388770944526 0.017160702915751138 0.01093890437349565 0.08634601864275249 0.06939978523998663 0.29628116211860667 0.2829536499997793 0.06866017846165406 0.01716070299680518 0.1833250452544548 -0.003633264230082922 0.06366705753665147 0.07122780295540254 0.07149052800106626 0.20427671968811545 0.44767041358244164 0.07247899206658137 0.8348676942168076 0.8764523627664076
23 0.08951453045624934 0.2674828581513003 0.1664986250973612 0.13040325893570612 0.040666342570240016 0.6800047357312532 0.06658271350968205 0.2521411741255737 0.325774446076851 0.16649862541355762 0.6790115872751106 0.3766722278883899 0.2751864411411555 0.09583768482095747 0.31408016334800604 0.5879102952789037 0.09411291249580497 0.07834475146357041 0.1696061530408875 0.17907715284210643
41 0.06063393557604043 0.22501281601673565 0.18033445956170463 0.1316318206787422 0.01761355166705732 0.4157062947589239 0.13848811058658334 0.27667838573134473 0.31316914711872196 0.1803344603062469 0.6288867523687713 0.5551249247411494 0.26797007382356236 0.13122236536002926 0.29548377841261214 0.7222194373481485 0.08992667253990663 0.0951103532000497 0.18069217925118133 0.20708895371819475
213 0.888546941618514 0.08469136759660081 -0.019686343686510947 -0.016245102188126085 0.4485705214538869 0.04236896734705136 0.6464451330203025 0.35634756570771875 0.0726364432961257 -0.019686343688578585 0.07452347437544576 0.012828948216935188 0.12079203094558247 0.26944985653314063 0.07321922596207478 0.06565981203656386 0.37819537252997965 0.2903788066688116 0.25919015371074666 0.2280250898758756
112 0.34728300257400996 0.31855757581525546 0.15878864935796447 0.24367955018433074 0.18118930752907397 0.09874046217653071 0.3189861599134454 0.6694653177233585 0.35360313649247965 0.15878864988317248 0.1958619546298007 0.15955439212990277 0.2830772845430956 0.6251370237738917 0.3351604425815791 0.26594165550045407 0.29402515509454935 0.2504771372732401 0.14360970613693344 0.22930778889057463
38 0.03363279553732002 0.24061614072544932 0.19213272601921905 0.1799678052080875 0.016180935008993404 0.7087290304377297 0.03291873758981688 0.1728659643222941 0.3449381115433926 0.19213272642233778 0.5802071413174429 0.5410703512688716 0.2780383690491629 0.11795331735259484 0.32514145151027096 0.5803338442424182 0.039889069624726776 0.05921131673674366 0.08131717254244672 0.08551638424250119
16 0.03909550673116723 0.3150397818215906 0.21154155118155019 0.20721166404921473 0.04323441157399913 0.6556336553072359 0.05412354666203634 0.15255004818279633 0.3616314652501233 0.21154155176168601 0.5008227136644203 0.6196799856200994 0.3860309825138949 0.10811038103578506 0.37761819075141834 0.47430844673511213 0.050455034813192745 0.09962304834677033 0.031723738876921384 0.02252211429113486
193 0.3173122618268091 0.29793033564937405 0.16231940497114153 0.24959998646720877 0.14916809908248835 0.08914995511295126 0.36859124784964165 0.6110153299655845 0.37157706650872835 0.16231940520146632 0.2400915116468023 0.17639971280305036 0.22637450221257596 0.6844377051694039 0.3456945831308975 0.2234140592942034 0.2917848006512194 0.26814571614267724 0.14693983995883256 0.22003456426004764
201 0.378195372529976 0.04406530298351715 -0.020943309992409787 -0.009219725712538993 0.2690262845113942 0.03752351452908413 0.5610369979009826 0.13274856826036074 0.09701313647363587 -0.02094331006404557 0.1012858247656548 0.012297579942814415 0.1634347241032016 0.256916552617429 0.1150124404864478 0.10598449007404495 0.9254011372199032 0.2584373030438595 0.43281787339002487 0.4476704135824431
24 0.03950591408774545 0.2934736035255716 0.2096178366208346 0.2069178308287569 0.04910290328988762 0.7269644831504513 0.03872675396584813 0.13925717552637043 0.36585293501505256 0.20961783696378739 0.49535035511680425 0.5397439740206652 0.39851941567383314 0.09905555708530328 0.4045293368399554 0.4602467011034616 0.05596492264921651 0.09042386583879246 0.04069175833440086 0.02331654223959622
97 0.2280250898758791 0.04518388770944526 0.017160702915751138 0.01093890437349565 0.08634601864275249 0.06939978523998663 0.29628116211860667 0.2829536499997793 0.06866017846165406 0.01716070299680518 0.1833250452544548 -0.003633264230082922 0.06366705753665147 0.07122780295540254 0.07149052800106626 0.20427671968811545 0.44767041358244164 0.07247899206658137 0.8348676942168076 0.8764523627664076
221 0.4485705214538963 0.06283886374346635 -0.019570525873557773 -0.02790926936834995 1.0463122818541992 0.021115417023448237 0.33934660291554736 0.06960248822513783 0.05245064077800348 -0.019570525952227802 0.02829118432971423 0.006709852654845918 0.09993557122192316 0.3899103932870365 0.04522815409645614 0.023461313546559573 0.2690262845114035 0.569160588414717 0.07804270326559341 0.08634601864276359
74 0.2280250898758791 0.04518388770944526 0.017160702915751138 0.01093890437349565 0.08634601864275249 0.06939978523998663 0.29628116211860667 0.2829536499997793 0.06866017846165406 0.01716070299680518 0.1833250452544548 -0.003633264230082922 0.06366705753665147 0.07122780295540254 0.07149052800106626 0.20427671968811545 0.44767041358244164 0.07247899206658137 0.8348676942168076 0.8764523627664076
151 0.4485705214538963 0.06283886374346635 -0.019570525873557773 -0.02790926936834995 1.0463122818541992 0.021115417023448237 0.33934660291554736 0.06960248822513783 0.05245064077800348 -0.019570525952227802 0.02829118432971423 0.006709852654845918 0.09993557122192316 0.3899103932870365 0.04522815409645614 0.023461313546559573 0.2690262845114035 0.569160588414717 0.07804270326559341 0.08634601864276359
71 0.2280250898758791 0.04518388770944526 0.017160702915751138 0.01093890437349565 0.08634601864275249 0.06939978523998663 0.29628116211860667 0.2829536499997793 0.06866017846165406 0.01716070299680518 0.1833250452544548 -0.003633264230082922 0.06366705753665147 0.07122780295540254 0.07149052800106626 0.20427671968811545 0.44767041358244164 0.07247899206658137 0.8348676942168076 0.8764523627664076
169 0.2280250898758791 0.04518388770944526 0.017160702915751138 0.01093890437349565 0.08634601864275249 0.06939978523998663 0.29628116211860667 0.2829536499997793 0.06866017846165406 0.01716070299680518 0.1833250452544548 -0.003633264230082922 0.06366705753665147 0.07122780295540254 0.07149052800106626 0.20427671968811545 0.44767041358244164 0.07247899206658137 0.8348676942168076 0.8764523627664076
147 0.3173122618268091 0.29793033564937405 0.16231940497114153 0.24959998646720877 0.14916809908248835 0.08914995511295126 0.36859124784964165 0.6110153299655845 0.37157706650872835 0.16231940520146632 0.2400915116468023 0.17639971280305036 0.22637450221257596 0.6844377051694039 0.3456945831308975 0.2234140592942034 0.2917848006512194 0.26814571614267724 0.14693983995883256 0.22003456426004764
118 0.2280250898758791 0.04518388770944526 0.017160702915751138 0.01093890437349565 0.08634601864275249 0.06939978523998663 0.29628116211860667 0.2829536499997793 0.06866017846165406 0.01716070299680518 0.1833250452544548 -0.003633264230082922 0.06366705753665147 0.07122780295540254 0.07149052800106626 0.20427671968811545 0.44767041358244164 0.07247899206658137 0.8348676942168076 0.8764523627664076
154 0.26522845199187767 0.07661807150625555 0.01923328123293581 0.11715743456410214 0.2709467958391357 0.034313898156162384 0.37585443401419655 0.07635879129983125 0.3622699770874164 0.019233281360790246 0.14511715086739607 0.10684749718079763 0.48099033293232524 0.3587833364400117 0.39450145908816137 0.16410053393524013 0.7032767569585342 0.6730639698859875 0.11564504051199156 0.10330801402370937
187 0.4485705214538963 0.06283886374346635 -0.019570525873557773 -0.02790926936834995 1.0463122818541992 0.021115417023448237 0.33934660291554736 0.06960248822513783 0.05245064077800348 -0.019570525952227802 0.02829118432971423 0.006709852654845918 0.09993557122192316 0.3899103932870365 0.04522815409645614 0.023461313546559573 0.2690262845114035 0.569160588414717 0.07804270326559341 0.08634601864276359
135 0.6464451330203161 0.06206834089534097 -0.014144022057935964 -0.01952665788237934 0.3393466029155443 0.020906325732190874 0.8243559957758156 0.2611800957021487 0.07695143258313385 -0.014144022081985569 0.09211700274899444 0.03555259479792984 0.11523868474420804 0.2934165667415787 0.08388519813283397 0.10227237506751131 0.5610369979009918 0.28451441243172587 0.31316070647291855 0.2962811621186163
212 0.2694498565331434 0.37429417229779394 0.1823841403757068 0.21474957147349574 0.38991039328703364 0.09732426685148314 0.29341656674157557 0.27828534493709234 0.2566623348977284 0.18238414056392624 0.1253081477513855 0.12732624934491954 0.2846083257659051 0.8637239223424886 0.22035885135682576 0.13533522015962027 0.256916552617432 0.5319748607240811 0.062098239991440284 0.07122780295540505
176 0.2280250898758791 0.04518388770944526 0.017160702915751138 0.01093890437349565 0.08634601864275249 0.06939978523998663 0.29628116211860667 0.2829536499997793 0.06866017846165406 0.01716070299680518 0.1833250452544548 -0.003633264230082922 0.06366705753665147 0.07122780295540254 0.07149052800106626 0.20427671968811545 0.44767041358244164 0.07247899206658137 0.8348676942168076 0.8764523627664076
204 0.6464451330203161 0.06206834089534097 -0.014144022057935964 -0.01952665788237934 0.3393466029155443 0.020906325732190874 0.8243559957758156 0.2611800957021487 0.07695143258313385 -0.014144022081985569 0.09211700274899444 0.03555259479792984 0.11523868474420804 0.2934165667415787 0.08388519813283397 0.10227237506751131 0.5610369979009918 0.28451441243172587 0.31316070647291855 0.2962811621186163
99 0.2280250898758791 0.04518388770944526 0.017160702915751138 0.01093890437349565 0.08634601864275249 0.06939978523998663 0.29628116211860667 0.2829536499997793 0.06866017846165406 0.01716070299680518 0.1833250452544548 -0.003633264230082922 0.06366705753665147 0.07122780295540254 0.07149052800106626 0.20427671968811545 0.44767041358244164 0.07247899206658137 0.8348676942168076 0.8764523627664076
156 0.4485705214538963 0.06283886374346635 -0.019570525873557773 -0.02790926936834995 1.0463122818541992 0.021115417023448237 0.33934660291554736 0.06960248822513783 0.05245064077800348 -0.019570525952227802 0.02829118432971423 0.006709852654845918 0.09993557122192316 0.3899103932870365 0.04522815409645614 0.023461313546559573 0.2690262845114035 0.569160588414717 0.07804270326559341 0.08634601864276359
65 0.3563475657077165 0.23885691203528808 0.16612245834510528 0.17561762121803565 0.06960248822513145 0.15403625341141156 0.26118009570214157 1.0490535824017144 0.2019551175233833 0.16612245872680467 0.23580114589387016 0.1488824432779373 0.1686019967259386 0.2782853449370908 0.20731846204195667 0.24826983187468188 0.13274856826036016 0.09998832916895915 0.30968353681148547 0.28295364999977796
83 0.6464451330203161 0.06206834089534097 -0.014144022057935964 -0.01952665788237934 0.3393466029155443 0.020906325732190874 0.8243559957758156 0.2611800957021487 0.07695143258313385 -0.014144022081985569 0.09211700274899444 0.03555259479792984 0.11523868474420804 0.2934165667415787 0.08388519813283397 0.10227237506751131 0.5610369979009918 0.28451441243172587 0.31316070647291855 0.2962811621186163
171 0.26522845199187767 0.07661807150625555 0.01923328123293581 0.11715743456410214 0.2709467958391357 0.034313898156162384 0.37585443401419655 0.07635879129983125 0.3622699770874164 0.019233281360790246 0.14511715086739607 0.10684749718079763 0.48099033293232524 0.3587833364400117 0.39450145908816137 0.16410053393524013 0.7032767569585342 0.6730639698859875 0.11564504051199156 0.10330801402370937
119 0.2280250898758791 0.04518388770944526 0.017160702915751138 0.01093890437349565 0.08634601864275249 0.06939978523998663 0.29628116211860667 0.2829536499997793 0.06866017846165406 0.01716070299680518 0.1833250452544548 -0.003633264230082922 0.06366705753665147 0.07122780295540254 0.07149052800106626 0.20427671968811545 0.44767041358244164 0.07247899206658137 0.8348676942168076 0.8764523627664076
208 0.12079203094559643 0.4282651766283112 0.3079718217232502 0.26013666238139826 0.09993557122192295 0.26070029353155005 0.11523868474420922 0.16860199672593432 0.5198539694561838 0.30797182211395463 0.25527940931535775 0.3361020501092715 0.6023032583081539 0.2846083257659049 0.5288377078953562 0.2692534025608892 0.16343472410320287 0.382183507726093 0.06187668255504443 0.0636670575366533
162 0.338451072759987 0.23311260281347115 0.16187080257207348 0.18897370529963395 0.0375253088214005 0.13428127706952675 0.326524538713667 1.0076875190400156 0.22279649789410952 0.16187080269570966 0.28167029780850245 0.1685647795680138 0.10861141268293936 0.34494309287491426 0.23236682499262365 0.20911134021220598 0.13330350843022126 0.10714196668626488 0.3160455323024883 0.26487431210878515
190 0.6464451330203161 0.06206834089534097 -0.014144022057935964 -0.01952665788237934 0.3393466029155443 0.020906325732190874 0.8243559957758156 0.2611800957021487 0.07695143258313385 -0.014144022081985569 0.09211700274899444 0.03555259479792984 0.11523868474420804 0.2934165667415787 0.08388519813283397 0.10227237506751131 0.5610369979009918 0.28451441243172587 0.31316070647291855 0.2962811621186163
33 0.07452347437542584 0.2009767094694889 0.1487390356405625 0.14405654543909233 0.02829118432970283 0.5987996762791555 0.09211700274898076 0.23580114589386617 0.26208561126819374 0.14873903586148074 0.7042309952244032 0.450698844377246 0.25527940931536064 0.12530814775138857 0.28915318833076636 0.6706155855049961 0.1012858247656417 0.07686853302783621 0.18402920186431276 0.1833250452544478
45 0.08365571254703294 0.28041207171290955 0.1654088888602158 0.1250742320842166 0.03342244203393006 0.6075277328057577 0.09852764214706841 0.24940372691373153 0.2925775405602044 0.1654088893488137 0.6890207858685031 0.4757263673068466 0.25825218324537746 0.09654464233322092 0.266105396821929 0.6310123088979048 0.08425055161964179 0.09163225088534796 0.15570837810411572 0.1707668145229512
106 0.2973443201446514 0.211363820685258 0.044566742512205396 0.09545563063093096 0.44042486882151155 0.04757828006523553 0.34315910794005905 0.09447987579088929 0.33813770891999634 0.04456674253253698 0.10742827090305415 0.10721334114592329 0.443581337234756 0.46562299571324745 0.31104361071840386 0.09836601012066379 0.42778979736899103 0.8198478343713809 0.07940830590916104 0.09238611100183114
59 0.23536531647854894 0.3479429783409998 0.1324668075760847 0.01857914806726702 0.07508895254063078 0.4529985394899915 0.17163162020400358 0.43948354982297855 0.3338421960516314 0.1324668080716572 0.7119379509107441 0.1603557480613685 0.24326036510469176 0.05261108117060488 0.1994020025546106 0.5518558649198997 0.17472196119395778 0.12775471026309862 0.32039799930762236 0.3614242533164969
52 0.04588694569327776 0.34782551154392993 0.22419498927894083 0.16646100683138718 0.02590638344763722 0.7781388083785008 0.03171776439499076 0.18595768228007625 0.33700869475369516 0.22419498968976168 0.5578841902454017 0.5208255365401746 0.2766677831872876 0.06451088473359616 0.3145264655641086 0.46405069789769493 0.022664180080925234 0.07957187114013012 0.05839468549545747 0.06409731590323428
81 0.0732192259620859 0.36348044803559587 0.3586983256028604 0.2646187486885877 0.045228154096455184 0.28535072345647 0.08388519813283071 0.20731846204195775 0.5383462979361907 0.35869832608386215 0.2891531883307577 0.3712151767305764 0.5288377078953674 0.2203588513568293 0.6103362794402903 0.32573025264105454 0.11501244048644854 0.24495319034144927 0.0726278692696235 0.0714905280010655
218 0.2903788066688037 0.2888440650921231 0.07224603506590607 0.08732370785104251 0.5691605884147131 0.06728127238129569 0.28451441243172043 0.09998832916895842 0.2539540409682518 0.07224603527439087 0.07686853302783758 0.0939587056210054 0.3821835077260938 0.5319748607240796 0.24495319034144433 0.07550386520839554 0.2584373030438601 0.8619363007412717 0.07613739858096258 0.07247899206658333
111 0.70456521872604 0.07374421485614827 -0.024111317002705825 -0.009786291060350076 0.3664546275635636 0.01870020902723183 0.7527741249931531 0.29214540432741914 0.06360336232211954 -0.02411131699681913 0.06645105399236859 0.0327876927159199 0.1629908533716618 0.2597408794965861 0.07703301611567918 0.12324724659909335 0.5561324934522303 0.26324341622899894 0.3224962421339511 0.30836970736157077
116 0.2280250898758791 0.04518388770944526 0.017160702915751138 0.01093890437349565 0.08634601864275249 0.06939978523998663 0.29628116211860667 0.2829536499997793 0.06866017846165406 0.01716070299680518 0.1833250452544548 -0.003633264230082922 0.06366705753665147 0.07122780295540254 0.07149052800106626 0.20427671968811545 0.44767041358244164 0.07247899206658137 0.8348676942168076 0.8764523627664076
199 0.378195372529976 0.04406530298351715 -0.020943309992409787 -0.009219725712538993 0.2690262845113942 0.03752351452908413 0.5610369979009826 0.13274856826036074 0.09701313647363587 -0.02094331006404557 0.1012858247656548 0.012297579942814415 0.1634347241032016 0.256916552617429 0.1150124404864478 0.10598449007404495 0.9254011372199032 0.2584373030438595 0.43281787339002487 0.4476704135824431
103 0.4485705214538963 0.06283886374346635 -0.019570525873557773 -0.02790926936834995 1.0463122818541992 0.021115417023448237 0.33934660291554736 0.06960248822513783 0.05245064077800348 -0.019570525952227802 0.02829118432971423 0.006709852654845918 0.09993557122192316 0.3899103932870365 0.04522815409645614 0.023461313546559573 0.2690262845114035 0.569160588414717 0.07804270326559341 0.08634601864276359
113 0.20421531681755029 0.4990678522938586 0.2737583790023733 0.40121063959762227 0.20866929657026692 0.11061552252192802 0.16441718636037272 0.4417133930416319 0.3205438180011128 0.2737583793433034 0.13362436491185256 0.13451692561336787 0.31500049289169085 0.7794038283284379 0.2371145309257008 0.21383911850598697 0.187049309319599 0.34554641262523417 0.05673950974068501 0.10070992506823549
5 0.05012304827519727 0.13112372755139456 0.18921463888559772 0.1665801185027309 0.007024875717019199 0.3194402798941264 0.13271949652663587 0.36633312701151355 0.3875821210060319 0.1892146392146396 0.5485430259134694 0.4445423535025548 0.2960194012558874 0.20043870322310114 0.4453792762753341 0.7146270157116699 0.11833022763121075 0.06584814606923634 0.2433820826639423 0.2510258822572249
216 0.4485705214538963 0.06283886374346635 -0.019570525873557773 -0.02790926936834995 1.0463122818541992 0.021115417023448237 0.33934660291554736 0.06960248822513783 0.05245064077800348 -0.019570525952227802 0.02829118432971423 0.006709852654845918 0.09993557122192316 0.3899103932870365 0.04522815409645614 0.023461313546559573 0.2690262845114035 0.569160588414717 0.07804270326559341 0.08634601864276359
9 0.04741710829477903 0.1612583199447 0.20356045410041076 0.16040437884888306 -0.006989819748785507 0.2181630311116795 0.17585748416956923 0.37189022472089944 0.3547625977195477 0.2035604546914423 0.5413525066357413 0.5543239176409303 0.2670901174424153 0.20138414634123988 0.4086460678214301 0.7155080920157335 0.09822108712923018 0.0939762988322303 0.22348050104490913 0.23561491587218963
20 0.03692408842032549 0.2160176411346404 0.1692856961656572 0.18710708769038206 0.009837515655958681 0.7093112803927315 0.036513299100913464 0.16581259680690297 0.27053980720907017 0.16928569655643236 0.6122615642166315 0.5876187181944577 0.24764832942179024 0.1234215013632057 0.2803800408469443 0.6008941320755944 0.04188340420649072 0.06985810584775924 0.07393804086330849 0.07453212885633588
127 0.2591901537107405 0.04174589972006192 0.017921066402135213 0.010621201340596013 0.07804270326558885 0.06803266397059525 0.31316070647291006 0.3096835368114862 0.06546428995650495 0.017921066281012227 0.18402920186432772 -0.0014041558415158813 0.06187668255504665 0.0620982399914386 0.07262786926962465 0.2016210948057349 0.43281787339002326 0.07613739858096297 0.862399335901239 0.8348676942168087
2 0.012828948216925628 0.3034721345927198 0.2629460380851604 0.22310234069569918 0.0067098526548401505 0.5025765444769168 0.035552594797922416 0.14888244327793299 0.3565309404080526 0.2629460387823517 0.4506988443772374 0.7904680871075916 0.3361020501092716 0.1273262493449173 0.3712151767305795 0.46105373640039277 0.01229757994280812 0.09395870562100246 -0.001404155841524731 -0.0036332642300882685
62 0.44652481792516413 0.15678275994761687 0.04629457174083527 0.049047511671763196 0.5013098754505049 0.03949906398437912 0.5722404152975329 0.34027723955098954 0.20655058484649916 0.04629457215802485 0.09239943410678202 0.1317393905698467 0.27424979894983553 0.6643459140914278 0.11413922221319465 0.19671110393848695 0.4864385415704589 0.352911500522783 0.07198837917071664 0.22134117986829635
191 0.6464451330203161 0.06206834089534097 -0.014144022057935964 -0.01952665788237934 0.3393466029155443 0.020906325732190874 0.8243559957758156 0.2611800957021487 0.07695143258313385 -0.014144022081985569 0.09211700274899444 0.03555259479792984 0.11523868474420804 0.2934165667415787 0.08388519813283397 0.10227237506751131 0.5610369979009918 0.28451441243172587 0.31316070647291855 0.2962811621186163
30 0.014466687088525528 0.21131878455902883 0.19960134022542608 0.20440759898506938 -0.007240913260301518 0.6492569062005891 0.012685550031292287 0.14574539847211931 0.2835213757507285 0.1996013406985833 0.5296250437949408 0.7197047192006574 0.24812871309607396 0.12253521438781598 0.3005334776669444 0.5813227541751956 0.012621707393138462 0.06836707570713685 0.02748137051695785 0.025611568109971127
79 0.4485705214538963 0.06283886374346635 -0.019570525873557773 -0.02790926936834995 1.0463122818541992 0.021115417023448237 0.33934660291554736 0.06960248822513783 0.05245064077800348 -0.019570525952227802 0.02829118432971423 0.006709852654845918 0.09993557122192316 0.3899103932870365 0.04522815409645614 0.023461313546559573 0.2690262845114035 0.569160588414717 0.07804270326559341 0.08634601864276359
89 0.2280250898758791 0.04518388770944526 0.017160702915751138 0.01093890437349565 0.08634601864275249 0.06939978523998663 0.29628116211860667 0.2829536499997793 0.06866017846165406 0.01716070299680518 0.1833250452544548 -0.003633264230082922 0.06366705753665147 0.07122780295540254 0.07149052800106626 0.20427671968811545 0.44767041358244164 0.07247899206658137 0.8348676942168076 0.8764523627664076
196 0.2591901537107405 0.04174589972006192 0.017921066402135213 0.010621201340596013 0.07804270326558885 0.06803266397059525 0.31316070647291006 0.3096835368114862 0.06546428995650495 0.017921066281012227 0.18402920186432772 -0.0014041558415158813 0.06187668255504665 0.0620982399914386 0.07262786926962465 0.2016210948057349 0.43281787339002326 0.07613739858096297 0.862399335901239 0.8348676942168087
129 0.2973443201446514 0.211363820685258 0.044566742512205396 0.09545563063093096 0.44042486882151155 0.04757828006523553 0.34315910794005905 0.09447987579088929 0.33813770891999634 0.04456674253253698 0.10742827090305415 0.10721334114592329 0.443581337234756 0.46562299571324745 0.31104361071840386 0.09836601012066379 0.42778979736899103 0.8198478343713809 0.07940830590916104 0.09238611100183114
7 0.013503323762234138 0.18231891827391608 0.1906456382914366 0.23601115346605286 -0.002091825354656444 0.5307059916362378 0.025569902817108407 0.12418803171294865 0.28310198594348385 0.1906456387721742 0.4955074966808111 0.8203063227825177 0.29569126465440515 0.16481936049979298 0.29574602776374254 0.5734115832226182 0.03221333491823566 0.0878849266301744 -0.003354833027878464 -0.004009195930643729
174 -0.019686343681145944 0.43319868598629 0.6412790902041352 0.6365861063925616 -0.01957052591699072 0.17883299595408714 -0.014144022051098574 0.16612245847868484 0.38019505435298295 0.6412790907672944 0.14873903579306152 0.2629460385018689 0.3079718218720521 0.18238414060603103 0.3586983258229484 0.15877559328273488 -0.020943310016831234 0.07224603513959563 0.01792106634371972 0.017160702957724438
207 0.338451072759987 0.23311260281347115 0.16187080257207348 0.18897370529963395 0.0375253088214005 0.13428127706952675 0.326524538713667 1.0076875190400156 0.22279649789410952 0.16187080269570966 0.28167029780850245 0.1685647795680138 0.10861141268293936 0.34494309287491426 0.23236682499262365 0.20911134021220598 0.13330350843022126 0.10714196668626488 0.3160455323024883 0.26487431210878515
133 0.08469136759661397 0.6207293061024395 0.4331986858425241 0.4517882004105951 0.06283886374346356 0.24869679242119497 0.062068340895339774 0.23885691203528503 0.4383805267879138 0.4331986861264712 0.2009767094694873 0.3034721345927127 0.42826517662830177 0.3742941722977917 0.3634804480356012 0.17870972195941032 0.04406530298351963 0.28884406509212374 0.04174589972005675 0.04518388770945339
34 0.0014905858037554554 0.2260073741994604 0.20522549237666102 0.2354300994792554 0.004936870568646002 0.7534194201787986 -0.0027531978109147084 0.08865102351967073 0.2792077357261484 0.2052254924772162 0.4452666123494224 0.7252457207141416 0.299892440646515 0.10996969934644948 0.3249687620950483 0.4655514480410712 0.0029188641517235263 0.06391389016142826 -0.01510113776911143 -0.037827053361116615
86 0.338451072759987 0.23311260281347115 0.16187080257207348 0.18897370529963395 0.0375253088214005 0.13428127706952675 0.326524538713667 1.0076875190400156 0.22279649789410952 0.16187080269570966 0.28167029780850245 0.1685647795680138 0.10861141268293936 0.34494309287491426 0.23236682499262365 0.20911134021220598 0.13330350843022126 0.10714196668626488 0.3160455323024883 0.26487431210878515
170 0.26522845199187767 0.07661807150625555 0.01923328123293581 0.11715743456410214 0.2709467958391357 0.034313898156162384 0.37585443401419655 0.07635879129983125 0.3622699770874164 0.019233281360790246 0.14511715086739607 0.10684749718079763 0.48099033293232524 0.3587833364400117 0.39450145908816137 0.16410053393524013 0.7032767569585342 0.6730639698859875 0.11564504051199156 0.10330801402370937
56 -0.0011871608269110234 0.27981115359594366 0.2328330336380448 0.23465687413143382 0.012466286048144204 0.800883544591083 0.0021557944742513963 0.08942324155783371 0.3010799486392282 0.23283303391118212 0.42426093674092963 0.6675435668280683 0.3175375032338734 0.0917167141619118 0.3506249400568098 0.3913776483988267 -0.005800992177492979 0.060174577098198574 -0.011672851056924642 -0.039872506510239665
209 0.70456521872604 0.07374421485614827 -0.024111317002705825 -0.009786291060350076 0.3664546275635636 0.01870020902723183 0.7527741249931531 0.29214540432741914 0.06360336232211954 -0.02411131699681913 0.06645105399236859 0.0327876927159199 0.1629908533716618 0.2597408794965861 0.07703301611567918 0.12324724659909335 0.5561324934522303 0.26324341622899894 0.3224962421339511 0.30836970736157077
130 0.2973443201446514 0.211363820685258 0.044566742512205396 0.09545563063093096 0.44042486882151155 0.04757828006523553 0.34315910794005905 0.09447987579088929 0.33813770891999634 0.04456674253253698 0.10742827090305415 0.10721334114592329 0.443581337234756 0.46562299571324745 0.31104361071840386 0.09836601012066379 0.42778979736899103 0.8198478343713809 0.07940830590916104 0.09238611100183114
10 0.07276871261197566 0.22411663425054398 0.16179062287045082 0.14479694287365516 0.02448750867750308 0.5694907271061979 0.09943779076766748 0.26323995618789586 0.3496650361398555 0.16179062296601118 0.6704901974181289 0.42498861121794584 0.26794952171958697 0.1484586682910295 0.3356488537853673 0.6444516260385877 0.10294532516568589 0.0698095673806128 0.19130160756072642 0.19905637562121942
