id,x_0,x_1,x_2,x_3,x_4,x_5,x_6,x_7,x_8,x_9,x_10,x_11,x_12,x_13
0.0,0.003542322721185818,2.220446049250313e-16,2.220446049250313e-16,0.5562691350287745,2.220446049250313e-16,0.007449153610990652,2.220446049250313e-16,2.220446049250313e-16,0.5188614177579992,0.016061712600724212,2.220446049250313e-16,2.220446049250313e-16,0.6110229214581981,0.1292594556463549
1.0,2.220446049250313e-16,2.220446049250313e-16,2.220446049250313e-16,0.33298684428042863,2.220446049250313e-16,0.3921301565591932,0.029149038431371645,2.220446049250313e-16,0.47249442124609825,0.5846481286940463,2.220446049250313e-16,0.014152376803476925,0.1048449739635449,0.02884311851016005
2.0,0.5443514857660566,0.5239423812245905,0.014093327195355753,2.220446049250313e-16,0.06679829205673292,0.3851313284345592,2.220446049250313e-16,0.39284714773822904,2.220446049250313e-16,2.220446049250313e-16,2.220446049250313e-16,2.220446049250313e-16,2.220446049250313e-16,0.41351414789912566
3.0,0.16936942179713538,0.035186004475390276,0.0168633392155513,2.220446049250313e-16,0.5535955788933855,2.220446049250313e-16,2.220446049250313e-16,0.39284714773822893,0.510804982288278,2.220446049250313e-16,0.17928282694453293,2.220446049250313e-16,2.220446049250313e-16,2.220446049250313e-16
4.0,2.220446049250313e-16,0.345483884987585,2.220446049250313e-16,0.09051895414196989,0.0683625919573258,0.39290330324911465,2.220446049250313e-16,2.220446049250313e-16,0.5832986385438653,0.028631729085121682,2.220446049250313e-16,2.220446049250313e-16,0.3799345055043918,0.16688583376745372
5.0,0.44442952193628116,0.056391191398951435,2.220446049250313e-16,2.220446049250313e-16,0.13829311535069228,0.011520321406620068,0.0017390107479135866,0.392847147738229,0.020348190282995563,2.220446049250313e-16,2.220446049250313e-16,2.220446049250313e-16,0.4318028124554411,0.5258357495299307
6.0,0.42060587676141137,2.220446049250313e-16,0.1317808115581277,2.220446049250313e-16,0.44756261981294626,0.020722801689167437,0.024006621431838925,8.326672684688674e-17,0.4377925538481451,2.220446049250313e-16,0.20359459472303562,0.00911639160133841,2.220446049250313e-16,2.220446049250313e-16
7.0,2.220446049250313e-16,0.05640061761154333,0.013592548687972439,2.220446049250313e-16,0.7301797407374793,2.220446049250313e-16,2.220446049250313e-16,2.220446049250313e-16,0.5510202744117639,2.220446049250313e-16,0.1291661738057838,2.220446049250313e-16,0.019504206675529292,0.10859283419416618
8.0,0.41705677559666804,0.41565392550192654,0.09189877064925453,2.220446049250313e-16,2.220446049250313e-16,0.01891302437671599,0.02599119742950664,0.3928471477382291,0.529379830696813,2.220446049250313e-16,2.220446049250313e-16,0.009434839318301618,0.21428016817930742,0.09443074409870146
9.0,0.44795159021487646,0.05842176569741642,0.1080008127848713,2.220446049250313e-16,2.220446049250313e-16,0.015347995581335965,0.02560046400208724,0.39284714773822893,0.5257394012344373,2.220446049250313e-16,2.220446049250313e-16,0.00929958178879935,0.462240295870474,0.0722730783700663
10.0,0.16035722555821777,0.4492208294097848,2.220446049250313e-16,2.220446049250313e-16,0.2178610893441331,2.220446049250313e-16,0.0011479530747702039,0.3928471477382288,0.5926938565788288,2.220446049250313e-16,2.220446049250313e-16,2.220446049250313e-16,0.2296190426302204,0.08884384085110944
11.0,2.220446049250313e-16,0.061991280867032234,0.00037717369452627825,2.220446049250313e-16,0.6347568700416243,2.220446049250313e-16,0.5257497634838716,2.220446049250313e-16,0.01327160287451093,2.220446049250313e-16,0.1528699531174894,2.220446049250313e-16,0.028123244796397943,0.1442150039164487
12.0,0.17465522463089422,2.220446049250313e-16,2.220446049250313e-16,2.220446049250313e-16,0.532248690515199,2.220446049250313e-16,0.5260289394007062,2.220446049250313e-16,2.220446049250313e-16,2.220446049250313e-16,0.44399340777682683,2.220446049250313e-16,2.220446049250313e-16,2.220446049250313e-16
13.0,0.19629694262083708,0.07218368918647317,2.220446049250313e-16,2.220446049250313e-16,0.4779059830411129,2.220446049250313e-16,0.5261335593217115,4.163336342344337e-17,0.023812943366232887,2.220446049250313e-16,2.220446049250313e-16,2.220446049250313e-16,0.23490581161739416,0.1272845357507729
14.0,0.17053928756032036,2.220446049250313e-16,2.220446049250313e-16,2.220446049250313e-16,0.6308560191048277,2.220446049250313e-16,0.00018219078669971805,5.551115123125783e-17,0.5041050399209929,2.220446049250313e-16,0.4187240085020768,2.220446049250313e-16,2.220446049250313e-16,2.220446049250313e-16
15.0,0.15391077810978138,0.4349900353011451,2.220446049250313e-16,2.220446049250313e-16,0.41558800170306776,2.220446049250313e-16,0.000660453053598444,2.220446049250313e-16,0.5753872248972929,2.220446049250313e-16,2.220446049250313e-16,2.220446049250313e-16,0.2290983376371942,0.09007494826013929
16.0,0.16181084986793134,0.02677793003682316,0.014398341585871074,2.220446049250313e-16,0.7598392017323605,2.220446049250313e-16,2.220446049250313e-16,2.220446049250313e-16,0.4928402073975713,2.220446049250313e-16,0.12747154645728745,2.220446049250313e-16,2.220446049250313e-16,2.220446049250313e-16
17.0,2.220446049250313e-16,0.061991280867032234,0.00037717369452627825,2.220446049250313e-16,0.6347568700416243,2.220446049250313e-16,0.5257497634838716,2.220446049250313e-16,0.01327160287451093,2.220446049250313e-16,0.1528699531174894,2.220446049250313e-16,0.028123244796397943,0.1442150039164487
18.0,2.220446049250313e-16,0.008422301799894347,0.0023701617264216823,2.220446049250313e-16,0.5727296948277959,2.220446049250313e-16,0.00027007236738101943,2.220446049250313e-16,0.5091648826601352,2.220446049250313e-16,0.6251926209643782,2.220446049250313e-16,2.220446049250313e-16,2.220446049250313e-16
19.0,2.220446049250313e-16,2.220446049250313e-16,2.220446049250313e-16,0.0052165198764297935,0.3514838907602679,2.220446049250313e-16,0.5730844526874628,1.6653345369377348e-16,2.220446049250313e-16,0.3588265142007412,2.220446049250313e-16,2.220446049250313e-16,0.3550498496111868,2.220446049250313e-16
20.0,2.220446049250313e-16,0.061991280867032234,0.00037717369452627825,2.220446049250313e-16,0.6347568700416243,2.220446049250313e-16,0.5257497634838716,2.220446049250313e-16,0.01327160287451093,2.220446049250313e-16,0.1528699531174894,2.220446049250313e-16,0.028123244796397943,0.1442150039164487
21.0,2.220446049250313e-16,0.05640061761154333,0.013592548687972439,2.220446049250313e-16,0.7301797407374793,2.220446049250313e-16,2.220446049250313e-16,2.220446049250313e-16,0.5510202744117639,2.220446049250313e-16,0.1291661738057838,2.220446049250313e-16,0.019504206675529292,0.10859283419416618
22.0,0.16034430064910618,0.22054859177009917,0.021475591824666466,0.23711789166703068,0.2891585890043859,2.220446049250313e-16,2.220446049250313e-16,0.39284714773822893,0.5741792244116278,2.220446049250313e-16,2.220446049250313e-16,2.220446049250313e-16,2.220446049250313e-16,0.09866324634158949
23.0,2.220446049250313e-16,2.220446049250313e-16,0.10759311685585612,0.10822111333418524,0.08690208623395987,0.017188117983234975,0.05498427428531921,3.3306690738754696e-16,0.5342625692528675,0.5834938935273533,2.220446049250313e-16,0.02364404750090512,0.11534711496206779,0.037888271912185745
24.0,0.13726438362039156,0.4263003864077525,0.010704193488152138,0.45052633418561777,0.15241473424698262,2.220446049250313e-16,2.220446049250313e-16,0.3928471477382288,2.220446049250313e-16,2.220446049250313e-16,0.1510602826990669,2.220446049250313e-16,2.220446049250313e-16,0.390521814618604
25.0,2.220446049250313e-16,2.220446049250313e-16,2.220446049250313e-16,0.005164297412288008,0.15605045398687684,2.220446049250313e-16,0.5735845472021461,0.39284714773822904,2.220446049250313e-16,0.3587443436000367,2.220446049250313e-16,2.220446049250313e-16,0.3561343101847207,2.220446049250313e-16
26.0,0.17053928756032036,2.220446049250313e-16,2.220446049250313e-16,2.220446049250313e-16,0.6308560191048277,2.220446049250313e-16,0.00018219078669971805,5.551115123125783e-17,0.5041050399209929,2.220446049250313e-16,0.4187240085020768,2.220446049250313e-16,2.220446049250313e-16,2.220446049250313e-16
27.0,2.220446049250313e-16,2.220446049250313e-16,2.220446049250313e-16,0.0052165198764297935,0.3514838907602679,2.220446049250313e-16,0.5730844526874628,1.6653345369377348e-16,2.220446049250313e-16,0.3588265142007412,2.220446049250313e-16,2.220446049250313e-16,0.3550498496111868,2.220446049250313e-16
28.0,0.3968232804729208,2.220446049250313e-16,2.220446049250313e-16,2.220446049250313e-16,0.35830038503286243,0.3966226364473714,2.220446049250313e-16,2.220446049250313e-16,2.220446049250313e-16,2.220446049250313e-16,0.495013199669915,2.220446049250313e-16,2.220446049250313e-16,0.4053474477297293
29.0,2.220446049250313e-16,2.220446049250313e-16,2.220446049250313e-16,0.10427720484151462,0.0896516002298996,0.39514500366166216,0.02873124806645532,5.551115123125783e-17,0.5321490103795274,0.5866147754475208,2.220446049250313e-16,0.013953500396632878,0.11393389364253766,0.03567722063107696
30.0,0.19932376827377096,0.10871029203898075,2.220446049250313e-16,0.4453433668569331,2.220446049250313e-16,2.220446049250313e-16,2.220446049250313e-16,0.3928471477382289,0.5252309669744152,2.220446049250313e-16,2.220446049250313e-16,2.220446049250313e-16,0.4540416679661502,0.05020647841242806
31.0,0.15391077810978138,0.4349900353011451,2.220446049250313e-16,2.220446049250313e-16,0.41558800170306776,2.220446049250313e-16,0.000660453053598444,2.220446049250313e-16,0.5753872248972929,2.220446049250313e-16,2.220446049250313e-16,2.220446049250313e-16,0.2290983376371942,0.09007494826013929
32.0,0.17053928756032036,2.220446049250313e-16,2.220446049250313e-16,2.220446049250313e-16,0.6308560191048277,2.220446049250313e-16,0.00018219078669971805,5.551115123125783e-17,0.5041050399209929,2.220446049250313e-16,0.4187240085020768,2.220446049250313e-16,2.220446049250313e-16,2.220446049250313e-16
33.0,0.17053928756032036,2.220446049250313e-16,2.220446049250313e-16,2.220446049250313e-16,0.6308560191048277,2.220446049250313e-16,0.00018219078669971805,5.551115123125783e-17,0.5041050399209929,2.220446049250313e-16,0.4187240085020768,2.220446049250313e-16,2.220446049250313e-16,2.220446049250313e-16
34.0,0.16898183411340625,0.025743223368290158,0.12865417124544118,2.220446049250313e-16,0.5911369170753514,2.220446049250313e-16,0.023677700234136182,2.220446049250313e-16,0.49332818756910524,2.220446049250313e-16,0.16422885025967895,0.009134554692472468,2.220446049250313e-16,2.220446049250313e-16
35.0,2.220446049250313e-16,2.220446049250313e-16,2.220446049250313e-16,0.00507340495138616,0.44487843795800014,2.220446049250313e-16,0.04377356422749501,2.220446049250313e-16,0.5155037841483187,0.40464683873345947,2.220446049250313e-16,2.220446049250313e-16,0.3414221744819732,2.220446049250313e-16
36.0,0.17053928756032036,2.220446049250313e-16,2.220446049250313e-16,2.220446049250313e-16,0.6308560191048277,2.220446049250313e-16,0.00018219078669971805,5.551115123125783e-17,0.5041050399209929,2.220446049250313e-16,0.4187240085020768,2.220446049250313e-16,2.220446049250313e-16,2.220446049250313e-16
37.0,2.220446049250313e-16,2.220446049250313e-16,2.220446049250313e-16,0.005029916416680673,0.24803131203678086,2.220446049250313e-16,0.044265235354692845,0.3928471477382289,0.532638968289515,0.4045638228281471,2.220446049250313e-16,2.220446049250313e-16,0.3421407041720019,2.220446049250313e-16
38.0,0.17776164774390243,0.41430566549364944,0.008825634191783598,0.23661482733167358,0.2836264557351918,0.0353192551648123,2.220446049250313e-16,2.220446049250313e-16,0.5064532195782228,2.220446049250313e-16,0.10944107241020495,2.220446049250313e-16,2.220446049250313e-16,0.10128778457228647
39.0,2.220446049250313e-16,2.220446049250313e-16,2.220446049250313e-16,0.005164297412288008,0.15605045398687684,2.220446049250313e-16,0.5735845472021461,0.39284714773822904,2.220446049250313e-16,0.3587443436000367,2.220446049250313e-16,2.220446049250313e-16,0.3561343101847207,2.220446049250313e-16
40.0,0.2233650335232593,2.220446049250313e-16,0.004778806296851235,2.220446049250313e-16,0.4296522655090214,0.03598354893913372,0.0006145285094391326,2.220446049250313e-16,0.4535872907580646,2.220446049250313e-16,0.6626199778097462,2.220446049250313e-16,2.220446049250313e-16,2.220446049250313e-16
41.0,2.220446049250313e-16,0.056400617611543344,0.01359254868797255,2.220446049250313e-16,0.7301797407374794,2.220446049250313e-16,2.220446049250313e-16,5.551115123125783e-17,0.5510202744117638,2.220446049250313e-16,0.12916617380578377,2.220446049250313e-16,0.01950420667552929,0.1085928341941662
42.0,0.16035722555821777,0.4492208294097848,2.220446049250313e-16,2.220446049250313e-16,0.2178610893441331,2.220446049250313e-16,0.0011479530747702039,0.3928471477382288,0.5926938565788288,2.220446049250313e-16,2.220446049250313e-16,2.220446049250313e-16,0.2296190426302204,0.08884384085110944
43.0,0.15391077810978138,0.4349900353011451,2.220446049250313e-16,2.220446049250313e-16,0.41558800170306776,2.220446049250313e-16,0.000660453053598444,2.220446049250313e-16,0.5753872248972929,2.220446049250313e-16,2.220446049250313e-16,2.220446049250313e-16,0.2290983376371942,0.09007494826013929
44.0,0.17053928756032036,2.220446049250313e-16,2.220446049250313e-16,2.220446049250313e-16,0.6308560191048277,2.220446049250313e-16,0.00018219078669971805,5.551115123125783e-17,0.5041050399209929,2.220446049250313e-16,0.4187240085020768,2.220446049250313e-16,2.220446049250313e-16,2.220446049250313e-16
45.0,0.15391077810978138,0.4349900353011451,2.220446049250313e-16,2.220446049250313e-16,0.41558800170306776,2.220446049250313e-16,0.000660453053598444,2.220446049250313e-16,0.5753872248972929,2.220446049250313e-16,2.220446049250313e-16,2.220446049250313e-16,0.2290983376371942,0.09007494826013929
46.0,0.17053928756032036,2.220446049250313e-16,2.220446049250313e-16,2.220446049250313e-16,0.6308560191048277,2.220446049250313e-16,0.00018219078669971805,5.551115123125783e-17,0.5041050399209929,2.220446049250313e-16,0.4187240085020768,2.220446049250313e-16,2.220446049250313e-16,2.220446049250313e-16
47.0,0.15643394210801964,0.4416830383096947,2.220446049250313e-16,2.220446049250313e-16,0.32370743046967676,2.220446049250313e-16,0.5265136110408711,2.220446049250313e-16,0.03727722014457079,2.220446049250313e-16,2.220446049250313e-16,2.220446049250313e-16,0.23753871598333554,0.12612521657562534
48.0,0.17805953899569596,0.40661948320026786,0.12103075489859556,2.220446049250313e-16,0.28206279752714225,0.038378527996913124,0.024626339543596422,2.220446049250313e-16,0.5077505544132598,2.220446049250313e-16,0.1039436503406716,0.00919441536737185,0.008927623234731005,0.11265354735605478
49.0,0.2063657673757502,2.220446049250313e-16,2.220446049250313e-16,0.10408414832552837,2.220446049250313e-16,0.4324522378273792,0.028979563814130554,2.220446049250313e-16,0.47176538937772444,0.5868987701883045,2.220446049250313e-16,0.01393551429561197,0.10495801332332748,0.04036534486055615
50.0,0.24481199576005708,2.220446049250313e-16,2.220446049250313e-16,0.3274707979095164,2.220446049250313e-16,0.04507729233385935,2.220446049250313e-16,2.220446049250313e-16,0.518156270962531,0.01833879964404152,2.220446049250313e-16,2.220446049250313e-16,0.6094091955393354,0.14094934353730063
51.0,2.220446049250313e-16,2.220446049250313e-16,2.220446049250313e-16,0.5809886202699213,2.220446049250313e-16,0.011002633148852164,0.02929987918464087,2.220446049250313e-16,0.4732519477287642,0.5826527352890073,2.220446049250313e-16,0.014344624460219136,0.0949426810988999,0.019599554897229178
52.0,0.003542322721185818,2.220446049250313e-16,2.220446049250313e-16,0.5562691350287745,2.220446049250313e-16,0.007449153610990652,2.220446049250313e-16,2.220446049250313e-16,0.5188614177579992,0.016061712600724212,2.220446049250313e-16,2.220446049250313e-16,0.6110229214581981,0.1292594556463549
53.0,0.15391077810978138,0.4349900353011451,2.220446049250313e-16,2.220446049250313e-16,0.41558800170306776,2.220446049250313e-16,0.000660453053598444,2.220446049250313e-16,0.5753872248972929,2.220446049250313e-16,2.220446049250313e-16,2.220446049250313e-16,0.2290983376371942,0.09007494826013929
54.0,0.17053928756032036,2.220446049250313e-16,2.220446049250313e-16,2.220446049250313e-16,0.6308560191048277,2.220446049250313e-16,0.00018219078669971805,5.551115123125783e-17,0.5041050399209929,2.220446049250313e-16,0.4187240085020768,2.220446049250313e-16,2.220446049250313e-16,2.220446049250313e-16
55.0,2.220446049250313e-16,2.220446049250313e-16,2.220446049250313e-16,0.0052165198764297935,0.3514838907602679,2.220446049250313e-16,0.5730844526874628,1.6653345369377348e-16,2.220446049250313e-16,0.3588265142007412,2.220446049250313e-16,2.220446049250313e-16,0.3550498496111868,2.220446049250313e-16
56.0,2.220446049250313e-16,0.008422301799894347,0.0023701617264216823,2.220446049250313e-16,0.5727296948277959,2.220446049250313e-16,0.00027007236738101943,2.220446049250313e-16,0.5091648826601352,2.220446049250313e-16,0.6251926209643782,2.220446049250313e-16,2.220446049250313e-16,2.220446049250313e-16
57.0,2.220446049250313e-16,0.061991280867032234,0.00037717369452627825,2.220446049250313e-16,0.6347568700416243,2.220446049250313e-16,0.5257497634838716,2.220446049250313e-16,0.01327160287451093,2.220446049250313e-16,0.1528699531174894,2.220446049250313e-16,0.028123244796397943,0.1442150039164487
58.0,0.17053928756032036,2.220446049250313e-16,2.220446049250313e-16,2.220446049250313e-16,0.6308560191048277,2.220446049250313e-16,0.00018219078669971805,5.551115123125783e-17,0.5041050399209929,2.220446049250313e-16,0.4187240085020768,2.220446049250313e-16,2.220446049250313e-16,2.220446049250313e-16
59.0,2.220446049250313e-16,0.3331017769436693,2.220446049250313e-16,0.0025289637635335094,0.22812043643036123,2.220446049250313e-16,2.220446049250313e-16,0.39284714773822915,0.5901422759218149,0.02806712154717016,2.220446049250313e-16,2.220446049250313e-16,0.3543267289545796,0.11386603702487226
60.0,0.13110309397713144,0.5512974578596375,0.0011949920005705,0.5439898961447888,2.220446049250313e-16,2.220446049250313e-16,2.220446049250313e-16,2.220446049250313e-16,2.220446049250313e-16,2.220446049250313e-16,0.3934523383153346,2.220446049250313e-16,2.220446049250313e-16,0.4439034449645432
61.0,2.220446049250313e-16,2.220446049250313e-16,2.220446049250313e-16,0.4382411625177189,2.220446049250313e-16,2.220446049250313e-16,2.220446049250313e-16,2.220446049250313e-16,0.023761228028059245,0.36355577968267794,0.002996885249974314,0.5103079943093629,2.220446049250313e-16,0.5369764866457281
62.0,2.220446049250313e-16,2.220446049250313e-16,2.220446049250313e-16,0.4382411625177189,2.220446049250313e-16,2.220446049250313e-16,2.220446049250313e-16,2.220446049250313e-16,0.023761228028059245,0.36355577968267794,0.002996885249974314,0.5103079943093629,2.220446049250313e-16,0.5369764866457281
63.0,0.005718460058471472,2.220446049250313e-16,2.220446049250313e-16,0.5346136482906176,2.220446049250313e-16,0.0034812178475242895,2.220446049250313e-16,2.220446049250313e-16,0.011283982094378184,0.011798099341810338,0.0017654547228614246,2.220446049250313e-16,0.577586932762607,0.5843913214456261
64.0,0.005718460058471472,2.220446049250313e-16,2.220446049250313e-16,0.5346136482906176,2.220446049250313e-16,0.0034812178475242895,2.220446049250313e-16,2.220446049250313e-16,0.011283982094378184,0.011798099341810338,0.0017654547228614246,2.220446049250313e-16,0.577586932762607,0.5843913214456261
65.0,2.220446049250313e-16,2.220446049250313e-16,2.220446049250313e-16,0.464596534179076,2.220446049250313e-16,2.220446049250313e-16,0.03469169321866228,1.6653345369377348e-16,0.4739098293851397,0.4976895687874502,2.220446049250313e-16,0.49718055903424935,2.220446049250313e-16,2.220446049250313e-16
66.0,0.33330931400063996,0.6434108867110723,0.5001301143077993,2.220446049250313e-16,0.013348387579803181,0.4053528490077476,2.220446049250313e-16,0.39284714773822904,2.220446049250313e-16,2.220446049250313e-16,0.09155141021693207,2.220446049250313e-16,2.220446049250313e-16,2.220446049250313e-16
67.0,0.33330931400063996,0.6434108867110723,0.5001301143077993,2.220446049250313e-16,0.013348387579803181,0.4053528490077476,2.220446049250313e-16,0.39284714773822904,2.220446049250313e-16,2.220446049250313e-16,0.09155141021693207,2.220446049250313e-16,2.220446049250313e-16,2.220446049250313e-16
68.0,0.41884897959988254,2.220446049250313e-16,0.45258228999204364,2.220446049250313e-16,0.0012351244770890323,0.3956069863637491,2.220446049250313e-16,0.392847147738229,2.220446049250313e-16,0.022562145060688696,2.220446049250313e-16,2.220446049250313e-16,0.5585439333561155,2.220446049250313e-16
69.0,0.41884897959988254,2.220446049250313e-16,0.45258228999204364,2.220446049250313e-16,0.0012351244770890323,0.3956069863637491,2.220446049250313e-16,0.392847147738229,2.220446049250313e-16,0.022562145060688696,2.220446049250313e-16,2.220446049250313e-16,0.5585439333561155,2.220446049250313e-16
70.0,2.220446049250313e-16,0.371497654918708,0.45360195865173003,0.4705840500646879,2.220446049250313e-16,2.220446049250313e-16,2.220446049250313e-16,0.392847147738229,2.220446049250313e-16,2.220446049250313e-16,0.6107405542303209,2.220446049250313e-16,2.220446049250313e-16,2.220446049250313e-16
71.0,2.220446049250313e-16,2.220446049250313e-16,2.220446049250313e-16,2.220446049250313e-16,2.220446049250313e-16,0.377639106460143,0.5633539323793242,2.220446049250313e-16,2.220446049250313e-16,0.4568673379339342,2.220446049250313e-16,0.4997857434933421,2.220446049250313e-16,2.220446049250313e-16
72.0,2.220446049250313e-16,2.220446049250313e-16,2.220446049250313e-16,2.220446049250313e-16,2.220446049250313e-16,0.377639106460143,0.5633539323793242,2.220446049250313e-16,2.220446049250313e-16,0.4568673379339342,2.220446049250313e-16,0.4997857434933421,2.220446049250313e-16,2.220446049250313e-16
73.0,2.220446049250313e-16,2.220446049250313e-16,2.220446049250313e-16,2.220446049250313e-16,2.220446049250313e-16,0.377639106460143,0.5633539323793242,2.220446049250313e-16,2.220446049250313e-16,0.4568673379339342,2.220446049250313e-16,0.4997857434933421,2.220446049250313e-16,2.220446049250313e-16
74.0,2.220446049250313e-16,2.220446049250313e-16,2.220446049250313e-16,2.220446049250313e-16,2.220446049250313e-16,0.377639106460143,0.5633539323793242,2.220446049250313e-16,2.220446049250313e-16,0.4568673379339342,2.220446049250313e-16,0.4997857434933421,2.220446049250313e-16,2.220446049250313e-16
75.0,2.220446049250313e-16,2.220446049250313e-16,2.220446049250313e-16,2.220446049250313e-16,2.220446049250313e-16,0.377639106460143,0.5633539323793242,2.220446049250313e-16,2.220446049250313e-16,0.4568673379339342,2.220446049250313e-16,0.4997857434933421,2.220446049250313e-16,2.220446049250313e-16
76.0,2.220446049250313e-16,2.220446049250313e-16,2.220446049250313e-16,2.220446049250313e-16,2.220446049250313e-16,0.377639106460143,0.5633539323793242,2.220446049250313e-16,2.220446049250313e-16,0.4568673379339342,2.220446049250313e-16,0.4997857434933421,2.220446049250313e-16,2.220446049250313e-16
77.0,0.33330931400063996,0.6434108867110723,0.5001301143077993,2.220446049250313e-16,0.013348387579803181,0.4053528490077476,2.220446049250313e-16,0.39284714773822904,2.220446049250313e-16,2.220446049250313e-16,0.09155141021693207,2.220446049250313e-16,2.220446049250313e-16,2.220446049250313e-16
78.0,0.33330931400063996,0.6434108867110723,0.5001301143077993,2.220446049250313e-16,0.013348387579803181,0.4053528490077476,2.220446049250313e-16,0.39284714773822904,2.220446049250313e-16,2.220446049250313e-16,0.09155141021693207,2.220446049250313e-16,2.220446049250313e-16,2.220446049250313e-16
79.0,0.6270325006424061,0.002220650197245988,0.4525113895071676,2.220446049250313e-16,2.220446049250313e-16,0.38023568615621156,2.220446049250313e-16,0.39284714773822904,2.220446049250313e-16,2.220446049250313e-16,2.220446049250313e-16,2.220446049250313e-16,0.4286888399843998,2.220446049250313e-16
80.0,0.6270325006424061,0.002220650197245988,0.4525113895071676,2.220446049250313e-16,2.220446049250313e-16,0.38023568615621156,2.220446049250313e-16,0.39284714773822904,2.220446049250313e-16,2.220446049250313e-16,2.220446049250313e-16,2.220446049250313e-16,0.4286888399843998,2.220446049250313e-16
81.0,2.220446049250313e-16,0.40212525826560647,2.220446049250313e-16,0.5440959455560906,2.220446049250313e-16,0.008383057518331793,2.220446049250313e-16,2.220446049250313e-16,2.220446049250313e-16,2.220446049250313e-16,0.6391570403633713,2.220446049250313e-16,2.220446049250313e-16,0.4398256242956143
82.0,2.220446049250313e-16,2.220446049250313e-16,2.220446049250313e-16,0.4382411625177189,2.220446049250313e-16,2.220446049250313e-16,2.220446049250313e-16,2.220446049250313e-16,0.023761228028059245,0.36355577968267794,0.002996885249974314,0.5103079943093629,2.220446049250313e-16,0.5369764866457281
83.0,2.220446049250313e-16,2.220446049250313e-16,2.220446049250313e-16,0.4382411625177189,2.220446049250313e-16,2.220446049250313e-16,2.220446049250313e-16,2.220446049250313e-16,0.023761228028059245,0.36355577968267794,0.002996885249974314,0.5103079943093629,2.220446049250313e-16,0.5369764866457281
84.0,0.005718460058471472,2.220446049250313e-16,2.220446049250313e-16,0.5346136482906176,2.220446049250313e-16,0.0034812178475242895,2.220446049250313e-16,2.220446049250313e-16,0.011283982094378184,0.011798099341810338,0.0017654547228614246,2.220446049250313e-16,0.577586932762607,0.5843913214456261
85.0,0.005718460058471472,2.220446049250313e-16,2.220446049250313e-16,0.5346136482906176,2.220446049250313e-16,0.0034812178475242895,2.220446049250313e-16,2.220446049250313e-16,0.011283982094378184,0.011798099341810338,0.0017654547228614246,2.220446049250313e-16,0.577586932762607,0.5843913214456261
86.0,2.220446049250313e-16,2.220446049250313e-16,2.220446049250313e-16,0.464596534179076,2.220446049250313e-16,2.220446049250313e-16,0.03469169321866228,1.6653345369377348e-16,0.4739098293851397,0.4976895687874502,2.220446049250313e-16,0.49718055903424935,2.220446049250313e-16,2.220446049250313e-16
87.0,2.220446049250313e-16,0.371497654918708,0.45360195865173003,0.4705840500646879,2.220446049250313e-16,2.220446049250313e-16,2.220446049250313e-16,0.392847147738229,2.220446049250313e-16,2.220446049250313e-16,0.6107405542303209,2.220446049250313e-16,2.220446049250313e-16,2.220446049250313e-16
88.0,2.220446049250313e-16,2.220446049250313e-16,0.09090072320686983,2.220446049250313e-16,2.220446049250313e-16,2.220446049250313e-16,0.5899851938940831,2.220446049250313e-16,0.0010569793344355845,0.4538251130333059,2.220446049250313e-16,0.5096097891782522,2.220446049250313e-16,2.220446049250313e-16
89.0,2.220446049250313e-16,2.220446049250313e-16,2.220446049250313e-16,0.32292654960176365,0.10471023945040092,0.009671664647082833,2.220446049250313e-16,2.7755575615628914e-17,0.3348489223594404,0.27268848326216705,2.220446049250313e-16,2.220446049250313e-16,0.37571821283179346,0.3869092200913223
90.0,2.220446049250313e-16,2.220446049250313e-16,0.09090072320686983,2.220446049250313e-16,2.220446049250313e-16,2.220446049250313e-16,0.5899851938940831,2.220446049250313e-16,0.0010569793344355845,0.4538251130333059,2.220446049250313e-16,0.5096097891782522,2.220446049250313e-16,2.220446049250313e-16
91.0,2.220446049250313e-16,2.220446049250313e-16,0.09090072320686983,2.220446049250313e-16,2.220446049250313e-16,2.220446049250313e-16,0.5899851938940831,2.220446049250313e-16,0.0010569793344355845,0.4538251130333059,2.220446049250313e-16,0.5096097891782522,2.220446049250313e-16,2.220446049250313e-16
92.0,2.220446049250313e-16,2.220446049250313e-16,0.09090072320686983,2.220446049250313e-16,2.220446049250313e-16,2.220446049250313e-16,0.5899851938940831,2.220446049250313e-16,0.0010569793344355845,0.4538251130333059,2.220446049250313e-16,0.5096097891782522,2.220446049250313e-16,2.220446049250313e-16
93.0,2.220446049250313e-16,2.220446049250313e-16,2.220446049250313e-16,0.32292654960176365,0.10471023945040092,0.009671664647082833,2.220446049250313e-16,2.7755575615628914e-17,0.3348489223594404,0.27268848326216705,2.220446049250313e-16,2.220446049250313e-16,0.37571821283179346,0.3869092200913223
94.0,2.220446049250313e-16,0.393790888061647,2.220446049250313e-16,0.4508791156847809,0.17036700063684343,2.220446049250313e-16,2.220446049250313e-16,2.220446049250313e-16,2.220446049250313e-16,2.220446049250313e-16,0.5978566026414855,5.551115123125783e-17,2.220446049250313e-16,0.38320493389029125
95.0,2.220446049250313e-16,2.220446049250313e-16,0.09090072320686983,2.220446049250313e-16,2.220446049250313e-16,2.220446049250313e-16,0.5899851938940831,2.220446049250313e-16,0.0010569793344355845,0.4538251130333059,2.220446049250313e-16,0.5096097891782522,2.220446049250313e-16,2.220446049250313e-16
96.0,2.220446049250313e-16,2.220446049250313e-16,0.09090072320686983,2.220446049250313e-16,2.220446049250313e-16,2.220446049250313e-16,0.5899851938940831,2.220446049250313e-16,0.0010569793344355845,0.4538251130333059,2.220446049250313e-16,0.5096097891782522,2.220446049250313e-16,2.220446049250313e-16
97.0,2.220446049250313e-16,2.220446049250313e-16,0.09090072320686983,2.220446049250313e-16,2.220446049250313e-16,2.220446049250313e-16,0.5899851938940831,2.220446049250313e-16,0.0010569793344355845,0.4538251130333059,2.220446049250313e-16,0.5096097891782522,2.220446049250313e-16,2.220446049250313e-16
98.0,2.220446049250313e-16,2.220446049250313e-16,0.09090072320686983,2.220446049250313e-16,2.220446049250313e-16,2.220446049250313e-16,0.5899851938940831,2.220446049250313e-16,0.0010569793344355845,0.4538251130333059,2.220446049250313e-16,0.5096097891782522,2.220446049250313e-16,2.220446049250313e-16
99.0,2.220446049250313e-16,2.220446049250313e-16,0.09090072320686983,2.220446049250313e-16,2.220446049250313e-16,2.220446049250313e-16,0.5899851938940831,2.220446049250313e-16,0.0010569793344355845,0.4538251130333059,2.220446049250313e-16,0.5096097891782522,2.220446049250313e-16,2.220446049250313e-16
100.0,2.220446049250313e-16,2.220446049250313e-16,0.09090072320686983,2.220446049250313e-16,2.220446049250313e-16,2.220446049250313e-16,0.5899851938940831,2.220446049250313e-16,0.0010569793344355845,0.4538251130333059,2.220446049250313e-16,0.5096097891782522,2.220446049250313e-16,2.220446049250313e-16
101.0,2.220446049250313e-16,0.1376426701920299,0.6158053594058248,2.220446049250313e-16,0.35872571743083176,1.3877787807814457e-16,0.013196074833456514,0.39284714773822893,0.0379071180245108,2.220446049250313e-16,0.3763516372628976,0.0050967324512588294,2.220446049250313e-16,2.220446049250313e-16
102.0,2.220446049250313e-16,0.1376426701920299,0.6158053594058248,2.220446049250313e-16,0.35872571743083176,1.3877787807814457e-16,0.013196074833456514,0.39284714773822893,0.0379071180245108,2.220446049250313e-16,0.3763516372628976,0.0050967324512588294,2.220446049250313e-16,2.220446049250313e-16
103.0,0.6551013312490693,2.220446049250313e-16,0.5645284251661955,2.220446049250313e-16,2.220446049250313e-16,0.00018611068979048023,0.015299260782770194,0.3928471477382291,2.220446049250313e-16,2.220446049250313e-16,2.220446049250313e-16,0.005533449690365553,0.4290553878108389,2.220446049250313e-16
104.0,0.6551013312490693,2.220446049250313e-16,0.5645284251661955,2.220446049250313e-16,2.220446049250313e-16,0.00018611068979048023,0.015299260782770194,0.3928471477382291,2.220446049250313e-16,2.220446049250313e-16,2.220446049250313e-16,0.005533449690365553,0.4290553878108389,2.220446049250313e-16
105.0,0.33330931400063996,0.6434108867110723,0.5001301143077993,2.220446049250313e-16,0.013348387579803181,0.4053528490077476,2.220446049250313e-16,0.39284714773822904,2.220446049250313e-16,2.220446049250313e-16,0.09155141021693207,2.220446049250313e-16,2.220446049250313e-16,2.220446049250313e-16
106.0,0.33330931400063996,0.6434108867110723,0.5001301143077993,2.220446049250313e-16,0.013348387579803181,0.4053528490077476,2.220446049250313e-16,0.39284714773822904,2.220446049250313e-16,2.220446049250313e-16,0.09155141021693207,2.220446049250313e-16,2.220446049250313e-16,2.220446049250313e-16
107.0,0.6270325006424061,0.002220650197245988,0.4525113895071676,2.220446049250313e-16,2.220446049250313e-16,0.38023568615621156,2.220446049250313e-16,0.39284714773822904,2.220446049250313e-16,2.220446049250313e-16,2.220446049250313e-16,2.220446049250313e-16,0.4286888399843998,2.220446049250313e-16
108.0,0.6270325006424061,0.002220650197245988,0.4525113895071676,2.220446049250313e-16,2.220446049250313e-16,0.38023568615621156,2.220446049250313e-16,0.39284714773822904,2.220446049250313e-16,2.220446049250313e-16,2.220446049250313e-16,2.220446049250313e-16,0.4286888399843998,2.220446049250313e-16
109.0,2.220446049250313e-16,0.029623048401977135,0.00863299663247985,0.45099908220655605,0.10357041179133415,2.220446049250313e-16,2.220446049250313e-16,0.39284714773822893,2.220446049250313e-16,2.220446049250313e-16,0.7497937098067978,2.220446049250313e-16,2.220446049250313e-16,0.3807167627892448
110.0,0.20682633156270225,2.220446049250313e-16,2.220446049250313e-16,0.0743470123850602,2.220446049250313e-16,0.42724283233993315,2.220446049250313e-16,2.220446049250313e-16,0.01692020548251146,0.45148793716342245,0.0003772864886029815,0.02717179157351214,0.10355128510199685,0.6414569942149367
111.0,0.20682633156270225,2.220446049250313e-16,2.220446049250313e-16,0.0743470123850602,2.220446049250313e-16,0.42724283233993315,2.220446049250313e-16,2.220446049250313e-16,0.01692020548251146,0.45148793716342245,0.0003772864886029815,0.02717179157351214,0.10355128510199685,0.6414569942149367
112.0,0.005718460058471472,2.220446049250313e-16,2.220446049250313e-16,0.5346136482906176,2.220446049250313e-16,0.0034812178475242895,2.220446049250313e-16,2.220446049250313e-16,0.011283982094378184,0.011798099341810338,0.0017654547228614246,2.220446049250313e-16,0.577586932762607,0.5843913214456261
113.0,0.005718460058471472,2.220446049250313e-16,2.220446049250313e-16,0.5346136482906176,2.220446049250313e-16,0.0034812178475242895,2.220446049250313e-16,2.220446049250313e-16,0.011283982094378184,0.011798099341810338,0.0017654547228614246,2.220446049250313e-16,0.577586932762607,0.5843913214456261
114.0,2.220446049250313e-16,2.220446049250313e-16,2.220446049250313e-16,0.5809886202699213,2.220446049250313e-16,0.011002633148852164,0.02929987918464087,2.220446049250313e-16,0.4732519477287642,0.5826527352890073,2.220446049250313e-16,0.014344624460219136,0.0949426810988999,0.019599554897229178
115.0,2.220446049250313e-16,0.3853622406529841,0.2308568126399363,0.4627836246146587,2.220446049250313e-16,2.220446049250313e-16,2.220446049250313e-16,0.39284714773822893,2.220446049250313e-16,2.220446049250313e-16,0.6346624618812509,2.220446049250313e-16,2.220446049250313e-16,0.1666003262064399
116.0,2.220446049250313e-16,2.220446049250313e-16,2.220446049250313e-16,2.220446049250313e-16,2.220446049250313e-16,0.377639106460143,0.5633539323793242,2.220446049250313e-16,2.220446049250313e-16,0.4568673379339342,2.220446049250313e-16,0.4997857434933421,2.220446049250313e-16,2.220446049250313e-16
117.0,2.220446049250313e-16,2.220446049250313e-16,2.220446049250313e-16,2.220446049250313e-16,2.220446049250313e-16,0.377639106460143,0.5633539323793242,2.220446049250313e-16,2.220446049250313e-16,0.4568673379339342,2.220446049250313e-16,0.4997857434933421,2.220446049250313e-16,2.220446049250313e-16
118.0,2.220446049250313e-16,2.220446049250313e-16,2.220446049250313e-16,2.220446049250313e-16,2.220446049250313e-16,0.377639106460143,0.5633539323793242,2.220446049250313e-16,2.220446049250313e-16,0.4568673379339342,2.220446049250313e-16,0.4997857434933421,2.220446049250313e-16,2.220446049250313e-16
119.0,2.220446049250313e-16,2.220446049250313e-16,2.220446049250313e-16,2.220446049250313e-16,2.220446049250313e-16,0.377639106460143,0.5633539323793242,2.220446049250313e-16,2.220446049250313e-16,0.4568673379339342,2.220446049250313e-16,0.4997857434933421,2.220446049250313e-16,2.220446049250313e-16
120.0,2.220446049250313e-16,2.220446049250313e-16,2.220446049250313e-16,2.220446049250313e-16,2.220446049250313e-16,0.377639106460143,0.5633539323793242,2.220446049250313e-16,2.220446049250313e-16,0.4568673379339342,2.220446049250313e-16,0.4997857434933421,2.220446049250313e-16,2.220446049250313e-16
121.0,2.220446049250313e-16,2.220446049250313e-16,2.220446049250313e-16,2.220446049250313e-16,2.220446049250313e-16,0.377639106460143,0.5633539323793242,2.220446049250313e-16,2.220446049250313e-16,0.4568673379339342,2.220446049250313e-16,0.4997857434933421,2.220446049250313e-16,2.220446049250313e-16
122.0,2.220446049250313e-16,0.3853622406529841,0.2308568126399363,0.4627836246146587,2.220446049250313e-16,2.220446049250313e-16,2.220446049250313e-16,0.39284714773822893,2.220446049250313e-16,2.220446049250313e-16,0.6346624618812509,2.220446049250313e-16,2.220446049250313e-16,0.1666003262064399
123.0,2.220446049250313e-16,2.220446049250313e-16,2.220446049250313e-16,2.220446049250313e-16,2.220446049250313e-16,0.377639106460143,0.5633539323793242,2.220446049250313e-16,2.220446049250313e-16,0.4568673379339342,2.220446049250313e-16,0.4997857434933421,2.220446049250313e-16,2.220446049250313e-16
124.0,2.220446049250313e-16,2.220446049250313e-16,2.220446049250313e-16,2.220446049250313e-16,2.220446049250313e-16,0.377639106460143,0.5633539323793242,2.220446049250313e-16,2.220446049250313e-16,0.4568673379339342,2.220446049250313e-16,0.4997857434933421,2.220446049250313e-16,2.220446049250313e-16
125.0,2.220446049250313e-16,2.220446049250313e-16,2.220446049250313e-16,2.220446049250313e-16,2.220446049250313e-16,0.377639106460143,0.5633539323793242,2.220446049250313e-16,2.220446049250313e-16,0.4568673379339342,2.220446049250313e-16,0.4997857434933421,2.220446049250313e-16,2.220446049250313e-16
126.0,2.220446049250313e-16,2.220446049250313e-16,2.220446049250313e-16,2.220446049250313e-16,2.220446049250313e-16,0.377639106460143,0.5633539323793242,2.220446049250313e-16,2.220446049250313e-16,0.4568673379339342,2.220446049250313e-16,0.4997857434933421,2.220446049250313e-16,2.220446049250313e-16
127.0,2.220446049250313e-16,2.220446049250313e-16,2.220446049250313e-16,2.220446049250313e-16,2.220446049250313e-16,0.377639106460143,0.5633539323793242,2.220446049250313e-16,2.220446049250313e-16,0.4568673379339342,2.220446049250313e-16,0.4997857434933421,2.220446049250313e-16,2.220446049250313e-16
128.0,2.220446049250313e-16,2.220446049250313e-16,2.220446049250313e-16,2.220446049250313e-16,2.220446049250313e-16,0.377639106460143,0.5633539323793242,2.220446049250313e-16,2.220446049250313e-16,0.4568673379339342,2.220446049250313e-16,0.4997857434933421,2.220446049250313e-16,2.220446049250313e-16
129.0,0.33116902122899505,0.6439270127966777,0.5001574080675875,0.08832059841811231,0.013574588457362181,0.4237199602374411,2.220446049250313e-16,2.220446049250313e-16,2.220446049250313e-16,0.0010236568383622869,0.09008901375150517,2.220446049250313e-16,0.01280648910033956,0.05199901495800846
130.0,0.33116902122899505,0.6439270127966777,0.5001574080675875,0.08832059841811231,0.013574588457362181,0.4237199602374411,2.220446049250313e-16,2.220446049250313e-16,2.220446049250313e-16,0.0010236568383622869,0.09008901375150517,2.220446049250313e-16,0.01280648910033956,0.05199901495800846
131.0,0.41565526550210175,2.220446049250313e-16,0.4525836812323747,0.08741253028147061,0.0011760241628818017,0.41409288532844485,2.220446049250313e-16,2.220446049250313e-16,2.220446049250313e-16,0.023215261236778237,2.220446049250313e-16,2.220446049250313e-16,0.5912283995552877,0.03760061535919339
132.0,0.41565526550210175,2.220446049250313e-16,0.4525836812323747,0.08741253028147061,0.0011760241628818017,0.41409288532844485,2.220446049250313e-16,2.220446049250313e-16,2.220446049250313e-16,0.023215261236778237,2.220446049250313e-16,2.220446049250313e-16,0.5912283995552877,0.03760061535919339
133.0,2.220446049250313e-16,0.02978503404874969,0.008679701876253776,0.5441818984516793,0.1038236705381967,0.00839869683775167,2.220446049250313e-16,2.220446049250313e-16,2.220446049250313e-16,2.220446049250313e-16,0.7482238439718776,2.220446049250313e-16,2.220446049250313e-16,0.4380394102278832
134.0,0.20682633156270225,2.220446049250313e-16,2.220446049250313e-16,0.0743470123850602,2.220446049250313e-16,0.42724283233993315,2.220446049250313e-16,2.220446049250313e-16,0.01692020548251146,0.45148793716342245,0.0003772864886029815,0.02717179157351214,0.10355128510199685,0.6414569942149367
135.0,0.20682633156270225,2.220446049250313e-16,2.220446049250313e-16,0.0743470123850602,2.220446049250313e-16,0.42724283233993315,2.220446049250313e-16,2.220446049250313e-16,0.01692020548251146,0.45148793716342245,0.0003772864886029815,0.02717179157351214,0.10355128510199685,0.6414569942149367
136.0,0.005718460058471472,2.220446049250313e-16,2.220446049250313e-16,0.5346136482906176,2.220446049250313e-16,0.0034812178475242895,2.220446049250313e-16,2.220446049250313e-16,0.011283982094378184,0.011798099341810338,0.0017654547228614246,2.220446049250313e-16,0.577586932762607,0.5843913214456261
137.0,0.005718460058471472,2.220446049250313e-16,2.220446049250313e-16,0.5346136482906176,2.220446049250313e-16,0.0034812178475242895,2.220446049250313e-16,2.220446049250313e-16,0.011283982094378184,0.011798099341810338,0.0017654547228614246,2.220446049250313e-16,0.577586932762607,0.5843913214456261
138.0,2.220446049250313e-16,2.220446049250313e-16,2.220446049250313e-16,0.5809886202699213,2.220446049250313e-16,0.011002633148852164,0.02929987918464087,2.220446049250313e-16,0.4732519477287642,0.5826527352890073,2.220446049250313e-16,0.014344624460219136,0.0949426810988999,0.019599554897229178
139.0,0.3754729355820079,0.262173723888025,0.5102049278454266,2.220446049250313e-16,0.14971500386822306,0.40209060189131446,2.220446049250313e-16,0.39284714773822904,2.220446049250313e-16,2.220446049250313e-16,0.1931039801870784,2.220446049250313e-16,2.220446049250313e-16,2.220446049250313e-16
140.0,0.3754729355820079,0.262173723888025,0.5102049278454266,2.220446049250313e-16,0.14971500386822306,0.40209060189131446,2.220446049250313e-16,0.39284714773822904,2.220446049250313e-16,2.220446049250313e-16,0.1931039801870784,2.220446049250313e-16,2.220446049250313e-16,2.220446049250313e-16
141.0,0.6551013312490693,2.220446049250313e-16,0.5645284251661955,2.220446049250313e-16,2.220446049250313e-16,0.00018611068979048023,0.015299260782770194,0.3928471477382291,2.220446049250313e-16,2.220446049250313e-16,2.220446049250313e-16,0.005533449690365553,0.4290553878108389,2.220446049250313e-16
142.0,0.6551013312490693,2.220446049250313e-16,0.5645284251661955,2.220446049250313e-16,2.220446049250313e-16,0.00018611068979048023,0.015299260782770194,0.3928471477382291,2.220446049250313e-16,2.220446049250313e-16,2.220446049250313e-16,0.005533449690365553,0.4290553878108389,2.220446049250313e-16
143.0,0.13110309397713144,0.5512974578596375,0.0011949920005705,0.5439898961447888,2.220446049250313e-16,2.220446049250313e-16,2.220446049250313e-16,2.220446049250313e-16,2.220446049250313e-16,2.220446049250313e-16,0.3934523383153346,2.220446049250313e-16,2.220446049250313e-16,0.4439034449645432
144.0,2.220446049250313e-16,2.220446049250313e-16,2.220446049250313e-16,0.4382411625177189,2.220446049250313e-16,2.220446049250313e-16,2.220446049250313e-16,2.220446049250313e-16,0.023761228028059245,0.36355577968267794,0.002996885249974314,0.5103079943093629,2.220446049250313e-16,0.5369764866457281
145.0,2.220446049250313e-16,2.220446049250313e-16,2.220446049250313e-16,0.4382411625177189,2.220446049250313e-16,2.220446049250313e-16,2.220446049250313e-16,2.220446049250313e-16,0.023761228028059245,0.36355577968267794,0.002996885249974314,0.5103079943093629,2.220446049250313e-16,0.5369764866457281
146.0,0.005718460058471472,2.220446049250313e-16,2.220446049250313e-16,0.5346136482906176,2.220446049250313e-16,0.0034812178475242895,2.220446049250313e-16,2.220446049250313e-16,0.011283982094378184,0.011798099341810338,0.0017654547228614246,2.220446049250313e-16,0.577586932762607,0.5843913214456261
147.0,0.005718460058471472,2.220446049250313e-16,2.220446049250313e-16,0.5346136482906176,2.220446049250313e-16,0.0034812178475242895,2.220446049250313e-16,2.220446049250313e-16,0.011283982094378184,0.011798099341810338,0.0017654547228614246,2.220446049250313e-16,0.577586932762607,0.5843913214456261
148.0,2.220446049250313e-16,2.220446049250313e-16,2.220446049250313e-16,0.464596534179076,2.220446049250313e-16,2.220446049250313e-16,0.03469169321866228,1.6653345369377348e-16,0.4739098293851397,0.4976895687874502,2.220446049250313e-16,0.49718055903424935,2.220446049250313e-16,2.220446049250313e-16
149.0,2.220446049250313e-16,0.1279414751307924,0.6134094739760491,2.220446049250313e-16,0.5647414918115294,3.0531133177191805e-16,0.01274404859136444,2.7755575615628914e-17,0.019962470758056388,2.220446049250313e-16,0.3247330594065131,0.0051213238728961144,2.220446049250313e-16,2.220446049250313e-16
150.0,2.220446049250313e-16,0.1279414751307924,0.6134094739760491,2.220446049250313e-16,0.5647414918115294,3.0531133177191805e-16,0.01274404859136444,2.7755575615628914e-17,0.019962470758056388,2.220446049250313e-16,0.3247330594065131,0.0051213238728961144,2.220446049250313e-16,2.220446049250313e-16
151.0,0.6551013312490693,2.220446049250313e-16,0.5645284251661955,2.220446049250313e-16,2.220446049250313e-16,0.00018611068979048023,0.015299260782770194,0.3928471477382291,2.220446049250313e-16,2.220446049250313e-16,2.220446049250313e-16,0.005533449690365553,0.4290553878108389,2.220446049250313e-16
152.0,0.6551013312490693,2.220446049250313e-16,0.5645284251661955,2.220446049250313e-16,2.220446049250313e-16,0.00018611068979048023,0.015299260782770194,0.3928471477382291,2.220446049250313e-16,2.220446049250313e-16,2.220446049250313e-16,0.005533449690365553,0.4290553878108389,2.220446049250313e-16
153.0,0.33330931400063996,0.6434108867110723,0.5001301143077993,2.220446049250313e-16,0.013348387579803181,0.4053528490077476,2.220446049250313e-16,0.39284714773822904,2.220446049250313e-16,2.220446049250313e-16,0.09155141021693207,2.220446049250313e-16,2.220446049250313e-16,2.220446049250313e-16
154.0,0.33330931400063996,0.6434108867110723,0.5001301143077993,2.220446049250313e-16,0.013348387579803181,0.4053528490077476,2.220446049250313e-16,0.39284714773822904,2.220446049250313e-16,2.220446049250313e-16,0.09155141021693207,2.220446049250313e-16,2.220446049250313e-16,2.220446049250313e-16
155.0,0.6270325006424061,0.002220650197245988,0.4525113895071676,2.220446049250313e-16,2.220446049250313e-16,0.38023568615621156,2.220446049250313e-16,0.39284714773822904,2.220446049250313e-16,2.220446049250313e-16,2.220446049250313e-16,2.220446049250313e-16,0.4286888399843998,2.220446049250313e-16
156.0,0.6270325006424061,0.002220650197245988,0.4525113895071676,2.220446049250313e-16,2.220446049250313e-16,0.38023568615621156,2.220446049250313e-16,0.39284714773822904,2.220446049250313e-16,2.220446049250313e-16,2.220446049250313e-16,2.220446049250313e-16,0.4286888399843998,2.220446049250313e-16
157.0,0.20978992605855945,2.220446049250313e-16,0.009953816724507125,2.220446049250313e-16,0.09715779713781812,0.41113441581929333,2.220446049250313e-16,0.392847147738229,2.220446049250313e-16,2.220446049250313e-16,0.7540821024195697,2.220446049250313e-16,2.220446049250313e-16,0.40101392791568086
158.0,2.220446049250313e-16,2.220446049250313e-16,2.220446049250313e-16,0.07867366314009526,0.26414761868487424,0.012826330649623238,2.220446049250313e-16,2.220446049250313e-16,0.3362206903445928,0.2745413002128464,2.220446049250313e-16,2.220446049250313e-16,0.3907166717913988,0.3979976695213315
159.0,2.220446049250313e-16,2.220446049250313e-16,2.220446049250313e-16,0.07867366314009526,0.26414761868487424,0.012826330649623238,2.220446049250313e-16,2.220446049250313e-16,0.3362206903445928,0.2745413002128464,2.220446049250313e-16,2.220446049250313e-16,0.3907166717913988,0.3979976695213315
160.0,0.11228605070378647,0.695069135196836,0.2757458730253043,0.4623688646126217,0.02059881871439554,2.220446049250313e-16,2.220446049250313e-16,0.392847147738229,2.220446049250313e-16,2.220446049250313e-16,0.10937062257192033,2.220446049250313e-16,2.220446049250313e-16,0.1752026748924754
161.0,0.11228605070378647,0.695069135196836,0.2757458730253043,0.4623688646126217,0.02059881871439554,2.220446049250313e-16,2.220446049250313e-16,0.392847147738229,2.220446049250313e-16,2.220446049250313e-16,0.10937062257192033,2.220446049250313e-16,2.220446049250313e-16,0.1752026748924754
162.0,2.220446049250313e-16,2.220446049250313e-16,2.220446049250313e-16,0.07453497277404911,0.12759811846818836,0.38996976500798675,2.220446049250313e-16,2.220446049250313e-16,0.0739822352671911,0.45118695363225203,2.220446049250313e-16,0.02719130942448744,0.11238886869815175,0.6370150485736087
163.0,2.220446049250313e-16,0.3853622406529841,0.2308568126399363,0.4627836246146587,2.220446049250313e-16,2.220446049250313e-16,2.220446049250313e-16,0.39284714773822893,2.220446049250313e-16,2.220446049250313e-16,0.6346624618812509,2.220446049250313e-16,2.220446049250313e-16,0.1666003262064399
164.0,2.220446049250313e-16,2.220446049250313e-16,2.220446049250313e-16,2.220446049250313e-16,2.220446049250313e-16,0.377639106460143,0.5633539323793242,2.220446049250313e-16,2.220446049250313e-16,0.4568673379339342,2.220446049250313e-16,0.4997857434933421,2.220446049250313e-16,2.220446049250313e-16
165.0,2.220446049250313e-16,2.220446049250313e-16,2.220446049250313e-16,2.220446049250313e-16,2.220446049250313e-16,0.377639106460143,0.5633539323793242,2.220446049250313e-16,2.220446049250313e-16,0.4568673379339342,2.220446049250313e-16,0.4997857434933421,2.220446049250313e-16,2.220446049250313e-16
166.0,2.220446049250313e-16,2.220446049250313e-16,2.220446049250313e-16,2.220446049250313e-16,2.220446049250313e-16,0.377639106460143,0.5633539323793242,2.220446049250313e-16,2.220446049250313e-16,0.4568673379339342,2.220446049250313e-16,0.4997857434933421,2.220446049250313e-16,2.220446049250313e-16
167.0,2.220446049250313e-16,2.220446049250313e-16,2.220446049250313e-16,2.220446049250313e-16,2.220446049250313e-16,0.377639106460143,0.5633539323793242,2.220446049250313e-16,2.220446049250313e-16,0.4568673379339342,2.220446049250313e-16,0.4997857434933421,2.220446049250313e-16,2.220446049250313e-16
168.0,2.220446049250313e-16,2.220446049250313e-16,2.220446049250313e-16,2.220446049250313e-16,2.220446049250313e-16,0.377639106460143,0.5633539323793242,2.220446049250313e-16,2.220446049250313e-16,0.4568673379339342,2.220446049250313e-16,0.4997857434933421,2.220446049250313e-16,2.220446049250313e-16
169.0,2.220446049250313e-16,2.220446049250313e-16,2.220446049250313e-16,2.220446049250313e-16,2.220446049250313e-16,0.377639106460143,0.5633539323793242,2.220446049250313e-16,2.220446049250313e-16,0.4568673379339342,2.220446049250313e-16,0.4997857434933421,2.220446049250313e-16,2.220446049250313e-16
170.0,2.220446049250313e-16,0.158127508607224,0.04370826802406069,2.220446049250313e-16,0.739316253824895,2.220446049250313e-16,2.220446049250313e-16,2.220446049250313e-16,2.220446049250313e-16,2.220446049250313e-16,0.3159013616630911,2.220446049250313e-16,2.220446049250313e-16,0.41104651349359567
171.0,2.220446049250313e-16,0.158127508607224,0.04370826802406069,2.220446049250313e-16,0.739316253824895,2.220446049250313e-16,2.220446049250313e-16,2.220446049250313e-16,2.220446049250313e-16,2.220446049250313e-16,0.3159013616630911,2.220446049250313e-16,2.220446049250313e-16,0.41104651349359567
172.0,0.6472819737906196,2.220446049250313e-16,0.5601334142496048,2.220446049250313e-16,0.18714454078239995,0.0007947355262747879,0.014929066589258794,2.220446049250313e-16,2.220446049250313e-16,2.220446049250313e-16,2.220446049250313e-16,0.005571813510239073,0.42840427005851384,2.220446049250313e-16
173.0,0.6472819737906196,2.220446049250313e-16,0.5601334142496048,2.220446049250313e-16,0.18714454078239995,0.0007947355262747879,0.014929066589258794,2.220446049250313e-16,2.220446049250313e-16,2.220446049250313e-16,2.220446049250313e-16,0.005571813510239073,0.42840427005851384,2.220446049250313e-16
174.0,2.220446049250313e-16,0.371497654918708,0.45360195865173003,0.4705840500646879,2.220446049250313e-16,2.220446049250313e-16,2.220446049250313e-16,0.392847147738229,2.220446049250313e-16,2.220446049250313e-16,0.6107405542303209,2.220446049250313e-16,2.220446049250313e-16,2.220446049250313e-16
175.0,2.220446049250313e-16,2.220446049250313e-16,2.220446049250313e-16,2.220446049250313e-16,2.220446049250313e-16,0.377639106460143,0.5633539323793242,2.220446049250313e-16,2.220446049250313e-16,0.4568673379339342,2.220446049250313e-16,0.4997857434933421,2.220446049250313e-16,2.220446049250313e-16
176.0,2.220446049250313e-16,2.220446049250313e-16,2.220446049250313e-16,2.220446049250313e-16,2.220446049250313e-16,0.377639106460143,0.5633539323793242,2.220446049250313e-16,2.220446049250313e-16,0.4568673379339342,2.220446049250313e-16,0.4997857434933421,2.220446049250313e-16,2.220446049250313e-16
177.0,2.220446049250313e-16,2.220446049250313e-16,2.220446049250313e-16,2.220446049250313e-16,2.220446049250313e-16,0.377639106460143,0.5633539323793242,2.220446049250313e-16,2.220446049250313e-16,0.4568673379339342,2.220446049250313e-16,0.4997857434933421,2.220446049250313e-16,2.220446049250313e-16
178.0,2.220446049250313e-16,2.220446049250313e-16,2.220446049250313e-16,2.220446049250313e-16,2.220446049250313e-16,0.377639106460143,0.5633539323793242,2.220446049250313e-16,2.220446049250313e-16,0.4568673379339342,2.220446049250313e-16,0.4997857434933421,2.220446049250313e-16,2.220446049250313e-16
179.0,2.220446049250313e-16,2.220446049250313e-16,2.220446049250313e-16,2.220446049250313e-16,2.220446049250313e-16,0.377639106460143,0.5633539323793242,2.220446049250313e-16,2.220446049250313e-16,0.4568673379339342,2.220446049250313e-16,0.4997857434933421,2.220446049250313e-16,2.220446049250313e-16
180.0,2.220446049250313e-16,2.220446049250313e-16,2.220446049250313e-16,2.220446049250313e-16,2.220446049250313e-16,0.377639106460143,0.5633539323793242,2.220446049250313e-16,2.220446049250313e-16,0.4568673379339342,2.220446049250313e-16,0.4997857434933421,2.220446049250313e-16,2.220446049250313e-16
181.0,2.220446049250313e-16,0.1279414751307924,0.6134094739760491,2.220446049250313e-16,0.5647414918115294,3.0531133177191805e-16,0.01274404859136444,2.7755575615628914e-17,0.019962470758056388,2.220446049250313e-16,0.3247330594065131,0.0051213238728961144,2.220446049250313e-16,2.220446049250313e-16
182.0,2.220446049250313e-16,0.1279414751307924,0.6134094739760491,2.220446049250313e-16,0.5647414918115294,3.0531133177191805e-16,0.01274404859136444,2.7755575615628914e-17,0.019962470758056388,2.220446049250313e-16,0.3247330594065131,0.0051213238728961144,2.220446049250313e-16,2.220446049250313e-16
183.0,0.6551013312490693,2.220446049250313e-16,0.5645284251661955,2.220446049250313e-16,2.220446049250313e-16,0.00018611068979048023,0.015299260782770194,0.3928471477382291,2.220446049250313e-16,2.220446049250313e-16,2.220446049250313e-16,0.005533449690365553,0.4290553878108389,2.220446049250313e-16
184.0,0.6551013312490693,2.220446049250313e-16,0.5645284251661955,2.220446049250313e-16,2.220446049250313e-16,0.00018611068979048023,0.015299260782770194,0.3928471477382291,2.220446049250313e-16,2.220446049250313e-16,2.220446049250313e-16,0.005533449690365553,0.4290553878108389,2.220446049250313e-16
185.0,2.220446049250313e-16,0.1279414751307924,0.6134094739760491,2.220446049250313e-16,0.5647414918115294,3.0531133177191805e-16,0.01274404859136444,2.7755575615628914e-17,0.019962470758056388,2.220446049250313e-16,0.3247330594065131,0.0051213238728961144,2.220446049250313e-16,2.220446049250313e-16
186.0,2.220446049250313e-16,0.1279414751307924,0.6134094739760491,2.220446049250313e-16,0.5647414918115294,3.0531133177191805e-16,0.01274404859136444,2.7755575615628914e-17,0.019962470758056388,2.220446049250313e-16,0.3247330594065131,0.0051213238728961144,2.220446049250313e-16,2.220446049250313e-16
187.0,0.6551013312490693,2.220446049250313e-16,0.5645284251661955,2.220446049250313e-16,2.220446049250313e-16,0.00018611068979048023,0.015299260782770194,0.3928471477382291,2.220446049250313e-16,2.220446049250313e-16,2.220446049250313e-16,0.005533449690365553,0.4290553878108389,2.220446049250313e-16
188.0,0.6551013312490693,2.220446049250313e-16,0.5645284251661955,2.220446049250313e-16,2.220446049250313e-16,0.00018611068979048023,0.015299260782770194,0.3928471477382291,2.220446049250313e-16,2.220446049250313e-16,2.220446049250313e-16,0.005533449690365553,0.4290553878108389,2.220446049250313e-16
189.0,2.220446049250313e-16,0.02978503404874969,0.008679701876253776,0.5441818984516793,0.1038236705381967,0.00839869683775167,2.220446049250313e-16,2.220446049250313e-16,2.220446049250313e-16,2.220446049250313e-16,0.7482238439718776,2.220446049250313e-16,2.220446049250313e-16,0.4380394102278832
190.0,0.20682633156270225,2.220446049250313e-16,2.220446049250313e-16,0.0743470123850602,2.220446049250313e-16,0.42724283233993315,2.220446049250313e-16,2.220446049250313e-16,0.01692020548251146,0.45148793716342245,0.0003772864886029815,0.02717179157351214,0.10355128510199685,0.6414569942149367
191.0,0.20682633156270225,2.220446049250313e-16,2.220446049250313e-16,0.0743470123850602,2.220446049250313e-16,0.42724283233993315,2.220446049250313e-16,2.220446049250313e-16,0.01692020548251146,0.45148793716342245,0.0003772864886029815,0.02717179157351214,0.10355128510199685,0.6414569942149367
192.0,0.005718460058471472,2.220446049250313e-16,2.220446049250313e-16,0.5346136482906176,2.220446049250313e-16,0.0034812178475242895,2.220446049250313e-16,2.220446049250313e-16,0.011283982094378184,0.011798099341810338,0.0017654547228614246,2.220446049250313e-16,0.577586932762607,0.5843913214456261
193.0,0.005718460058471472,2.220446049250313e-16,2.220446049250313e-16,0.5346136482906176,2.220446049250313e-16,0.0034812178475242895,2.220446049250313e-16,2.220446049250313e-16,0.011283982094378184,0.011798099341810338,0.0017654547228614246,2.220446049250313e-16,0.577586932762607,0.5843913214456261
194.0,2.220446049250313e-16,2.220446049250313e-16,2.220446049250313e-16,0.5809886202699213,2.220446049250313e-16,0.011002633148852164,0.02929987918464087,2.220446049250313e-16,0.4732519477287642,0.5826527352890073,2.220446049250313e-16,0.014344624460219136,0.0949426810988999,0.019599554897229178
195.0,2.220446049250313e-16,0.371497654918708,0.45360195865173003,0.4705840500646879,2.220446049250313e-16,2.220446049250313e-16,2.220446049250313e-16,0.392847147738229,2.220446049250313e-16,2.220446049250313e-16,0.6107405542303209,2.220446049250313e-16,2.220446049250313e-16,2.220446049250313e-16
196.0,2.220446049250313e-16,2.220446049250313e-16,0.09090072320686983,2.220446049250313e-16,2.220446049250313e-16,2.220446049250313e-16,0.5899851938940831,2.220446049250313e-16,0.0010569793344355845,0.4538251130333059,2.220446049250313e-16,0.5096097891782522,2.220446049250313e-16,2.220446049250313e-16
197.0,2.220446049250313e-16,2.220446049250313e-16,0.09090072320686983,2.220446049250313e-16,2.220446049250313e-16,2.220446049250313e-16,0.5899851938940831,2.220446049250313e-16,0.0010569793344355845,0.4538251130333059,2.220446049250313e-16,0.5096097891782522,2.220446049250313e-16,2.220446049250313e-16
198.0,2.220446049250313e-16,2.220446049250313e-16,2.220446049250313e-16,0.32292654960176365,0.10471023945040092,0.009671664647082833,2.220446049250313e-16,2.7755575615628914e-17,0.3348489223594404,0.27268848326216705,2.220446049250313e-16,2.220446049250313e-16,0.37571821283179346,0.3869092200913223
199.0,2.220446049250313e-16,2.220446049250313e-16,0.09090072320686983,2.220446049250313e-16,2.220446049250313e-16,2.220446049250313e-16,0.5899851938940831,2.220446049250313e-16,0.0010569793344355845,0.4538251130333059,2.220446049250313e-16,0.5096097891782522,2.220446049250313e-16,2.220446049250313e-16
200.0,2.220446049250313e-16,2.220446049250313e-16,2.220446049250313e-16,0.32292654960176365,0.10471023945040092,0.009671664647082833,2.220446049250313e-16,2.7755575615628914e-17,0.3348489223594404,0.27268848326216705,2.220446049250313e-16,2.220446049250313e-16,0.37571821283179346,0.3869092200913223
201.0,2.220446049250313e-16,2.220446049250313e-16,0.09090072320686983,2.220446049250313e-16,2.220446049250313e-16,2.220446049250313e-16,0.5899851938940831,2.220446049250313e-16,0.0010569793344355845,0.4538251130333059,2.220446049250313e-16,0.5096097891782522,2.220446049250313e-16,2.220446049250313e-16
202.0,0.13110309397713144,0.5512974578596375,0.0011949920005705,0.5439898961447888,2.220446049250313e-16,2.220446049250313e-16,2.220446049250313e-16,2.220446049250313e-16,2.220446049250313e-16,2.220446049250313e-16,0.3934523383153346,2.220446049250313e-16,2.220446049250313e-16,0.4439034449645432
203.0,2.220446049250313e-16,2.220446049250313e-16,2.220446049250313e-16,0.4382411625177189,2.220446049250313e-16,2.220446049250313e-16,2.220446049250313e-16,2.220446049250313e-16,0.023761228028059245,0.36355577968267794,0.002996885249974314,0.5103079943093629,2.220446049250313e-16,0.5369764866457281
204.0,2.220446049250313e-16,2.220446049250313e-16,2.220446049250313e-16,0.4382411625177189,2.220446049250313e-16,2.220446049250313e-16,2.220446049250313e-16,2.220446049250313e-16,0.023761228028059245,0.36355577968267794,0.002996885249974314,0.5103079943093629,2.220446049250313e-16,0.5369764866457281
205.0,0.005718460058471472,2.220446049250313e-16,2.220446049250313e-16,0.5346136482906176,2.220446049250313e-16,0.0034812178475242895,2.220446049250313e-16,2.220446049250313e-16,0.011283982094378184,0.011798099341810338,0.0017654547228614246,2.220446049250313e-16,0.577586932762607,0.5843913214456261
206.0,0.005718460058471472,2.220446049250313e-16,2.220446049250313e-16,0.5346136482906176,2.220446049250313e-16,0.0034812178475242895,2.220446049250313e-16,2.220446049250313e-16,0.011283982094378184,0.011798099341810338,0.0017654547228614246,2.220446049250313e-16,0.577586932762607,0.5843913214456261
207.0,2.220446049250313e-16,2.220446049250313e-16,2.220446049250313e-16,0.464596534179076,2.220446049250313e-16,2.220446049250313e-16,0.03469169321866228,1.6653345369377348e-16,0.4739098293851397,0.4976895687874502,2.220446049250313e-16,0.49718055903424935,2.220446049250313e-16,2.220446049250313e-16
208.0,2.220446049250313e-16,0.02978503404874969,0.008679701876253776,0.5441818984516793,0.1038236705381967,0.00839869683775167,2.220446049250313e-16,2.220446049250313e-16,2.220446049250313e-16,2.220446049250313e-16,0.7482238439718776,2.220446049250313e-16,2.220446049250313e-16,0.4380394102278832
209.0,0.20682633156270225,2.220446049250313e-16,2.220446049250313e-16,0.0743470123850602,2.220446049250313e-16,0.42724283233993315,2.220446049250313e-16,2.220446049250313e-16,0.01692020548251146,0.45148793716342245,0.0003772864886029815,0.02717179157351214,0.10355128510199685,0.6414569942149367
210.0,0.20682633156270225,2.220446049250313e-16,2.220446049250313e-16,0.0743470123850602,2.220446049250313e-16,0.42724283233993315,2.220446049250313e-16,2.220446049250313e-16,0.01692020548251146,0.45148793716342245,0.0003772864886029815,0.02717179157351214,0.10355128510199685,0.6414569942149367
211.0,0.005718460058471472,2.220446049250313e-16,2.220446049250313e-16,0.5346136482906176,2.220446049250313e-16,0.0034812178475242895,2.220446049250313e-16,2.220446049250313e-16,0.011283982094378184,0.011798099341810338,0.0017654547228614246,2.220446049250313e-16,0.577586932762607,0.5843913214456261
212.0,0.005718460058471472,2.220446049250313e-16,2.220446049250313e-16,0.5346136482906176,2.220446049250313e-16,0.0034812178475242895,2.220446049250313e-16,2.220446049250313e-16,0.011283982094378184,0.011798099341810338,0.0017654547228614246,2.220446049250313e-16,0.577586932762607,0.5843913214456261
213.0,2.220446049250313e-16,2.220446049250313e-16,2.220446049250313e-16,0.5809886202699213,2.220446049250313e-16,0.011002633148852164,0.02929987918464087,2.220446049250313e-16,0.4732519477287642,0.5826527352890073,2.220446049250313e-16,0.014344624460219136,0.0949426810988999,0.019599554897229178
214.0,2.220446049250313e-16,0.158127508607224,0.04370826802406069,2.220446049250313e-16,0.739316253824895,2.220446049250313e-16,2.220446049250313e-16,2.220446049250313e-16,2.220446049250313e-16,2.220446049250313e-16,0.3159013616630911,2.220446049250313e-16,2.220446049250313e-16,0.41104651349359567
215.0,2.220446049250313e-16,0.158127508607224,0.04370826802406069,2.220446049250313e-16,0.739316253824895,2.220446049250313e-16,2.220446049250313e-16,2.220446049250313e-16,2.220446049250313e-16,2.220446049250313e-16,0.3159013616630911,2.220446049250313e-16,2.220446049250313e-16,0.41104651349359567
216.0,0.3892507068893326,0.005512736064025858,0.4407815201266679,2.220446049250313e-16,0.4895672070113701,2.220446049250313e-16,2.220446049250313e-16,2.220446049250313e-16,0.031446234195327584,2.220446049250313e-16,2.220446049250313e-16,2.220446049250313e-16,0.44339123255201845,2.220446049250313e-16
217.0,0.3892507068893326,0.005512736064025858,0.4407815201266679,2.220446049250313e-16,0.4895672070113701,2.220446049250313e-16,2.220446049250313e-16,2.220446049250313e-16,0.031446234195327584,2.220446049250313e-16,2.220446049250313e-16,2.220446049250313e-16,0.44339123255201845,2.220446049250313e-16
218.0,2.220446049250313e-16,0.12777614613674299,0.4988534005042754,2.220446049250313e-16,0.7331954089879159,2.220446049250313e-16,2.220446049250313e-16,2.220446049250313e-16,0.019482167628477386,2.220446049250313e-16,0.2881850502108043,2.220446049250313e-16,0.0001848121288001818,2.220446049250313e-16
219.0,2.220446049250313e-16,0.12777614613674299,0.4988534005042754,2.220446049250313e-16,0.7331954089879159,2.220446049250313e-16,2.220446049250313e-16,2.220446049250313e-16,0.019482167628477386,2.220446049250313e-16,0.2881850502108043,2.220446049250313e-16,0.0001848121288001818,2.220446049250313e-16
220.0,0.6472819737906196,2.220446049250313e-16,0.5601334142496048,2.220446049250313e-16,0.18714454078239995,0.0007947355262747879,0.014929066589258794,2.220446049250313e-16,2.220446049250313e-16,2.220446049250313e-16,2.220446049250313e-16,0.005571813510239073,0.42840427005851384,2.220446049250313e-16
221.0,0.6472819737906196,2.220446049250313e-16,0.5601334142496048,2.220446049250313e-16,0.18714454078239995,0.0007947355262747879,0.014929066589258794,2.220446049250313e-16,2.220446049250313e-16,2.220446049250313e-16,2.220446049250313e-16,0.005571813510239073,0.42840427005851384,2.220446049250313e-16
