78 0.7529122785441011 0.7529122783920038 0.2042421187558557 0.07629384629163012 0.08195592027625384 0.09494029231947729 0.29774059264912645 0.08180723366988718 0.2867180683915454 0.2867180683978409 0.13447490795997658 0.10724798538783441 0.10412969756794203 0.0762938462648091 0.28671806844009284 0.0762938461271391 0.10724798575703283 0.10724798686055143 0.6165398614654323 0.07629384500978957
195 0.11539652626704883 0.11539652563878919 0.26581976017342657 0.0011573099221328458 0.1338531962504752 0.17854045942599378 -0.045590439940770305 0.279961781122001 0.21095170360610066 0.21095170346428596 0.22568618504074317 0.719939147709824 0.16348564815389324 0.0011573100010189772 0.21095170354298456 0.0011573100718973797 0.7199391479960615 0.7199391486407479 0.06061625962930482 0.0011573091387819625
100 0.07629384624306113 0.07629384571919218 0.07081323058010955 0.655628987471573 0.08399922683960934 0.1416759002660244 0.293145052445705 0.07221506227847121 0.16340299567673355 0.16340299614239484 0.02940320034761386 0.005069997510872781 0.22924608736978894 0.6556289875297807 0.16340299588046037 0.6556289872532943 0.005069997510872781 0.0050699979401542805 0.10987489196726087 0.6556289868312888
189 0.30368592037220676 0.3036859198599148 0.5060778604979007 0.029774705240540572 0.22443592064503975 0.24077718416363075 -0.008245938769426529 0.23956716408273712 0.3256863936761767 0.32568639366129226 0.37624432254462603 0.5260703276558305 0.18034389803265563 0.02977470527839507 0.3256863936375742 0.029774705313301012 0.5260703280839952 0.5260703287195295 0.22783921979215732 0.029774704190688946
54 0.11531229991109773 0.11531229971622081 0.5925265450734754 0.13593588335789178 0.5534387546564781 0.6059646553786907 0.05059215103722061 0.4035055153027573 0.21762213661181087 0.21762213672532155 0.4495948431814578 0.2675226449396427 0.34270298322708287 0.1359358832606327 0.21762213658766066 0.1359358832204651 0.2675226453084777 0.2675226457673936 0.14407344376007727 0.1359358826180281
21 0.06724243160360494 0.06724243199502888 0.2960668619210332 0.08557496922526261 0.5511039710455007 0.6333952985935579 0.007105894044292074 0.5139158871981616 0.22573487142691803 0.2257348714425733 0.7047455883491187 0.24834772939516872 0.19711989193558446 0.0855749688787736 0.22573487149387655 0.08557496886036003 0.24834772977390498 0.24834772975657 0.13644547232297383 0.08557496891182717
221 0.7820342079865203 0.7820342085184736 -0.025315993994170543 0.08957439037577565 0.057962684752801995 0.03166842780422027 0.5916357029382449 -0.0016655015482049595 0.1656057115335282 0.1656057116634459 -0.03992579063245449 -0.06399116779736046 0.10227193496329247 0.08957439057937208 0.16560571170461175 0.08957439044176269 -0.0639911673995715 -0.06399116635881755 0.29163379746758655 0.08957438932822796
123 0.07629384624306113 0.07629384571919218 0.07081323058010955 0.655628987471573 0.08399922683960934 0.1416759002660244 0.293145052445705 0.07221506227847121 0.16340299567673355 0.16340299614239484 0.02940320034761386 0.005069997510872781 0.22924608736978894 0.6556289875297807 0.16340299588046037 0.6556289872532943 0.005069997510872781 0.0050699979401542805 0.10987489196726087 0.6556289868312888
165 0.07460548202028569 0.07460548151793576 0.06957824499628974 0.6489697493212542 0.08594252083394152 0.14115674149425075 0.3182605377281606 0.06837802487487064 0.16010554403973673 0.160105544343987 0.03148075732408783 0.004030074049344333 0.27251198391265197 0.6489697492204624 0.1601055441569299 0.6489697489502299 0.004030073190476491 0.004030074136600868 0.1084496392802827 0.648969748266697
113 0.2867180684182434 0.28671806819965445 0.22035404967874514 0.16340299617396475 0.172877848888441 0.21048549068208425 0.2981045225969254 0.1603847739061747 0.586302603949056 0.5863026039557004 0.19470148022608177 0.2081492434074116 0.44528459881183685 0.1634029960699353 0.586302603765123 0.16340299586739251 0.20814924329667597 0.20814924422591471 0.30664208388936537 0.16340299511099257
134 0.29774059271610226 0.29774059269992303 0.07094685657703341 0.29314505249548034 0.006249319280518442 0.07125453628280908 0.9996176784279321 0.024531241327394655 0.29810452249933567 0.2981045226106887 0.03444065619777565 -0.05252091132019535 0.25316291862386175 0.29314505259594875 0.2981045226231393 0.293145052276511 -0.05252091176187492 -0.05252091076462524 0.3589235404975833 0.2931450518943584
24 0.1279851015452696 0.12798510109444353 0.52580759122671 0.038849247208260565 0.5779163545797985 0.45810407777343454 0.02579888390270612 0.5213107913285231 0.18836425513681412 0.1883642553492394 0.6471928207031501 0.3082555886464458 0.1463938814685327 0.03884924725873043 0.18836425512664157 0.03884924731929527 0.3082555891442844 0.30825558951836085 0.1897847411794851 0.03884924653062393
185 0.6165398616189084 0.6165398612646221 0.22779224644478627 0.10987489215388123 0.1156712170502888 0.10561828907323735 0.3589235404975804 0.07878462275781645 0.3066420839320646 0.30664208394927484 0.1652460859196379 0.09867126521919098 0.06905164822943011 0.10987489226844582 0.30664208402506726 0.10987489203196331 0.0986712653713872 0.09867126627944843 0.7978967272905501 0.10987489110508045
168 0.07460548202028569 0.07460548151793576 0.06957824499628974 0.6489697493212542 0.08594252083394152 0.14115674149425075 0.3182605377281606 0.06837802487487064 0.16010554403973673 0.160105544343987 0.03148075732408783 0.004030074049344333 0.27251198391265197 0.6489697492204624 0.1601055441569299 0.6489697489502299 0.004030073190476491 0.004030074136600868 0.1084496392802827 0.648969748266697
94 0.10724798613400985 0.10724798593065994 0.30218103677280767 0.005069997590988409 0.2474698223836749 0.18971602146723557 -0.052520911391116185 0.20630925885446919 0.20814924375097496 0.20814924379872532 0.3050446279142403 0.7037782464862837 0.1560322852632965 0.0050699975607889245 0.20814924359314355 0.005069997566860172 0.703778246834979 0.7037782471286875 0.09867126553992514 0.005069997038041487
27 0.07582222502788155 0.07582222596468621 0.21837740227227057 0.3388465540989599 0.34682057883124595 0.7345241170282037 0.22081084250449062 0.23414704812830242 0.2924238139773255 0.29242381407537366 0.3904707565017299 0.12364738619169774 0.43172149517673547 0.3388465536838605 0.2924238139484598 0.33884655350362947 0.12364738642788295 0.12364738624354212 0.17231309063028086 0.3388465538156871
196 0.07629384624306113 0.07629384571919218 0.07081323058010955 0.655628987471573 0.08399922683960934 0.1416759002660244 0.293145052445705 0.07221506227847121 0.16340299567673355 0.16340299614239484 0.02940320034761386 0.005069997510872781 0.22924608736978894 0.6556289875297807 0.16340299588046037 0.6556289872532943 0.005069997510872781 0.0050699979401542805 0.10987489196726087 0.6556289868312888
63 0.2867180684182434 0.28671806819965445 0.22035404967874514 0.16340299617396475 0.172877848888441 0.21048549068208425 0.2981045225969254 0.1603847739061747 0.586302603949056 0.5863026039557004 0.19470148022608177 0.2081492434074116 0.44528459881183685 0.1634029960699353 0.586302603765123 0.16340299586739251 0.20814924329667597 0.20814924422591471 0.30664208388936537 0.16340299511099257
193 0.2867180684182434 0.28671806819965445 0.22035404967874514 0.16340299617396475 0.172877848888441 0.21048549068208425 0.2981045225969254 0.1603847739061747 0.586302603949056 0.5863026039557004 0.19470148022608177 0.2081492434074116 0.44528459881183685 0.1634029960699353 0.586302603765123 0.16340299586739251 0.20814924329667597 0.20814924422591471 0.30664208388936537 0.16340299511099257
172 0.7820342079865203 0.7820342085184736 -0.025315993994170543 0.08957439037577565 0.057962684752801995 0.03166842780422027 0.5916357029382449 -0.0016655015482049595 0.1656057115335282 0.1656057116634459 -0.03992579063245449 -0.06399116779736046 0.10227193496329247 0.08957439057937208 0.16560571170461175 0.08957439044176269 -0.0639911673995715 -0.06399116635881755 0.29163379746758655 0.08957438932822796
211 0.2867180684182434 0.28671806819965445 0.22035404967874514 0.16340299617396475 0.172877848888441 0.21048549068208425 0.2981045225969254 0.1603847739061747 0.586302603949056 0.5863026039557004 0.19470148022608177 0.2081492434074116 0.44528459881183685 0.1634029960699353 0.586302603765123 0.16340299586739251 0.20814924329667597 0.20814924422591471 0.30664208388936537 0.16340299511099257
191 0.29774059271610226 0.29774059269992303 0.07094685657703341 0.29314505249548034 0.006249319280518442 0.07125453628280908 0.9996176784279321 0.024531241327394655 0.29810452249933567 0.2981045226106887 0.03444065619777565 -0.05252091132019535 0.25316291862386175 0.29314505259594875 0.2981045226231393 0.293145052276511 -0.05252091176187492 -0.05252091076462524 0.3589235404975833 0.2931450518943584
60 0.2641602996252023 0.26416029938298957 0.5262221972880552 0.044511340754197076 0.3632166043430346 0.27425281701388693 -0.0028603113491649937 0.21057760309556142 0.3062906753681759 0.30629067531139254 0.44595425685488993 0.4866808087681091 0.16505089079937033 0.04451134071920167 0.3062906753111412 0.044511340645255 0.4866808094474824 0.48668080978382183 0.31090517023381725 0.04451133985096351
9 0.09980443266440799 0.09980443193189435 0.4965731846670892 0.1443148829540508 0.5977527121927609 0.6864698167730033 0.06234877332748795 0.660119597249514 0.17682104385873887 0.1768210439860906 0.3850910784077093 0.1760270642395878 0.19096393304459436 0.14431488308643992 0.17682104390661707 0.1443148830977609 0.17602706437625162 0.17602706532497203 0.08983215952000023 0.14431488197807296
42 0.083476549222122 0.08347654854080978 0.4386667496559209 0.1675605391286338 0.6483748669556247 0.6782051670946777 0.04831463462658228 0.6341026213164863 0.19314160762355528 0.19314160780408224 0.37380105304719863 0.17705832204627098 0.17663169779868612 0.1675605390905603 0.19314160761862975 0.16756053920366545 0.1770583222630493 0.1770583228699294 0.12603096967983937 0.16756053824385478
192 0.2867180684182434 0.28671806819965445 0.22035404967874514 0.16340299617396475 0.172877848888441 0.21048549068208425 0.2981045225969254 0.1603847739061747 0.586302603949056 0.5863026039557004 0.19470148022608177 0.2081492434074116 0.44528459881183685 0.1634029960699353 0.586302603765123 0.16340299586739251 0.20814924329667597 0.20814924422591471 0.30664208388936537 0.16340299511099257
160 0.2821664670257638 0.28216646657871947 0.34984004635775967 0.1759464403977508 0.18246546488995521 0.19364918651404808 0.27614190216467926 0.14497924414024074 0.5283984043383448 0.5283984046915541 0.16220868187226878 0.20425438910989185 0.5257829842716146 0.17594644040965832 0.5283984043922466 0.17594644033779075 0.204254389227377 0.2042543901383089 0.3052102068138516 0.1759464391714133
183 0.7820342079865203 0.7820342085184736 -0.025315993994170543 0.08957439037577565 0.057962684752801995 0.03166842780422027 0.5916357029382449 -0.0016655015482049595 0.1656057115335282 0.1656057116634459 -0.03992579063245449 -0.06399116779736046 0.10227193496329247 0.08957439057937208 0.16560571170461175 0.08957439044176269 -0.0639911673995715 -0.06399116635881755 0.29163379746758655 0.08957438932822796
1 0.09926702453164486 0.099267024354034 0.4530219342030456 0.31381355921869214 0.4625370030914128 0.7857295298706848 0.16276392262254538 0.41470939034656096 0.2218491032429227 0.22184910331271174 0.18762657458850554 0.10485722025111462 0.3238248580108207 0.31381355904395397 0.2218491033530215 0.3138135589361242 0.10485722041698424 0.10485722081409148 0.14051125434666878 0.3138135585046544
175 0.07629384624306113 0.07629384571919218 0.07081323058010955 0.655628987471573 0.08399922683960934 0.1416759002660244 0.293145052445705 0.07221506227847121 0.16340299567673355 0.16340299614239484 0.02940320034761386 0.005069997510872781 0.22924608736978894 0.6556289875297807 0.16340299588046037 0.6556289872532943 0.005069997510872781 0.0050699979401542805 0.10987489196726087 0.6556289868312888
132 0.7820342079865203 0.7820342085184736 -0.025315993994170543 0.08957439037577565 0.057962684752801995 0.03166842780422027 0.5916357029382449 -0.0016655015482049595 0.1656057115335282 0.1656057116634459 -0.03992579063245449 -0.06399116779736046 0.10227193496329247 0.08957439057937208 0.16560571170461175 0.08957439044176269 -0.0639911673995715 -0.06399116635881755 0.29163379746758655 0.08957438932822796
91 0.07460548202028569 0.07460548151793576 0.06957824499628974 0.6489697493212542 0.08594252083394152 0.14115674149425075 0.3182605377281606 0.06837802487487064 0.16010554403973673 0.160105544343987 0.03148075732408783 0.004030074049344333 0.27251198391265197 0.6489697492204624 0.1601055441569299 0.6489697489502299 0.004030073190476491 0.004030074136600868 0.1084496392802827 0.648969748266697
73 0.07629384624306113 0.07629384571919218 0.07081323058010955 0.655628987471573 0.08399922683960934 0.1416759002660244 0.293145052445705 0.07221506227847121 0.16340299567673355 0.16340299614239484 0.02940320034761386 0.005069997510872781 0.22924608736978894 0.6556289875297807 0.16340299588046037 0.6556289872532943 0.005069997510872781 0.0050699979401542805 0.10987489196726087 0.6556289868312888
43 0.11306328921928145 0.11306328844926818 0.5621454567313964 0.1286677715039006 0.5606608440690063 0.6730942242993484 0.06775958193661048 0.6032656805066355 0.17851173566323647 0.17851173581397303 0.4138956683963244 0.19962795929036234 0.24168789776264923 0.12866777154802098 0.17851173559368985 0.12866777158246567 0.19962795966497604 0.19962796023494558 0.08517580294791625 0.1286677705426586
120 0.07629384624306113 0.07629384571919218 0.07081323058010955 0.655628987471573 0.08399922683960934 0.1416759002660244 0.293145052445705 0.07221506227847121 0.16340299567673355 0.16340299614239484 0.02940320034761386 0.005069997510872781 0.22924608736978894 0.6556289875297807 0.16340299588046037 0.6556289872532943 0.005069997510872781 0.0050699979401542805 0.10987489196726087 0.6556289868312888
85 0.2867180684182434 0.28671806819965445 0.22035404967874514 0.16340299617396475 0.172877848888441 0.21048549068208425 0.2981045225969254 0.1603847739061747 0.586302603949056 0.5863026039557004 0.19470148022608177 0.2081492434074116 0.44528459881183685 0.1634029960699353 0.586302603765123 0.16340299586739251 0.20814924329667597 0.20814924422591471 0.30664208388936537 0.16340299511099257
217 0.7820342079865203 0.7820342085184736 -0.025315993994170543 0.08957439037577565 0.057962684752801995 0.03166842780422027 0.5916357029382449 -0.0016655015482049595 0.1656057115335282 0.1656057116634459 -0.03992579063245449 -0.06399116779736046 0.10227193496329247 0.08957439057937208 0.16560571170461175 0.08957439044176269 -0.0639911673995715 -0.06399116635881755 0.29163379746758655 0.08957438932822796
141 0.7820342079865203 0.7820342085184736 -0.025315993994170543 0.08957439037577565 0.057962684752801995 0.03166842780422027 0.5916357029382449 -0.0016655015482049595 0.1656057115335282 0.1656057116634459 -0.03992579063245449 -0.06399116779736046 0.10227193496329247 0.08957439057937208 0.16560571170461175 0.08957439044176269 -0.0639911673995715 -0.06399116635881755 0.29163379746758655 0.08957438932822796
202 0.3014796221187538 0.30147962145074814 0.5381672750017626 0.03149649848604984 0.22951598500845247 0.23689995767238076 -0.009093859899892157 0.2334755634576662 0.3154169156875734 0.31541691595995186 0.3659258514660407 0.5227257002320742 0.2022727071487759 0.031496498590055905 0.31541691560903584 0.03149649857778564 0.5227257007071713 0.5227257014952993 0.22776827359628754 0.03149649753651239
161 0.5968726542615376 0.5968726537932929 0.22879259503061938 0.0711149337518765 0.06717024744355403 0.10620908260442324 0.2695915083323198 0.18040988979305383 0.49954162422352083 0.4995416240862575 0.11357118795126205 0.21188510923627524 0.19094166408211427 0.07111493390161504 0.4995416239822745 0.07111493369958036 0.21188510968854632 0.2118851110466973 0.34780153535372993 0.07111493219697025
86 0.10412969763286617 0.1041296974892855 0.23096164434630506 0.22924608747050504 0.14632848285356817 0.2517107330286334 0.25316291862385804 0.1571943673330633 0.44528459896307676 0.4452845989720996 0.1637396938402804 0.15603228529218796 0.9174593423123393 0.22924608752535314 0.44528459885723143 0.22924608732616658 0.156032284777205 0.15603228596278912 0.06905164822943048 0.22924608669229113
145 0.29774059271610226 0.29774059269992303 0.07094685657703341 0.29314505249548034 0.006249319280518442 0.07125453628280908 0.9996176784279321 0.024531241327394655 0.29810452249933567 0.2981045226106887 0.03444065619777565 -0.05252091132019535 0.25316291862386175 0.29314505259594875 0.2981045226231393 0.293145052276511 -0.05252091176187492 -0.05252091076462524 0.3589235404975833 0.2931450518943584
170 0.6165398616189084 0.6165398612646221 0.22779224644478627 0.10987489215388123 0.1156712170502888 0.10561828907323735 0.3589235404975804 0.07878462275781645 0.3066420839320646 0.30664208394927484 0.1652460859196379 0.09867126521919098 0.06905164822943011 0.10987489226844582 0.30664208402506726 0.10987489203196331 0.0986712653713872 0.09867126627944843 0.7978967272905501 0.10987489110508045
33 0.10090579946641821 0.10090579858970139 0.4971129636737267 0.13222717200719875 0.5617139919929062 0.6903818366387957 0.07601525734223374 0.7012696381685103 0.1640067041795094 0.16400670430537048 0.39080161233345434 0.1646226713343112 0.22260693202146595 0.13222717207453688 0.1640067041958801 0.13222717200019213 0.16462267168699024 0.1646226725204519 0.07396340774515228 0.13222717081298216
29 0.09359658850328367 0.09359658831233754 0.421548928644987 0.3218381615202343 0.46933772327120293 0.79282585611077 0.15734707281008076 0.44847037671565076 0.2152946626731384 0.21529466256455107 0.17793203403741106 0.099284223712594 0.2849164207230019 0.32183816129757703 0.21529466257335578 0.32183816122452147 0.09928422366297927 0.09928422433602165 0.13848557064467246 0.32183816061295367
146 0.2867180684182434 0.28671806819965445 0.22035404967874514 0.16340299617396475 0.172877848888441 0.21048549068208425 0.2981045225969254 0.1603847739061747 0.586302603949056 0.5863026039557004 0.19470148022608177 0.2081492434074116 0.44528459881183685 0.1634029960699353 0.586302603765123 0.16340299586739251 0.20814924329667597 0.20814924422591471 0.30664208388936537 0.16340299511099257
137 0.2867180684182434 0.28671806819965445 0.22035404967874514 0.16340299617396475 0.172877848888441 0.21048549068208425 0.2981045225969254 0.1603847739061747 0.586302603949056 0.5863026039557004 0.19470148022608177 0.2081492434074116 0.44528459881183685 0.1634029960699353 0.586302603765123 0.16340299586739251 0.20814924329667597 0.20814924422591471 0.30664208388936537 0.16340299511099257
68 0.7820342079865203 0.7820342085184736 -0.025315993994170543 0.08957439037577565 0.057962684752801995 0.03166842780422027 0.5916357029382449 -0.0016655015482049595 0.1656057115335282 0.1656057116634459 -0.03992579063245449 -0.06399116779736046 0.10227193496329247 0.08957439057937208 0.16560571170461175 0.08957439044176269 -0.0639911673995715 -0.06399116635881755 0.29163379746758655 0.08957438932822796
148 0.10412969763286617 0.1041296974892855 0.23096164434630506 0.22924608747050504 0.14632848285356817 0.2517107330286334 0.25316291862385804 0.1571943673330633 0.44528459896307676 0.4452845989720996 0.1637396938402804 0.15603228529218796 0.9174593423123393 0.22924608752535314 0.44528459885723143 0.22924608732616658 0.156032284777205 0.15603228596278912 0.06905164822943048 0.22924608669229113
213 0.10412969763286617 0.1041296974892855 0.23096164434630506 0.22924608747050504 0.14632848285356817 0.2517107330286334 0.25316291862385804 0.1571943673330633 0.44528459896307676 0.4452845989720996 0.1637396938402804 0.15603228529218796 0.9174593423123393 0.22924608752535314 0.44528459885723143 0.22924608732616658 0.156032284777205 0.15603228596278912 0.06905164822943048 0.22924608669229113
75 0.07629384624306113 0.07629384571919218 0.07081323058010955 0.655628987471573 0.08399922683960934 0.1416759002660244 0.293145052445705 0.07221506227847121 0.16340299567673355 0.16340299614239484 0.02940320034761386 0.005069997510872781 0.22924608736978894 0.6556289875297807 0.16340299588046037 0.6556289872532943 0.005069997510872781 0.0050699979401542805 0.10987489196726087 0.6556289868312888
39 0.07739889099009716 0.07739889125577673 0.30300318580823726 0.16007237201502672 0.5071747860390261 0.7596490541939207 0.079434231673054 0.5645926890675441 0.21858157872433054 0.21858157898848632 0.5651196749567033 0.17317140605509523 0.22777669132979497 0.16007237179726005 0.2185815789347022 0.1600723718029407 0.17317140645820459 0.1731714065619325 0.12172881359958306 0.1600723715648783
156 0.7820342079865203 0.7820342085184736 -0.025315993994170543 0.08957439037577565 0.057962684752801995 0.03166842780422027 0.5916357029382449 -0.0016655015482049595 0.1656057115335282 0.1656057116634459 -0.03992579063245449 -0.06399116779736046 0.10227193496329247 0.08957439057937208 0.16560571170461175 0.08957439044176269 -0.0639911673995715 -0.06399116635881755 0.29163379746758655 0.08957438932822796
20 0.07925484024801234 0.07925483965522262 0.3896561302747302 0.16505453213791238 0.6082429466695654 0.7092147178305163 0.059188579360939235 0.6435990516359593 0.20183205986061722 0.20183205996624642 0.42069846391704757 0.16680238547666437 0.18431792682612183 0.1650545320628372 0.2018320597872084 0.16505453207269133 0.16680238571642894 0.16680238635874708 0.11824642945794321 0.16505453129330183
214 0.7529122785441011 0.7529122783920038 0.2042421187558557 0.07629384629163012 0.08195592027625384 0.09494029231947729 0.29774059264912645 0.08180723366988718 0.2867180683915454 0.2867180683978409 0.13447490795997658 0.10724798538783441 0.10412969756794203 0.0762938462648091 0.28671806844009284 0.0762938461271391 0.10724798575703283 0.10724798686055143 0.6165398614654323 0.07629384500978957
203 0.4768118548448304 0.4768118546553453 0.15231502745444395 0.16073035294785903 0.09034483589280301 0.09561765136700555 0.6616722283776404 0.10158310238969501 0.46220428357385934 0.4622042836969191 0.092772490572159 0.03474997848318341 0.23363738902219758 0.16073035302572852 0.46220428350634174 0.16073035278680595 0.034749978547070765 0.03474997951996525 0.47668996901128136 0.16073035176847153
118 0.07629384624306113 0.07629384571919218 0.07081323058010955 0.655628987471573 0.08399922683960934 0.1416759002660244 0.293145052445705 0.07221506227847121 0.16340299567673355 0.16340299614239484 0.02940320034761386 0.005069997510872781 0.22924608736978894 0.6556289875297807 0.16340299588046037 0.6556289872532943 0.005069997510872781 0.0050699979401542805 0.10987489196726087 0.6556289868312888
77 0.7529122785441011 0.7529122783920038 0.2042421187558557 0.07629384629163012 0.08195592027625384 0.09494029231947729 0.29774059264912645 0.08180723366988718 0.2867180683915454 0.2867180683978409 0.13447490795997658 0.10724798538783441 0.10412969756794203 0.0762938462648091 0.28671806844009284 0.0762938461271391 0.10724798575703283 0.10724798686055143 0.6165398614654323 0.07629384500978957
121 0.07629384624306113 0.07629384571919218 0.07081323058010955 0.655628987471573 0.08399922683960934 0.1416759002660244 0.293145052445705 0.07221506227847121 0.16340299567673355 0.16340299614239484 0.02940320034761386 0.005069997510872781 0.22924608736978894 0.6556289875297807 0.16340299588046037 0.6556289872532943 0.005069997510872781 0.0050699979401542805 0.10987489196726087 0.6556289868312888
16 0.20424211909472317 0.20424211848624485 0.6921132649921967 0.07081323080911839 0.47098800568383864 0.46670857236002333 0.07094685657703224 0.4327307740929172 0.22035404974960554 0.2203540497662432 0.5106026519432529 0.3021810363479044 0.23096164434630262 0.07081323078668873 0.22035404957038282 0.07081323074652736 0.3021810367031099 0.30218103760541026 0.22779224644478946 0.07081322972183796
48 0.08487962429893935 0.0848796239121046 0.4112498547470962 0.1524904774030284 0.5638669971035744 0.720959060051262 0.07169623322938282 0.6159216450185576 0.2008640225826714 0.20086402274945617 0.4713461933982634 0.17359448478341605 0.22912140801128028 0.15249047727997064 0.20086402253727453 0.15249047725452636 0.17359448499919658 0.17359448563073446 0.11263583716340618 0.15249047671577345
80 0.7820342079865203 0.7820342085184736 -0.025315993994170543 0.08957439037577565 0.057962684752801995 0.03166842780422027 0.5916357029382449 -0.0016655015482049595 0.1656057115335282 0.1656057116634459 -0.03992579063245449 -0.06399116779736046 0.10227193496329247 0.08957439057937208 0.16560571170461175 0.08957439044176269 -0.0639911673995715 -0.06399116635881755 0.29163379746758655 0.08957438932822796
220 0.7820342079865203 0.7820342085184736 -0.025315993994170543 0.08957439037577565 0.057962684752801995 0.03166842780422027 0.5916357029382449 -0.0016655015482049595 0.1656057115335282 0.1656057116634459 -0.03992579063245449 -0.06399116779736046 0.10227193496329247 0.08957439057937208 0.16560571170461175 0.08957439044176269 -0.0639911673995715 -0.06399116635881755 0.29163379746758655 0.08957438932822796
6 0.20424211909472317 0.20424211848624485 0.6921132649921967 0.07081323080911839 0.47098800568383864 0.46670857236002333 0.07094685657703224 0.4327307740929172 0.22035404974960554 0.2203540497662432 0.5106026519432529 0.3021810363479044 0.23096164434630262 0.07081323078668873 0.22035404957038282 0.07081323074652736 0.3021810367031099 0.30218103760541026 0.22779224644478946 0.07081322972183796
179 0.07629384624306113 0.07629384571919218 0.07081323058010955 0.655628987471573 0.08399922683960934 0.1416759002660244 0.293145052445705 0.07221506227847121 0.16340299567673355 0.16340299614239484 0.02940320034761386 0.005069997510872781 0.22924608736978894 0.6556289875297807 0.16340299588046037 0.6556289872532943 0.005069997510872781 0.0050699979401542805 0.10987489196726087 0.6556289868312888
128 0.07629384624306113 0.07629384571919218 0.07081323058010955 0.655628987471573 0.08399922683960934 0.1416759002660244 0.293145052445705 0.07221506227847121 0.16340299567673355 0.16340299614239484 0.02940320034761386 0.005069997510872781 0.22924608736978894 0.6556289875297807 0.16340299588046037 0.6556289872532943 0.005069997510872781 0.0050699979401542805 0.10987489196726087 0.6556289868312888
143 0.22392616460497516 0.22392616459533646 0.5029924344482916 0.06069390119344777 0.47918102142761754 0.2983701615669712 0.0003032627417679244 0.1966355973974072 0.29512129933739917 0.2951212995308044 0.4779923942382334 0.44977519615154377 0.1509014405108239 0.06069390110824805 0.29512129929923286 0.060693901133484406 0.4497751967588467 0.4497751970809071 0.3818855326807521 0.06069390074286128
151 0.7820342079865203 0.7820342085184736 -0.025315993994170543 0.08957439037577565 0.057962684752801995 0.03166842780422027 0.5916357029382449 -0.0016655015482049595 0.1656057115335282 0.1656057116634459 -0.03992579063245449 -0.06399116779736046 0.10227193496329247 0.08957439057937208 0.16560571170461175 0.08957439044176269 -0.0639911673995715 -0.06399116635881755 0.29163379746758655 0.08957438932822796
171 0.6165398616189084 0.6165398612646221 0.22779224644478627 0.10987489215388123 0.1156712170502888 0.10561828907323735 0.3589235404975804 0.07878462275781645 0.3066420839320646 0.30664208394927484 0.1652460859196379 0.09867126521919098 0.06905164822943011 0.10987489226844582 0.30664208402506726 0.10987489203196331 0.0986712653713872 0.09867126627944843 0.7978967272905501 0.10987489110508045
207 0.38561522757101985 0.38561522671760307 0.3396428289265949 0.09430789133361056 0.0021509905749279618 0.15212142400517284 0.2812608892053467 0.20713728278771074 0.5347549284879346 0.5347549285754123 0.11655454804166585 0.2260444109970461 0.5834369290077299 0.09430789150997136 0.5347549284806862 0.09430789139406759 0.2260444109475034 0.22604441243840748 0.1010095777819964 0.09430788989953964
87 0.14269467327779586 0.14269467300681252 0.32131571596951225 0.005710199899957251 0.24581073450103494 0.18154229097770144 -0.049135204179539815 0.20110787297936086 0.2168012624424207 0.21680126269542963 0.31565475659194736 0.6923397993816864 0.14531364617610046 0.00571019982560213 0.21680126245005593 0.005710199868992829 0.6923397997392471 0.6923398001209489 0.1334880139477408 0.005710199279459608
0 0.10125680016953244 0.10125679934772326 0.5399317306999204 0.06029608300024847 0.604823759183205 0.5386661533610054 0.026679986914241404 0.6660824538210466 0.14980184285112802 0.14980184306543465 0.5243185110370695 0.2494910113111501 0.18199040885100712 0.06029608309938587 0.1498018428832349 0.06029608308956792 0.24949101166670812 0.24949101246123176 0.06967915750356005 0.06029608209669071
5 0.11271672339930067 0.11271672312677976 0.506358294338322 0.28992510273431266 0.4364629424430627 0.7865196260205186 0.1746692849152824 0.38713518666831026 0.22302933854132823 0.22302933854146562 0.19683468923929165 0.10999648938512438 0.37784808654617186 0.2899251026439963 0.22302933850287013 0.289925102539769 0.10999648971000381 0.10999648999974639 0.12766326920092994 0.2899251020838311
201 0.07629384624306113 0.07629384571919218 0.07081323058010955 0.655628987471573 0.08399922683960934 0.1416759002660244 0.293145052445705 0.07221506227847121 0.16340299567673355 0.16340299614239484 0.02940320034761386 0.005069997510872781 0.22924608736978894 0.6556289875297807 0.16340299588046037 0.6556289872532943 0.005069997510872781 0.0050699979401542805 0.10987489196726087 0.6556289868312888
44 0.2114591555760217 0.21145915477170604 0.710657045546472 0.06179058427209959 0.44481881182861854 0.47203316385102506 0.0780865993621958 0.4693707444037546 0.20825114261438316 0.2082511428450609 0.5125363294646611 0.2929585454156632 0.23071300266959938 0.06179058426363325 0.20825114256540816 0.0617905842987174 0.29295854589611225 0.2929585464650045 0.19780194173478366 0.061790583022398274
167 0.07460548202028569 0.07460548151793576 0.06957824499628974 0.6489697493212542 0.08594252083394152 0.14115674149425075 0.3182605377281606 0.06837802487487064 0.16010554403973673 0.160105544343987 0.03148075732408783 0.004030074049344333 0.27251198391265197 0.6489697492204624 0.1601055441569299 0.6489697489502299 0.004030073190476491 0.004030074136600868 0.1084496392802827 0.648969748266697
215 0.7529122785441011 0.7529122783920038 0.2042421187558557 0.07629384629163012 0.08195592027625384 0.09494029231947729 0.29774059264912645 0.08180723366988718 0.2867180683915454 0.2867180683978409 0.13447490795997658 0.10724798538783441 0.10412969756794203 0.0762938462648091 0.28671806844009284 0.0762938461271391 0.10724798575703283 0.10724798686055143 0.6165398614654323 0.07629384500978957
93 0.19610246060942027 0.19610245974607088 0.08203162194726468 0.4277255374869805 -0.01776924115999371 0.03168930900832684 0.7468742675923128 0.11130765167178039 0.27329353277663376 0.2732935330135962 0.014643134164967583 -0.03531632793740012 0.024851974105058294 0.4277255377574462 0.2732935328893587 0.42772553745515346 -0.03531632814444455 -0.03531632750648298 0.550778533404094 0.4277255365745287
47 0.09494029243518377 0.09494029231606828 0.4667085723600241 0.14167590038710756 0.5465444656426185 0.7083808375794676 0.07125453628280581 0.5785470949317438 0.2104854906622428 0.21048549080715293 0.4776577075319112 0.18971602114027383 0.2517107330286324 0.141675900416496 0.2104854907316199 0.1416759004027386 0.1897160214830986 0.1897160220648784 0.10561828907323699 0.14167589967814972
199 0.07629384624306113 0.07629384571919218 0.07081323058010955 0.655628987471573 0.08399922683960934 0.1416759002660244 0.293145052445705 0.07221506227847121 0.16340299567673355 0.16340299614239484 0.02940320034761386 0.005069997510872781 0.22924608736978894 0.6556289875297807 0.16340299588046037 0.6556289872532943 0.005069997510872781 0.0050699979401542805 0.10987489196726087 0.6556289868312888
19 0.0923823697106058 0.09238236893936892 0.47414604845740255 0.062215505433989335 0.5863644273794245 0.5753031437712605 0.03064021479367068 0.7051106503752935 0.15711834776447411 0.15711834795174812 0.5571003488485645 0.22230846314073802 0.17570177709858517 0.062215505417702904 0.15711834773573294 0.06221550555145677 0.22230846335591253 0.22230846413760844 0.06601217136238104 0.06221550447628399
139 0.6165398616189084 0.6165398612646221 0.22779224644478627 0.10987489215388123 0.1156712170502888 0.10561828907323735 0.3589235404975804 0.07878462275781645 0.3066420839320646 0.30664208394927484 0.1652460859196379 0.09867126521919098 0.06905164822943011 0.10987489226844582 0.30664208402506726 0.10987489203196331 0.0986712653713872 0.09867126627944843 0.7978967272905501 0.10987489110508045
110 0.29774059271610226 0.29774059269992303 0.07094685657703341 0.29314505249548034 0.006249319280518442 0.07125453628280908 0.9996176784279321 0.024531241327394655 0.29810452249933567 0.2981045226106887 0.03444065619777565 -0.05252091132019535 0.25316291862386175 0.29314505259594875 0.2981045226231393 0.293145052276511 -0.05252091176187492 -0.05252091076462524 0.3589235404975833 0.2931450518943584
115 0.11539652626704883 0.11539652563878919 0.26581976017342657 0.0011573099221328458 0.1338531962504752 0.17854045942599378 -0.045590439940770305 0.279961781122001 0.21095170360610066 0.21095170346428596 0.22568618504074317 0.719939147709824 0.16348564815389324 0.0011573100010189772 0.21095170354298456 0.0011573100718973797 0.7199391479960615 0.7199391486407479 0.06061625962930482 0.0011573091387819625
62 0.29774059271610226 0.29774059269992303 0.07094685657703341 0.29314505249548034 0.006249319280518442 0.07125453628280908 0.9996176784279321 0.024531241327394655 0.29810452249933567 0.2981045226106887 0.03444065619777565 -0.05252091132019535 0.25316291862386175 0.29314505259594875 0.2981045226231393 0.293145052276511 -0.05252091176187492 -0.05252091076462524 0.3589235404975833 0.2931450518943584
119 0.07629384624306113 0.07629384571919218 0.07081323058010955 0.655628987471573 0.08399922683960934 0.1416759002660244 0.293145052445705 0.07221506227847121 0.16340299567673355 0.16340299614239484 0.02940320034761386 0.005069997510872781 0.22924608736978894 0.6556289875297807 0.16340299588046037 0.6556289872532943 0.005069997510872781 0.0050699979401542805 0.10987489196726087 0.6556289868312888
31 0.09359658850328367 0.09359658831233754 0.421548928644987 0.3218381615202343 0.46933772327120293 0.79282585611077 0.15734707281008076 0.44847037671565076 0.2152946626731384 0.21529466256455107 0.17793203403741106 0.099284223712594 0.2849164207230019 0.32183816129757703 0.21529466257335578 0.32183816122452147 0.09928422366297927 0.09928422433602165 0.13848557064467246 0.32183816061295367
46 0.14993204200680088 0.14993204101407376 0.6170436194217768 0.025858138856077562 0.5468296338469756 0.4210513832010622 0.03614453536427502 0.6010574304018546 0.15431965577877738 0.15431965577344678 0.585505485296037 0.30402501560625 0.14302256419607592 0.025858138867436754 0.15431965573093093 0.025858138943134375 0.30402501598576975 0.30402501672238386 0.131619715225377 0.02585813766216174
104 0.7820342079865203 0.7820342085184736 -0.025315993994170543 0.08957439037577565 0.057962684752801995 0.03166842780422027 0.5916357029382449 -0.0016655015482049595 0.1656057115335282 0.1656057116634459 -0.03992579063245449 -0.06399116779736046 0.10227193496329247 0.08957439057937208 0.16560571170461175 0.08957439044176269 -0.0639911673995715 -0.06399116635881755 0.29163379746758655 0.08957438932822796
37 0.10578326137429067 0.10578326057698213 0.5246968228727735 0.13883220897767892 0.5868024504252849 0.6822945187841349 0.06312669131859712 0.6365131012561293 0.1778970104100915 0.1778970104593072 0.394858455897491 0.18571714516330423 0.20316781112869783 0.13883220901338011 0.17789701030094238 0.13883220895087617 0.18571714539871917 0.18571714612917398 0.0872446117126948 0.13883220794573614
67 0.6165398616189084 0.6165398612646221 0.22779224644478627 0.10987489215388123 0.1156712170502888 0.10561828907323735 0.3589235404975804 0.07878462275781645 0.3066420839320646 0.30664208394927484 0.1652460859196379 0.09867126521919098 0.06905164822943011 0.10987489226844582 0.30664208402506726 0.10987489203196331 0.0986712653713872 0.09867126627944843 0.7978967272905501 0.10987489110508045
76 0.07629384624306113 0.07629384571919218 0.07081323058010955 0.655628987471573 0.08399922683960934 0.1416759002660244 0.293145052445705 0.07221506227847121 0.16340299567673355 0.16340299614239484 0.02940320034761386 0.005069997510872781 0.22924608736978894 0.6556289875297807 0.16340299588046037 0.6556289872532943 0.005069997510872781 0.0050699979401542805 0.10987489196726087 0.6556289868312888
89 0.07460548202028569 0.07460548151793576 0.06957824499628974 0.6489697493212542 0.08594252083394152 0.14115674149425075 0.3182605377281606 0.06837802487487064 0.16010554403973673 0.160105544343987 0.03148075732408783 0.004030074049344333 0.27251198391265197 0.6489697492204624 0.1601055441569299 0.6489697489502299 0.004030073190476491 0.004030074136600868 0.1084496392802827 0.648969748266697
125 0.07629384624306113 0.07629384571919218 0.07081323058010955 0.655628987471573 0.08399922683960934 0.1416759002660244 0.293145052445705 0.07221506227847121 0.16340299567673355 0.16340299614239484 0.02940320034761386 0.005069997510872781 0.22924608736978894 0.6556289875297807 0.16340299588046037 0.6556289872532943 0.005069997510872781 0.0050699979401542805 0.10987489196726087 0.6556289868312888
30 0.09171402311745727 0.09171402218096589 0.5225269092942721 0.026401406116742337 0.6297313214305746 0.44367619123894225 0.0016757158812212992 0.6500389896097201 0.1405857195013812 0.14058571947816847 0.5811067166555233 0.2949658742718481 0.14648291349141457 0.026401406101223646 0.14058571940802522 0.02640140623933936 0.2949658747231265 0.2949658752863568 0.06869890887567434 0.026401405199369413
17 0.12619990749195908 0.12619990741127327 0.5513447345328419 0.2713797969036591 0.4119922038803325 0.7579657653123416 0.18317062661420777 0.3281886844782987 0.23359867703379897 0.23359867739899867 0.20874406228118667 0.1238652086477671 0.4508170713430048 0.2713797968097945 0.2335986772337301 0.27137979671765655 0.12386520859834811 0.12386520935342003 0.1258211641094054 0.27137979620695674
176 0.07629384624306113 0.07629384571919218 0.07081323058010955 0.655628987471573 0.08399922683960934 0.1416759002660244 0.293145052445705 0.07221506227847121 0.16340299567673355 0.16340299614239484 0.02940320034761386 0.005069997510872781 0.22924608736978894 0.6556289875297807 0.16340299588046037 0.6556289872532943 0.005069997510872781 0.0050699979401542805 0.10987489196726087 0.6556289868312888
159 0.5693123025361637 0.5693123028979097 -0.0010652575460682512 0.0926481703246946 0.012977920569565855 0.022794043144673655 0.9231331688499325 0.0033079630985554977 0.2693985420269461 0.2693985419146458 0.0065666255497533925 -0.06816665762726927 0.0374275752077708 0.09264817038503742 0.2693985419042674 0.09264817013964889 -0.06816665738186274 -0.06816665658922327 0.3681210849039748 0.0926481695385611
208 0.30368592037220676 0.3036859198599148 0.5060778604979007 0.029774705240540572 0.22443592064503975 0.24077718416363075 -0.008245938769426529 0.23956716408273712 0.3256863936761767 0.32568639366129226 0.37624432254462603 0.5260703276558305 0.18034389803265563 0.02977470527839507 0.3256863936375742 0.029774705313301012 0.5260703280839952 0.5260703287195295 0.22783921979215732 0.029774704190688946
79 0.7820342079865203 0.7820342085184736 -0.025315993994170543 0.08957439037577565 0.057962684752801995 0.03166842780422027 0.5916357029382449 -0.0016655015482049595 0.1656057115335282 0.1656057116634459 -0.03992579063245449 -0.06399116779736046 0.10227193496329247 0.08957439057937208 0.16560571170461175 0.08957439044176269 -0.0639911673995715 -0.06399116635881755 0.29163379746758655 0.08957438932822796
178 0.07629384624306113 0.07629384571919218 0.07081323058010955 0.655628987471573 0.08399922683960934 0.1416759002660244 0.293145052445705 0.07221506227847121 0.16340299567673355 0.16340299614239484 0.02940320034761386 0.005069997510872781 0.22924608736978894 0.6556289875297807 0.16340299588046037 0.6556289872532943 0.005069997510872781 0.0050699979401542805 0.10987489196726087 0.6556289868312888
153 0.7529122785441011 0.7529122783920038 0.2042421187558557 0.07629384629163012 0.08195592027625384 0.09494029231947729 0.29774059264912645 0.08180723366988718 0.2867180683915454 0.2867180683978409 0.13447490795997658 0.10724798538783441 0.10412969756794203 0.0762938462648091 0.28671806844009284 0.0762938461271391 0.10724798575703283 0.10724798686055143 0.6165398614654323 0.07629384500978957
209 0.29774059271610226 0.29774059269992303 0.07094685657703341 0.29314505249548034 0.006249319280518442 0.07125453628280908 0.9996176784279321 0.024531241327394655 0.29810452249933567 0.2981045226106887 0.03444065619777565 -0.05252091132019535 0.25316291862386175 0.29314505259594875 0.2981045226231393 0.293145052276511 -0.05252091176187492 -0.05252091076462524 0.3589235404975833 0.2931450518943584
59 0.09902899069761717 0.09902898959592256 0.5203451450341237 0.06176900740204293 0.6124541372431451 0.5469566924354344 0.028406752460970717 0.7084837712126343 0.14565149006688588 0.1456514901857795 0.5085001973143579 0.23135655081742826 0.16193311603524355 0.061769007503591364 0.1456514899636946 0.06176900754886928 0.23135655113540374 0.23135655201642863 0.06115546075511694 0.06176900629055939
107 0.7820342079865203 0.7820342085184736 -0.025315993994170543 0.08957439037577565 0.057962684752801995 0.03166842780422027 0.5916357029382449 -0.0016655015482049595 0.1656057115335282 0.1656057116634459 -0.03992579063245449 -0.06399116779736046 0.10227193496329247 0.08957439057937208 0.16560571170461175 0.08957439044176269 -0.0639911673995715 -0.06399116635881755 0.29163379746758655 0.08957438932822796
3 0.0934332962924534 0.09343329607978314 0.4363706112581255 0.14330528841339493 0.5373895254915697 0.7274270148604826 0.07615431192636804 0.5997060218816079 0.20071345410821465 0.20071345435021196 0.49273223216975964 0.1799241968073092 0.2342462716910457 0.1433052884192128 0.20071345411748825 0.14330528838050619 0.17992419707006038 0.17992419740596452 0.10027603066882015 0.14330528758874891
40 0.13447490814837199 0.1344749078583459 0.5106026519432545 0.02940320049071789 0.5001190755122648 0.47765770753191045 0.03444065619777413 0.524188058374281 0.19470148042414348 0.19470148035027493 0.7059921049213881 0.30504462757807144 0.16373969384027917 0.029403200414316853 0.19470148026534245 0.02940320047061124 0.30504462795056286 0.3050446283599178 0.16524608591963927 0.0294031998626452
2 0.1543405777879787 0.15434057722527533 0.583856902925859 0.024386582045072436 0.4791605572429721 0.4288391621448579 0.027426301425300396 0.48218842816004376 0.1907035619432931 0.19070356210579564 0.6563030795412892 0.3488594411951461 0.17643611901496709 0.024386581943979968 0.19070356185488155 0.024386582009103912 0.3488594417111936 0.34885944217738835 0.1546183842495469 0.02438658121256323
38 0.0816768152151566 0.0816768144665522 0.45356158167090277 0.07558252393190769 0.6493916837906448 0.566271684039061 0.01596234545396566 0.6765323620058066 0.17309548951824066 0.17309548965890886 0.525856617644736 0.22794410741423113 0.1616351746862318 0.07558252401256492 0.1730954895519917 0.07558252408153074 0.2279441076979999 0.22794410829172612 0.09574704263172304 0.0755825232590755
155 0.7820342079865203 0.7820342085184736 -0.025315993994170543 0.08957439037577565 0.057962684752801995 0.03166842780422027 0.5916357029382449 -0.0016655015482049595 0.1656057115335282 0.1656057116634459 -0.03992579063245449 -0.06399116779736046 0.10227193496329247 0.08957439057937208 0.16560571170461175 0.08957439044176269 -0.0639911673995715 -0.06399116635881755 0.29163379746758655 0.08957438932822796
26 0.10105834326318715 0.10105834256615193 0.5386821391344027 0.056174774931393744 0.5680455577453581 0.5394101900896858 0.023258573401988152 0.6169776514928637 0.17383784563696564 0.1738378458411288 0.5606085451617207 0.2683468175669121 0.21321291499944392 0.056174774935801496 0.17383784565870888 0.05617477497734285 0.2683468178861093 0.2683468185592297 0.0755959704346387 0.05617477392875027
109 0.30368592037220676 0.3036859198599148 0.5060778604979007 0.029774705240540572 0.22443592064503975 0.24077718416363075 -0.008245938769426529 0.23956716408273712 0.3256863936761767 0.32568639366129226 0.37624432254462603 0.5260703276558305 0.18034389803265563 0.02977470527839507 0.3256863936375742 0.029774705313301012 0.5260703280839952 0.5260703287195295 0.22783921979215732 0.029774704190688946
186 0.6165398616189084 0.6165398612646221 0.22779224644478627 0.10987489215388123 0.1156712170502888 0.10561828907323735 0.3589235404975804 0.07878462275781645 0.3066420839320646 0.30664208394927484 0.1652460859196379 0.09867126521919098 0.06905164822943011 0.10987489226844582 0.30664208402506726 0.10987489203196331 0.0986712653713872 0.09867126627944843 0.7978967272905501 0.10987489110508045
158 0.7182919582225221 0.7182919583837698 0.019568695306265597 0.03162231688458422 0.0029182752396037445 0.08667619439517531 0.4808589686298779 0.13185627000885106 0.4176276036411297 0.41762760362348456 0.1263752010089893 0.07022147649156522 0.08130388125865536 0.031622316868683546 0.41762760350681694 0.03162231666141276 0.07022147685376481 0.07022147800885868 0.2780929764499998 0.03162231540830141
162 0.12477074425604784 0.12477074370366362 0.31503837573577437 0.17314645246837995 0.060056784724574874 0.22915916062929415 0.27157810835411217 0.18873388760009122 0.35318613427483725 0.3531861344633632 0.15517560133103844 0.15352786814653913 1.0433998933168134 0.17314645262033931 0.35318613439626756 0.17314645243649454 0.1535278678177538 0.1535278690087468 0.031813858875183884 0.17314645152267416
117 0.07629384624306113 0.07629384571919218 0.07081323058010955 0.655628987471573 0.08399922683960934 0.1416759002660244 0.293145052445705 0.07221506227847121 0.16340299567673355 0.16340299614239484 0.02940320034761386 0.005069997510872781 0.22924608736978894 0.6556289875297807 0.16340299588046037 0.6556289872532943 0.005069997510872781 0.0050699979401542805 0.10987489196726087 0.6556289868312888
83 0.29774059271610226 0.29774059269992303 0.07094685657703341 0.29314505249548034 0.006249319280518442 0.07125453628280908 0.9996176784279321 0.024531241327394655 0.29810452249933567 0.2981045226106887 0.03444065619777565 -0.05252091132019535 0.25316291862386175 0.29314505259594875 0.2981045226231393 0.293145052276511 -0.05252091176187492 -0.05252091076462524 0.3589235404975833 0.2931450518943584
164 0.07460548202028569 0.07460548151793576 0.06957824499628974 0.6489697493212542 0.08594252083394152 0.14115674149425075 0.3182605377281606 0.06837802487487064 0.16010554403973673 0.160105544343987 0.03148075732408783 0.004030074049344333 0.27251198391265197 0.6489697492204624 0.1601055441569299 0.6489697489502299 0.004030073190476491 0.004030074136600868 0.1084496392802827 0.648969748266697
166 0.19610246060942027 0.19610245974607088 0.08203162194726468 0.4277255374869805 -0.01776924115999371 0.03168930900832684 0.7468742675923128 0.11130765167178039 0.27329353277663376 0.2732935330135962 0.014643134164967583 -0.03531632793740012 0.024851974105058294 0.4277255377574462 0.2732935328893587 0.42772553745515346 -0.03531632814444455 -0.03531632750648298 0.550778533404094 0.4277255365745287
163 0.14269467327779586 0.14269467300681252 0.32131571596951225 0.005710199899957251 0.24581073450103494 0.18154229097770144 -0.049135204179539815 0.20110787297936086 0.2168012624424207 0.21680126269542963 0.31565475659194736 0.6923397993816864 0.14531364617610046 0.00571019982560213 0.21680126245005593 0.005710199868992829 0.6923397997392471 0.6923398001209489 0.1334880139477408 0.005710199279459608
57 0.10281136818392346 0.10281136802497566 0.4711570889039661 0.2957504851695288 0.4384078186991556 0.7943554915329113 0.18013215889693687 0.4235000410411683 0.21339891021913665 0.21339891038664016 0.19627111486347582 0.10197176275972981 0.36969947369629486 0.2957504849739583 0.2133989101724615 0.2957504848665911 0.10197176293010174 0.10197176338596917 0.12971847797026154 0.2957504842879874
181 0.7529122785441011 0.7529122783920038 0.2042421187558557 0.07629384629163012 0.08195592027625384 0.09494029231947729 0.29774059264912645 0.08180723366988718 0.2867180683915454 0.2867180683978409 0.13447490795997658 0.10724798538783441 0.10412969756794203 0.0762938462648091 0.28671806844009284 0.0762938461271391 0.10724798575703283 0.10724798686055143 0.6165398614654323 0.07629384500978957
45 0.10359086691460766 0.1035908661189826 0.514297618309387 0.132652470652846 0.5665331222148713 0.6869159271893727 0.07273910472893544 0.6731475509294315 0.16869332155887407 0.1686933217596945 0.3969843471243142 0.17378721541653905 0.2237682889494147 0.13265247064887076 0.16869332157743605 0.13265247065390617 0.1737872157972199 0.1737872163595591 0.07862808213166311 0.13265246950880938
84 0.2867180684182434 0.28671806819965445 0.22035404967874514 0.16340299617396475 0.172877848888441 0.21048549068208425 0.2981045225969254 0.1603847739061747 0.586302603949056 0.5863026039557004 0.19470148022608177 0.2081492434074116 0.44528459881183685 0.1634029960699353 0.586302603765123 0.16340299586739251 0.20814924329667597 0.20814924422591471 0.30664208388936537 0.16340299511099257
173 0.7820342079865203 0.7820342085184736 -0.025315993994170543 0.08957439037577565 0.057962684752801995 0.03166842780422027 0.5916357029382449 -0.0016655015482049595 0.1656057115335282 0.1656057116634459 -0.03992579063245449 -0.06399116779736046 0.10227193496329247 0.08957439057937208 0.16560571170461175 0.08957439044176269 -0.0639911673995715 -0.06399116635881755 0.29163379746758655 0.08957438932822796
22 0.0714026217666818 0.07140262117769025 0.4167935662022525 0.0860809028580507 0.6858617199497189 0.5682038456380076 0.0064702866583647685 0.6768696369829054 0.1838959261960837 0.1838959261474294 0.5021713167723663 0.22000264279276002 0.14883022549265404 0.08608090286135886 0.18389592611951322 0.08608090290636222 0.22000264302905603 0.22000264343909476 0.11226815397739538 0.08608090209701143
98 0.07629384624306113 0.07629384571919218 0.07081323058010955 0.655628987471573 0.08399922683960934 0.1416759002660244 0.293145052445705 0.07221506227847121 0.16340299567673355 0.16340299614239484 0.02940320034761386 0.005069997510872781 0.22924608736978894 0.6556289875297807 0.16340299588046037 0.6556289872532943 0.005069997510872781 0.0050699979401542805 0.10987489196726087 0.6556289868312888
66 0.6165398616189084 0.6165398612646221 0.22779224644478627 0.10987489215388123 0.1156712170502888 0.10561828907323735 0.3589235404975804 0.07878462275781645 0.3066420839320646 0.30664208394927484 0.1652460859196379 0.09867126521919098 0.06905164822943011 0.10987489226844582 0.30664208402506726 0.10987489203196331 0.0986712653713872 0.09867126627944843 0.7978967272905501 0.10987489110508045
210 0.29774059271610226 0.29774059269992303 0.07094685657703341 0.29314505249548034 0.006249319280518442 0.07125453628280908 0.9996176784279321 0.024531241327394655 0.29810452249933567 0.2981045226106887 0.03444065619777565 -0.05252091132019535 0.25316291862386175 0.29314505259594875 0.2981045226231393 0.293145052276511 -0.05252091176187492 -0.05252091076462524 0.3589235404975833 0.2931450518943584
133 0.2641602996252023 0.26416029938298957 0.5262221972880552 0.044511340754197076 0.3632166043430346 0.27425281701388693 -0.0028603113491649937 0.21057760309556142 0.3062906753681759 0.30629067531139254 0.44595425685488993 0.4866808087681091 0.16505089079937033 0.04451134071920167 0.3062906753111412 0.044511340645255 0.4866808094474824 0.48668080978382183 0.31090517023381725 0.04451133985096351
140 0.6165398616189084 0.6165398612646221 0.22779224644478627 0.10987489215388123 0.1156712170502888 0.10561828907323735 0.3589235404975804 0.07878462275781645 0.3066420839320646 0.30664208394927484 0.1652460859196379 0.09867126521919098 0.06905164822943011 0.10987489226844582 0.30664208402506726 0.10987489203196331 0.0986712653713872 0.09867126627944843 0.7978967272905501 0.10987489110508045
71 0.07629384624306113 0.07629384571919218 0.07081323058010955 0.655628987471573 0.08399922683960934 0.1416759002660244 0.293145052445705 0.07221506227847121 0.16340299567673355 0.16340299614239484 0.02940320034761386 0.005069997510872781 0.22924608736978894 0.6556289875297807 0.16340299588046037 0.6556289872532943 0.005069997510872781 0.0050699979401542805 0.10987489196726087 0.6556289868312888
136 0.2867180684182434 0.28671806819965445 0.22035404967874514 0.16340299617396475 0.172877848888441 0.21048549068208425 0.2981045225969254 0.1603847739061747 0.586302603949056 0.5863026039557004 0.19470148022608177 0.2081492434074116 0.44528459881183685 0.1634029960699353 0.586302603765123 0.16340299586739251 0.20814924329667597 0.20814924422591471 0.30664208388936537 0.16340299511099257
188 0.7820342079865203 0.7820342085184736 -0.025315993994170543 0.08957439037577565 0.057962684752801995 0.03166842780422027 0.5916357029382449 -0.0016655015482049595 0.1656057115335282 0.1656057116634459 -0.03992579063245449 -0.06399116779736046 0.10227193496329247 0.08957439057937208 0.16560571170461175 0.08957439044176269 -0.0639911673995715 -0.06399116635881755 0.29163379746758655 0.08957438932822796
187 0.7820342079865203 0.7820342085184736 -0.025315993994170543 0.08957439037577565 0.057962684752801995 0.03166842780422027 0.5916357029382449 -0.0016655015482049595 0.1656057115335282 0.1656057116634459 -0.03992579063245449 -0.06399116779736046 0.10227193496329247 0.08957439057937208 0.16560571170461175 0.08957439044176269 -0.0639911673995715 -0.06399116635881755 0.29163379746758655 0.08957438932822796
41 0.08022282618412664 0.0802228257838109 0.4130839109434916 0.07182625956264825 0.5848954973164856 0.6022354288482521 0.02005541180190303 0.6429395693393893 0.18879495532716417 0.18879495541313837 0.6083838260730875 0.22848115983157585 0.18409037182016744 0.07182625962176191 0.18879495530627857 0.07182625963254502 0.2284811601674497 0.22848116052476009 0.09310838861235096 0.07182625888678242
216 0.7820342079865203 0.7820342085184736 -0.025315993994170543 0.08957439037577565 0.057962684752801995 0.03166842780422027 0.5916357029382449 -0.0016655015482049595 0.1656057115335282 0.1656057116634459 -0.03992579063245449 -0.06399116779736046 0.10227193496329247 0.08957439057937208 0.16560571170461175 0.08957439044176269 -0.0639911673995715 -0.06399116635881755 0.29163379746758655 0.08957438932822796
154 0.7529122785441011 0.7529122783920038 0.2042421187558557 0.07629384629163012 0.08195592027625384 0.09494029231947729 0.29774059264912645 0.08180723366988718 0.2867180683915454 0.2867180683978409 0.13447490795997658 0.10724798538783441 0.10412969756794203 0.0762938462648091 0.28671806844009284 0.0762938461271391 0.10724798575703283 0.10724798686055143 0.6165398614654323 0.07629384500978957
65 0.10412969763286617 0.1041296974892855 0.23096164434630506 0.22924608747050504 0.14632848285356817 0.2517107330286334 0.25316291862385804 0.1571943673330633 0.44528459896307676 0.4452845989720996 0.1637396938402804 0.15603228529218796 0.9174593423123393 0.22924608752535314 0.44528459885723143 0.22924608732616658 0.156032284777205 0.15603228596278912 0.06905164822943048 0.22924608669229113
23 0.07582222502788155 0.07582222596468621 0.21837740227227057 0.3388465540989599 0.34682057883124595 0.7345241170282037 0.22081084250449062 0.23414704812830242 0.2924238139773255 0.29242381407537366 0.3904707565017299 0.12364738619169774 0.43172149517673547 0.3388465536838605 0.2924238139484598 0.33884655350362947 0.12364738642788295 0.12364738624354212 0.17231309063028086 0.3388465538156871
96 0.07629384624306113 0.07629384571919218 0.07081323058010955 0.655628987471573 0.08399922683960934 0.1416759002660244 0.293145052445705 0.07221506227847121 0.16340299567673355 0.16340299614239484 0.02940320034761386 0.005069997510872781 0.22924608736978894 0.6556289875297807 0.16340299588046037 0.6556289872532943 0.005069997510872781 0.0050699979401542805 0.10987489196726087 0.6556289868312888
194 0.10412969763286617 0.1041296974892855 0.23096164434630506 0.22924608747050504 0.14632848285356817 0.2517107330286334 0.25316291862385804 0.1571943673330633 0.44528459896307676 0.4452845989720996 0.1637396938402804 0.15603228529218796 0.9174593423123393 0.22924608752535314 0.44528459885723143 0.22924608732616658 0.156032284777205 0.15603228596278912 0.06905164822943048 0.22924608669229113
197 0.07629384624306113 0.07629384571919218 0.07081323058010955 0.655628987471573 0.08399922683960934 0.1416759002660244 0.293145052445705 0.07221506227847121 0.16340299567673355 0.16340299614239484 0.02940320034761386 0.005069997510872781 0.22924608736978894 0.6556289875297807 0.16340299588046037 0.6556289872532943 0.005069997510872781 0.0050699979401542805 0.10987489196726087 0.6556289868312888
205 0.4768118548448304 0.4768118546553453 0.15231502745444395 0.16073035294785903 0.09034483589280301 0.09561765136700555 0.6616722283776404 0.10158310238969501 0.46220428357385934 0.4622042836969191 0.092772490572159 0.03474997848318341 0.23363738902219758 0.16073035302572852 0.46220428350634174 0.16073035278680595 0.034749978547070765 0.03474997951996525 0.47668996901128136 0.16073035176847153
34 0.23125029974229966 0.23125029890299895 0.7233974064002081 0.05655100262485272 0.39422959992909984 0.4339125822308668 0.06687305185585415 0.3976178262423911 0.22819841097925467 0.22819841100478047 0.49786519977914545 0.33429043715292084 0.26614484985153825 0.0565510027918267 0.22819841091460918 0.05655100276072424 0.33429043778037437 0.3342904384258714 0.19628134781322581 0.05655100159690182
55 0.12619990749195908 0.12619990741127327 0.5513447345328419 0.2713797969036591 0.4119922038803325 0.7579657653123416 0.18317062661420777 0.3281886844782987 0.23359867703379897 0.23359867739899867 0.20874406228118667 0.1238652086477671 0.4508170713430048 0.2713797968097945 0.2335986772337301 0.27137979671765655 0.12386520859834811 0.12386520935342003 0.1258211641094054 0.27137979620695674
144 0.29774059271610226 0.29774059269992303 0.07094685657703341 0.29314505249548034 0.006249319280518442 0.07125453628280908 0.9996176784279321 0.024531241327394655 0.29810452249933567 0.2981045226106887 0.03444065619777565 -0.05252091132019535 0.25316291862386175 0.29314505259594875 0.2981045226231393 0.293145052276511 -0.05252091176187492 -0.05252091076462524 0.3589235404975833 0.2931450518943584
81 0.22392616460497516 0.22392616459533646 0.5029924344482916 0.06069390119344777 0.47918102142761754 0.2983701615669712 0.0003032627417679244 0.1966355973974072 0.29512129933739917 0.2951212995308044 0.4779923942382334 0.44977519615154377 0.1509014405108239 0.06069390110824805 0.29512129929923286 0.060693901133484406 0.4497751967588467 0.4497751970809071 0.3818855326807521 0.06069390074286128
14 0.20424211909472317 0.20424211848624485 0.6921132649921967 0.07081323080911839 0.47098800568383864 0.46670857236002333 0.07094685657703224 0.4327307740929172 0.22035404974960554 0.2203540497662432 0.5106026519432529 0.3021810363479044 0.23096164434630262 0.07081323078668873 0.22035404957038282 0.07081323074652736 0.3021810367031099 0.30218103760541026 0.22779224644478946 0.07081322972183796
74 0.07629384624306113 0.07629384571919218 0.07081323058010955 0.655628987471573 0.08399922683960934 0.1416759002660244 0.293145052445705 0.07221506227847121 0.16340299567673355 0.16340299614239484 0.02940320034761386 0.005069997510872781 0.22924608736978894 0.6556289875297807 0.16340299588046037 0.6556289872532943 0.005069997510872781 0.0050699979401542805 0.10987489196726087 0.6556289868312888
49 0.08209016217509478 0.0820901610718874 0.43391046134750244 7.257696808038183e-05 0.5900069056171948 0.4228765520767696 0.0002635388097582533 0.7693360810354343 0.12394663677376404 0.12394663672883885 0.6467371872733858 0.25463105148126763 0.11163639180939874 7.257704815169206e-05 0.12394663665623269 7.257712885773444e-05 0.25463105172175193 0.25463105239503503 0.03350762371676962 7.257594815150302e-05
58 0.156315061926099 0.1563150610077703 0.6292835479170218 0.02587257219227192 0.5317429024743158 0.40670107477957396 0.029570177691915264 0.5453311754653557 0.16394355584934017 0.16394355584214937 0.5859684400985676 0.3338560498683789 0.15442116397010433 0.025872572386653154 0.16394355585108708 0.02587257243693138 0.3338560502656667 0.33385605089704556 0.1414513268741696 0.02587257120996072
72 0.07629384624306113 0.07629384571919218 0.07081323058010955 0.655628987471573 0.08399922683960934 0.1416759002660244 0.293145052445705 0.07221506227847121 0.16340299567673355 0.16340299614239484 0.02940320034761386 0.005069997510872781 0.22924608736978894 0.6556289875297807 0.16340299588046037 0.6556289872532943 0.005069997510872781 0.0050699979401542805 0.10987489196726087 0.6556289868312888
10 0.08180723413130761 0.08180723321466389 0.4327307740929172 0.0722150623139135 0.6284584517802878 0.5785470949317416 0.024531241327393993 0.7332598832789802 0.16038477392893327 0.16038477406214532 0.5241880583742804 0.2063092585074127 0.15719436733306233 0.0722150624997341 0.16038477392977954 0.07221506257037971 0.2063092588186713 0.20630925940520103 0.07878462275781732 0.07221506150167939
36 0.11025946025564727 0.11025945937176661 0.577792411335033 0.04865625290012579 0.5497613179141656 0.5214313074313548 0.03329800277294387 0.6393993136238906 0.14452005424705291 0.144520054287298 0.5464522396813012 0.26769045723217677 0.22714149522146568 0.04865625290154305 0.14452005418642835 0.04865625291615939 0.2676904575266966 0.267690458213416 0.06070974137150227 0.048656251640474234
35 0.11271672339930067 0.11271672312677976 0.506358294338322 0.28992510273431266 0.4364629424430627 0.7865196260205186 0.1746692849152824 0.38713518666831026 0.22302933854132823 0.22302933854146562 0.19683468923929165 0.10999648938512438 0.37784808654617186 0.2899251026439963 0.22302933850287013 0.289925102539769 0.10999648971000381 0.10999648999974639 0.12766326920092994 0.2899251020838311
105 0.7529122785441011 0.7529122783920038 0.2042421187558557 0.07629384629163012 0.08195592027625384 0.09494029231947729 0.29774059264912645 0.08180723366988718 0.2867180683915454 0.2867180683978409 0.13447490795997658 0.10724798538783441 0.10412969756794203 0.0762938462648091 0.28671806844009284 0.0762938461271391 0.10724798575703283 0.10724798686055143 0.6165398614654323 0.07629384500978957
174 0.11539652626704883 0.11539652563878919 0.26581976017342657 0.0011573099221328458 0.1338531962504752 0.17854045942599378 -0.045590439940770305 0.279961781122001 0.21095170360610066 0.21095170346428596 0.22568618504074317 0.719939147709824 0.16348564815389324 0.0011573100010189772 0.21095170354298456 0.0011573100718973797 0.7199391479960615 0.7199391486407479 0.06061625962930482 0.0011573091387819625
52 0.11203587150169786 0.11203587098721583 0.5792008604248933 0.13243478080969787 0.5611821056306995 0.6454694586706625 0.061312990240249644 0.507949524850296 0.19706410994864568 0.19706410989205558 0.43800232250532095 0.2299591972350537 0.2980910761683896 0.13243478075667095 0.19706410984935363 0.13243478074254042 0.22995919757521113 0.22995919809808296 0.11697140249859758 0.13243477997947836
204 0.3207130597237924 0.3207130599438196 0.07860633413835369 0.24016895976650027 0.012794390189829804 0.07734996116097966 1.0426795519751613 0.006965649404805299 0.2840342558220235 0.2840342560171179 0.03391535115388466 -0.05392984722063886 0.33865259095805483 0.24016895982448025 0.2840342559493386 0.2401689594996762 -0.0539298475334569 -0.053929846840788026 0.27855033515172584 0.24016895923514706
70 0.10724798613400985 0.10724798593065994 0.30218103677280767 0.005069997590988409 0.2474698223836749 0.18971602146723557 -0.052520911391116185 0.20630925885446919 0.20814924375097496 0.20814924379872532 0.3050446279142403 0.7037782464862837 0.1560322852632965 0.0050699975607889245 0.20814924359314355 0.005069997566860172 0.703778246834979 0.7037782471286875 0.09867126553992514 0.005069997038041487
8 0.08432183338392828 0.08432183211969009 0.44368540289277275 0.024478629882992323 0.6125114595097971 0.47732986027579577 0.013407034711892007 0.8102986128325532 0.12660072577136428 0.1266007259348714 0.5614011423620341 0.21843322520238595 0.12476399587950894 0.024478630067127628 0.12660072570641234 0.02447863016315854 0.2184332254306562 0.21843322632009618 0.03759690805726912 0.02447862877214724
111 0.29774059271610226 0.29774059269992303 0.07094685657703341 0.29314505249548034 0.006249319280518442 0.07125453628280908 0.9996176784279321 0.024531241327394655 0.29810452249933567 0.2981045226106887 0.03444065619777565 -0.05252091132019535 0.25316291862386175 0.29314505259594875 0.2981045226231393 0.293145052276511 -0.05252091176187492 -0.05252091076462524 0.3589235404975833 0.2931450518943584
124 0.07629384624306113 0.07629384571919218 0.07081323058010955 0.655628987471573 0.08399922683960934 0.1416759002660244 0.293145052445705 0.07221506227847121 0.16340299567673355 0.16340299614239484 0.02940320034761386 0.005069997510872781 0.22924608736978894 0.6556289875297807 0.16340299588046037 0.6556289872532943 0.005069997510872781 0.0050699979401542805 0.10987489196726087 0.6556289868312888
32 0.156315061926099 0.1563150610077703 0.6292835479170218 0.02587257219227192 0.5317429024743158 0.40670107477957396 0.029570177691915264 0.5453311754653557 0.16394355584934017 0.16394355584214937 0.5859684400985676 0.3338560498683789 0.15442116397010433 0.025872572386653154 0.16394355585108708 0.02587257243693138 0.3338560502656667 0.33385605089704556 0.1414513268741696 0.02587257120996072
28 0.16188185954344364 0.16188185899702473 0.5940728476552686 0.023134679968178216 0.45106724623606625 0.4026007279587456 0.018070740528142396 0.42858166228018363 0.20751208034731977 0.20751208046712724 0.6351974474414389 0.3839283481269482 0.19487411933858376 0.023134679825623394 0.20751208018329184 0.023134679797468936 0.38392834859775066 0.38392834893943145 0.16030293296844264 0.02313467893195423
15 0.09471755618890963 0.09471755529965008 0.47993282176545193 0.05949093712618357 0.5758045703189388 0.5744911435978146 0.03327240691650556 0.7155249620038532 0.15351384932483492 0.1535138496851142 0.5563196597242186 0.22023506369647147 0.17641389226567514 0.05949093717636751 0.15351384934645046 0.05949093727403318 0.22023506396237033 0.2202350646949955 0.058730471170351795 0.05949093624690551
69 0.7820342079865203 0.7820342085184736 -0.025315993994170543 0.08957439037577565 0.057962684752801995 0.03166842780422027 0.5916357029382449 -0.0016655015482049595 0.1656057115335282 0.1656057116634459 -0.03992579063245449 -0.06399116779736046 0.10227193496329247 0.08957439057937208 0.16560571170461175 0.08957439044176269 -0.0639911673995715 -0.06399116635881755 0.29163379746758655 0.08957438932822796
108 0.7820342079865203 0.7820342085184736 -0.025315993994170543 0.08957439037577565 0.057962684752801995 0.03166842780422027 0.5916357029382449 -0.0016655015482049595 0.1656057115335282 0.1656057116634459 -0.03992579063245449 -0.06399116779736046 0.10227193496329247 0.08957439057937208 0.16560571170461175 0.08957439044176269 -0.0639911673995715 -0.06399116635881755 0.29163379746758655 0.08957438932822796
50 0.0814980728618246 0.08149807207623552 0.41267793552050464 0.16596432721550727 0.638832883953201 0.6852335706530281 0.05295120167961989 0.6867633972247797 0.18429521826749098 0.18429521850737177 0.3581221040368693 0.16191974918073845 0.1627060698839177 0.16596432726444948 0.18429521835695062 0.16596432727759752 0.16191974919863275 0.16191975010835832 0.11240147682272224 0.16596432636670522
4 0.0819559206929907 0.0819559198650097 0.47098800568383636 0.08399922696907466 0.6960662352653862 0.5465444656426183 0.006249319280514406 0.6284584517802837 0.17287784878866228 0.1728778490673046 0.5001190755122644 0.24746982205914192 0.14632848285356403 0.08399922702354896 0.17287784880368198 0.08399922701712817 0.24746982234544385 0.24746982292338102 0.11567121705028757 0.08399922614188245
190 0.29774059271610226 0.29774059269992303 0.07094685657703341 0.29314505249548034 0.006249319280518442 0.07125453628280908 0.9996176784279321 0.024531241327394655 0.29810452249933567 0.2981045226106887 0.03444065619777565 -0.05252091132019535 0.25316291862386175 0.29314505259594875 0.2981045226231393 0.293145052276511 -0.05252091176187492 -0.05252091076462524 0.3589235404975833 0.2931450518943584
101 0.7529122785441011 0.7529122783920038 0.2042421187558557 0.07629384629163012 0.08195592027625384 0.09494029231947729 0.29774059264912645 0.08180723366988718 0.2867180683915454 0.2867180683978409 0.13447490795997658 0.10724798538783441 0.10412969756794203 0.0762938462648091 0.28671806844009284 0.0762938461271391 0.10724798575703283 0.10724798686055143 0.6165398614654323 0.07629384500978957
25 0.10167126954711975 0.10167126867138257 0.5056500195911388 0.1385350041586578 0.5824940144996601 0.6870152107590196 0.06754232535019526 0.6667285356886519 0.17279433712546863 0.17279433716973383 0.3911677887239836 0.17487217583951115 0.20718432110345195 0.1385350043149345 0.17279433700993144 0.1385350042618341 0.17487217621883858 0.1748721768718232 0.08427605020908895 0.13853500317152445
12 0.0819559206929907 0.0819559198650097 0.47098800568383636 0.08399922696907466 0.6960662352653862 0.5465444656426183 0.006249319280514406 0.6284584517802837 0.17287784878866228 0.1728778490673046 0.5001190755122644 0.24746982205914192 0.14632848285356403 0.08399922702354896 0.17287784880368198 0.08399922701712817 0.24746982234544385 0.24746982292338102 0.11567121705028757 0.08399922614188245
114 0.10412969763286617 0.1041296974892855 0.23096164434630506 0.22924608747050504 0.14632848285356817 0.2517107330286334 0.25316291862385804 0.1571943673330633 0.44528459896307676 0.4452845989720996 0.1637396938402804 0.15603228529218796 0.9174593423123393 0.22924608752535314 0.44528459885723143 0.22924608732616658 0.156032284777205 0.15603228596278912 0.06905164822943048 0.22924608669229113
147 0.2867180684182434 0.28671806819965445 0.22035404967874514 0.16340299617396475 0.172877848888441 0.21048549068208425 0.2981045225969254 0.1603847739061747 0.586302603949056 0.5863026039557004 0.19470148022608177 0.2081492434074116 0.44528459881183685 0.1634029960699353 0.586302603765123 0.16340299586739251 0.20814924329667597 0.20814924422591471 0.30664208388936537 0.16340299511099257
56 0.25830728784391066 0.2583072870418716 0.7245440719287223 0.04709539407340231 0.309631767628252 0.38308904601454563 0.05511989468282972 0.33546518202524667 0.25061897725215176 0.2506189776341007 0.4626873398498923 0.3821660591446196 0.3095825607744427 0.04709539414140462 0.25061897713924597 0.04709539415217009 0.38216605963606187 0.3821660605731649 0.17510807852006954 0.04709539271890559
82 0.29774059271610226 0.29774059269992303 0.07094685657703341 0.29314505249548034 0.006249319280518442 0.07125453628280908 0.9996176784279321 0.024531241327394655 0.29810452249933567 0.2981045226106887 0.03444065619777565 -0.05252091132019535 0.25316291862386175 0.29314505259594875 0.2981045226231393 0.293145052276511 -0.05252091176187492 -0.05252091076462524 0.3589235404975833 0.2931450518943584
142 0.7820342079865203 0.7820342085184736 -0.025315993994170543 0.08957439037577565 0.057962684752801995 0.03166842780422027 0.5916357029382449 -0.0016655015482049595 0.1656057115335282 0.1656057116634459 -0.03992579063245449 -0.06399116779736046 0.10227193496329247 0.08957439057937208 0.16560571170461175 0.08957439044176269 -0.0639911673995715 -0.06399116635881755 0.29163379746758655 0.08957438932822796
135 0.29774059271610226 0.29774059269992303 0.07094685657703341 0.29314505249548034 0.006249319280518442 0.07125453628280908 0.9996176784279321 0.024531241327394655 0.29810452249933567 0.2981045226106887 0.03444065619777565 -0.05252091132019535 0.25316291862386175 0.29314505259594875 0.2981045226231393 0.293145052276511 -0.05252091176187492 -0.05252091076462524 0.3589235404975833 0.2931450518943584
97 0.07629384624306113 0.07629384571919218 0.07081323058010955 0.655628987471573 0.08399922683960934 0.1416759002660244 0.293145052445705 0.07221506227847121 0.16340299567673355 0.16340299614239484 0.02940320034761386 0.005069997510872781 0.22924608736978894 0.6556289875297807 0.16340299588046037 0.6556289872532943 0.005069997510872781 0.0050699979401542805 0.10987489196726087 0.6556289868312888
64 0.2867180684182434 0.28671806819965445 0.22035404967874514 0.16340299617396475 0.172877848888441 0.21048549068208425 0.2981045225969254 0.1603847739061747 0.586302603949056 0.5863026039557004 0.19470148022608177 0.2081492434074116 0.44528459881183685 0.1634029960699353 0.586302603765123 0.16340299586739251 0.20814924329667597 0.20814924422591471 0.30664208388936537 0.16340299511099257
92 0.19610246060942027 0.19610245974607088 0.08203162194726468 0.4277255374869805 -0.01776924115999371 0.03168930900832684 0.7468742675923128 0.11130765167178039 0.27329353277663376 0.2732935330135962 0.014643134164967583 -0.03531632793740012 0.024851974105058294 0.4277255377574462 0.2732935328893587 0.42772553745515346 -0.03531632814444455 -0.03531632750648298 0.550778533404094 0.4277255365745287
129 0.6165398616189084 0.6165398612646221 0.22779224644478627 0.10987489215388123 0.1156712170502888 0.10561828907323735 0.3589235404975804 0.07878462275781645 0.3066420839320646 0.30664208394927484 0.1652460859196379 0.09867126521919098 0.06905164822943011 0.10987489226844582 0.30664208402506726 0.10987489203196331 0.0986712653713872 0.09867126627944843 0.7978967272905501 0.10987489110508045
212 0.2867180684182434 0.28671806819965445 0.22035404967874514 0.16340299617396475 0.172877848888441 0.21048549068208425 0.2981045225969254 0.1603847739061747 0.586302603949056 0.5863026039557004 0.19470148022608177 0.2081492434074116 0.44528459881183685 0.1634029960699353 0.586302603765123 0.16340299586739251 0.20814924329667597 0.20814924422591471 0.30664208388936537 0.16340299511099257
149 0.6165398616189084 0.6165398612646221 0.22779224644478627 0.10987489215388123 0.1156712170502888 0.10561828907323735 0.3589235404975804 0.07878462275781645 0.3066420839320646 0.30664208394927484 0.1652460859196379 0.09867126521919098 0.06905164822943011 0.10987489226844582 0.30664208402506726 0.10987489203196331 0.0986712653713872 0.09867126627944843 0.7978967272905501 0.10987489110508045
182 0.7529122785441011 0.7529122783920038 0.2042421187558557 0.07629384629163012 0.08195592027625384 0.09494029231947729 0.29774059264912645 0.08180723366988718 0.2867180683915454 0.2867180683978409 0.13447490795997658 0.10724798538783441 0.10412969756794203 0.0762938462648091 0.28671806844009284 0.0762938461271391 0.10724798575703283 0.10724798686055143 0.6165398614654323 0.07629384500978957
90 0.07460548202028569 0.07460548151793576 0.06957824499628974 0.6489697493212542 0.08594252083394152 0.14115674149425075 0.3182605377281606 0.06837802487487064 0.16010554403973673 0.160105544343987 0.03148075732408783 0.004030074049344333 0.27251198391265197 0.6489697492204624 0.1601055441569299 0.6489697489502299 0.004030073190476491 0.004030074136600868 0.1084496392802827 0.648969748266697
13 0.11271672339930067 0.11271672312677976 0.506358294338322 0.28992510273431266 0.4364629424430627 0.7865196260205186 0.1746692849152824 0.38713518666831026 0.22302933854132823 0.22302933854146562 0.19683468923929165 0.10999648938512438 0.37784808654617186 0.2899251026439963 0.22302933850287013 0.289925102539769 0.10999648971000381 0.10999648999974639 0.12766326920092994 0.2899251020838311
88 0.07460548202028569 0.07460548151793576 0.06957824499628974 0.6489697493212542 0.08594252083394152 0.14115674149425075 0.3182605377281606 0.06837802487487064 0.16010554403973673 0.160105544343987 0.03148075732408783 0.004030074049344333 0.27251198391265197 0.6489697492204624 0.1601055441569299 0.6489697489502299 0.004030073190476491 0.004030074136600868 0.1084496392802827 0.648969748266697
18 0.10521536685715079 0.10521536629694354 0.548533187207507 0.13750320427153293 0.5786462507678033 0.6639830603212691 0.06306619739739633 0.5648263627668365 0.18949041905079567 0.18949041887308768 0.42393162986845484 0.20772512101642532 0.2653989443076384 0.13750320420305787 0.18949041894510255 0.1375032042965226 0.20772512135444657 0.20772512192857864 0.11067499132536913 0.13750320330153099
150 0.6165398616189084 0.6165398612646221 0.22779224644478627 0.10987489215388123 0.1156712170502888 0.10561828907323735 0.3589235404975804 0.07878462275781645 0.3066420839320646 0.30664208394927484 0.1652460859196379 0.09867126521919098 0.06905164822943011 0.10987489226844582 0.30664208402506726 0.10987489203196331 0.0986712653713872 0.09867126627944843 0.7978967272905501 0.10987489110508045
138 0.10412969763286617 0.1041296974892855 0.23096164434630506 0.22924608747050504 0.14632848285356817 0.2517107330286334 0.25316291862385804 0.1571943673330633 0.44528459896307676 0.4452845989720996 0.1637396938402804 0.15603228529218796 0.9174593423123393 0.22924608752535314 0.44528459885723143 0.22924608732616658 0.156032284777205 0.15603228596278912 0.06905164822943048 0.22924608669229113
112 0.2867180684182434 0.28671806819965445 0.22035404967874514 0.16340299617396475 0.172877848888441 0.21048549068208425 0.2981045225969254 0.1603847739061747 0.586302603949056 0.5863026039557004 0.19470148022608177 0.2081492434074116 0.44528459881183685 0.1634029960699353 0.586302603765123 0.16340299586739251 0.20814924329667597 0.20814924422591471 0.30664208388936537 0.16340299511099257
200 0.07629384624306113 0.07629384571919218 0.07081323058010955 0.655628987471573 0.08399922683960934 0.1416759002660244 0.293145052445705 0.07221506227847121 0.16340299567673355 0.16340299614239484 0.02940320034761386 0.005069997510872781 0.22924608736978894 0.6556289875297807 0.16340299588046037 0.6556289872532943 0.005069997510872781 0.0050699979401542805 0.10987489196726087 0.6556289868312888
11 0.09697695592832027 0.09697695571457311 0.4555395509159598 0.14305470999366088 0.5405672796383846 0.7200676810845117 0.07117006371152597 0.5703643204099796 0.21027095288448866 0.2102709530878469 0.49280056771350617 0.19053169440291337 0.233026145922646 0.14305470978626278 0.21027095282565034 0.14305470978113252 0.19053169463462655 0.19053169502148232 0.10253263303816287 0.1430547091831798
122 0.10724798613400985 0.10724798593065994 0.30218103677280767 0.005069997590988409 0.2474698223836749 0.18971602146723557 -0.052520911391116185 0.20630925885446919 0.20814924375097496 0.20814924379872532 0.3050446279142403 0.7037782464862837 0.1560322852632965 0.0050699975607889245 0.20814924359314355 0.005069997566860172 0.703778246834979 0.7037782471286875 0.09867126553992514 0.005069997038041487
157 0.451483602702697 0.45148360212096245 0.5433499460213421 0.05138105911610087 0.27122614191982897 0.21903585991836838 0.09651220553167134 0.19243880698657137 0.29758230063858265 0.297582300790513 0.40920282184991985 0.33636018130912076 0.11104489968691374 0.05138105911540977 0.29758230072470604 0.05138105902338603 0.33636018185366184 0.33636018271465595 0.5547631918883733 0.05138105801141922
131 0.7820342079865203 0.7820342085184736 -0.025315993994170543 0.08957439037577565 0.057962684752801995 0.03166842780422027 0.5916357029382449 -0.0016655015482049595 0.1656057115335282 0.1656057116634459 -0.03992579063245449 -0.06399116779736046 0.10227193496329247 0.08957439057937208 0.16560571170461175 0.08957439044176269 -0.0639911673995715 -0.06399116635881755 0.29163379746758655 0.08957438932822796
102 0.7529122785441011 0.7529122783920038 0.2042421187558557 0.07629384629163012 0.08195592027625384 0.09494029231947729 0.29774059264912645 0.08180723366988718 0.2867180683915454 0.2867180683978409 0.13447490795997658 0.10724798538783441 0.10412969756794203 0.0762938462648091 0.28671806844009284 0.0762938461271391 0.10724798575703283 0.10724798686055143 0.6165398614654323 0.07629384500978957
106 0.7529122785441011 0.7529122783920038 0.2042421187558557 0.07629384629163012 0.08195592027625384 0.09494029231947729 0.29774059264912645 0.08180723366988718 0.2867180683915454 0.2867180683978409 0.13447490795997658 0.10724798538783441 0.10412969756794203 0.0762938462648091 0.28671806844009284 0.0762938461271391 0.10724798575703283 0.10724798686055143 0.6165398614654323 0.07629384500978957
152 0.7820342079865203 0.7820342085184736 -0.025315993994170543 0.08957439037577565 0.057962684752801995 0.03166842780422027 0.5916357029382449 -0.0016655015482049595 0.1656057115335282 0.1656057116634459 -0.03992579063245449 -0.06399116779736046 0.10227193496329247 0.08957439057937208 0.16560571170461175 0.08957439044176269 -0.0639911673995715 -0.06399116635881755 0.29163379746758655 0.08957438932822796
116 0.07629384624306113 0.07629384571919218 0.07081323058010955 0.655628987471573 0.08399922683960934 0.1416759002660244 0.293145052445705 0.07221506227847121 0.16340299567673355 0.16340299614239484 0.02940320034761386 0.005069997510872781 0.22924608736978894 0.6556289875297807 0.16340299588046037 0.6556289872532943 0.005069997510872781 0.0050699979401542805 0.10987489196726087 0.6556289868312888
184 0.7820342079865203 0.7820342085184736 -0.025315993994170543 0.08957439037577565 0.057962684752801995 0.03166842780422027 0.5916357029382449 -0.0016655015482049595 0.1656057115335282 0.1656057116634459 -0.03992579063245449 -0.06399116779736046 0.10227193496329247 0.08957439057937208 0.16560571170461175 0.08957439044176269 -0.0639911673995715 -0.06399116635881755 0.29163379746758655 0.08957438932822796
53 0.1444789505022821 0.14447895050650522 0.5836459118821035 0.2702774348373985 0.41234933416914815 0.724854535062428 0.1602960377265789 0.26760415810498095 0.25504590389262444 0.25504590401979693 0.1958428677572917 0.14405083934675553 0.4332016866971203 0.2702774347597012 0.2550459037743867 0.2702774346600204 0.14405083977288435 0.14405084023732226 0.122454735753576 0.27027743429709367
95 0.07629384624306113 0.07629384571919218 0.07081323058010955 0.655628987471573 0.08399922683960934 0.1416759002660244 0.293145052445705 0.07221506227847121 0.16340299567673355 0.16340299614239484 0.02940320034761386 0.005069997510872781 0.22924608736978894 0.6556289875297807 0.16340299588046037 0.6556289872532943 0.005069997510872781 0.0050699979401542805 0.10987489196726087 0.6556289868312888
99 0.07629384624306113 0.07629384571919218 0.07081323058010955 0.655628987471573 0.08399922683960934 0.1416759002660244 0.293145052445705 0.07221506227847121 0.16340299567673355 0.16340299614239484 0.02940320034761386 0.005069997510872781 0.22924608736978894 0.6556289875297807 0.16340299588046037 0.6556289872532943 0.005069997510872781 0.0050699979401542805 0.10987489196726087 0.6556289868312888
130 0.6165398616189084 0.6165398612646221 0.22779224644478627 0.10987489215388123 0.1156712170502888 0.10561828907323735 0.3589235404975804 0.07878462275781645 0.3066420839320646 0.30664208394927484 0.1652460859196379 0.09867126521919098 0.06905164822943011 0.10987489226844582 0.30664208402506726 0.10987489203196331 0.0986712653713872 0.09867126627944843 0.7978967272905501 0.10987489110508045
103 0.7820342079865203 0.7820342085184736 -0.025315993994170543 0.08957439037577565 0.057962684752801995 0.03166842780422027 0.5916357029382449 -0.0016655015482049595 0.1656057115335282 0.1656057116634459 -0.03992579063245449 -0.06399116779736046 0.10227193496329247 0.08957439057937208 0.16560571170461175 0.08957439044176269 -0.0639911673995715 -0.06399116635881755 0.29163379746758655 0.08957438932822796
177 0.07629384624306113 0.07629384571919218 0.07081323058010955 0.655628987471573 0.08399922683960934 0.1416759002660244 0.293145052445705 0.07221506227847121 0.16340299567673355 0.16340299614239484 0.02940320034761386 0.005069997510872781 0.22924608736978894 0.6556289875297807 0.16340299588046037 0.6556289872532943 0.005069997510872781 0.0050699979401542805 0.10987489196726087 0.6556289868312888
126 0.07629384624306113 0.07629384571919218 0.07081323058010955 0.655628987471573 0.08399922683960934 0.1416759002660244 0.293145052445705 0.07221506227847121 0.16340299567673355 0.16340299614239484 0.02940320034761386 0.005069997510872781 0.22924608736978894 0.6556289875297807 0.16340299588046037 0.6556289872532943 0.005069997510872781 0.0050699979401542805 0.10987489196726087 0.6556289868312888
219 0.6165398616189084 0.6165398612646221 0.22779224644478627 0.10987489215388123 0.1156712170502888 0.10561828907323735 0.3589235404975804 0.07878462275781645 0.3066420839320646 0.30664208394927484 0.1652460859196379 0.09867126521919098 0.06905164822943011 0.10987489226844582 0.30664208402506726 0.10987489203196331 0.0986712653713872 0.09867126627944843 0.7978967272905501 0.10987489110508045
127 0.07629384624306113 0.07629384571919218 0.07081323058010955 0.655628987471573 0.08399922683960934 0.1416759002660244 0.293145052445705 0.07221506227847121 0.16340299567673355 0.16340299614239484 0.02940320034761386 0.005069997510872781 0.22924608736978894 0.6556289875297807 0.16340299588046037 0.6556289872532943 0.005069997510872781 0.0050699979401542805 0.10987489196726087 0.6556289868312888
169 0.19610246060942027 0.19610245974607088 0.08203162194726468 0.4277255374869805 -0.01776924115999371 0.03168930900832684 0.7468742675923128 0.11130765167178039 0.27329353277663376 0.2732935330135962 0.014643134164967583 -0.03531632793740012 0.024851974105058294 0.4277255377574462 0.2732935328893587 0.42772553745515346 -0.03531632814444455 -0.03531632750648298 0.550778533404094 0.4277255365745287
7 0.08977362937761123 0.08977362828130778 0.441328911008208 0.06156663371350132 0.5794187354986492 0.5829059863106679 0.037088639467974555 0.7830290678061804 0.14404596816624365 0.1440459683121467 0.5296589219979787 0.1930254361371901 0.1615048353125638 0.06156663385912429 0.14404596810206152 0.06156663389308195 0.19302543649875137 0.19302543721862225 0.049039659327340425 0.06156663268144488
51 0.11767372708877327 0.11767372653627435 0.5801016903537136 0.13275210735246173 0.5714637991926556 0.6609527510569402 0.057956102353768926 0.5493601541713999 0.19046962809204374 0.1904696282013646 0.41501980490933804 0.21989582316293008 0.23486823768255005 0.13275210743954588 0.19046962796694208 0.13275210754985417 0.21989582344928746 0.2198958239785572 0.09518363588163735 0.1327521065226393
61 0.29774059271610226 0.29774059269992303 0.07094685657703341 0.29314505249548034 0.006249319280518442 0.07125453628280908 0.9996176784279321 0.024531241327394655 0.29810452249933567 0.2981045226106887 0.03444065619777565 -0.05252091132019535 0.25316291862386175 0.29314505259594875 0.2981045226231393 0.293145052276511 -0.05252091176187492 -0.05252091076462524 0.3589235404975833 0.2931450518943584
198 0.07629384624306113 0.07629384571919218 0.07081323058010955 0.655628987471573 0.08399922683960934 0.1416759002660244 0.293145052445705 0.07221506227847121 0.16340299567673355 0.16340299614239484 0.02940320034761386 0.005069997510872781 0.22924608736978894 0.6556289875297807 0.16340299588046037 0.6556289872532943 0.005069997510872781 0.0050699979401542805 0.10987489196726087 0.6556289868312888
206 0.2850607902533754 0.2850607898577848 0.289018015622339 0.17021491688679094 0.1785117480875856 0.20253652125348026 0.2883138889881443 0.14939625739566859 0.5618218302732015 0.5618218302689846 0.17898896306171655 0.20648324166647142 0.48955133775794324 0.17021491685026116 0.5618218301680966 0.17021491672232067 0.2064832415431724 0.20648324264129214 0.30795221261575356 0.17021491597918872
218 0.6165398616189084 0.6165398612646221 0.22779224644478627 0.10987489215388123 0.1156712170502888 0.10561828907323735 0.3589235404975804 0.07878462275781645 0.3066420839320646 0.30664208394927484 0.1652460859196379 0.09867126521919098 0.06905164822943011 0.10987489226844582 0.30664208402506726 0.10987489203196331 0.0986712653713872 0.09867126627944843 0.7978967272905501 0.10987489110508045
180 0.07629384624306113 0.07629384571919218 0.07081323058010955 0.655628987471573 0.08399922683960934 0.1416759002660244 0.293145052445705 0.07221506227847121 0.16340299567673355 0.16340299614239484 0.02940320034761386 0.005069997510872781 0.22924608736978894 0.6556289875297807 0.16340299588046037 0.6556289872532943 0.005069997510872781 0.0050699979401542805 0.10987489196726087 0.6556289868312888
