id,x_0,x_1,x_2,x_3,x_4,x_5,x_6,x_7,x_8,x_9,x_10,x_11,x_12,x_13,x_14,x_15,x_16,x_17,x_18
0.0,0.5457704907806136,2.220446049250313e-16,0.029690307723404474,0.09448691029012096,0.3953104387097059,2.220446049250313e-16,2.220446049250313e-16,0.043264086936616715,2.220446049250313e-16,0.21887649338304396,0.4032608384709906,2.220446049250313e-16,2.220446049250313e-16,0.4831252761299416,0.25460809813985,2.220446049250313e-16,0.06310178230886582,2.220446049250313e-16,2.220446049250313e-16
1.0,0.19448094980040978,2.220446049250313e-16,0.4993150066154088,0.4982584318763409,2.220446049250313e-16,2.220446049250313e-16,2.220446049250313e-16,0.10734563208042817,0.507139466409186,2.220446049250313e-16,2.220446049250313e-16,2.220446049250313e-16,2.220446049250313e-16,2.220446049250313e-16,0.02080853962941075,2.220446049250313e-16,0.41698102892570704,2.220446049250313e-16,2.220446049250313e-16
2.0,0.00836640854694969,2.220446049250313e-16,0.5002294678697944,0.5086389318699314,2.220446049250313e-16,2.220446049250313e-16,0.3914973161566951,2.220446049250313e-16,0.0031044477296300103,2.220446049250313e-16,2.220446049250313e-16,2.220446049250313e-16,2.220446049250313e-16,0.0036111828992351452,2.220446049250313e-16,0.49408067086676016,0.4187984368203362,2.220446049250313e-16,2.220446049250313e-16
3.0,0.33480769362204954,2.220446049250313e-16,0.4977497553067144,0.679985920128358,1.8041124150158794e-16,0.003250504902785315,2.220446049250313e-16,2.220446049250313e-16,0.0009401647000932303,0.028442500436236525,2.220446049250313e-16,0.3756337746833115,0.14884649098510436,2.220446049250313e-16,2.220446049250313e-16,2.220446049250313e-16,0.013135110564130048,2.220446049250313e-16,2.220446049250313e-16
4.0,0.003841731295858558,2.220446049250313e-16,0.49539516301937936,0.6556587835637364,2.220446049250313e-16,2.220446049250313e-16,0.39149731615669486,2.220446049250313e-16,0.0012474406514198205,0.0321453073299061,2.220446049250313e-16,0.3756337746833114,2.220446049250313e-16,2.220446049250313e-16,2.220446049250313e-16,2.220446049250313e-16,0.408997471241243,2.220446049250313e-16,2.220446049250313e-16
5.0,0.20290409430804182,0.051227475770661224,0.026285157790907066,0.10646237522761064,2.220446049250313e-16,2.220446049250313e-16,0.3914973161566947,0.07394137306019206,2.220446049250313e-16,2.220446049250313e-16,2.220446049250313e-16,2.220446049250313e-16,2.220446049250313e-16,0.48905812393829684,0.33815024334364735,0.3563427223883314,0.4516152557896047,2.220446049250313e-16,2.220446049250313e-16
6.0,0.00836640854694968,2.220446049250313e-16,0.5002294678697947,0.5086389318699314,0.39531692291556786,2.220446049250313e-16,0.3914973161566949,2.220446049250313e-16,0.0031044477296299955,2.220446049250313e-16,2.220446049250313e-16,2.220446049250313e-16,2.220446049250313e-16,2.220446049250313e-16,2.220446049250313e-16,0.24779046204658706,0.4187984368203366,2.220446049250313e-16,2.220446049250313e-16
7.0,0.33086569768523205,2.220446049250313e-16,0.493442574403791,0.6478533948266475,2.220446049250313e-16,2.220446049250313e-16,2.220446049250313e-16,2.220446049250313e-16,0.0013460304810646068,0.03125801066655657,2.220446049250313e-16,0.37563377468331133,2.220446049250313e-16,2.220446049250313e-16,2.220446049250313e-16,2.220446049250313e-16,0.4051407837556362,2.220446049250313e-16,2.220446049250313e-16
8.0,0.007656751252976618,2.220446049250313e-16,0.00883957250032752,0.6731170881468865,4.163336342344337e-17,2.220446049250313e-16,0.3914973161566952,2.220446049250313e-16,0.0010269248856149293,0.030023636311234784,2.220446049250313e-16,2.220446049250313e-16,2.220446049250313e-16,0.4910911496581212,2.220446049250313e-16,0.23572893753404436,0.4173000149314716,2.220446049250313e-16,2.220446049250313e-16
9.0,0.33468071764235025,1.1102230246251565e-16,0.006886983884738574,0.6653116994097972,5.551115123125783e-17,2.220446049250313e-16,2.220446049250313e-16,2.220446049250313e-16,0.0011255147152608631,0.029136339647885062,2.220446049250313e-16,0.37563377468331166,2.220446049250313e-16,0.48312527612994205,2.220446049250313e-16,2.220446049250313e-16,0.41344332744586504,2.220446049250313e-16,2.1357724216224958e-17
10.0,0.21362140842365976,2.220446049250313e-16,0.5134403465754226,0.06575661366543441,2.220446049250313e-16,2.220446049250313e-16,0.39149731615669525,0.08367404636344138,2.220446049250313e-16,0.2202475166728528,0.4031098615617089,0.37563377468331133,2.220446049250313e-16,1.1102230246251565e-16,0.021062772656592774,2.220446049250313e-16,0.4498352165097019,2.220446049250313e-16,2.220446049250313e-16
11.0,0.5474720272056153,2.220446049250313e-16,0.5114469637721728,0.05778928880327672,2.220446049250313e-16,2.220446049250313e-16,2.220446049250313e-16,0.04284389300206029,2.220446049250313e-16,0.21934335031834803,0.4030159791493453,0.3756337746833115,2.220446049250313e-16,2.220446049250313e-16,0.01078483971130216,2.220446049250313e-16,0.44589799517064266,2.220446049250313e-16,2.220446049250313e-16
12.0,0.5368103356618955,2.220446049250313e-16,0.5091264627991946,0.2952738718735302,2.220446049250313e-16,2.220446049250313e-16,2.220446049250313e-16,0.016821327187001085,0.3000755654661823,2.220446049250313e-16,0.39304928797063465,2.220446049250313e-16,2.220446049250313e-16,2.220446049250313e-16,0.2559729197046142,2.220446049250313e-16,0.03535197517713347,2.220446049250313e-16,2.220446049250313e-16
13.0,0.31230201910071953,0.3704371330759545,2.220446049250313e-16,2.220446049250313e-16,0.0038636820212850573,2.220446049250313e-16,2.220446049250313e-16,2.220446049250313e-16,2.220446049250313e-16,2.220446049250313e-16,2.220446049250313e-16,0.37563377468331133,1.1102230246251565e-16,0.4866926127731018,0.2388732757430622,2.220446049250313e-16,0.3855911580062636,0.5042301310477714,0.012513998591950442
14.0,0.3348076936220475,2.220446049250313e-16,0.4977497553067143,0.6799859201283583,0.39531692291556847,0.003250504902783785,2.220446049250313e-16,2.220446049250313e-16,0.0009401647000945991,0.028442500436235783,2.220446049250313e-16,8.326672684688674e-17,0.14884649098510425,2.220446049250313e-16,2.220446049250313e-16,2.220446049250313e-16,0.013135110564130286,2.220446049250313e-16,2.220446049250313e-16
15.0,0.5474720272056153,2.220446049250313e-16,0.5114469637721728,0.05778928880327672,2.220446049250313e-16,2.220446049250313e-16,2.220446049250313e-16,0.04284389300206029,2.220446049250313e-16,0.21934335031834803,0.4030159791493453,0.3756337746833115,2.220446049250313e-16,2.220446049250313e-16,0.01078483971130216,2.220446049250313e-16,0.44589799517064266,2.220446049250313e-16,2.220446049250313e-16
16.0,0.003841731295858558,2.220446049250313e-16,0.49539516301937936,0.6556587835637364,2.220446049250313e-16,2.220446049250313e-16,0.39149731615669486,2.220446049250313e-16,0.0012474406514198205,0.0321453073299061,2.220446049250313e-16,0.3756337746833114,2.220446049250313e-16,2.220446049250313e-16,2.220446049250313e-16,2.220446049250313e-16,0.408997471241243,2.220446049250313e-16,2.220446049250313e-16
17.0,0.33086569768523205,2.220446049250313e-16,0.493442574403791,0.6478533948266475,2.220446049250313e-16,2.220446049250313e-16,2.220446049250313e-16,2.220446049250313e-16,0.0013460304810646068,0.03125801066655657,2.220446049250313e-16,0.37563377468331133,2.220446049250313e-16,2.220446049250313e-16,2.220446049250313e-16,2.220446049250313e-16,0.4051407837556362,2.220446049250313e-16,2.220446049250313e-16
18.0,0.5474720272056153,2.220446049250313e-16,0.5114469637721729,0.05778928880327668,2.220446049250313e-16,2.220446049250313e-16,2.220446049250313e-16,0.04284389300206028,2.220446049250313e-16,0.21934335031834803,0.40301597914934517,0.37563377468331144,2.220446049250313e-16,2.220446049250313e-16,0.010784839711302213,2.220446049250313e-16,0.44589799517064266,2.220446049250313e-16,2.220446049250313e-16
19.0,0.16294503778202907,0.0698405602038879,0.4794923134129827,2.220446049250313e-16,2.220446049250313e-16,2.220446049250313e-16,2.220446049250313e-16,0.09986388910204438,0.5046783612330223,0.25959889407244274,2.220446049250313e-16,2.220446049250313e-16,2.220446049250313e-16,2.220446049250313e-16,0.35348382753354946,0.11811099030657755,0.3752800701273468,2.220446049250313e-16,2.220446049250313e-16
20.0,0.5471078783565249,2.220446049250313e-16,0.5163542483646864,0.07264146544148638,2.220446049250313e-16,2.220446049250313e-16,2.220446049250313e-16,0.0061897088671909115,0.2944590826582556,0.22888410603912224,0.009791443435075235,2.220446049250313e-16,2.220446049250313e-16,1.3877787807814457e-17,0.2765766980133441,2.220446049250313e-16,0.05516803267650045,2.220446049250313e-16,0.18883754890389148
21.0,2.220446049250313e-16,2.220446049250313e-16,0.4858202247950072,2.220446049250313e-16,0.002087968617276729,2.220446049250313e-16,2.220446049250313e-16,0.012312610557864201,0.5137410677377343,2.220446049250313e-16,2.220446049250313e-16,2.220446049250313e-16,2.220446049250313e-16,0.0009067075730525643,0.5076218269521435,2.220446049250313e-16,2.220446049250313e-16,0.5766006700154331,0.14515844803863548
22.0,0.5090587597776429,0.07019034806813715,0.48228428818842156,2.220446049250313e-16,2.220446049250313e-16,2.220446049250313e-16,2.220446049250313e-16,0.008445560109883555,0.29514310646459097,0.26136166311162495,2.220446049250313e-16,5.551115123125783e-17,2.220446049250313e-16,2.220446049250313e-16,0.34471708660185585,0.11870253468885401,2.220446049250313e-16,2.220446049250313e-16,0.1888336617580505
23.0,0.199429289739771,2.220446049250313e-16,0.03197941900250273,0.09601302227262533,2.220446049250313e-16,2.220446049250313e-16,2.220446049250313e-16,0.09808896999680637,0.5036493486098114,0.22799839248512435,0.009923558157248753,2.220446049250313e-16,2.220446049250313e-16,0.48312527612994177,0.5291070215401242,2.220446049250313e-16,0.0677723393466757,2.220446049250313e-16,2.220446049250313e-16
24.0,0.3309664853798017,2.220446049250313e-16,0.4935579539903878,0.6443516089872212,2.220446049250313e-16,2.220446049250313e-16,2.220446049250313e-16,2.220446049250313e-16,0.2974075943122755,0.03166016060421334,2.220446049250313e-16,2.220446049250313e-16,2.220446049250313e-16,2.220446049250313e-16,2.220446049250313e-16,2.465190328815662e-32,0.40536083700293735,2.220446049250313e-16,1.1937139493548447e-19
25.0,0.30740188962165227,0.3593498874613531,2.220446049250313e-16,2.220446049250313e-16,0.39922543171713043,2.220446049250313e-16,2.220446049250313e-16,2.220446049250313e-16,5.551115123125783e-17,2.220446049250313e-16,2.220446049250313e-16,2.220446049250313e-16,2.220446049250313e-16,0.486822103379667,0.4832560287715502,2.220446049250313e-16,2.220446049250313e-16,0.5007079170369415,0.01126597872650738
26.0,0.5418757660452981,2.220446049250313e-16,0.5162462901592079,0.07703303531705842,0.3953103673201287,2.220446049250313e-16,2.220446049250313e-16,0.04374041437752531,2.220446049250313e-16,0.22099883387607608,0.4032213382065754,5.551115123125783e-17,2.220446049250313e-16,2.220446049250313e-16,0.2547280012261808,2.220446049250313e-16,0.05480003487979966,2.220446049250313e-16,2.220446049250313e-16
27.0,0.535432988064137,2.220446049250313e-16,0.01056115557497242,0.5132782543100095,0.3953102875930772,2.220446049250313e-16,2.220446049250313e-16,0.04427237128603588,2.220446049250313e-16,2.220446049250313e-16,2.220446049250313e-16,2.220446049250313e-16,2.220446049250313e-16,0.48312527612994144,0.011157209981152022,2.220446049250313e-16,0.4209105390708751,2.220446049250313e-16,2.220446049250313e-16
28.0,0.00836640854694968,2.220446049250313e-16,0.5002294678697947,0.5086389318699314,0.39531692291556786,2.220446049250313e-16,0.3914973161566949,2.220446049250313e-16,0.0031044477296299955,2.220446049250313e-16,2.220446049250313e-16,2.220446049250313e-16,2.220446049250313e-16,2.220446049250313e-16,2.220446049250313e-16,0.24779046204658706,0.4187984368203366,2.220446049250313e-16,2.220446049250313e-16
29.0,0.3123020191007194,0.37043713307595444,2.220446049250313e-16,2.220446049250313e-16,0.39922543171713026,5.551115123125783e-17,2.220446049250313e-16,2.220446049250313e-16,2.220446049250313e-16,2.220446049250313e-16,2.220446049250313e-16,2.220446049250313e-16,8.326672684688674e-17,0.4868221033796672,0.23887327574306214,2.220446049250313e-16,0.3855911580062636,0.5007079170369413,0.011265978726507092
30.0,0.5359856889618283,2.220446049250313e-16,0.4971981572331149,0.4924605438771097,2.220446049250313e-16,2.220446049250313e-16,2.220446049250313e-16,0.01689582986349554,0.2975771895038414,2.220446049250313e-16,2.220446049250313e-16,2.220446049250313e-16,2.220446049250313e-16,2.220446049250313e-16,0.012220087479773989,2.220446049250313e-16,0.4127909701039796,2.220446049250313e-16,2.220446049250313e-16
31.0,0.5457704907806136,2.220446049250313e-16,0.029690307723404474,0.09448691029012096,0.3953104387097059,2.220446049250313e-16,2.220446049250313e-16,0.043264086936616715,2.220446049250313e-16,0.21887649338304396,0.4032608384709906,2.220446049250313e-16,2.220446049250313e-16,0.4831252761299416,0.25460809813985,2.220446049250313e-16,0.06310178230886582,2.220446049250313e-16,2.220446049250313e-16
32.0,0.007781578126708252,2.220446049250313e-16,0.4996999793546586,0.6878631563643434,2.220446049250313e-16,0.0032477482677698167,0.3914973161566949,2.220446049250313e-16,0.0008406673650169008,0.02933512621337036,2.220446049250313e-16,0.3756337746833113,0.14815911812962135,2.220446049250313e-16,2.220446049250313e-16,1.3165395408486582e-16,0.016987127414480906,2.220446049250313e-16,2.220446049250313e-16
33.0,0.21807030291894844,2.220446049250313e-16,0.026890502269038136,0.08291222882553982,2.220446049250313e-16,0.3931130717373106,2.220446049250313e-16,0.08366988157352628,2.220446049250313e-16,0.21815646743875197,0.4031484852990326,2.220446049250313e-16,2.220446049250313e-16,0.4910976087952388,0.005438794543811547,0.23534573481944007,0.45814844949317785,2.220446049250313e-16,2.220446049250313e-16
34.0,0.012271891527280521,2.220446049250313e-16,0.5045152272205213,0.5414391861263881,2.220446049250313e-16,0.0034361917048616633,0.39149731615669525,2.220446049250313e-16,0.0026901478672674206,2.220446049250313e-16,2.220446049250313e-16,0.3756337746833114,0.13974728348648086,2.220446049250313e-16,2.220446049250313e-16,0.24779046204658706,0.026717639958543152,2.220446049250313e-16,2.220446049250313e-16
35.0,0.3123020191007194,0.37043713307595444,2.220446049250313e-16,2.220446049250313e-16,0.39922543171713026,5.551115123125783e-17,2.220446049250313e-16,2.220446049250313e-16,2.220446049250313e-16,2.220446049250313e-16,2.220446049250313e-16,2.220446049250313e-16,8.326672684688674e-17,0.4868221033796672,0.23887327574306214,2.220446049250313e-16,0.3855911580062636,0.5007079170369413,0.011265978726507092
36.0,0.3353877668266877,2.220446049250313e-16,0.4982800711520089,0.5007419986812878,0.39531692291556825,2.220446049250313e-16,2.220446049250313e-16,2.220446049250313e-16,0.003204193856826419,2.220446049250313e-16,2.220446049250313e-16,2.220446049250313e-16,2.220446049250313e-16,2.220446049250313e-16,2.220446049250313e-16,0.24779046204658708,0.4149374483595025,2.220446049250313e-16,2.220446049250313e-16
37.0,0.5474789989006648,2.220446049250313e-16,0.5114469221450013,0.05778912242419557,0.39531050839422816,2.220446049250313e-16,2.220446049250313e-16,0.04279913610130066,2.220446049250313e-16,0.21934333143693302,0.40301597718882853,2.220446049250313e-16,2.220446049250313e-16,2.220446049250313e-16,0.0107863612112319,2.220446049250313e-16,0.44589791295091674,2.220446049250313e-16,2.220446049250313e-16
38.0,0.008366408546949675,2.220446049250313e-16,0.5002294678697948,0.5086389318699315,0.39531692291556786,2.220446049250313e-16,0.3914973161566949,2.220446049250313e-16,0.0031044477296300016,2.220446049250313e-16,2.220446049250313e-16,2.220446049250313e-16,2.220446049250313e-16,2.220446049250313e-16,2.220446049250313e-16,0.24779046204658706,0.4187984368203366,2.220446049250313e-16,2.220446049250313e-16
39.0,0.33086569768523205,2.220446049250313e-16,0.493442574403791,0.6478533948266475,2.220446049250313e-16,2.220446049250313e-16,2.220446049250313e-16,2.220446049250313e-16,0.0013460304810646068,0.03125801066655657,2.220446049250313e-16,0.37563377468331133,2.220446049250313e-16,2.220446049250313e-16,2.220446049250313e-16,2.220446049250313e-16,0.4051407837556362,2.220446049250313e-16,2.220446049250313e-16
40.0,0.0038417312958585414,2.220446049250313e-16,0.49539516301937936,0.6556587835637364,2.220446049250313e-16,2.220446049250313e-16,0.39149731615669486,2.220446049250313e-16,0.0012474406514198205,0.0321453073299061,2.220446049250313e-16,0.3756337746833114,2.220446049250313e-16,2.220446049250313e-16,2.220446049250313e-16,2.220446049250313e-16,0.408997471241243,2.220446049250313e-16,2.220446049250313e-16
41.0,0.3392953676058307,2.220446049250313e-16,0.5025681967629145,0.5334703864533216,0.395316922915568,0.003439064759396452,2.220446049250313e-16,2.220446049250313e-16,0.002790801739701706,2.220446049250313e-16,2.220446049250313e-16,2.220446049250313e-16,0.14042961545757196,2.220446049250313e-16,2.220446049250313e-16,0.24779046204658706,0.022861262244637394,2.220446049250313e-16,2.220446049250313e-16
42.0,0.0038417312958585648,2.220446049250313e-16,0.4953951630193797,0.6556587835637372,0.3953169229155681,2.220446049250313e-16,0.39149731615669514,2.220446049250313e-16,0.0012474406514193653,0.03214530732990622,2.220446049250313e-16,2.220446049250313e-16,2.220446049250313e-16,2.220446049250313e-16,2.220446049250313e-16,2.220446049250313e-16,0.4089974712412428,2.220446049250313e-16,2.220446049250313e-16
43.0,0.21362140842365976,2.220446049250313e-16,0.5134403465754226,0.06575661366543441,2.220446049250313e-16,2.220446049250313e-16,0.39149731615669525,0.08367404636344138,2.220446049250313e-16,0.2202475166728528,0.4031098615617089,0.37563377468331133,2.220446049250313e-16,1.1102230246251565e-16,0.021062772656592774,2.220446049250313e-16,0.4498352165097019,2.220446049250313e-16,2.220446049250313e-16
44.0,0.008366408546949628,2.220446049250313e-16,0.5002294678697945,0.5086389318699315,2.220446049250313e-16,2.220446049250313e-16,0.391497316156695,2.220446049250313e-16,0.0031044477296300575,2.220446049250313e-16,2.220446049250313e-16,0.3756337746833114,2.220446049250313e-16,2.220446049250313e-16,2.220446049250313e-16,0.24779046204658708,0.4187984368203364,2.220446049250313e-16,2.220446049250313e-16
45.0,0.5042874396891533,0.07018510856800347,0.47718420859851746,2.220446049250313e-16,2.220446049250313e-16,2.220446049250313e-16,2.220446049250313e-16,0.009442747191974346,0.29503988451277546,0.25773583923277116,2.220446049250313e-16,2.220446049250313e-16,2.220446049250313e-16,2.220446049250313e-16,0.3448484043088831,0.11869367389868188,0.37073943329411535,2.220446049250313e-16,2.220446049250313e-16
46.0,0.4454562514388635,1.1102230246251565e-16,2.220446049250313e-16,2.220446049250313e-16,0.39523965469969097,2.220446049250313e-16,5.551115123125783e-17,0.5155509994452134,2.220446049250313e-16,0.49150313218723624,0.3971982142084124,2.220446049250313e-16,2.220446049250313e-16,2.220446049250313e-16,2.220446049250313e-16,2.220446049250313e-16,0.38585667809773255,2.220446049250313e-16,2.220446049250313e-16
47.0,0.30740188962165227,0.3593498874613531,2.220446049250313e-16,2.220446049250313e-16,0.39922543171713043,2.220446049250313e-16,2.220446049250313e-16,2.220446049250313e-16,5.551115123125783e-17,2.220446049250313e-16,2.220446049250313e-16,2.220446049250313e-16,2.220446049250313e-16,0.486822103379667,0.4832560287715502,2.220446049250313e-16,2.220446049250313e-16,0.5007079170369415,0.01126597872650738
48.0,0.005431283235888638,2.220446049250313e-16,0.5004454509358459,0.5027177648588077,2.220446049250313e-16,2.220446049250313e-16,2.220446049250313e-16,0.019804593942708927,0.5161447870827931,2.220446049250313e-16,2.220446049250313e-16,2.220446049250313e-16,2.220446049250313e-16,2.220446049250313e-16,2.220446049250313e-16,0.24779046204658683,0.41921988282399264,2.220446049250313e-16,2.220446049250313e-16
49.0,0.4991306829492008,0.061261232779560776,2.220446049250313e-16,2.220446049250313e-16,0.39531132791886736,1.1102230246251565e-16,2.220446049250313e-16,0.037331082494668405,2.220446049250313e-16,0.2614171518920373,2.220446049250313e-16,8.326672684688674e-17,2.220446049250313e-16,0.4815801704513745,0.5898298585420234,0.09166684025424704,2.220446049250313e-16,2.220446049250313e-16,2.220446049250313e-16
50.0,0.5368103356618955,2.220446049250313e-16,0.5091264627991946,0.2952738718735302,2.220446049250313e-16,2.220446049250313e-16,2.220446049250313e-16,0.016821327187001085,0.3000755654661823,2.220446049250313e-16,0.39304928797063465,2.220446049250313e-16,2.220446049250313e-16,2.220446049250313e-16,0.2559729197046142,2.220446049250313e-16,0.03535197517713347,2.220446049250313e-16,2.220446049250313e-16
51.0,2.220446049250313e-16,0.3699548517204562,0.48055247821346214,2.220446049250313e-16,0.0036361591030557305,1.1102230246251565e-16,2.220446049250313e-16,0.012978264551507582,0.5136721638121908,2.220446049250313e-16,2.220446049250313e-16,2.220446049250313e-16,2.220446049250313e-16,0.0025878528146680763,0.24950362068965332,2.220446049250313e-16,0.3804553247598014,0.5308726169825885,0.007713806221806229
52.0,0.5513737236359803,2.220446049250313e-16,0.024890939709197424,0.07524299739725772,0.3953105797838056,2.220446049250313e-16,2.220446049250313e-16,0.04232280866039144,2.220446049250313e-16,0.21722099094390063,0.4030554774532445,2.220446049250313e-16,2.220446049250313e-16,0.48312527612994177,0.010666458124901586,2.220446049250313e-16,0.45419966037998255,2.220446049250313e-16,2.220446049250313e-16
53.0,0.5513737236359803,2.220446049250313e-16,0.024890939709197424,0.07524299739725772,0.3953105797838056,2.220446049250313e-16,2.220446049250313e-16,0.04232280866039144,2.220446049250313e-16,0.21722099094390063,0.4030554774532445,2.220446049250313e-16,2.220446049250313e-16,0.48312527612994177,0.010666458124901586,2.220446049250313e-16,0.45419966037998255,2.220446049250313e-16,2.220446049250313e-16
54.0,0.5133976166265658,2.220446049250313e-16,0.4822541503654916,2.220446049250313e-16,2.220446049250313e-16,2.220446049250313e-16,2.220446049250313e-16,0.02025042316829349,0.2939211481904726,0.49492221952357285,0.3973366801177874,2.220446049250313e-16,2.220446049250313e-16,2.220446049250313e-16,0.2566713342362116,2.220446049250313e-16,2.220446049250313e-16,2.220446049250313e-16,2.220446049250313e-16
55.0,0.3024244852660277,2.220446049250313e-16,0.483719575729176,2.220446049250313e-16,0.0020893081864721275,2.220446049250313e-16,2.220446049250313e-16,2.220446049250313e-16,0.2960173327901967,2.220446049250313e-16,2.220446049250313e-16,2.220446049250313e-16,2.220446049250313e-16,0.0009052465219165765,0.49733567768281495,2.220446049250313e-16,2.220446049250313e-16,0.5766404113906427,0.14517252952987636
56.0,0.4454562514388635,1.1102230246251565e-16,2.220446049250313e-16,2.220446049250313e-16,0.39523965469969097,2.220446049250313e-16,5.551115123125783e-17,0.5155509994452134,2.220446049250313e-16,0.49150313218723624,0.3971982142084124,2.220446049250313e-16,2.220446049250313e-16,2.220446049250313e-16,2.220446049250313e-16,2.220446049250313e-16,0.38585667809773255,2.220446049250313e-16,2.220446049250313e-16
57.0,0.5462533022121134,2.220446049250313e-16,0.5163350933377688,0.07346057587833851,2.220446049250313e-16,2.220446049250313e-16,2.220446049250313e-16,0.016279659354498172,0.293404294164541,0.22138595688150192,0.40321133864410025,2.220446049250313e-16,2.220446049250313e-16,4.163336342344337e-17,0.2556579596793523,2.220446049250313e-16,0.054967669836798135,2.220446049250313e-16,2.220446049250313e-16
58.0,0.5143367832052711,2.220446049250313e-16,0.4770464478290483,2.220446049250313e-16,0.39530990090354184,6.418476861114186e-17,2.220446049250313e-16,0.046852451254768654,2.220446049250313e-16,0.4912189494831445,0.39718670540132983,2.220446049250313e-16,2.220446049250313e-16,2.220446049250313e-16,0.011806678234841198,2.220446049250313e-16,0.3756475823737121,2.220446049250313e-16,2.220446049250313e-16
59.0,0.49895359471953427,0.06039371139718938,0.4823544789519792,2.220446049250313e-16,2.220446049250313e-16,1.1102230246251565e-16,2.220446049250313e-16,0.010308098304062522,0.29495030931429983,0.26141814165169164,2.220446049250313e-16,2.220446049250313e-16,2.220446049250313e-16,2.220446049250313e-16,0.5902504068634224,0.10213493477984087,2.220446049250313e-16,2.220446049250313e-16,2.220446049250313e-16
60.0,2.220446049250313e-16,2.220446049250313e-16,2.220446049250313e-16,0.3079196734966072,2.220446049250313e-16,2.220446049250313e-16,2.220446049250313e-16,0.48538628435320164,0.4704114648269128,0.32603651432088704,0.3862013458591513,2.220446049250313e-16,2.220446049250313e-16,2.220446049250313e-16,0.22458535973405716,2.220446049250313e-16,2.220446049250313e-16,2.220446049250313e-16,2.220446049250313e-16
61.0,0.10729578540947773,2.220446049250313e-16,2.220446049250313e-16,2.220446049250313e-16,0.3982633714504511,1.6653345369377348e-16,2.220446049250313e-16,0.6115075865448024,0.15569919005493868,2.220446049250313e-16,2.220446049250313e-16,2.220446049250313e-16,2.220446049250313e-16,2.220446049250313e-16,0.0039779103689044975,2.220446049250313e-16,2.220446049250313e-16,0.11418541104051051,0.6007257473539279
62.0,0.10729578540947773,2.220446049250313e-16,2.220446049250313e-16,2.220446049250313e-16,0.3982633714504511,1.6653345369377348e-16,2.220446049250313e-16,0.6115075865448024,0.15569919005493868,2.220446049250313e-16,2.220446049250313e-16,2.220446049250313e-16,2.220446049250313e-16,2.220446049250313e-16,0.0039779103689044975,2.220446049250313e-16,2.220446049250313e-16,0.11418541104051051,0.6007257473539279
63.0,0.090538385659993,0.44480304569669993,2.220446049250313e-16,2.220446049250313e-16,2.220446049250313e-16,5.551115123125783e-17,2.220446049250313e-16,0.5743210628805178,0.4555658161450603,2.220446049250313e-16,2.220446049250313e-16,2.220446049250313e-16,1.7149836070015394e-16,2.220446049250313e-16,0.5693989018953046,0.07512807642656649,2.220446049250313e-16,2.220446049250313e-16,2.220446049250313e-16
64.0,0.090538385659993,0.44480304569669993,2.220446049250313e-16,2.220446049250313e-16,2.220446049250313e-16,5.551115123125783e-17,2.220446049250313e-16,0.5743210628805178,0.4555658161450603,2.220446049250313e-16,2.220446049250313e-16,2.220446049250313e-16,1.7149836070015394e-16,2.220446049250313e-16,0.5693989018953046,0.07512807642656649,2.220446049250313e-16,2.220446049250313e-16,2.220446049250313e-16
65.0,2.220446049250313e-16,2.220446049250313e-16,0.4858202247950072,2.220446049250313e-16,9.967342275722939e-05,2.220446049250313e-16,2.220446049250313e-16,0.020803549176383607,0.5128621441408582,5.551115123125783e-17,2.220446049250313e-16,2.220446049250313e-16,2.220446049250313e-16,0.005271747094738994,2.220446049250313e-16,2.220446049250313e-16,2.220446049250313e-16,0.457869251814862,0.5419895496707245
66.0,2.220446049250313e-16,2.220446049250313e-16,2.220446049250313e-16,0.27370678045154473,2.220446049250313e-16,0.000867794918063769,0.39149731615669503,2.220446049250313e-16,2.220446049250313e-16,0.5742425335490539,0.002541045194729836,0.3756337746833114,0.5742301551385964,2.220446049250313e-16,2.220446049250313e-16,2.220446049250313e-16,2.220446049250313e-16,2.220446049250313e-16,2.220446049250313e-16
67.0,2.220446049250313e-16,2.220446049250313e-16,2.220446049250313e-16,0.27370678045154473,2.220446049250313e-16,0.000867794918063769,0.39149731615669503,2.220446049250313e-16,2.220446049250313e-16,0.5742425335490539,0.002541045194729836,0.3756337746833114,0.5742301551385964,2.220446049250313e-16,2.220446049250313e-16,2.220446049250313e-16,2.220446049250313e-16,2.220446049250313e-16,2.220446049250313e-16
68.0,2.220446049250313e-16,0.42639886000623806,1.1102230246251565e-16,2.220446049250313e-16,2.220446049250313e-16,0.39439992325480505,3.729655473350135e-17,2.220446049250313e-16,2.220446049250313e-16,2.220446049250313e-16,0.3932572062319746,2.220446049250313e-16,0.559905178500516,0.0016699481839720556,0.02085731361813044,0.6092487496644575,2.220446049250313e-16,2.220446049250313e-16,2.220446049250313e-16
69.0,2.220446049250313e-16,0.42639886000623806,1.1102230246251565e-16,2.220446049250313e-16,2.220446049250313e-16,0.39439992325480505,3.729655473350135e-17,2.220446049250313e-16,2.220446049250313e-16,2.220446049250313e-16,0.3932572062319746,2.220446049250313e-16,0.559905178500516,0.0016699481839720556,0.02085731361813044,0.6092487496644575,2.220446049250313e-16,2.220446049250313e-16,2.220446049250313e-16
70.0,2.220446049250313e-16,2.220446049250313e-16,0.013392164560308312,0.700211604197412,2.220446049250313e-16,0.0032431606694419786,2.220446049250313e-16,0.48491178675125185,0.46550554396401306,0.027884850818954424,2.220446049250313e-16,2.220446049250313e-16,0.1471227050731952,2.220446049250313e-16,2.220446049250313e-16,2.220446049250313e-16,0.025766757312937514,2.220446049250313e-16,2.220446049250313e-16
71.0,2.220446049250313e-16,2.220446049250313e-16,2.220446049250313e-16,2.220446049250313e-16,0.00032803813677717575,0.39318893480193406,2.220446049250313e-16,8.794356896119097e-05,2.220446049250313e-16,2.220446049250313e-16,2.220446049250313e-16,0.37563377468331105,2.220446049250313e-16,0.48937558891717914,2.220446049250313e-16,2.220446049250313e-16,2.220446049250313e-16,0.4312517396719625,0.5467985909604215
72.0,2.220446049250313e-16,2.220446049250313e-16,2.220446049250313e-16,2.220446049250313e-16,0.00032803813677717575,0.39318893480193406,2.220446049250313e-16,8.794356896119097e-05,2.220446049250313e-16,2.220446049250313e-16,2.220446049250313e-16,0.37563377468331105,2.220446049250313e-16,0.48937558891717914,2.220446049250313e-16,2.220446049250313e-16,2.220446049250313e-16,0.4312517396719625,0.5467985909604215
73.0,2.220446049250313e-16,2.220446049250313e-16,2.220446049250313e-16,2.220446049250313e-16,0.00032803813677717575,0.39318893480193406,2.220446049250313e-16,8.794356896119097e-05,2.220446049250313e-16,2.220446049250313e-16,2.220446049250313e-16,0.37563377468331105,2.220446049250313e-16,0.48937558891717914,2.220446049250313e-16,2.220446049250313e-16,2.220446049250313e-16,0.4312517396719625,0.5467985909604215
74.0,2.220446049250313e-16,2.220446049250313e-16,2.220446049250313e-16,2.220446049250313e-16,0.00032803813677717575,0.39318893480193406,2.220446049250313e-16,8.794356896119097e-05,2.220446049250313e-16,2.220446049250313e-16,2.220446049250313e-16,0.37563377468331105,2.220446049250313e-16,0.48937558891717914,2.220446049250313e-16,2.220446049250313e-16,2.220446049250313e-16,0.4312517396719625,0.5467985909604215
75.0,2.220446049250313e-16,2.220446049250313e-16,2.220446049250313e-16,2.220446049250313e-16,0.00032803813677717575,0.39318893480193406,2.220446049250313e-16,8.794356896119097e-05,2.220446049250313e-16,2.220446049250313e-16,2.220446049250313e-16,0.37563377468331105,2.220446049250313e-16,0.48937558891717914,2.220446049250313e-16,2.220446049250313e-16,2.220446049250313e-16,0.4312517396719625,0.5467985909604215
76.0,2.220446049250313e-16,2.220446049250313e-16,2.220446049250313e-16,2.220446049250313e-16,0.00032803813677717575,0.39318893480193406,2.220446049250313e-16,8.794356896119097e-05,2.220446049250313e-16,2.220446049250313e-16,2.220446049250313e-16,0.37563377468331105,2.220446049250313e-16,0.48937558891717914,2.220446049250313e-16,2.220446049250313e-16,2.220446049250313e-16,0.4312517396719625,0.5467985909604215
77.0,2.220446049250313e-16,2.220446049250313e-16,2.220446049250313e-16,0.27370678045154473,2.220446049250313e-16,0.000867794918063769,0.39149731615669503,2.220446049250313e-16,2.220446049250313e-16,0.5742425335490539,0.002541045194729836,0.3756337746833114,0.5742301551385964,2.220446049250313e-16,2.220446049250313e-16,2.220446049250313e-16,2.220446049250313e-16,2.220446049250313e-16,2.220446049250313e-16
78.0,2.220446049250313e-16,2.220446049250313e-16,2.220446049250313e-16,0.27370678045154473,2.220446049250313e-16,0.000867794918063769,0.39149731615669503,2.220446049250313e-16,2.220446049250313e-16,0.5742425335490539,0.002541045194729836,0.3756337746833114,0.5742301551385964,2.220446049250313e-16,2.220446049250313e-16,2.220446049250313e-16,2.220446049250313e-16,2.220446049250313e-16,2.220446049250313e-16
79.0,2.220446049250313e-16,0.42639886000623806,1.1102230246251565e-16,2.220446049250313e-16,2.220446049250313e-16,0.39439992325480505,3.729655473350135e-17,2.220446049250313e-16,2.220446049250313e-16,2.220446049250313e-16,0.3932572062319746,2.220446049250313e-16,0.559905178500516,0.0016699481839720556,0.02085731361813044,0.6092487496644575,2.220446049250313e-16,2.220446049250313e-16,2.220446049250313e-16
80.0,2.220446049250313e-16,0.42639886000623806,1.1102230246251565e-16,2.220446049250313e-16,2.220446049250313e-16,0.39439992325480505,3.729655473350135e-17,2.220446049250313e-16,2.220446049250313e-16,2.220446049250313e-16,0.3932572062319746,2.220446049250313e-16,0.559905178500516,0.0016699481839720556,0.02085731361813044,0.6092487496644575,2.220446049250313e-16,2.220446049250313e-16,2.220446049250313e-16
81.0,2.220446049250313e-16,2.220446049250313e-16,0.021043448302970367,0.4694031445268614,2.220446049250313e-16,2.220446049250313e-16,2.220446049250313e-16,0.4855755712699642,0.46835217415821884,0.042647151301676504,0.39230964347672515,2.220446049250313e-16,2.220446049250313e-16,2.220446049250313e-16,0.22457787465531848,2.220446049250313e-16,0.0402504232011871,2.220446049250313e-16,2.220446049250313e-16
82.0,0.08791560552542717,2.220446049250313e-16,2.220446049250313e-16,2.220446049250313e-16,0.4002534480315706,2.220446049250313e-16,2.220446049250313e-16,0.6053812082188633,0.15633335062492787,2.220446049250313e-16,2.220446049250313e-16,1.1102230246251565e-16,2.220446049250313e-16,2.220446049250313e-16,0.5130192457743821,2.220446049250313e-16,2.220446049250313e-16,0.23266860770826678,0.2039350867297985
83.0,0.08791560552542717,2.220446049250313e-16,2.220446049250313e-16,2.220446049250313e-16,0.4002534480315706,2.220446049250313e-16,2.220446049250313e-16,0.6053812082188633,0.15633335062492787,2.220446049250313e-16,2.220446049250313e-16,1.1102230246251565e-16,2.220446049250313e-16,2.220446049250313e-16,0.5130192457743821,2.220446049250313e-16,2.220446049250313e-16,0.23266860770826678,0.2039350867297985
84.0,0.090538385659993,0.44480304569669993,2.220446049250313e-16,2.220446049250313e-16,2.220446049250313e-16,5.551115123125783e-17,2.220446049250313e-16,0.5743210628805178,0.4555658161450603,2.220446049250313e-16,2.220446049250313e-16,2.220446049250313e-16,1.7149836070015394e-16,2.220446049250313e-16,0.5693989018953046,0.07512807642656649,2.220446049250313e-16,2.220446049250313e-16,2.220446049250313e-16
85.0,0.090538385659993,0.44480304569669993,2.220446049250313e-16,2.220446049250313e-16,2.220446049250313e-16,5.551115123125783e-17,2.220446049250313e-16,0.5743210628805178,0.4555658161450603,2.220446049250313e-16,2.220446049250313e-16,2.220446049250313e-16,1.7149836070015394e-16,2.220446049250313e-16,0.5693989018953046,0.07512807642656649,2.220446049250313e-16,2.220446049250313e-16,2.220446049250313e-16
86.0,2.220446049250313e-16,2.220446049250313e-16,0.4858202247950072,2.220446049250313e-16,9.967342275722939e-05,2.220446049250313e-16,2.220446049250313e-16,0.020803549176383607,0.5128621441408582,5.551115123125783e-17,2.220446049250313e-16,2.220446049250313e-16,2.220446049250313e-16,0.005271747094738994,2.220446049250313e-16,2.220446049250313e-16,2.220446049250313e-16,0.457869251814862,0.5419895496707245
87.0,2.220446049250313e-16,2.220446049250313e-16,2.220446049250313e-16,0.49433275356670286,2.220446049250313e-16,0.0007633739601575207,2.220446049250313e-16,0.020471285931233596,0.5161816867506566,0.30800983025293327,2.220446049250313e-16,2.220446049250313e-16,0.5591808326121087,2.220446049250313e-16,2.220446049250313e-16,1.1039311171486852e-16,2.220446049250313e-16,2.220446049250313e-16,2.220446049250313e-16
88.0,2.220446049250313e-16,2.220446049250313e-16,2.220446049250313e-16,2.220446049250313e-16,0.00032803813677717575,0.39318893480193406,2.220446049250313e-16,8.794356896119097e-05,2.220446049250313e-16,2.220446049250313e-16,2.220446049250313e-16,0.37563377468331105,2.220446049250313e-16,0.48937558891717914,2.220446049250313e-16,2.220446049250313e-16,2.220446049250313e-16,0.4312517396719625,0.5467985909604215
89.0,2.220446049250313e-16,2.220446049250313e-16,2.220446049250313e-16,2.220446049250313e-16,0.00032803813677717575,0.39318893480193406,2.220446049250313e-16,8.794356896119097e-05,2.220446049250313e-16,2.220446049250313e-16,2.220446049250313e-16,0.37563377468331105,2.220446049250313e-16,0.48937558891717914,2.220446049250313e-16,2.220446049250313e-16,2.220446049250313e-16,0.4312517396719625,0.5467985909604215
90.0,2.220446049250313e-16,2.220446049250313e-16,2.220446049250313e-16,2.220446049250313e-16,0.00032803813677717575,0.39318893480193406,2.220446049250313e-16,8.794356896119097e-05,2.220446049250313e-16,2.220446049250313e-16,2.220446049250313e-16,0.37563377468331105,2.220446049250313e-16,0.48937558891717914,2.220446049250313e-16,2.220446049250313e-16,2.220446049250313e-16,0.4312517396719625,0.5467985909604215
91.0,2.220446049250313e-16,2.220446049250313e-16,2.220446049250313e-16,2.220446049250313e-16,0.00032803813677717575,0.39318893480193406,2.220446049250313e-16,8.794356896119097e-05,2.220446049250313e-16,2.220446049250313e-16,2.220446049250313e-16,0.37563377468331105,2.220446049250313e-16,0.48937558891717914,2.220446049250313e-16,2.220446049250313e-16,2.220446049250313e-16,0.4312517396719625,0.5467985909604215
92.0,2.220446049250313e-16,2.220446049250313e-16,2.220446049250313e-16,2.220446049250313e-16,0.00032803813677717575,0.39318893480193406,2.220446049250313e-16,8.794356896119097e-05,2.220446049250313e-16,2.220446049250313e-16,2.220446049250313e-16,0.37563377468331105,2.220446049250313e-16,0.48937558891717914,2.220446049250313e-16,2.220446049250313e-16,2.220446049250313e-16,0.4312517396719625,0.5467985909604215
93.0,2.220446049250313e-16,2.220446049250313e-16,2.220446049250313e-16,2.220446049250313e-16,0.00032803813677717575,0.39318893480193406,2.220446049250313e-16,8.794356896119097e-05,2.220446049250313e-16,2.220446049250313e-16,2.220446049250313e-16,0.37563377468331105,2.220446049250313e-16,0.48937558891717914,2.220446049250313e-16,2.220446049250313e-16,2.220446049250313e-16,0.4312517396719625,0.5467985909604215
94.0,2.220446049250313e-16,2.220446049250313e-16,2.220446049250313e-16,0.49433275356670286,2.220446049250313e-16,0.0007633739601575207,2.220446049250313e-16,0.020471285931233596,0.5161816867506566,0.30800983025293327,2.220446049250313e-16,2.220446049250313e-16,0.5591808326121087,2.220446049250313e-16,2.220446049250313e-16,1.1039311171486852e-16,2.220446049250313e-16,2.220446049250313e-16,2.220446049250313e-16
95.0,2.220446049250313e-16,2.220446049250313e-16,2.220446049250313e-16,2.220446049250313e-16,0.00032803813677717813,2.220446049250313e-16,0.39149731615669514,8.794356896103248e-05,2.220446049250313e-16,2.220446049250313e-16,2.220446049250313e-16,0.37563377468331133,2.220446049250313e-16,0.489375588917179,2.220446049250313e-16,2.220446049250313e-16,2.220446049250313e-16,0.4312517396719624,0.5467985909604219
96.0,2.220446049250313e-16,2.220446049250313e-16,2.220446049250313e-16,2.220446049250313e-16,0.00032803813677717813,2.220446049250313e-16,0.39149731615669514,8.794356896103248e-05,2.220446049250313e-16,2.220446049250313e-16,2.220446049250313e-16,0.37563377468331133,2.220446049250313e-16,0.489375588917179,2.220446049250313e-16,2.220446049250313e-16,2.220446049250313e-16,0.4312517396719624,0.5467985909604219
97.0,2.220446049250313e-16,2.220446049250313e-16,2.220446049250313e-16,2.220446049250313e-16,0.00032803813677717813,2.220446049250313e-16,0.39149731615669514,8.794356896103248e-05,2.220446049250313e-16,2.220446049250313e-16,2.220446049250313e-16,0.37563377468331133,2.220446049250313e-16,0.489375588917179,2.220446049250313e-16,2.220446049250313e-16,2.220446049250313e-16,0.4312517396719624,0.5467985909604219
98.0,2.220446049250313e-16,2.220446049250313e-16,2.220446049250313e-16,2.220446049250313e-16,0.00032803813677717813,2.220446049250313e-16,0.39149731615669514,8.794356896103248e-05,2.220446049250313e-16,2.220446049250313e-16,2.220446049250313e-16,0.37563377468331133,2.220446049250313e-16,0.489375588917179,2.220446049250313e-16,2.220446049250313e-16,2.220446049250313e-16,0.4312517396719624,0.5467985909604219
99.0,2.220446049250313e-16,2.220446049250313e-16,2.220446049250313e-16,2.220446049250313e-16,0.00032803813677717813,2.220446049250313e-16,0.39149731615669514,8.794356896103248e-05,2.220446049250313e-16,2.220446049250313e-16,2.220446049250313e-16,0.37563377468331133,2.220446049250313e-16,0.489375588917179,2.220446049250313e-16,2.220446049250313e-16,2.220446049250313e-16,0.4312517396719624,0.5467985909604219
100.0,2.220446049250313e-16,2.220446049250313e-16,2.220446049250313e-16,2.220446049250313e-16,0.00032803813677717813,2.220446049250313e-16,0.39149731615669514,8.794356896103248e-05,2.220446049250313e-16,2.220446049250313e-16,2.220446049250313e-16,0.37563377468331133,2.220446049250313e-16,0.489375588917179,2.220446049250313e-16,2.220446049250313e-16,2.220446049250313e-16,0.4312517396719624,0.5467985909604219
101.0,2.220446049250313e-16,2.220446049250313e-16,0.02069661630250612,0.4776487328536983,2.220446049250313e-16,0.3965477142573915,2.220446049250313e-16,0.45978884743107706,2.220446049250313e-16,0.2940666825124211,0.008576867785499528,0.3756337746833115,0.16071638245194145,2.220446049250313e-16,2.220446049250313e-16,2.220446049250313e-16,0.04504080226804353,2.220446049250313e-16,2.220446049250313e-16
102.0,2.220446049250313e-16,2.220446049250313e-16,0.02069661630250612,0.4776487328536983,2.220446049250313e-16,0.3965477142573915,2.220446049250313e-16,0.45978884743107706,2.220446049250313e-16,0.2940666825124211,0.008576867785499528,0.3756337746833115,0.16071638245194145,2.220446049250313e-16,2.220446049250313e-16,2.220446049250313e-16,0.04504080226804353,2.220446049250313e-16,2.220446049250313e-16
103.0,2.220446049250313e-16,0.42639886000623806,1.1102230246251565e-16,2.220446049250313e-16,2.220446049250313e-16,0.39439992325480505,3.729655473350135e-17,2.220446049250313e-16,2.220446049250313e-16,2.220446049250313e-16,0.3932572062319746,2.220446049250313e-16,0.559905178500516,0.0016699481839720556,0.02085731361813044,0.6092487496644575,2.220446049250313e-16,2.220446049250313e-16,2.220446049250313e-16
104.0,2.220446049250313e-16,0.42639886000623806,1.1102230246251565e-16,2.220446049250313e-16,2.220446049250313e-16,0.39439992325480505,3.729655473350135e-17,2.220446049250313e-16,2.220446049250313e-16,2.220446049250313e-16,0.3932572062319746,2.220446049250313e-16,0.559905178500516,0.0016699481839720556,0.02085731361813044,0.6092487496644575,2.220446049250313e-16,2.220446049250313e-16,2.220446049250313e-16
105.0,2.220446049250313e-16,2.220446049250313e-16,2.220446049250313e-16,0.27359061246702043,2.220446049250313e-16,0.3940672800931915,2.220446049250313e-16,2.220446049250313e-16,2.220446049250313e-16,0.574287845012996,0.002540064594862047,0.37563377468331144,0.5726172211936673,2.220446049250313e-16,2.220446049250313e-16,2.220446049250313e-16,2.220446049250313e-16,2.220446049250313e-16,2.220446049250313e-16
106.0,2.220446049250313e-16,2.220446049250313e-16,2.220446049250313e-16,0.27359061246702043,2.220446049250313e-16,0.3940672800931915,2.220446049250313e-16,2.220446049250313e-16,2.220446049250313e-16,0.574287845012996,0.002540064594862047,0.37563377468331144,0.5726172211936673,2.220446049250313e-16,2.220446049250313e-16,2.220446049250313e-16,2.220446049250313e-16,2.220446049250313e-16,2.220446049250313e-16
107.0,2.220446049250313e-16,0.42639886000623806,1.1102230246251565e-16,2.220446049250313e-16,2.220446049250313e-16,0.39439992325480505,3.729655473350135e-17,2.220446049250313e-16,2.220446049250313e-16,2.220446049250313e-16,0.3932572062319746,2.220446049250313e-16,0.559905178500516,0.0016699481839720556,0.02085731361813044,0.6092487496644575,2.220446049250313e-16,2.220446049250313e-16,2.220446049250313e-16
108.0,2.220446049250313e-16,0.42639886000623806,1.1102230246251565e-16,2.220446049250313e-16,2.220446049250313e-16,0.39439992325480505,3.729655473350135e-17,2.220446049250313e-16,2.220446049250313e-16,2.220446049250313e-16,0.3932572062319746,2.220446049250313e-16,0.559905178500516,0.0016699481839720556,0.02085731361813044,0.6092487496644575,2.220446049250313e-16,2.220446049250313e-16,2.220446049250313e-16
109.0,2.220446049250313e-16,2.220446049250313e-16,2.220446049250313e-16,0.3079196734966072,2.220446049250313e-16,2.220446049250313e-16,2.220446049250313e-16,0.48538628435320164,0.4704114648269128,0.32603651432088704,0.3862013458591513,2.220446049250313e-16,2.220446049250313e-16,2.220446049250313e-16,0.22458535973405716,2.220446049250313e-16,2.220446049250313e-16,2.220446049250313e-16,2.220446049250313e-16
110.0,0.10729578540947773,2.220446049250313e-16,2.220446049250313e-16,2.220446049250313e-16,0.3982633714504511,1.6653345369377348e-16,2.220446049250313e-16,0.6115075865448024,0.15569919005493868,2.220446049250313e-16,2.220446049250313e-16,2.220446049250313e-16,2.220446049250313e-16,2.220446049250313e-16,0.0039779103689044975,2.220446049250313e-16,2.220446049250313e-16,0.11418541104051051,0.6007257473539279
111.0,0.10729578540947773,2.220446049250313e-16,2.220446049250313e-16,2.220446049250313e-16,0.3982633714504511,1.6653345369377348e-16,2.220446049250313e-16,0.6115075865448024,0.15569919005493868,2.220446049250313e-16,2.220446049250313e-16,2.220446049250313e-16,2.220446049250313e-16,2.220446049250313e-16,0.0039779103689044975,2.220446049250313e-16,2.220446049250313e-16,0.11418541104051051,0.6007257473539279
112.0,0.090538385659993,0.44480304569669993,2.220446049250313e-16,2.220446049250313e-16,2.220446049250313e-16,5.551115123125783e-17,2.220446049250313e-16,0.5743210628805178,0.4555658161450603,2.220446049250313e-16,2.220446049250313e-16,2.220446049250313e-16,1.7149836070015394e-16,2.220446049250313e-16,0.5693989018953046,0.07512807642656649,2.220446049250313e-16,2.220446049250313e-16,2.220446049250313e-16
113.0,0.090538385659993,0.44480304569669993,2.220446049250313e-16,2.220446049250313e-16,2.220446049250313e-16,5.551115123125783e-17,2.220446049250313e-16,0.5743210628805178,0.4555658161450603,2.220446049250313e-16,2.220446049250313e-16,2.220446049250313e-16,1.7149836070015394e-16,2.220446049250313e-16,0.5693989018953046,0.07512807642656649,2.220446049250313e-16,2.220446049250313e-16,2.220446049250313e-16
114.0,2.220446049250313e-16,2.220446049250313e-16,0.4858202247950072,2.220446049250313e-16,9.967342275722939e-05,2.220446049250313e-16,2.220446049250313e-16,0.020803549176383607,0.5128621441408582,5.551115123125783e-17,2.220446049250313e-16,2.220446049250313e-16,2.220446049250313e-16,0.005271747094738994,2.220446049250313e-16,2.220446049250313e-16,2.220446049250313e-16,0.457869251814862,0.5419895496707245
115.0,0.009973986112525375,8.326672684688674e-17,0.01474240845213812,0.6573989597143718,2.220446049250313e-16,0.0006781199042333623,2.220446049250313e-16,0.019419827365009957,0.5142308380050837,0.02480828960796689,2.220446049250313e-16,8.673617379884035e-19,0.549304959358834,2.220446049250313e-16,2.220446049250313e-16,2.220446049250313e-16,0.028432573326226323,2.220446049250313e-16,2.220446049250313e-16
116.0,0.46264139278486177,0.35866651088546153,0.2512114575516002,2.220446049250313e-16,0.4018354009724588,2.220446049250313e-16,2.220446049250313e-16,0.2886647011816045,2.220446049250313e-16,2.220446049250313e-16,2.220446049250313e-16,2.220446049250313e-16,2.220446049250313e-16,2.220446049250313e-16,0.4983188725811657,2.220446049250313e-16,2.220446049250313e-16,0.1880555584051133,0.0668371778143441
117.0,0.46264139278486177,0.35866651088546153,0.2512114575516002,2.220446049250313e-16,0.4018354009724588,2.220446049250313e-16,2.220446049250313e-16,0.2886647011816045,2.220446049250313e-16,2.220446049250313e-16,2.220446049250313e-16,2.220446049250313e-16,2.220446049250313e-16,2.220446049250313e-16,0.4983188725811657,2.220446049250313e-16,2.220446049250313e-16,0.1880555584051133,0.0668371778143441
118.0,0.46264139278486177,0.35866651088546153,0.2512114575516002,2.220446049250313e-16,0.4018354009724588,2.220446049250313e-16,2.220446049250313e-16,0.2886647011816045,2.220446049250313e-16,2.220446049250313e-16,2.220446049250313e-16,2.220446049250313e-16,2.220446049250313e-16,2.220446049250313e-16,0.4983188725811657,2.220446049250313e-16,2.220446049250313e-16,0.1880555584051133,0.0668371778143441
119.0,2.220446049250313e-16,2.220446049250313e-16,2.220446049250313e-16,2.220446049250313e-16,0.0003317672650520301,1.1102230246251565e-16,0.39149731615669514,8.894330896943626e-05,2.220446049250313e-16,2.220446049250313e-16,2.220446049250313e-16,2.220446049250313e-16,2.220446049250313e-16,0.4973599317703617,2.220446049250313e-16,0.23559312414060135,2.220446049250313e-16,0.43081163227302444,0.5468775143657856
120.0,2.220446049250313e-16,2.220446049250313e-16,2.220446049250313e-16,2.220446049250313e-16,0.0003317672650520301,1.1102230246251565e-16,0.39149731615669514,8.894330896943626e-05,2.220446049250313e-16,2.220446049250313e-16,2.220446049250313e-16,2.220446049250313e-16,2.220446049250313e-16,0.4973599317703617,2.220446049250313e-16,0.23559312414060135,2.220446049250313e-16,0.43081163227302444,0.5468775143657856
121.0,0.46264139278486177,0.35866651088546153,0.2512114575516002,2.220446049250313e-16,0.4018354009724588,2.220446049250313e-16,2.220446049250313e-16,0.2886647011816045,2.220446049250313e-16,2.220446049250313e-16,2.220446049250313e-16,2.220446049250313e-16,2.220446049250313e-16,2.220446049250313e-16,0.4983188725811657,2.220446049250313e-16,2.220446049250313e-16,0.1880555584051133,0.0668371778143441
122.0,2.220446049250313e-16,2.220446049250313e-16,2.220446049250313e-16,0.49433275356670286,2.220446049250313e-16,0.0007633739601575207,2.220446049250313e-16,0.020471285931233596,0.5161816867506566,0.30800983025293327,2.220446049250313e-16,2.220446049250313e-16,0.5591808326121087,2.220446049250313e-16,2.220446049250313e-16,1.1039311171486852e-16,2.220446049250313e-16,2.220446049250313e-16,2.220446049250313e-16
123.0,2.220446049250313e-16,2.220446049250313e-16,2.220446049250313e-16,2.220446049250313e-16,0.00032803813677717813,2.220446049250313e-16,0.39149731615669514,8.794356896103248e-05,2.220446049250313e-16,2.220446049250313e-16,2.220446049250313e-16,0.37563377468331133,2.220446049250313e-16,0.489375588917179,2.220446049250313e-16,2.220446049250313e-16,2.220446049250313e-16,0.4312517396719624,0.5467985909604219
124.0,2.220446049250313e-16,2.220446049250313e-16,2.220446049250313e-16,2.220446049250313e-16,0.00032803813677717813,2.220446049250313e-16,0.39149731615669514,8.794356896103248e-05,2.220446049250313e-16,2.220446049250313e-16,2.220446049250313e-16,0.37563377468331133,2.220446049250313e-16,0.489375588917179,2.220446049250313e-16,2.220446049250313e-16,2.220446049250313e-16,0.4312517396719624,0.5467985909604219
125.0,2.220446049250313e-16,2.220446049250313e-16,2.220446049250313e-16,2.220446049250313e-16,0.00032803813677717813,2.220446049250313e-16,0.39149731615669514,8.794356896103248e-05,2.220446049250313e-16,2.220446049250313e-16,2.220446049250313e-16,0.37563377468331133,2.220446049250313e-16,0.489375588917179,2.220446049250313e-16,2.220446049250313e-16,2.220446049250313e-16,0.4312517396719624,0.5467985909604219
126.0,2.220446049250313e-16,2.220446049250313e-16,2.220446049250313e-16,2.220446049250313e-16,0.00032803813677717813,2.220446049250313e-16,0.39149731615669514,8.794356896103248e-05,2.220446049250313e-16,2.220446049250313e-16,2.220446049250313e-16,0.37563377468331133,2.220446049250313e-16,0.489375588917179,2.220446049250313e-16,2.220446049250313e-16,2.220446049250313e-16,0.4312517396719624,0.5467985909604219
127.0,2.220446049250313e-16,2.220446049250313e-16,2.220446049250313e-16,2.220446049250313e-16,0.00032803813677717813,2.220446049250313e-16,0.39149731615669514,8.794356896103248e-05,2.220446049250313e-16,2.220446049250313e-16,2.220446049250313e-16,0.37563377468331133,2.220446049250313e-16,0.489375588917179,2.220446049250313e-16,2.220446049250313e-16,2.220446049250313e-16,0.4312517396719624,0.5467985909604219
128.0,2.220446049250313e-16,2.220446049250313e-16,2.220446049250313e-16,2.220446049250313e-16,0.00032803813677717813,2.220446049250313e-16,0.39149731615669514,8.794356896103248e-05,2.220446049250313e-16,2.220446049250313e-16,2.220446049250313e-16,0.37563377468331133,2.220446049250313e-16,0.489375588917179,2.220446049250313e-16,2.220446049250313e-16,2.220446049250313e-16,0.4312517396719624,0.5467985909604219
129.0,2.220446049250313e-16,2.220446049250313e-16,2.220446049250313e-16,0.02662187120182594,2.220446049250313e-16,2.220446049250313e-16,0.3914973161566949,2.220446049250313e-16,2.220446049250313e-16,0.5875450357337416,0.3952723914691821,0.3756337746833111,0.4090756663950655,2.220446049250313e-16,2.220446049250313e-16,2.220446049250313e-16,0.3890258756108635,2.220446049250313e-16,2.220446049250313e-16
130.0,2.220446049250313e-16,2.220446049250313e-16,2.220446049250313e-16,0.02662187120182594,2.220446049250313e-16,2.220446049250313e-16,0.3914973161566949,2.220446049250313e-16,2.220446049250313e-16,0.5875450357337416,0.3952723914691821,0.3756337746833111,0.4090756663950655,2.220446049250313e-16,2.220446049250313e-16,2.220446049250313e-16,0.3890258756108635,2.220446049250313e-16,2.220446049250313e-16
131.0,2.220446049250313e-16,0.42639886000623795,1.1102230246251565e-16,2.220446049250313e-16,5.551115123125783e-17,0.0012004841965703034,0.391497316156695,2.220446049250313e-16,1.0711917464156784e-16,2.220446049250313e-16,0.39325720623197474,2.220446049250313e-16,0.5615274055126636,0.0016699481839721044,0.020857313618130494,0.6092487496644571,2.220446049250313e-16,2.220446049250313e-16,1.4826059847988454e-16
132.0,2.220446049250313e-16,0.42639886000623795,1.1102230246251565e-16,2.220446049250313e-16,5.551115123125783e-17,0.0012004841965703034,0.391497316156695,2.220446049250313e-16,1.0711917464156784e-16,2.220446049250313e-16,0.39325720623197474,2.220446049250313e-16,0.5615274055126636,0.0016699481839721044,0.020857313618130494,0.6092487496644571,2.220446049250313e-16,2.220446049250313e-16,1.4826059847988454e-16
133.0,2.220446049250313e-16,2.220446049250313e-16,2.220446049250313e-16,0.3079196734966072,2.220446049250313e-16,2.220446049250313e-16,2.220446049250313e-16,0.48538628435320164,0.4704114648269128,0.32603651432088704,0.3862013458591513,2.220446049250313e-16,2.220446049250313e-16,2.220446049250313e-16,0.22458535973405716,2.220446049250313e-16,2.220446049250313e-16,2.220446049250313e-16,2.220446049250313e-16
134.0,0.10729578540947773,2.220446049250313e-16,2.220446049250313e-16,2.220446049250313e-16,0.3982633714504511,1.6653345369377348e-16,2.220446049250313e-16,0.6115075865448024,0.15569919005493868,2.220446049250313e-16,2.220446049250313e-16,2.220446049250313e-16,2.220446049250313e-16,2.220446049250313e-16,0.0039779103689044975,2.220446049250313e-16,2.220446049250313e-16,0.11418541104051051,0.6007257473539279
135.0,0.10729578540947773,2.220446049250313e-16,2.220446049250313e-16,2.220446049250313e-16,0.3982633714504511,1.6653345369377348e-16,2.220446049250313e-16,0.6115075865448024,0.15569919005493868,2.220446049250313e-16,2.220446049250313e-16,2.220446049250313e-16,2.220446049250313e-16,2.220446049250313e-16,0.0039779103689044975,2.220446049250313e-16,2.220446049250313e-16,0.11418541104051051,0.6007257473539279
136.0,0.090538385659993,0.44480304569669993,2.220446049250313e-16,2.220446049250313e-16,2.220446049250313e-16,5.551115123125783e-17,2.220446049250313e-16,0.5743210628805178,0.4555658161450603,2.220446049250313e-16,2.220446049250313e-16,2.220446049250313e-16,1.7149836070015394e-16,2.220446049250313e-16,0.5693989018953046,0.07512807642656649,2.220446049250313e-16,2.220446049250313e-16,2.220446049250313e-16
137.0,0.090538385659993,0.44480304569669993,2.220446049250313e-16,2.220446049250313e-16,2.220446049250313e-16,5.551115123125783e-17,2.220446049250313e-16,0.5743210628805178,0.4555658161450603,2.220446049250313e-16,2.220446049250313e-16,2.220446049250313e-16,1.7149836070015394e-16,2.220446049250313e-16,0.5693989018953046,0.07512807642656649,2.220446049250313e-16,2.220446049250313e-16,2.220446049250313e-16
138.0,2.220446049250313e-16,2.220446049250313e-16,0.4858202247950072,2.220446049250313e-16,9.967342275722939e-05,2.220446049250313e-16,2.220446049250313e-16,0.020803549176383607,0.5128621441408582,5.551115123125783e-17,2.220446049250313e-16,2.220446049250313e-16,2.220446049250313e-16,0.005271747094738994,2.220446049250313e-16,2.220446049250313e-16,2.220446049250313e-16,0.457869251814862,0.5419895496707245
139.0,2.220446049250313e-16,2.220446049250313e-16,2.220446049250313e-16,0.27370678045154473,2.220446049250313e-16,0.000867794918063769,0.39149731615669503,2.220446049250313e-16,2.220446049250313e-16,0.5742425335490539,0.002541045194729836,0.3756337746833114,0.5742301551385964,2.220446049250313e-16,2.220446049250313e-16,2.220446049250313e-16,2.220446049250313e-16,2.220446049250313e-16,2.220446049250313e-16
140.0,2.220446049250313e-16,2.220446049250313e-16,2.220446049250313e-16,0.27370678045154473,2.220446049250313e-16,0.000867794918063769,0.39149731615669503,2.220446049250313e-16,2.220446049250313e-16,0.5742425335490539,0.002541045194729836,0.3756337746833114,0.5742301551385964,2.220446049250313e-16,2.220446049250313e-16,2.220446049250313e-16,2.220446049250313e-16,2.220446049250313e-16,2.220446049250313e-16
141.0,2.220446049250313e-16,0.42639886000623806,1.1102230246251565e-16,2.220446049250313e-16,2.220446049250313e-16,0.39439992325480505,3.729655473350135e-17,2.220446049250313e-16,2.220446049250313e-16,2.220446049250313e-16,0.3932572062319746,2.220446049250313e-16,0.559905178500516,0.0016699481839720556,0.02085731361813044,0.6092487496644575,2.220446049250313e-16,2.220446049250313e-16,2.220446049250313e-16
142.0,2.220446049250313e-16,0.42639886000623806,1.1102230246251565e-16,2.220446049250313e-16,2.220446049250313e-16,0.39439992325480505,3.729655473350135e-17,2.220446049250313e-16,2.220446049250313e-16,2.220446049250313e-16,0.3932572062319746,2.220446049250313e-16,0.559905178500516,0.0016699481839720556,0.02085731361813044,0.6092487496644575,2.220446049250313e-16,2.220446049250313e-16,2.220446049250313e-16
143.0,2.220446049250313e-16,2.220446049250313e-16,0.009067410425883436,0.6678048951251022,2.220446049250313e-16,2.220446049250313e-16,2.220446049250313e-16,0.48487385328319266,0.46591879957079335,0.03067632114771806,2.220446049250313e-16,2.220446049250313e-16,2.220446049250313e-16,2.220446049250313e-16,2.220446049250313e-16,2.741408258831006e-18,0.41773772089607647,2.220446049250313e-16,2.220446049250313e-16
144.0,0.4626363338602867,0.3586665611155781,0.2512114926910335,2.220446049250313e-16,0.0064737082192194,2.220446049250313e-16,2.220446049250313e-16,0.2886972078293764,2.220446049250313e-16,2.220446049250313e-16,2.220446049250313e-16,0.37563377468331116,1.826589776956057e-17,2.220446049250313e-16,0.4983177654194407,2.220446049250313e-16,2.220446049250313e-16,0.19157053006794308,0.06808644046860118
145.0,0.42611358696587154,0.06107747826196652,2.220446049250313e-16,2.220446049250313e-16,0.3952409795710571,5.551115123125783e-17,2.220446049250313e-16,0.506711158256049,2.220446049250313e-16,0.2618252500237679,2.220446049250313e-16,5.551115123125783e-17,2.220446049250313e-16,2.220446049250313e-16,0.5731131428989968,0.10329128835578347,2.220446049250313e-16,2.220446049250313e-16,2.220446049250313e-16
146.0,2.220446049250313e-16,2.220446049250313e-16,2.220446049250313e-16,2.220446049250313e-16,2.220446049250313e-16,2.220446049250313e-16,2.220446049250313e-16,0.4849752389498508,0.464814281652012,0.49393201302190937,0.3972965788187468,2.220446049250313e-16,2.220446049250313e-16,2.220446049250313e-16,2.220446049250313e-16,0.24779046204658706,0.3918408463363492,2.220446049250313e-16,2.220446049250313e-16
147.0,0.090538385659993,0.44480304569669993,2.220446049250313e-16,2.220446049250313e-16,2.220446049250313e-16,5.551115123125783e-17,2.220446049250313e-16,0.5743210628805178,0.4555658161450603,2.220446049250313e-16,2.220446049250313e-16,2.220446049250313e-16,1.7149836070015394e-16,2.220446049250313e-16,0.5693989018953046,0.07512807642656649,2.220446049250313e-16,2.220446049250313e-16,2.220446049250313e-16
148.0,0.3024244852660277,2.220446049250313e-16,0.483719575729176,2.220446049250313e-16,0.0020893081864721275,2.220446049250313e-16,2.220446049250313e-16,2.220446049250313e-16,0.2960173327901967,2.220446049250313e-16,2.220446049250313e-16,2.220446049250313e-16,2.220446049250313e-16,0.0009052465219165765,0.49733567768281495,2.220446049250313e-16,2.220446049250313e-16,0.5766404113906427,0.14517252952987636
149.0,2.220446049250313e-16,2.220446049250313e-16,0.02069661630250612,0.4776487328536983,2.220446049250313e-16,0.3965477142573915,2.220446049250313e-16,0.45978884743107706,2.220446049250313e-16,0.2940666825124211,0.008576867785499528,0.3756337746833115,0.16071638245194145,2.220446049250313e-16,2.220446049250313e-16,2.220446049250313e-16,0.04504080226804353,2.220446049250313e-16,2.220446049250313e-16
150.0,2.220446049250313e-16,2.220446049250313e-16,0.02069661630250612,0.4776487328536983,2.220446049250313e-16,0.3965477142573915,2.220446049250313e-16,0.45978884743107706,2.220446049250313e-16,0.2940666825124211,0.008576867785499528,0.3756337746833115,0.16071638245194145,2.220446049250313e-16,2.220446049250313e-16,2.220446049250313e-16,0.04504080226804353,2.220446049250313e-16,2.220446049250313e-16
151.0,2.220446049250313e-16,0.42639886000623806,1.1102230246251565e-16,2.220446049250313e-16,2.220446049250313e-16,0.39439992325480505,3.729655473350135e-17,2.220446049250313e-16,2.220446049250313e-16,2.220446049250313e-16,0.3932572062319746,2.220446049250313e-16,0.559905178500516,0.0016699481839720556,0.02085731361813044,0.6092487496644575,2.220446049250313e-16,2.220446049250313e-16,2.220446049250313e-16
152.0,2.220446049250313e-16,0.42639886000623806,1.1102230246251565e-16,2.220446049250313e-16,2.220446049250313e-16,0.39439992325480505,3.729655473350135e-17,2.220446049250313e-16,2.220446049250313e-16,2.220446049250313e-16,0.3932572062319746,2.220446049250313e-16,0.559905178500516,0.0016699481839720556,0.02085731361813044,0.6092487496644575,2.220446049250313e-16,2.220446049250313e-16,2.220446049250313e-16
153.0,2.220446049250313e-16,2.220446049250313e-16,2.220446049250313e-16,0.27359061246702043,2.220446049250313e-16,0.3940672800931915,2.220446049250313e-16,2.220446049250313e-16,2.220446049250313e-16,0.574287845012996,0.002540064594862047,0.37563377468331144,0.5726172211936673,2.220446049250313e-16,2.220446049250313e-16,2.220446049250313e-16,2.220446049250313e-16,2.220446049250313e-16,2.220446049250313e-16
154.0,2.220446049250313e-16,2.220446049250313e-16,2.220446049250313e-16,0.27359061246702043,2.220446049250313e-16,0.3940672800931915,2.220446049250313e-16,2.220446049250313e-16,2.220446049250313e-16,0.574287845012996,0.002540064594862047,0.37563377468331144,0.5726172211936673,2.220446049250313e-16,2.220446049250313e-16,2.220446049250313e-16,2.220446049250313e-16,2.220446049250313e-16,2.220446049250313e-16
155.0,2.220446049250313e-16,0.42639886000623806,1.1102230246251565e-16,2.220446049250313e-16,2.220446049250313e-16,0.39439992325480505,3.729655473350135e-17,2.220446049250313e-16,2.220446049250313e-16,2.220446049250313e-16,0.3932572062319746,2.220446049250313e-16,0.559905178500516,0.0016699481839720556,0.02085731361813044,0.6092487496644575,2.220446049250313e-16,2.220446049250313e-16,2.220446049250313e-16
156.0,2.220446049250313e-16,0.42639886000623806,1.1102230246251565e-16,2.220446049250313e-16,2.220446049250313e-16,0.39439992325480505,3.729655473350135e-17,2.220446049250313e-16,2.220446049250313e-16,2.220446049250313e-16,0.3932572062319746,2.220446049250313e-16,0.559905178500516,0.0016699481839720556,0.02085731361813044,0.6092487496644575,2.220446049250313e-16,2.220446049250313e-16,2.220446049250313e-16
157.0,2.220446049250313e-16,2.220446049250313e-16,2.220446049250313e-16,0.3079196734966072,2.220446049250313e-16,2.220446049250313e-16,2.220446049250313e-16,0.48538628435320164,0.4704114648269128,0.32603651432088704,0.3862013458591513,2.220446049250313e-16,2.220446049250313e-16,2.220446049250313e-16,0.22458535973405716,2.220446049250313e-16,2.220446049250313e-16,2.220446049250313e-16,2.220446049250313e-16
158.0,0.10729578540947773,2.220446049250313e-16,2.220446049250313e-16,2.220446049250313e-16,0.3982633714504511,1.6653345369377348e-16,2.220446049250313e-16,0.6115075865448024,0.15569919005493868,2.220446049250313e-16,2.220446049250313e-16,2.220446049250313e-16,2.220446049250313e-16,2.220446049250313e-16,0.0039779103689044975,2.220446049250313e-16,2.220446049250313e-16,0.11418541104051051,0.6007257473539279
159.0,0.10729578540947773,2.220446049250313e-16,2.220446049250313e-16,2.220446049250313e-16,0.3982633714504511,1.6653345369377348e-16,2.220446049250313e-16,0.6115075865448024,0.15569919005493868,2.220446049250313e-16,2.220446049250313e-16,2.220446049250313e-16,2.220446049250313e-16,2.220446049250313e-16,0.0039779103689044975,2.220446049250313e-16,2.220446049250313e-16,0.11418541104051051,0.6007257473539279
160.0,0.090538385659993,0.44480304569669993,2.220446049250313e-16,2.220446049250313e-16,2.220446049250313e-16,5.551115123125783e-17,2.220446049250313e-16,0.5743210628805178,0.4555658161450603,2.220446049250313e-16,2.220446049250313e-16,2.220446049250313e-16,1.7149836070015394e-16,2.220446049250313e-16,0.5693989018953046,0.07512807642656649,2.220446049250313e-16,2.220446049250313e-16,2.220446049250313e-16
161.0,0.090538385659993,0.44480304569669993,2.220446049250313e-16,2.220446049250313e-16,2.220446049250313e-16,5.551115123125783e-17,2.220446049250313e-16,0.5743210628805178,0.4555658161450603,2.220446049250313e-16,2.220446049250313e-16,2.220446049250313e-16,1.7149836070015394e-16,2.220446049250313e-16,0.5693989018953046,0.07512807642656649,2.220446049250313e-16,2.220446049250313e-16,2.220446049250313e-16
162.0,2.220446049250313e-16,2.220446049250313e-16,0.4858202247950072,2.220446049250313e-16,9.967342275722939e-05,2.220446049250313e-16,2.220446049250313e-16,0.020803549176383607,0.5128621441408582,5.551115123125783e-17,2.220446049250313e-16,2.220446049250313e-16,2.220446049250313e-16,0.005271747094738994,2.220446049250313e-16,2.220446049250313e-16,2.220446049250313e-16,0.457869251814862,0.5419895496707245
163.0,2.220446049250313e-16,2.220446049250313e-16,2.220446049250313e-16,0.49433275356670286,2.220446049250313e-16,0.0007633739601575207,2.220446049250313e-16,0.020471285931233596,0.5161816867506566,0.30800983025293327,2.220446049250313e-16,2.220446049250313e-16,0.5591808326121087,2.220446049250313e-16,2.220446049250313e-16,1.1039311171486852e-16,2.220446049250313e-16,2.220446049250313e-16,2.220446049250313e-16
164.0,2.220446049250313e-16,2.220446049250313e-16,2.220446049250313e-16,2.220446049250313e-16,0.00033176726505202217,0.39318893480193373,2.220446049250313e-16,8.894330896926425e-05,2.220446049250313e-16,6.938893903907228e-17,2.220446049250313e-16,2.220446049250313e-16,2.220446049250313e-16,0.49735993177036175,2.220446049250313e-16,0.23559312414060124,2.220446049250313e-16,0.4308116322730246,0.5468775143657857
165.0,2.220446049250313e-16,2.220446049250313e-16,2.220446049250313e-16,2.220446049250313e-16,0.00033176726505202217,0.39318893480193373,2.220446049250313e-16,8.894330896926425e-05,2.220446049250313e-16,6.938893903907228e-17,2.220446049250313e-16,2.220446049250313e-16,2.220446049250313e-16,0.49735993177036175,2.220446049250313e-16,0.23559312414060124,2.220446049250313e-16,0.4308116322730246,0.5468775143657857
166.0,0.48165501806323785,0.38127442272142625,0.25107938837028243,2.220446049250313e-16,0.3998453664973133,5.551115123125783e-17,2.220446049250313e-16,0.29440426077454174,2.220446049250313e-16,2.220446049250313e-16,2.220446049250313e-16,1.1102230246251565e-16,6.763087514250723e-19,2.220446049250313e-16,2.220446049250313e-16,2.220446049250313e-16,2.220446049250313e-16,0.06957360774088471,0.46362828128291733
167.0,2.220446049250313e-16,2.220446049250313e-16,2.220446049250313e-16,2.220446049250313e-16,0.00033176726505202217,0.39318893480193373,2.220446049250313e-16,8.894330896926425e-05,2.220446049250313e-16,6.938893903907228e-17,2.220446049250313e-16,2.220446049250313e-16,2.220446049250313e-16,0.49735993177036175,2.220446049250313e-16,0.23559312414060124,2.220446049250313e-16,0.4308116322730246,0.5468775143657857
168.0,0.48165501806323785,0.38127442272142625,0.25107938837028243,2.220446049250313e-16,0.3998453664973133,5.551115123125783e-17,2.220446049250313e-16,0.29440426077454174,2.220446049250313e-16,2.220446049250313e-16,2.220446049250313e-16,1.1102230246251565e-16,6.763087514250723e-19,2.220446049250313e-16,2.220446049250313e-16,2.220446049250313e-16,2.220446049250313e-16,0.06957360774088471,0.46362828128291733
169.0,2.220446049250313e-16,2.220446049250313e-16,2.220446049250313e-16,2.220446049250313e-16,0.00033176726505202217,0.39318893480193373,2.220446049250313e-16,8.894330896926425e-05,2.220446049250313e-16,6.938893903907228e-17,2.220446049250313e-16,2.220446049250313e-16,2.220446049250313e-16,0.49735993177036175,2.220446049250313e-16,0.23559312414060124,2.220446049250313e-16,0.4308116322730246,0.5468775143657857
170.0,2.220446049250313e-16,2.220446049250313e-16,2.220446049250313e-16,0.27359061246702043,2.220446049250313e-16,0.3940672800931915,2.220446049250313e-16,2.220446049250313e-16,2.220446049250313e-16,0.574287845012996,0.002540064594862047,0.37563377468331144,0.5726172211936673,2.220446049250313e-16,2.220446049250313e-16,2.220446049250313e-16,2.220446049250313e-16,2.220446049250313e-16,2.220446049250313e-16
171.0,2.220446049250313e-16,2.220446049250313e-16,2.220446049250313e-16,0.27359061246702043,2.220446049250313e-16,0.3940672800931915,2.220446049250313e-16,2.220446049250313e-16,2.220446049250313e-16,0.574287845012996,0.002540064594862047,0.37563377468331144,0.5726172211936673,2.220446049250313e-16,2.220446049250313e-16,2.220446049250313e-16,2.220446049250313e-16,2.220446049250313e-16,2.220446049250313e-16
172.0,2.220446049250313e-16,0.42639886000623806,1.1102230246251565e-16,2.220446049250313e-16,2.220446049250313e-16,0.39439992325480505,3.729655473350135e-17,2.220446049250313e-16,2.220446049250313e-16,2.220446049250313e-16,0.3932572062319746,2.220446049250313e-16,0.559905178500516,0.0016699481839720556,0.02085731361813044,0.6092487496644575,2.220446049250313e-16,2.220446049250313e-16,2.220446049250313e-16
173.0,2.220446049250313e-16,0.42639886000623806,1.1102230246251565e-16,2.220446049250313e-16,2.220446049250313e-16,0.39439992325480505,3.729655473350135e-17,2.220446049250313e-16,2.220446049250313e-16,2.220446049250313e-16,0.3932572062319746,2.220446049250313e-16,0.559905178500516,0.0016699481839720556,0.02085731361813044,0.6092487496644575,2.220446049250313e-16,2.220446049250313e-16,2.220446049250313e-16
174.0,2.220446049250313e-16,2.220446049250313e-16,2.220446049250313e-16,0.49433275356670286,2.220446049250313e-16,0.0007633739601575207,2.220446049250313e-16,0.020471285931233596,0.5161816867506566,0.30800983025293327,2.220446049250313e-16,2.220446049250313e-16,0.5591808326121087,2.220446049250313e-16,2.220446049250313e-16,1.1039311171486852e-16,2.220446049250313e-16,2.220446049250313e-16,2.220446049250313e-16
175.0,2.220446049250313e-16,2.220446049250313e-16,2.220446049250313e-16,2.220446049250313e-16,0.00032803813677717575,0.39318893480193406,2.220446049250313e-16,8.794356896119097e-05,2.220446049250313e-16,2.220446049250313e-16,2.220446049250313e-16,0.37563377468331105,2.220446049250313e-16,0.48937558891717914,2.220446049250313e-16,2.220446049250313e-16,2.220446049250313e-16,0.4312517396719625,0.5467985909604215
176.0,2.220446049250313e-16,2.220446049250313e-16,2.220446049250313e-16,2.220446049250313e-16,0.00032803813677717575,0.39318893480193406,2.220446049250313e-16,8.794356896119097e-05,2.220446049250313e-16,2.220446049250313e-16,2.220446049250313e-16,0.37563377468331105,2.220446049250313e-16,0.48937558891717914,2.220446049250313e-16,2.220446049250313e-16,2.220446049250313e-16,0.4312517396719625,0.5467985909604215
177.0,2.220446049250313e-16,2.220446049250313e-16,2.220446049250313e-16,2.220446049250313e-16,0.00032803813677717575,0.39318893480193406,2.220446049250313e-16,8.794356896119097e-05,2.220446049250313e-16,2.220446049250313e-16,2.220446049250313e-16,0.37563377468331105,2.220446049250313e-16,0.48937558891717914,2.220446049250313e-16,2.220446049250313e-16,2.220446049250313e-16,0.4312517396719625,0.5467985909604215
178.0,2.220446049250313e-16,2.220446049250313e-16,2.220446049250313e-16,2.220446049250313e-16,0.00032803813677717575,0.39318893480193406,2.220446049250313e-16,8.794356896119097e-05,2.220446049250313e-16,2.220446049250313e-16,2.220446049250313e-16,0.37563377468331105,2.220446049250313e-16,0.48937558891717914,2.220446049250313e-16,2.220446049250313e-16,2.220446049250313e-16,0.4312517396719625,0.5467985909604215
179.0,2.220446049250313e-16,2.220446049250313e-16,2.220446049250313e-16,2.220446049250313e-16,0.00032803813677717575,0.39318893480193406,2.220446049250313e-16,8.794356896119097e-05,2.220446049250313e-16,2.220446049250313e-16,2.220446049250313e-16,0.37563377468331105,2.220446049250313e-16,0.48937558891717914,2.220446049250313e-16,2.220446049250313e-16,2.220446049250313e-16,0.4312517396719625,0.5467985909604215
180.0,2.220446049250313e-16,2.220446049250313e-16,2.220446049250313e-16,2.220446049250313e-16,0.00032803813677717575,0.39318893480193406,2.220446049250313e-16,8.794356896119097e-05,2.220446049250313e-16,2.220446049250313e-16,2.220446049250313e-16,0.37563377468331105,2.220446049250313e-16,0.48937558891717914,2.220446049250313e-16,2.220446049250313e-16,2.220446049250313e-16,0.4312517396719625,0.5467985909604215
181.0,2.220446049250313e-16,2.220446049250313e-16,2.220446049250313e-16,0.27370678045154473,2.220446049250313e-16,0.000867794918063769,0.39149731615669503,2.220446049250313e-16,2.220446049250313e-16,0.5742425335490539,0.002541045194729836,0.3756337746833114,0.5742301551385964,2.220446049250313e-16,2.220446049250313e-16,2.220446049250313e-16,2.220446049250313e-16,2.220446049250313e-16,2.220446049250313e-16
182.0,2.220446049250313e-16,2.220446049250313e-16,2.220446049250313e-16,0.27370678045154473,2.220446049250313e-16,0.000867794918063769,0.39149731615669503,2.220446049250313e-16,2.220446049250313e-16,0.5742425335490539,0.002541045194729836,0.3756337746833114,0.5742301551385964,2.220446049250313e-16,2.220446049250313e-16,2.220446049250313e-16,2.220446049250313e-16,2.220446049250313e-16,2.220446049250313e-16
183.0,2.220446049250313e-16,0.42639886000623806,1.1102230246251565e-16,2.220446049250313e-16,2.220446049250313e-16,0.39439992325480505,3.729655473350135e-17,2.220446049250313e-16,2.220446049250313e-16,2.220446049250313e-16,0.3932572062319746,2.220446049250313e-16,0.559905178500516,0.0016699481839720556,0.02085731361813044,0.6092487496644575,2.220446049250313e-16,2.220446049250313e-16,2.220446049250313e-16
184.0,2.220446049250313e-16,0.42639886000623806,1.1102230246251565e-16,2.220446049250313e-16,2.220446049250313e-16,0.39439992325480505,3.729655473350135e-17,2.220446049250313e-16,2.220446049250313e-16,2.220446049250313e-16,0.3932572062319746,2.220446049250313e-16,0.559905178500516,0.0016699481839720556,0.02085731361813044,0.6092487496644575,2.220446049250313e-16,2.220446049250313e-16,2.220446049250313e-16
185.0,2.220446049250313e-16,2.220446049250313e-16,2.220446049250313e-16,0.026621871201826276,0.3953169229155681,2.220446049250313e-16,0.39149731615669536,2.220446049250313e-16,2.220446049250313e-16,0.5875450357337415,0.3952723914691827,2.220446049250313e-16,0.40907566639506543,2.220446049250313e-16,2.220446049250313e-16,2.220446049250313e-16,0.3890258756108634,2.220446049250313e-16,2.220446049250313e-16
186.0,2.220446049250313e-16,2.220446049250313e-16,2.220446049250313e-16,0.026621871201826276,0.3953169229155681,2.220446049250313e-16,0.39149731615669536,2.220446049250313e-16,2.220446049250313e-16,0.5875450357337415,0.3952723914691827,2.220446049250313e-16,0.40907566639506543,2.220446049250313e-16,2.220446049250313e-16,2.220446049250313e-16,0.3890258756108634,2.220446049250313e-16,2.220446049250313e-16
187.0,2.220446049250313e-16,0.41578936241362685,2.220446049250313e-16,2.220446049250313e-16,1.1102230246251565e-16,2.220446049250313e-16,0.39149731615669575,2.220446049250313e-16,1.4849232954361469e-15,2.220446049250313e-16,2.220446049250313e-16,2.498001805406602e-16,0.3984613613479616,0.0019725035103215134,0.2867767807908936,0.5912989801740834,0.38980625905844335,2.220446049250313e-16,3.364529244977457e-17
188.0,2.220446049250313e-16,0.41578936241362685,2.220446049250313e-16,2.220446049250313e-16,1.1102230246251565e-16,2.220446049250313e-16,0.39149731615669575,2.220446049250313e-16,1.4849232954361469e-15,2.220446049250313e-16,2.220446049250313e-16,2.498001805406602e-16,0.3984613613479616,0.0019725035103215134,0.2867767807908936,0.5912989801740834,0.38980625905844335,2.220446049250313e-16,3.364529244977457e-17
189.0,2.220446049250313e-16,2.220446049250313e-16,0.021043448302970367,0.4694031445268614,2.220446049250313e-16,2.220446049250313e-16,2.220446049250313e-16,0.4855755712699642,0.46835217415821884,0.042647151301676504,0.39230964347672515,2.220446049250313e-16,2.220446049250313e-16,2.220446049250313e-16,0.22457787465531848,2.220446049250313e-16,0.0402504232011871,2.220446049250313e-16,2.220446049250313e-16
190.0,0.10729578540947773,2.220446049250313e-16,2.220446049250313e-16,2.220446049250313e-16,0.3982633714504511,1.6653345369377348e-16,2.220446049250313e-16,0.6115075865448024,0.15569919005493868,2.220446049250313e-16,2.220446049250313e-16,2.220446049250313e-16,2.220446049250313e-16,2.220446049250313e-16,0.0039779103689044975,2.220446049250313e-16,2.220446049250313e-16,0.11418541104051051,0.6007257473539279
191.0,0.10729578540947773,2.220446049250313e-16,2.220446049250313e-16,2.220446049250313e-16,0.3982633714504511,1.6653345369377348e-16,2.220446049250313e-16,0.6115075865448024,0.15569919005493868,2.220446049250313e-16,2.220446049250313e-16,2.220446049250313e-16,2.220446049250313e-16,2.220446049250313e-16,0.0039779103689044975,2.220446049250313e-16,2.220446049250313e-16,0.11418541104051051,0.6007257473539279
192.0,0.090538385659993,0.44480304569669993,2.220446049250313e-16,2.220446049250313e-16,2.220446049250313e-16,5.551115123125783e-17,2.220446049250313e-16,0.5743210628805178,0.4555658161450603,2.220446049250313e-16,2.220446049250313e-16,2.220446049250313e-16,1.7149836070015394e-16,2.220446049250313e-16,0.5693989018953046,0.07512807642656649,2.220446049250313e-16,2.220446049250313e-16,2.220446049250313e-16
193.0,0.090538385659993,0.44480304569669993,2.220446049250313e-16,2.220446049250313e-16,2.220446049250313e-16,5.551115123125783e-17,2.220446049250313e-16,0.5743210628805178,0.4555658161450603,2.220446049250313e-16,2.220446049250313e-16,2.220446049250313e-16,1.7149836070015394e-16,2.220446049250313e-16,0.5693989018953046,0.07512807642656649,2.220446049250313e-16,2.220446049250313e-16,2.220446049250313e-16
194.0,2.220446049250313e-16,2.220446049250313e-16,0.4858202247950072,2.220446049250313e-16,9.967342275722939e-05,2.220446049250313e-16,2.220446049250313e-16,0.020803549176383607,0.5128621441408582,5.551115123125783e-17,2.220446049250313e-16,2.220446049250313e-16,2.220446049250313e-16,0.005271747094738994,2.220446049250313e-16,2.220446049250313e-16,2.220446049250313e-16,0.457869251814862,0.5419895496707245
195.0,2.220446049250313e-16,2.220446049250313e-16,2.220446049250313e-16,0.49433275356670286,2.220446049250313e-16,0.0007633739601575207,2.220446049250313e-16,0.020471285931233596,0.5161816867506566,0.30800983025293327,2.220446049250313e-16,2.220446049250313e-16,0.5591808326121087,2.220446049250313e-16,2.220446049250313e-16,1.1039311171486852e-16,2.220446049250313e-16,2.220446049250313e-16,2.220446049250313e-16
196.0,0.48165501806323785,0.38127442272142625,0.25107938837028243,2.220446049250313e-16,0.3998453664973133,5.551115123125783e-17,2.220446049250313e-16,0.29440426077454174,2.220446049250313e-16,2.220446049250313e-16,2.220446049250313e-16,1.1102230246251565e-16,6.763087514250723e-19,2.220446049250313e-16,2.220446049250313e-16,2.220446049250313e-16,2.220446049250313e-16,0.06957360774088471,0.46362828128291733
197.0,0.48165501806323785,0.38127442272142625,0.25107938837028243,2.220446049250313e-16,0.3998453664973133,5.551115123125783e-17,2.220446049250313e-16,0.29440426077454174,2.220446049250313e-16,2.220446049250313e-16,2.220446049250313e-16,1.1102230246251565e-16,6.763087514250723e-19,2.220446049250313e-16,2.220446049250313e-16,2.220446049250313e-16,2.220446049250313e-16,0.06957360774088471,0.46362828128291733
198.0,2.220446049250313e-16,2.220446049250313e-16,2.220446049250313e-16,2.220446049250313e-16,0.00033176726505202217,0.39318893480193373,2.220446049250313e-16,8.894330896926425e-05,2.220446049250313e-16,6.938893903907228e-17,2.220446049250313e-16,2.220446049250313e-16,2.220446049250313e-16,0.49735993177036175,2.220446049250313e-16,0.23559312414060124,2.220446049250313e-16,0.4308116322730246,0.5468775143657857
199.0,2.220446049250313e-16,2.220446049250313e-16,2.220446049250313e-16,2.220446049250313e-16,0.00033176726505202217,0.39318893480193373,2.220446049250313e-16,8.894330896926425e-05,2.220446049250313e-16,6.938893903907228e-17,2.220446049250313e-16,2.220446049250313e-16,2.220446049250313e-16,0.49735993177036175,2.220446049250313e-16,0.23559312414060124,2.220446049250313e-16,0.4308116322730246,0.5468775143657857
200.0,2.220446049250313e-16,2.220446049250313e-16,2.220446049250313e-16,2.220446049250313e-16,0.00033176726505202217,0.39318893480193373,2.220446049250313e-16,8.894330896926425e-05,2.220446049250313e-16,6.938893903907228e-17,2.220446049250313e-16,2.220446049250313e-16,2.220446049250313e-16,0.49735993177036175,2.220446049250313e-16,0.23559312414060124,2.220446049250313e-16,0.4308116322730246,0.5468775143657857
201.0,2.220446049250313e-16,2.220446049250313e-16,2.220446049250313e-16,2.220446049250313e-16,0.00033176726505202217,0.39318893480193373,2.220446049250313e-16,8.894330896926425e-05,2.220446049250313e-16,6.938893903907228e-17,2.220446049250313e-16,2.220446049250313e-16,2.220446049250313e-16,0.49735993177036175,2.220446049250313e-16,0.23559312414060124,2.220446049250313e-16,0.4308116322730246,0.5468775143657857
202.0,2.220446049250313e-16,2.220446049250313e-16,0.009067410425883436,0.6678048951251022,2.220446049250313e-16,2.220446049250313e-16,2.220446049250313e-16,0.48487385328319266,0.46591879957079335,0.03067632114771806,2.220446049250313e-16,2.220446049250313e-16,2.220446049250313e-16,2.220446049250313e-16,2.220446049250313e-16,2.741408258831006e-18,0.41773772089607647,2.220446049250313e-16,2.220446049250313e-16
203.0,0.4626363338602867,0.3586665611155781,0.2512114926910335,2.220446049250313e-16,0.0064737082192194,2.220446049250313e-16,2.220446049250313e-16,0.2886972078293764,2.220446049250313e-16,2.220446049250313e-16,2.220446049250313e-16,0.37563377468331116,1.826589776956057e-17,2.220446049250313e-16,0.4983177654194407,2.220446049250313e-16,2.220446049250313e-16,0.19157053006794308,0.06808644046860118
204.0,0.42611358696587154,0.06107747826196652,2.220446049250313e-16,2.220446049250313e-16,0.3952409795710571,5.551115123125783e-17,2.220446049250313e-16,0.506711158256049,2.220446049250313e-16,0.2618252500237679,2.220446049250313e-16,5.551115123125783e-17,2.220446049250313e-16,2.220446049250313e-16,0.5731131428989968,0.10329128835578347,2.220446049250313e-16,2.220446049250313e-16,2.220446049250313e-16
205.0,2.220446049250313e-16,2.220446049250313e-16,2.220446049250313e-16,2.220446049250313e-16,2.220446049250313e-16,2.220446049250313e-16,2.220446049250313e-16,0.4849752389498508,0.464814281652012,0.49393201302190937,0.3972965788187468,2.220446049250313e-16,2.220446049250313e-16,2.220446049250313e-16,2.220446049250313e-16,0.24779046204658706,0.3918408463363492,2.220446049250313e-16,2.220446049250313e-16
206.0,0.090538385659993,0.44480304569669993,2.220446049250313e-16,2.220446049250313e-16,2.220446049250313e-16,5.551115123125783e-17,2.220446049250313e-16,0.5743210628805178,0.4555658161450603,2.220446049250313e-16,2.220446049250313e-16,2.220446049250313e-16,1.7149836070015394e-16,2.220446049250313e-16,0.5693989018953046,0.07512807642656649,2.220446049250313e-16,2.220446049250313e-16,2.220446049250313e-16
207.0,0.3024244852660277,2.220446049250313e-16,0.483719575729176,2.220446049250313e-16,0.0020893081864721275,2.220446049250313e-16,2.220446049250313e-16,2.220446049250313e-16,0.2960173327901967,2.220446049250313e-16,2.220446049250313e-16,2.220446049250313e-16,2.220446049250313e-16,0.0009052465219165782,0.49733567768281495,2.220446049250313e-16,2.220446049250313e-16,0.5766404113906427,0.14517252952987636
208.0,0.33589698196166745,2.220446049250313e-16,0.008225185065151353,0.6246503924229704,0.3953169229155681,2.220446049250313e-16,2.220446049250313e-16,2.220446049250313e-16,0.0016391074989173646,0.026120171936476262,2.220446049250313e-16,2.220446049250313e-16,0.38902198861377874,2.220446049250313e-16,2.220446049250313e-16,2.220446049250313e-16,0.41608662489053455,2.220446049250313e-16,2.220446049250313e-16
209.0,0.09256586083376668,0.06066536913641396,2.220446049250313e-16,2.220446049250313e-16,2.220446049250313e-16,2.0816681711721685e-16,0.3914973161566946,0.5475460086203168,2.220446049250313e-16,0.2636894737654027,2.220446049250313e-16,0.3756337746833114,2.220446049250313e-16,2.220446049250313e-16,0.5834418429728963,0.10259434925919984,2.220446049250313e-16,2.220446049250313e-16,2.220446049250313e-16
210.0,0.09256586083376668,0.06066536913641396,2.220446049250313e-16,2.220446049250313e-16,2.220446049250313e-16,2.0816681711721685e-16,0.3914973161566946,0.5475460086203168,2.220446049250313e-16,0.2636894737654027,2.220446049250313e-16,0.3756337746833114,2.220446049250313e-16,2.220446049250313e-16,0.5834418429728963,0.10259434925919984,2.220446049250313e-16,2.220446049250313e-16,2.220446049250313e-16
211.0,0.25568154097495205,2.220446049250313e-16,2.220446049250313e-16,2.220446049250313e-16,0.3952527463486719,2.220446049250313e-16,2.220446049250313e-16,0.42820055864674067,2.220446049250313e-16,0.49253789184245006,0.3972401198172927,2.220446049250313e-16,2.220446049250313e-16,2.220446049250313e-16,2.220446049250313e-16,0.2477904620465871,0.3884060727715813,2.220446049250313e-16,2.220446049250313e-16
212.0,0.25568154097495205,2.220446049250313e-16,2.220446049250313e-16,2.220446049250313e-16,0.3952527463486719,2.220446049250313e-16,2.220446049250313e-16,0.42820055864674067,2.220446049250313e-16,0.49253789184245006,0.3972401198172927,2.220446049250313e-16,2.220446049250313e-16,2.220446049250313e-16,2.220446049250313e-16,0.2477904620465871,0.3884060727715813,2.220446049250313e-16,2.220446049250313e-16
213.0,2.220446049250313e-16,2.220446049250313e-16,0.4858202247950072,2.220446049250313e-16,0.3974510578823176,2.220446049250313e-16,0.3914973161566949,2.220446049250313e-16,2.220446049250313e-16,2.220446049250313e-16,2.220446049250313e-16,2.220446049250313e-16,2.220446049250313e-16,0.0010347371284802006,0.5081087114187547,2.220446049250313e-16,2.220446049250313e-16,0.5731181973798136,0.14392450966443318
214.0,2.220446049250313e-16,2.220446049250313e-16,2.220446049250313e-16,0.026621871201826276,0.3953169229155681,2.220446049250313e-16,0.39149731615669536,2.220446049250313e-16,2.220446049250313e-16,0.5875450357337415,0.3952723914691827,2.220446049250313e-16,0.40907566639506543,2.220446049250313e-16,2.220446049250313e-16,2.220446049250313e-16,0.3890258756108634,2.220446049250313e-16,2.220446049250313e-16
215.0,2.220446049250313e-16,2.220446049250313e-16,2.220446049250313e-16,0.026621871201826276,0.3953169229155681,2.220446049250313e-16,0.39149731615669536,2.220446049250313e-16,2.220446049250313e-16,0.5875450357337415,0.3952723914691827,2.220446049250313e-16,0.40907566639506543,2.220446049250313e-16,2.220446049250313e-16,2.220446049250313e-16,0.3890258756108634,2.220446049250313e-16,2.220446049250313e-16
216.0,2.220446049250313e-16,0.41578936241362685,2.220446049250313e-16,2.220446049250313e-16,1.1102230246251565e-16,2.220446049250313e-16,0.39149731615669575,2.220446049250313e-16,1.4849232954361469e-15,2.220446049250313e-16,2.220446049250313e-16,2.498001805406602e-16,0.3984613613479616,0.0019725035103215134,0.2867767807908936,0.5912989801740834,0.38980625905844335,2.220446049250313e-16,3.364529244977457e-17
217.0,2.220446049250313e-16,0.41578936241362685,2.220446049250313e-16,2.220446049250313e-16,1.1102230246251565e-16,2.220446049250313e-16,0.39149731615669575,2.220446049250313e-16,1.4849232954361469e-15,2.220446049250313e-16,2.220446049250313e-16,2.498001805406602e-16,0.3984613613479616,0.0019725035103215134,0.2867767807908936,0.5912989801740834,0.38980625905844335,2.220446049250313e-16,3.364529244977457e-17
218.0,2.220446049250313e-16,2.220446049250313e-16,2.220446049250313e-16,0.2737067804515441,0.3953169229155683,0.0008677949180663761,0.39149731615669503,2.220446049250313e-16,2.220446049250313e-16,0.5742425335490536,0.002541045194729724,2.220446049250313e-16,0.5742301551385974,2.220446049250313e-16,2.220446049250313e-16,2.220446049250313e-16,2.220446049250313e-16,2.220446049250313e-16,2.220446049250313e-16
219.0,2.220446049250313e-16,2.220446049250313e-16,2.220446049250313e-16,0.2737067804515441,0.3953169229155683,0.0008677949180663761,0.39149731615669503,2.220446049250313e-16,2.220446049250313e-16,0.5742425335490536,0.002541045194729724,2.220446049250313e-16,0.5742301551385974,2.220446049250313e-16,2.220446049250313e-16,2.220446049250313e-16,2.220446049250313e-16,2.220446049250313e-16,2.220446049250313e-16
220.0,2.220446049250313e-16,0.41578936241362685,2.220446049250313e-16,2.220446049250313e-16,1.1102230246251565e-16,2.220446049250313e-16,0.39149731615669575,2.220446049250313e-16,1.4849232954361469e-15,2.220446049250313e-16,2.220446049250313e-16,2.498001805406602e-16,0.3984613613479616,0.0019725035103215134,0.2867767807908936,0.5912989801740834,0.38980625905844335,2.220446049250313e-16,3.364529244977457e-17
221.0,2.220446049250313e-16,0.41578936241362685,2.220446049250313e-16,2.220446049250313e-16,1.1102230246251565e-16,2.220446049250313e-16,0.39149731615669575,2.220446049250313e-16,1.4849232954361469e-15,2.220446049250313e-16,2.220446049250313e-16,2.498001805406602e-16,0.3984613613479616,0.0019725035103215134,0.2867767807908936,0.5912989801740834,0.38980625905844335,2.220446049250313e-16,3.364529244977457e-17
