id,x_0,x_1,x_2,x_3,x_4,x_5,x_6,x_7,x_8,x_9,x_10,x_11,x_12,x_13,x_14,x_15
0.0,2.220446049250313e-16,2.220446049250313e-16,0.0028874435437916753,2.220446049250313e-16,0.11977104409306888,0.5172010484137949,0.32720129654572566,2.220446049250313e-16,0.4146143607244786,0.4006518365297028,0.5405178221688322,0.09812570773945473,2.220446049250313e-16,2.220446049250313e-16,2.220446049250313e-16,2.220446049250313e-16
1.0,0.3448864018564117,2.220446049250313e-16,2.220446049250313e-16,2.220446049250313e-16,0.5144096186270429,2.220446049250313e-16,0.4193203090362062,0.3748200848121549,2.220446049250313e-16,1.6653345369377348e-16,0.5181335445795537,0.10310698150692144,2.220446049250313e-16,2.220446049250313e-16,0.3788130050440963,2.220446049250313e-16
2.0,2.220446049250313e-16,2.220446049250313e-16,2.220446049250313e-16,0.7389846840711538,2.220446049250313e-16,2.220446049250313e-16,0.3434425489200862,0.37482008481215495,0.10206708513580458,2.7755575615628914e-17,0.008281516955008953,2.220446049250313e-16,0.48792126317482387,0.037839625948586836,2.220446049250313e-16,2.220446049250313e-16
3.0,0.3448864018564117,2.220446049250313e-16,2.220446049250313e-16,2.220446049250313e-16,0.5500430604328249,2.220446049250313e-16,0.12245007303016375,0.37482008481215523,2.220446049250313e-16,1.1102230246251565e-16,0.4277134610096783,0.4203724199429158,2.220446049250313e-16,2.220446049250313e-16,0.3788130050440963,2.220446049250313e-16
4.0,2.220446049250313e-16,2.220446049250313e-16,0.23879943743392032,0.017162243449289516,0.004026626751393607,0.09562175069072024,0.5597491828163237,2.220446049250313e-16,0.2037955916027187,2.220446049250313e-16,0.5517938377887905,0.09217932482445373,0.03379716932998416,2.220446049250313e-16,2.220446049250313e-16,2.220446049250313e-16
5.0,0.3448864018564117,2.220446049250313e-16,2.220446049250313e-16,2.220446049250313e-16,0.5500430604328249,2.220446049250313e-16,0.12245007303016375,0.37482008481215523,2.220446049250313e-16,1.1102230246251565e-16,0.4277134610096783,0.4203724199429158,2.220446049250313e-16,2.220446049250313e-16,0.3788130050440963,2.220446049250313e-16
6.0,2.220446049250313e-16,2.220446049250313e-16,2.220446049250313e-16,0.7389846840711538,2.220446049250313e-16,2.220446049250313e-16,0.3434425489200862,0.37482008481215495,0.10206708513580458,2.7755575615628914e-17,0.008281516955008953,2.220446049250313e-16,0.48792126317482387,0.037839625948586836,2.220446049250313e-16,2.220446049250313e-16
7.0,0.3448864018564117,2.220446049250313e-16,2.220446049250313e-16,2.220446049250313e-16,0.5144096186270429,2.220446049250313e-16,0.4193203090362062,0.3748200848121549,2.220446049250313e-16,1.6653345369377348e-16,0.5181335445795537,0.10310698150692144,2.220446049250313e-16,2.220446049250313e-16,0.3788130050440963,2.220446049250313e-16
8.0,2.220446049250313e-16,2.220446049250313e-16,0.0056970014747319666,2.220446049250313e-16,0.15478432274730225,0.5273437391958206,0.029713607452298178,2.220446049250313e-16,0.41641524004673497,0.4002779627354841,0.4500262476733932,0.4151323730922332,2.220446049250313e-16,2.220446049250313e-16,2.220446049250313e-16,2.220446049250313e-16
9.0,0.3448864018564116,2.220446049250313e-16,0.11596680154621249,2.220446049250313e-16,0.44434626603278676,0.3571793711842763,2.220446049250313e-16,2.220446049250313e-16,2.220446049250313e-16,2.220446049250313e-16,0.4276785436026731,0.42529507706338054,2.220446049250313e-16,2.220446049250313e-16,0.38135341339556034,2.220446049250313e-16
10.0,2.220446049250313e-16,2.220446049250313e-16,0.35694789399772703,0.03150628937482114,2.220446049250313e-16,0.10838920265003069,0.37085725125836594,2.220446049250313e-16,0.20143883767899454,2.220446049250313e-16,0.5516939086147937,0.09185604227509347,0.03341958802038202,2.220446049250313e-16,2.220446049250313e-16,2.220446049250313e-16
11.0,0.3448864018564116,2.220446049250313e-16,0.11596680154621249,2.220446049250313e-16,0.44434626603278676,0.3571793711842763,2.220446049250313e-16,2.220446049250313e-16,2.220446049250313e-16,2.220446049250313e-16,0.4276785436026731,0.42529507706338054,2.220446049250313e-16,2.220446049250313e-16,0.38135341339556034,2.220446049250313e-16
12.0,2.220446049250313e-16,2.220446049250313e-16,0.23879943743392032,0.017162243449289516,0.004026626751393607,0.09562175069072024,0.5597491828163237,2.220446049250313e-16,0.2037955916027187,2.220446049250313e-16,0.5517938377887905,0.09217932482445373,0.03379716932998416,2.220446049250313e-16,2.220446049250313e-16,2.220446049250313e-16
13.0,0.3448864018564117,2.220446049250313e-16,2.220446049250313e-16,2.220446049250313e-16,0.5500430604328249,2.220446049250313e-16,0.12245007303016375,0.37482008481215523,2.220446049250313e-16,1.1102230246251565e-16,0.4277134610096783,0.4203724199429158,2.220446049250313e-16,2.220446049250313e-16,0.3788130050440963,2.220446049250313e-16
14.0,2.220446049250313e-16,0.20169360828503005,2.220446049250313e-16,0.7575541844694502,2.220446049250313e-16,2.220446049250313e-16,0.049350333535303256,0.3748200848121549,0.09237665219633033,2.220446049250313e-16,0.00814304289133944,2.220446049250313e-16,0.48743251206869637,0.121344256913913,2.220446049250313e-16,2.220446049250313e-16
15.0,0.3448864018564117,2.220446049250313e-16,0.2427352911912514,0.08084125729828029,0.03266672156519133,2.220446049250313e-16,0.57975953442789,0.37482008481215484,2.220446049250313e-16,0.3687347780318149,2.220446049250313e-16,2.220446049250313e-16,2.220446049250313e-16,2.220446049250313e-16,0.35673797460392237,2.220446049250313e-16
16.0,2.220446049250313e-16,0.20169360828503005,2.220446049250313e-16,0.7575541844694502,2.220446049250313e-16,2.220446049250313e-16,0.049350333535303256,0.3748200848121549,0.09237665219633033,2.220446049250313e-16,0.00814304289133944,2.220446049250313e-16,0.48743251206869637,0.121344256913913,2.220446049250313e-16,2.220446049250313e-16
17.0,0.3448864018564117,2.220446049250313e-16,2.220446049250313e-16,2.220446049250313e-16,0.5144096186270429,2.220446049250313e-16,0.4193203090362062,0.3748200848121549,2.220446049250313e-16,1.6653345369377348e-16,0.5181335445795537,0.10310698150692144,2.220446049250313e-16,2.220446049250313e-16,0.3788130050440963,2.220446049250313e-16
18.0,2.220446049250313e-16,2.220446049250313e-16,0.0056970014747319666,2.220446049250313e-16,0.15478432274730225,0.5273437391958206,0.029713607452298178,2.220446049250313e-16,0.41641524004673497,0.4002779627354841,0.4500262476733932,0.4151323730922332,2.220446049250313e-16,2.220446049250313e-16,2.220446049250313e-16,2.220446049250313e-16
19.0,0.3448864018564116,2.220446049250313e-16,0.11596680154621249,2.220446049250313e-16,0.44434626603278676,0.3571793711842763,2.220446049250313e-16,2.220446049250313e-16,2.220446049250313e-16,2.220446049250313e-16,0.4276785436026731,0.42529507706338054,2.220446049250313e-16,2.220446049250313e-16,0.38135341339556034,2.220446049250313e-16
20.0,2.220446049250313e-16,2.220446049250313e-16,0.35694789399772703,0.03150628937482114,2.220446049250313e-16,0.10838920265003069,0.37085725125836594,2.220446049250313e-16,0.20143883767899454,2.220446049250313e-16,0.5516939086147937,0.09185604227509347,0.03341958802038202,2.220446049250313e-16,2.220446049250313e-16,2.220446049250313e-16
21.0,0.3448864018564116,2.220446049250313e-16,0.11596680154621249,2.220446049250313e-16,0.44434626603278676,0.3571793711842763,2.220446049250313e-16,2.220446049250313e-16,2.220446049250313e-16,2.220446049250313e-16,0.4276785436026731,0.42529507706338054,2.220446049250313e-16,2.220446049250313e-16,0.38135341339556034,2.220446049250313e-16
22.0,2.220446049250313e-16,2.220446049250313e-16,0.23879943743392032,0.017162243449289516,0.004026626751393607,0.09562175069072024,0.5597491828163237,2.220446049250313e-16,0.2037955916027187,2.220446049250313e-16,0.5517938377887905,0.09217932482445373,0.03379716932998416,2.220446049250313e-16,2.220446049250313e-16,2.220446049250313e-16
23.0,0.3448864018564117,2.220446049250313e-16,2.220446049250313e-16,2.220446049250313e-16,0.5500430604328249,2.220446049250313e-16,0.12245007303016375,0.37482008481215523,2.220446049250313e-16,1.1102230246251565e-16,0.4277134610096783,0.4203724199429158,2.220446049250313e-16,2.220446049250313e-16,0.3788130050440963,2.220446049250313e-16
24.0,2.220446049250313e-16,2.220446049250313e-16,2.220446049250313e-16,0.7389846840711538,2.220446049250313e-16,2.220446049250313e-16,0.3434425489200862,0.37482008481215495,0.10206708513580458,2.7755575615628914e-17,0.008281516955008953,2.220446049250313e-16,0.48792126317482387,0.037839625948586836,2.220446049250313e-16,2.220446049250313e-16
25.0,0.3448864018564117,2.220446049250313e-16,2.220446049250313e-16,2.220446049250313e-16,0.5144096186270429,2.220446049250313e-16,0.4193203090362062,0.3748200848121549,2.220446049250313e-16,1.6653345369377348e-16,0.5181335445795537,0.10310698150692144,2.220446049250313e-16,2.220446049250313e-16,0.3788130050440963,2.220446049250313e-16
26.0,2.220446049250313e-16,2.220446049250313e-16,0.0028874435437916753,2.220446049250313e-16,0.11977104409306888,0.5172010484137949,0.32720129654572566,2.220446049250313e-16,0.4146143607244786,0.4006518365297028,0.5405178221688322,0.09812570773945473,2.220446049250313e-16,2.220446049250313e-16,2.220446049250313e-16,2.220446049250313e-16
27.0,0.3448864018564117,2.220446049250313e-16,2.220446049250313e-16,2.220446049250313e-16,0.5144096186270429,2.220446049250313e-16,0.4193203090362062,0.3748200848121549,2.220446049250313e-16,1.6653345369377348e-16,0.5181335445795537,0.10310698150692144,2.220446049250313e-16,2.220446049250313e-16,0.3788130050440963,2.220446049250313e-16
28.0,2.220446049250313e-16,2.220446049250313e-16,2.220446049250313e-16,0.7389846840711538,2.220446049250313e-16,2.220446049250313e-16,0.3434425489200862,0.37482008481215495,0.10206708513580458,2.7755575615628914e-17,0.008281516955008953,2.220446049250313e-16,0.48792126317482387,0.037839625948586836,2.220446049250313e-16,2.220446049250313e-16
29.0,0.3448864018564117,2.220446049250313e-16,2.220446049250313e-16,2.220446049250313e-16,0.5144096186270429,2.220446049250313e-16,0.4193203090362062,0.3748200848121549,2.220446049250313e-16,1.6653345369377348e-16,0.5181335445795537,0.10310698150692144,2.220446049250313e-16,2.220446049250313e-16,0.3788130050440963,2.220446049250313e-16
30.0,2.220446049250313e-16,2.220446049250313e-16,0.0028874435437916753,2.220446049250313e-16,0.11977104409306888,0.5172010484137949,0.32720129654572566,2.220446049250313e-16,0.4146143607244786,0.4006518365297028,0.5405178221688322,0.09812570773945473,2.220446049250313e-16,2.220446049250313e-16,2.220446049250313e-16,2.220446049250313e-16
31.0,0.3448864018564117,2.220446049250313e-16,2.220446049250313e-16,2.220446049250313e-16,0.5144096186270429,2.220446049250313e-16,0.4193203090362062,0.3748200848121549,2.220446049250313e-16,1.6653345369377348e-16,0.5181335445795537,0.10310698150692144,2.220446049250313e-16,2.220446049250313e-16,0.3788130050440963,2.220446049250313e-16
32.0,2.220446049250313e-16,0.20169360828503005,2.220446049250313e-16,0.7575541844694502,2.220446049250313e-16,2.220446049250313e-16,0.049350333535303256,0.3748200848121549,0.09237665219633033,2.220446049250313e-16,0.00814304289133944,2.220446049250313e-16,0.48743251206869637,0.121344256913913,2.220446049250313e-16,2.220446049250313e-16
33.0,0.3448864018564117,2.220446049250313e-16,0.2427352911912514,0.08084125729828029,0.03266672156519133,2.220446049250313e-16,0.57975953442789,0.37482008481215484,2.220446049250313e-16,0.3687347780318149,2.220446049250313e-16,2.220446049250313e-16,2.220446049250313e-16,2.220446049250313e-16,0.35673797460392237,2.220446049250313e-16
34.0,2.220446049250313e-16,0.20169360828503005,2.220446049250313e-16,0.7575541844694502,2.220446049250313e-16,2.220446049250313e-16,0.049350333535303256,0.3748200848121549,0.09237665219633033,2.220446049250313e-16,0.00814304289133944,2.220446049250313e-16,0.48743251206869637,0.121344256913913,2.220446049250313e-16,2.220446049250313e-16
35.0,0.3448864018564117,2.220446049250313e-16,2.220446049250313e-16,2.220446049250313e-16,0.5144096186270429,2.220446049250313e-16,0.4193203090362062,0.3748200848121549,2.220446049250313e-16,1.6653345369377348e-16,0.5181335445795537,0.10310698150692144,2.220446049250313e-16,2.220446049250313e-16,0.3788130050440963,2.220446049250313e-16
36.0,2.220446049250313e-16,2.220446049250313e-16,0.0056970014747319666,2.220446049250313e-16,0.15478432274730225,0.5273437391958206,0.029713607452298178,2.220446049250313e-16,0.41641524004673497,0.4002779627354841,0.4500262476733932,0.4151323730922332,2.220446049250313e-16,2.220446049250313e-16,2.220446049250313e-16,2.220446049250313e-16
37.0,0.3448864018564116,2.220446049250313e-16,0.11596680154621249,2.220446049250313e-16,0.44434626603278676,0.3571793711842763,2.220446049250313e-16,2.220446049250313e-16,2.220446049250313e-16,2.220446049250313e-16,0.4276785436026731,0.42529507706338054,2.220446049250313e-16,2.220446049250313e-16,0.38135341339556034,2.220446049250313e-16
38.0,2.220446049250313e-16,2.220446049250313e-16,0.23879943743392032,0.017162243449289516,0.004026626751393607,0.09562175069072024,0.5597491828163237,2.220446049250313e-16,0.2037955916027187,2.220446049250313e-16,0.5517938377887905,0.09217932482445373,0.03379716932998416,2.220446049250313e-16,2.220446049250313e-16,2.220446049250313e-16
39.0,0.3448864018564117,2.220446049250313e-16,2.220446049250313e-16,2.220446049250313e-16,0.5500430604328249,2.220446049250313e-16,0.12245007303016375,0.37482008481215523,2.220446049250313e-16,1.1102230246251565e-16,0.4277134610096783,0.4203724199429158,2.220446049250313e-16,2.220446049250313e-16,0.3788130050440963,2.220446049250313e-16
40.0,2.220446049250313e-16,2.220446049250313e-16,2.220446049250313e-16,0.7389846840711537,2.220446049250313e-16,2.220446049250313e-16,0.3434425489200862,0.37482008481215484,0.10206708513580463,2.7755575615628914e-17,0.008281516955008946,2.220446049250313e-16,0.48792126317482387,0.037839625948586836,2.220446049250313e-16,2.220446049250313e-16
41.0,0.3448864018564117,2.220446049250313e-16,2.220446049250313e-16,2.220446049250313e-16,0.5500430604328249,2.220446049250313e-16,0.12245007303016375,0.37482008481215523,2.220446049250313e-16,1.1102230246251565e-16,0.4277134610096783,0.4203724199429158,2.220446049250313e-16,2.220446049250313e-16,0.3788130050440963,2.220446049250313e-16
42.0,2.220446049250313e-16,2.220446049250313e-16,0.23879943743392032,0.017162243449289516,0.004026626751393663,0.09562175069072013,0.5597491828163237,2.220446049250313e-16,0.20379559160271865,2.220446049250313e-16,0.5517938377887904,0.09217932482445364,0.03379716932998415,2.220446049250313e-16,2.220446049250313e-16,2.220446049250313e-16
43.0,0.3448864018564117,2.220446049250313e-16,2.220446049250313e-16,2.220446049250313e-16,0.5500430604328249,2.220446049250313e-16,0.12245007303016374,0.37482008481215523,2.220446049250313e-16,1.1102230246251565e-16,0.4277134610096783,0.4203724199429158,2.220446049250313e-16,2.220446049250313e-16,0.3788130050440963,2.220446049250313e-16
44.0,2.220446049250313e-16,0.20169360828503005,2.220446049250313e-16,0.7575541844694502,2.220446049250313e-16,2.220446049250313e-16,0.049350333535303256,0.3748200848121549,0.09237665219633033,2.220446049250313e-16,0.00814304289133944,2.220446049250313e-16,0.48743251206869637,0.121344256913913,2.220446049250313e-16,2.220446049250313e-16
45.0,0.3448864018564117,2.220446049250313e-16,0.2427352911912514,0.08084125729828029,0.03266672156519133,2.220446049250313e-16,0.57975953442789,0.37482008481215484,2.220446049250313e-16,0.3687347780318149,2.220446049250313e-16,2.220446049250313e-16,2.220446049250313e-16,2.220446049250313e-16,0.35673797460392237,2.220446049250313e-16
46.0,2.220446049250313e-16,0.20169360828503005,2.220446049250313e-16,0.7575541844694502,2.220446049250313e-16,2.220446049250313e-16,0.049350333535303256,0.3748200848121549,0.09237665219633033,2.220446049250313e-16,0.00814304289133944,2.220446049250313e-16,0.48743251206869637,0.121344256913913,2.220446049250313e-16,2.220446049250313e-16
47.0,0.3448864018564117,2.220446049250313e-16,2.220446049250313e-16,2.220446049250313e-16,0.5144096186270429,2.220446049250313e-16,0.4193203090362062,0.3748200848121549,2.220446049250313e-16,1.6653345369377348e-16,0.5181335445795537,0.10310698150692144,2.220446049250313e-16,2.220446049250313e-16,0.3788130050440963,2.220446049250313e-16
48.0,2.220446049250313e-16,2.220446049250313e-16,0.0056970014747319666,2.220446049250313e-16,0.15478432274730225,0.5273437391958206,0.029713607452298178,2.220446049250313e-16,0.41641524004673497,0.4002779627354841,0.4500262476733932,0.4151323730922332,2.220446049250313e-16,2.220446049250313e-16,2.220446049250313e-16,2.220446049250313e-16
49.0,0.3448864018564116,2.220446049250313e-16,0.11596680154621249,2.220446049250313e-16,0.44434626603278676,0.3571793711842763,2.220446049250313e-16,2.220446049250313e-16,2.220446049250313e-16,2.220446049250313e-16,0.4276785436026731,0.42529507706338054,2.220446049250313e-16,2.220446049250313e-16,0.38135341339556034,2.220446049250313e-16
50.0,2.220446049250313e-16,2.220446049250313e-16,0.35694789399772703,0.03150628937482114,2.220446049250313e-16,0.10838920265003064,0.3708572512583658,2.220446049250313e-16,0.20143883767899456,2.220446049250313e-16,0.5516939086147936,0.09185604227509335,0.033419588020382016,2.220446049250313e-16,2.220446049250313e-16,2.220446049250313e-16
51.0,0.3448864018564116,2.220446049250313e-16,0.11596680154621249,2.220446049250313e-16,0.44434626603278676,0.3571793711842763,2.220446049250313e-16,2.220446049250313e-16,2.220446049250313e-16,2.220446049250313e-16,0.4276785436026731,0.42529507706338054,2.220446049250313e-16,2.220446049250313e-16,0.38135341339556034,2.220446049250313e-16
52.0,2.220446049250313e-16,2.220446049250313e-16,0.004016413312766032,2.220446049250313e-16,0.23153437916692082,0.5079148129291959,0.2076612778367636,2.220446049250313e-16,0.20860594255546128,0.40050160214356095,0.45189055444694376,0.41520103434848765,2.220446049250313e-16,2.220446049250313e-16,2.220446049250313e-16,2.220446049250313e-16
53.0,0.3448864018564116,2.220446049250313e-16,0.11596680154621249,2.220446049250313e-16,0.44434626603278676,0.3571793711842763,2.220446049250313e-16,2.220446049250313e-16,2.220446049250313e-16,2.220446049250313e-16,0.4276785436026731,0.42529507706338054,2.220446049250313e-16,2.220446049250313e-16,0.38135341339556034,2.220446049250313e-16
54.0,2.220446049250313e-16,2.220446049250313e-16,0.005697001474731975,2.220446049250313e-16,0.1547843227473023,0.5273437391958206,0.02971360745229814,2.220446049250313e-16,0.41641524004673497,0.4002779627354842,0.4500262476733932,0.4151323730922333,2.220446049250313e-16,2.220446049250313e-16,2.220446049250313e-16,2.220446049250313e-16
55.0,0.3448864018564117,2.220446049250313e-16,2.220446049250313e-16,2.220446049250313e-16,0.5144096186270429,2.220446049250313e-16,0.4193203090362062,0.3748200848121549,2.220446049250313e-16,1.6653345369377348e-16,0.5181335445795537,0.10310698150692144,2.220446049250313e-16,2.220446049250313e-16,0.3788130050440963,2.220446049250313e-16
56.0,2.220446049250313e-16,0.20169360828503005,2.220446049250313e-16,0.7575541844694502,2.220446049250313e-16,2.220446049250313e-16,0.049350333535303256,0.3748200848121549,0.09237665219633033,2.220446049250313e-16,0.00814304289133944,2.220446049250313e-16,0.48743251206869637,0.121344256913913,2.220446049250313e-16,2.220446049250313e-16
57.0,0.3448864018564117,2.220446049250313e-16,0.2427352911912514,0.08084125729828029,0.03266672156519133,2.220446049250313e-16,0.57975953442789,0.37482008481215484,2.220446049250313e-16,0.3687347780318149,2.220446049250313e-16,2.220446049250313e-16,2.220446049250313e-16,2.220446049250313e-16,0.35673797460392237,2.220446049250313e-16
58.0,2.220446049250313e-16,0.20169360828503005,2.220446049250313e-16,0.7575541844694502,2.220446049250313e-16,2.220446049250313e-16,0.049350333535303256,0.3748200848121549,0.09237665219633033,2.220446049250313e-16,0.00814304289133944,2.220446049250313e-16,0.48743251206869637,0.121344256913913,2.220446049250313e-16,2.220446049250313e-16
59.0,0.3448864018564117,2.220446049250313e-16,2.220446049250313e-16,2.220446049250313e-16,0.5144096186270428,2.220446049250313e-16,0.4193203090362062,0.37482008481215484,2.220446049250313e-16,1.1102230246251565e-16,0.518133544579554,0.10310698150692144,2.220446049250313e-16,2.220446049250313e-16,0.3788130050440963,2.220446049250313e-16
60.0,2.220446049250313e-16,2.220446049250313e-16,2.220446049250313e-16,0.5580426281371335,2.220446049250313e-16,2.220446049250313e-16,2.220446049250313e-16,0.37482008481215473,0.005310186229722156,2.220446049250313e-16,0.07734818433346642,0.5069888302559735,0.5554050158149498,2.220446049250313e-16,2.220446049250313e-16,0.13952373182374664
61.0,0.3448864018564117,2.220446049250313e-16,2.220446049250313e-16,0.3145184258580567,0.48834410907503345,0.5119491166706502,0.5513359036275978,2.220446049250313e-16,2.220446049250313e-16,2.220446049250313e-16,2.220446049250313e-16,0.0006956557256660212,2.220446049250313e-16,2.220446049250313e-16,2.220446049250313e-16,2.220446049250313e-16
62.0,0.3448864018564117,2.220446049250313e-16,2.220446049250313e-16,0.3145184258580567,0.48834410907503345,0.5119491166706502,0.5513359036275978,2.220446049250313e-16,2.220446049250313e-16,2.220446049250313e-16,2.220446049250313e-16,0.0006956557256660212,2.220446049250313e-16,2.220446049250313e-16,2.220446049250313e-16,2.220446049250313e-16
63.0,2.220446049250313e-16,2.220446049250313e-16,0.0059776251930743094,0.38725555384631416,2.220446049250313e-16,0.3618753404227359,2.220446049250313e-16,2.220446049250313e-16,0.5859739422397218,0.40024061954594947,0.047263290716634,0.5190790518028932,2.220446049250313e-16,0.019315799428785422,2.220446049250313e-16,2.220446049250313e-16
64.0,2.220446049250313e-16,2.220446049250313e-16,0.0059776251930743094,0.38725555384631416,2.220446049250313e-16,0.3618753404227359,2.220446049250313e-16,2.220446049250313e-16,0.5859739422397218,0.40024061954594947,0.047263290716634,0.5190790518028932,2.220446049250313e-16,0.019315799428785422,2.220446049250313e-16,2.220446049250313e-16
65.0,0.3448864018564117,2.220446049250313e-16,2.220446049250313e-16,2.220446049250313e-16,0.4940278238711195,0.33241220022607976,0.4006885604604604,2.220446049250313e-16,2.220446049250313e-16,2.220446049250313e-16,0.5131938601649535,0.10991723103432212,2.220446049250313e-16,2.220446049250313e-16,0.3788130050440963,2.220446049250313e-16
66.0,2.220446049250313e-16,0.6636448326422805,0.03063948744836284,2.220446049250313e-16,2.220446049250313e-16,2.220446049250313e-16,2.220446049250313e-16,0.37482008481215495,2.220446049250313e-16,2.220446049250313e-16,2.220446049250313e-16,2.220446049250313e-16,0.49873168622834657,0.1576407707094871,2.220446049250313e-16,0.586314046141456
67.0,2.220446049250313e-16,0.6636448326422805,0.03063948744836284,2.220446049250313e-16,2.220446049250313e-16,2.220446049250313e-16,2.220446049250313e-16,0.37482008481215495,2.220446049250313e-16,2.220446049250313e-16,2.220446049250313e-16,2.220446049250313e-16,0.49873168622834657,0.1576407707094871,2.220446049250313e-16,0.586314046141456
68.0,2.220446049250313e-16,0.14280116933381684,2.220446049250313e-16,0.06733209258192974,2.220446049250313e-16,2.220446049250313e-16,2.220446049250313e-16,2.220446049250313e-16,0.5785371081669076,2.220446049250313e-16,2.220446049250313e-16,0.0005628974448831158,2.220446049250313e-16,0.8047447118229235,2.220446049250313e-16,0.03472042107658374
69.0,2.220446049250313e-16,0.14280116933381684,2.220446049250313e-16,0.06733209258192974,2.220446049250313e-16,2.220446049250313e-16,2.220446049250313e-16,2.220446049250313e-16,0.5785371081669076,2.220446049250313e-16,2.220446049250313e-16,0.0005628974448831158,2.220446049250313e-16,0.8047447118229235,2.220446049250313e-16,0.03472042107658374
70.0,2.220446049250313e-16,2.220446049250313e-16,2.220446049250313e-16,2.220446049250313e-16,0.27210418784878515,2.220446049250313e-16,2.220446049250313e-16,2.220446049250313e-16,2.220446049250313e-16,2.220446049250313e-16,0.039647162729439314,0.52070773946252,0.4997128365540798,0.24903012307576702,2.220446049250313e-16,0.5701810825380331
71.0,0.3448864018564117,0.05330342997269945,0.6979758426906947,2.220446049250313e-16,2.220446049250313e-16,2.220446049250313e-16,0.00039006366858662206,2.220446049250313e-16,2.220446049250313e-16,0.3081549585531956,2.220446049250313e-16,2.220446049250313e-16,2.220446049250313e-16,2.220446049250313e-16,0.3284238734153273,2.220446049250313e-16
72.0,0.3448864018564117,0.05330342997269945,0.6979758426906947,2.220446049250313e-16,2.220446049250313e-16,2.220446049250313e-16,0.00039006366858662206,2.220446049250313e-16,2.220446049250313e-16,0.3081549585531956,2.220446049250313e-16,2.220446049250313e-16,2.220446049250313e-16,2.220446049250313e-16,0.3284238734153273,2.220446049250313e-16
73.0,0.3448864018564117,0.05330342997269945,0.6979758426906947,2.220446049250313e-16,2.220446049250313e-16,2.220446049250313e-16,0.00039006366858662206,2.220446049250313e-16,2.220446049250313e-16,0.3081549585531956,2.220446049250313e-16,2.220446049250313e-16,2.220446049250313e-16,2.220446049250313e-16,0.3284238734153273,2.220446049250313e-16
74.0,0.3448864018564117,0.05330342997269945,0.6979758426906947,2.220446049250313e-16,2.220446049250313e-16,2.220446049250313e-16,0.00039006366858662206,2.220446049250313e-16,2.220446049250313e-16,0.3081549585531956,2.220446049250313e-16,2.220446049250313e-16,2.220446049250313e-16,2.220446049250313e-16,0.3284238734153273,2.220446049250313e-16
75.0,0.3448864018564117,0.05330342997269945,0.6979758426906947,2.220446049250313e-16,2.220446049250313e-16,2.220446049250313e-16,0.00039006366858662206,2.220446049250313e-16,2.220446049250313e-16,0.3081549585531956,2.220446049250313e-16,2.220446049250313e-16,2.220446049250313e-16,2.220446049250313e-16,0.3284238734153273,2.220446049250313e-16
76.0,0.3448864018564117,0.05330342997269945,0.6979758426906947,2.220446049250313e-16,2.220446049250313e-16,2.220446049250313e-16,0.00039006366858662206,2.220446049250313e-16,2.220446049250313e-16,0.3081549585531956,2.220446049250313e-16,2.220446049250313e-16,2.220446049250313e-16,2.220446049250313e-16,0.3284238734153273,2.220446049250313e-16
77.0,2.220446049250313e-16,0.6636448326422805,0.03063948744836284,2.220446049250313e-16,2.220446049250313e-16,2.220446049250313e-16,2.220446049250313e-16,0.37482008481215495,2.220446049250313e-16,2.220446049250313e-16,2.220446049250313e-16,2.220446049250313e-16,0.49873168622834657,0.1576407707094871,2.220446049250313e-16,0.586314046141456
78.0,2.220446049250313e-16,0.6636448326422805,0.03063948744836284,2.220446049250313e-16,2.220446049250313e-16,2.220446049250313e-16,2.220446049250313e-16,0.37482008481215495,2.220446049250313e-16,2.220446049250313e-16,2.220446049250313e-16,2.220446049250313e-16,0.49873168622834657,0.1576407707094871,2.220446049250313e-16,0.586314046141456
79.0,2.220446049250313e-16,0.14280116933381684,2.220446049250313e-16,0.06733209258192974,2.220446049250313e-16,2.220446049250313e-16,2.220446049250313e-16,2.220446049250313e-16,0.5785371081669076,2.220446049250313e-16,2.220446049250313e-16,0.0005628974448831158,2.220446049250313e-16,0.8047447118229235,2.220446049250313e-16,0.03472042107658374
80.0,2.220446049250313e-16,0.14280116933381684,2.220446049250313e-16,0.06733209258192974,2.220446049250313e-16,2.220446049250313e-16,2.220446049250313e-16,2.220446049250313e-16,0.5785371081669076,2.220446049250313e-16,2.220446049250313e-16,0.0005628974448831158,2.220446049250313e-16,0.8047447118229235,2.220446049250313e-16,0.03472042107658374
81.0,2.220446049250313e-16,2.220446049250313e-16,2.220446049250313e-16,0.5580426281371335,2.220446049250313e-16,2.220446049250313e-16,2.220446049250313e-16,0.37482008481215473,0.005310186229722156,2.220446049250313e-16,0.07734818433346642,0.5069888302559735,0.5554050158149498,2.220446049250313e-16,2.220446049250313e-16,0.13952373182374664
82.0,0.3448864018564117,2.220446049250313e-16,2.220446049250313e-16,0.3145184258580567,0.48834410907503345,0.5119491166706502,0.5513359036275978,2.220446049250313e-16,2.220446049250313e-16,2.220446049250313e-16,2.220446049250313e-16,0.0006956557256660212,2.220446049250313e-16,2.220446049250313e-16,2.220446049250313e-16,2.220446049250313e-16
83.0,0.3448864018564117,2.220446049250313e-16,2.220446049250313e-16,0.3145184258580567,0.48834410907503345,0.5119491166706502,0.5513359036275978,2.220446049250313e-16,2.220446049250313e-16,2.220446049250313e-16,2.220446049250313e-16,0.0006956557256660212,2.220446049250313e-16,2.220446049250313e-16,2.220446049250313e-16,2.220446049250313e-16
84.0,2.220446049250313e-16,2.220446049250313e-16,0.0059776251930743094,0.38725555384631416,2.220446049250313e-16,0.3618753404227359,2.220446049250313e-16,2.220446049250313e-16,0.5859739422397218,0.40024061954594947,0.047263290716634,0.5190790518028932,2.220446049250313e-16,0.019315799428785422,2.220446049250313e-16,2.220446049250313e-16
85.0,2.220446049250313e-16,2.220446049250313e-16,0.0059776251930743094,0.38725555384631416,2.220446049250313e-16,0.3618753404227359,2.220446049250313e-16,2.220446049250313e-16,0.5859739422397218,0.40024061954594947,0.047263290716634,0.5190790518028932,2.220446049250313e-16,0.019315799428785422,2.220446049250313e-16,2.220446049250313e-16
86.0,0.3448864018564117,2.220446049250313e-16,2.220446049250313e-16,2.220446049250313e-16,0.4940278238711195,0.33241220022607976,0.4006885604604604,2.220446049250313e-16,2.220446049250313e-16,2.220446049250313e-16,0.5131938601649535,0.10991723103432212,2.220446049250313e-16,2.220446049250313e-16,0.3788130050440963,2.220446049250313e-16
87.0,2.220446049250313e-16,2.220446049250313e-16,2.220446049250313e-16,2.220446049250313e-16,0.27210418784878515,2.220446049250313e-16,2.220446049250313e-16,2.220446049250313e-16,2.220446049250313e-16,2.220446049250313e-16,0.039647162729439314,0.52070773946252,0.4997128365540798,0.24903012307576702,2.220446049250313e-16,0.5701810825380331
88.0,0.3448864018564117,0.05330342997269945,0.6979758426906947,2.220446049250313e-16,2.220446049250313e-16,2.220446049250313e-16,0.00039006366858662206,2.220446049250313e-16,2.220446049250313e-16,0.3081549585531956,2.220446049250313e-16,2.220446049250313e-16,2.220446049250313e-16,2.220446049250313e-16,0.3284238734153273,2.220446049250313e-16
89.0,0.3448864018564117,0.05330342997269945,0.6979758426906947,2.220446049250313e-16,2.220446049250313e-16,2.220446049250313e-16,0.00039006366858662206,2.220446049250313e-16,2.220446049250313e-16,0.3081549585531956,2.220446049250313e-16,2.220446049250313e-16,2.220446049250313e-16,2.220446049250313e-16,0.3284238734153273,2.220446049250313e-16
90.0,0.3448864018564117,0.05330342997269945,0.6979758426906947,2.220446049250313e-16,2.220446049250313e-16,2.220446049250313e-16,0.00039006366858662206,2.220446049250313e-16,2.220446049250313e-16,0.3081549585531956,2.220446049250313e-16,2.220446049250313e-16,2.220446049250313e-16,2.220446049250313e-16,0.3284238734153273,2.220446049250313e-16
91.0,0.3448864018564117,0.05330342997269945,0.6979758426906947,2.220446049250313e-16,2.220446049250313e-16,2.220446049250313e-16,0.00039006366858662206,2.220446049250313e-16,2.220446049250313e-16,0.3081549585531956,2.220446049250313e-16,2.220446049250313e-16,2.220446049250313e-16,2.220446049250313e-16,0.3284238734153273,2.220446049250313e-16
92.0,0.3448864018564117,0.05330342997269945,0.6979758426906947,2.220446049250313e-16,2.220446049250313e-16,2.220446049250313e-16,0.00039006366858662206,2.220446049250313e-16,2.220446049250313e-16,0.3081549585531956,2.220446049250313e-16,2.220446049250313e-16,2.220446049250313e-16,2.220446049250313e-16,0.3284238734153273,2.220446049250313e-16
93.0,0.3448864018564117,0.05330342997269945,0.6979758426906947,2.220446049250313e-16,2.220446049250313e-16,2.220446049250313e-16,0.00039006366858662206,2.220446049250313e-16,2.220446049250313e-16,0.3081549585531956,2.220446049250313e-16,2.220446049250313e-16,2.220446049250313e-16,2.220446049250313e-16,0.3284238734153273,2.220446049250313e-16
94.0,2.220446049250313e-16,2.220446049250313e-16,2.220446049250313e-16,2.220446049250313e-16,0.27210418784878515,2.220446049250313e-16,2.220446049250313e-16,2.220446049250313e-16,2.220446049250313e-16,2.220446049250313e-16,0.039647162729439314,0.52070773946252,0.4997128365540798,0.24903012307576702,2.220446049250313e-16,0.5701810825380331
95.0,0.3448864018564117,0.05330342997269945,0.6979758426906947,2.220446049250313e-16,2.220446049250313e-16,2.220446049250313e-16,0.00039006366858662206,2.220446049250313e-16,2.220446049250313e-16,0.3081549585531956,2.220446049250313e-16,2.220446049250313e-16,2.220446049250313e-16,2.220446049250313e-16,0.3284238734153273,2.220446049250313e-16
96.0,0.3448864018564117,0.05330342997269945,0.6979758426906947,2.220446049250313e-16,2.220446049250313e-16,2.220446049250313e-16,0.00039006366858662206,2.220446049250313e-16,2.220446049250313e-16,0.3081549585531956,2.220446049250313e-16,2.220446049250313e-16,2.220446049250313e-16,2.220446049250313e-16,0.3284238734153273,2.220446049250313e-16
97.0,0.3448864018564117,0.05330342997269945,0.6979758426906947,2.220446049250313e-16,2.220446049250313e-16,2.220446049250313e-16,0.00039006366858662206,2.220446049250313e-16,2.220446049250313e-16,0.3081549585531956,2.220446049250313e-16,2.220446049250313e-16,2.220446049250313e-16,2.220446049250313e-16,0.3284238734153273,2.220446049250313e-16
98.0,0.3448864018564117,0.05330342997269945,0.6979758426906947,2.220446049250313e-16,2.220446049250313e-16,2.220446049250313e-16,0.00039006366858662206,2.220446049250313e-16,2.220446049250313e-16,0.3081549585531956,2.220446049250313e-16,2.220446049250313e-16,2.220446049250313e-16,2.220446049250313e-16,0.3284238734153273,2.220446049250313e-16
99.0,0.3448864018564117,0.05330342997269945,0.6979758426906947,2.220446049250313e-16,2.220446049250313e-16,2.220446049250313e-16,0.00039006366858662206,2.220446049250313e-16,2.220446049250313e-16,0.3081549585531956,2.220446049250313e-16,2.220446049250313e-16,2.220446049250313e-16,2.220446049250313e-16,0.3284238734153273,2.220446049250313e-16
100.0,0.3448864018564117,0.05330342997269945,0.6979758426906947,2.220446049250313e-16,2.220446049250313e-16,2.220446049250313e-16,0.00039006366858662206,2.220446049250313e-16,2.220446049250313e-16,0.3081549585531956,2.220446049250313e-16,2.220446049250313e-16,2.220446049250313e-16,2.220446049250313e-16,0.3284238734153273,2.220446049250313e-16
101.0,2.220446049250313e-16,0.6636448326422805,0.03063948744836284,2.220446049250313e-16,2.220446049250313e-16,2.220446049250313e-16,2.220446049250313e-16,0.37482008481215495,2.220446049250313e-16,2.220446049250313e-16,2.220446049250313e-16,2.220446049250313e-16,0.49873168622834657,0.1576407707094871,2.220446049250313e-16,0.586314046141456
102.0,2.220446049250313e-16,0.6636448326422805,0.03063948744836284,2.220446049250313e-16,2.220446049250313e-16,2.220446049250313e-16,2.220446049250313e-16,0.37482008481215495,2.220446049250313e-16,2.220446049250313e-16,2.220446049250313e-16,2.220446049250313e-16,0.49873168622834657,0.1576407707094871,2.220446049250313e-16,0.586314046141456
103.0,2.220446049250313e-16,0.14280116933381684,2.220446049250313e-16,0.06733209258192974,2.220446049250313e-16,2.220446049250313e-16,2.220446049250313e-16,2.220446049250313e-16,0.5785371081669076,2.220446049250313e-16,2.220446049250313e-16,0.0005628974448831158,2.220446049250313e-16,0.8047447118229235,2.220446049250313e-16,0.03472042107658374
104.0,2.220446049250313e-16,0.14280116933381684,2.220446049250313e-16,0.06733209258192974,2.220446049250313e-16,2.220446049250313e-16,2.220446049250313e-16,2.220446049250313e-16,0.5785371081669076,2.220446049250313e-16,2.220446049250313e-16,0.0005628974448831158,2.220446049250313e-16,0.8047447118229235,2.220446049250313e-16,0.03472042107658374
105.0,2.220446049250313e-16,0.6636448326422805,0.03063948744836284,2.220446049250313e-16,2.220446049250313e-16,2.220446049250313e-16,2.220446049250313e-16,0.37482008481215495,2.220446049250313e-16,2.220446049250313e-16,2.220446049250313e-16,2.220446049250313e-16,0.49873168622834657,0.1576407707094871,2.220446049250313e-16,0.586314046141456
106.0,2.220446049250313e-16,0.6636448326422805,0.03063948744836284,2.220446049250313e-16,2.220446049250313e-16,2.220446049250313e-16,2.220446049250313e-16,0.37482008481215495,2.220446049250313e-16,2.220446049250313e-16,2.220446049250313e-16,2.220446049250313e-16,0.49873168622834657,0.1576407707094871,2.220446049250313e-16,0.586314046141456
107.0,2.220446049250313e-16,0.14280116933381684,2.220446049250313e-16,0.06733209258192974,2.220446049250313e-16,2.220446049250313e-16,2.220446049250313e-16,2.220446049250313e-16,0.5785371081669076,2.220446049250313e-16,2.220446049250313e-16,0.0005628974448831158,2.220446049250313e-16,0.8047447118229235,2.220446049250313e-16,0.03472042107658374
108.0,2.220446049250313e-16,0.14280116933381684,2.220446049250313e-16,0.06733209258192974,2.220446049250313e-16,2.220446049250313e-16,2.220446049250313e-16,2.220446049250313e-16,0.5785371081669076,2.220446049250313e-16,2.220446049250313e-16,0.0005628974448831158,2.220446049250313e-16,0.8047447118229235,2.220446049250313e-16,0.03472042107658374
109.0,2.220446049250313e-16,2.220446049250313e-16,2.220446049250313e-16,0.5580426281371335,2.220446049250313e-16,2.220446049250313e-16,2.220446049250313e-16,0.37482008481215473,0.005310186229722156,2.220446049250313e-16,0.07734818433346642,0.5069888302559735,0.5554050158149498,2.220446049250313e-16,2.220446049250313e-16,0.13952373182374664
110.0,0.3448864018564117,2.220446049250313e-16,2.220446049250313e-16,0.3145184258580567,0.48834410907503345,0.5119491166706502,0.5513359036275978,2.220446049250313e-16,2.220446049250313e-16,2.220446049250313e-16,2.220446049250313e-16,0.0006956557256660212,2.220446049250313e-16,2.220446049250313e-16,2.220446049250313e-16,2.220446049250313e-16
111.0,0.3448864018564117,2.220446049250313e-16,2.220446049250313e-16,0.3145184258580567,0.48834410907503345,0.5119491166706502,0.5513359036275978,2.220446049250313e-16,2.220446049250313e-16,2.220446049250313e-16,2.220446049250313e-16,0.0006956557256660212,2.220446049250313e-16,2.220446049250313e-16,2.220446049250313e-16,2.220446049250313e-16
112.0,2.220446049250313e-16,2.220446049250313e-16,0.0059776251930743094,0.38725555384631416,2.220446049250313e-16,0.3618753404227359,2.220446049250313e-16,2.220446049250313e-16,0.5859739422397218,0.40024061954594947,0.047263290716634,0.5190790518028932,2.220446049250313e-16,0.019315799428785422,2.220446049250313e-16,2.220446049250313e-16
113.0,2.220446049250313e-16,2.220446049250313e-16,0.0059776251930743094,0.38725555384631416,2.220446049250313e-16,0.3618753404227359,2.220446049250313e-16,2.220446049250313e-16,0.5859739422397218,0.40024061954594947,0.047263290716634,0.5190790518028932,2.220446049250313e-16,0.019315799428785422,2.220446049250313e-16,2.220446049250313e-16
114.0,0.3448864018564117,2.220446049250313e-16,2.220446049250313e-16,2.220446049250313e-16,0.4940278238711195,0.33241220022607976,0.4006885604604604,2.220446049250313e-16,2.220446049250313e-16,2.220446049250313e-16,0.5131938601649535,0.10991723103432212,2.220446049250313e-16,2.220446049250313e-16,0.3788130050440963,2.220446049250313e-16
115.0,2.220446049250313e-16,2.220446049250313e-16,2.220446049250313e-16,2.220446049250313e-16,0.27210418784878515,2.220446049250313e-16,2.220446049250313e-16,2.220446049250313e-16,2.220446049250313e-16,2.220446049250313e-16,0.039647162729439314,0.52070773946252,0.4997128365540798,0.24903012307576702,2.220446049250313e-16,0.5701810825380331
116.0,0.3448864018564117,0.05330342997269945,0.6979758426906947,2.220446049250313e-16,2.220446049250313e-16,2.220446049250313e-16,0.00039006366858662206,2.220446049250313e-16,2.220446049250313e-16,0.3081549585531956,2.220446049250313e-16,2.220446049250313e-16,2.220446049250313e-16,2.220446049250313e-16,0.3284238734153273,2.220446049250313e-16
117.0,0.3448864018564117,0.05330342997269945,0.6979758426906947,2.220446049250313e-16,2.220446049250313e-16,2.220446049250313e-16,0.00039006366858662206,2.220446049250313e-16,2.220446049250313e-16,0.3081549585531956,2.220446049250313e-16,2.220446049250313e-16,2.220446049250313e-16,2.220446049250313e-16,0.3284238734153273,2.220446049250313e-16
118.0,0.3448864018564117,0.05330342997269945,0.6979758426906947,2.220446049250313e-16,2.220446049250313e-16,2.220446049250313e-16,0.00039006366858662206,2.220446049250313e-16,2.220446049250313e-16,0.3081549585531956,2.220446049250313e-16,2.220446049250313e-16,2.220446049250313e-16,2.220446049250313e-16,0.3284238734153273,2.220446049250313e-16
119.0,0.3448864018564117,0.05330342997269945,0.6979758426906947,2.220446049250313e-16,2.220446049250313e-16,2.220446049250313e-16,0.00039006366858662206,2.220446049250313e-16,2.220446049250313e-16,0.3081549585531956,2.220446049250313e-16,2.220446049250313e-16,2.220446049250313e-16,2.220446049250313e-16,0.3284238734153273,2.220446049250313e-16
120.0,0.3448864018564117,0.05330342997269945,0.6979758426906947,2.220446049250313e-16,2.220446049250313e-16,2.220446049250313e-16,0.00039006366858662206,2.220446049250313e-16,2.220446049250313e-16,0.3081549585531956,2.220446049250313e-16,2.220446049250313e-16,2.220446049250313e-16,2.220446049250313e-16,0.3284238734153273,2.220446049250313e-16
121.0,0.3448864018564117,0.05330342997269945,0.6979758426906947,2.220446049250313e-16,2.220446049250313e-16,2.220446049250313e-16,0.00039006366858662206,2.220446049250313e-16,2.220446049250313e-16,0.3081549585531956,2.220446049250313e-16,2.220446049250313e-16,2.220446049250313e-16,2.220446049250313e-16,0.3284238734153273,2.220446049250313e-16
122.0,2.220446049250313e-16,2.220446049250313e-16,2.220446049250313e-16,2.220446049250313e-16,0.27210418784878515,2.220446049250313e-16,2.220446049250313e-16,2.220446049250313e-16,2.220446049250313e-16,2.220446049250313e-16,0.039647162729439314,0.52070773946252,0.4997128365540798,0.24903012307576702,2.220446049250313e-16,0.5701810825380331
123.0,0.3448864018564117,0.05330342997269945,0.6979758426906947,2.220446049250313e-16,2.220446049250313e-16,2.220446049250313e-16,0.00039006366858662206,2.220446049250313e-16,2.220446049250313e-16,0.3081549585531956,2.220446049250313e-16,2.220446049250313e-16,2.220446049250313e-16,2.220446049250313e-16,0.3284238734153273,2.220446049250313e-16
124.0,0.3448864018564117,0.05330342997269945,0.6979758426906947,2.220446049250313e-16,2.220446049250313e-16,2.220446049250313e-16,0.00039006366858662206,2.220446049250313e-16,2.220446049250313e-16,0.3081549585531956,2.220446049250313e-16,2.220446049250313e-16,2.220446049250313e-16,2.220446049250313e-16,0.3284238734153273,2.220446049250313e-16
125.0,0.3448864018564117,0.05330342997269945,0.6979758426906947,2.220446049250313e-16,2.220446049250313e-16,2.220446049250313e-16,0.00039006366858662206,2.220446049250313e-16,2.220446049250313e-16,0.3081549585531956,2.220446049250313e-16,2.220446049250313e-16,2.220446049250313e-16,2.220446049250313e-16,0.3284238734153273,2.220446049250313e-16
126.0,0.3448864018564117,0.05330342997269945,0.6979758426906947,2.220446049250313e-16,2.220446049250313e-16,2.220446049250313e-16,0.00039006366858662206,2.220446049250313e-16,2.220446049250313e-16,0.3081549585531956,2.220446049250313e-16,2.220446049250313e-16,2.220446049250313e-16,2.220446049250313e-16,0.3284238734153273,2.220446049250313e-16
127.0,0.3448864018564117,0.05330342997269945,0.6979758426906947,2.220446049250313e-16,2.220446049250313e-16,2.220446049250313e-16,0.00039006366858662206,2.220446049250313e-16,2.220446049250313e-16,0.3081549585531956,2.220446049250313e-16,2.220446049250313e-16,2.220446049250313e-16,2.220446049250313e-16,0.3284238734153273,2.220446049250313e-16
128.0,0.3448864018564117,0.05330342997269945,0.6979758426906947,2.220446049250313e-16,2.220446049250313e-16,2.220446049250313e-16,0.00039006366858662206,2.220446049250313e-16,2.220446049250313e-16,0.3081549585531956,2.220446049250313e-16,2.220446049250313e-16,2.220446049250313e-16,2.220446049250313e-16,0.3284238734153273,2.220446049250313e-16
129.0,2.220446049250313e-16,0.6636448326422805,0.03063948744836284,2.220446049250313e-16,2.220446049250313e-16,2.220446049250313e-16,2.220446049250313e-16,0.37482008481215495,2.220446049250313e-16,2.220446049250313e-16,2.220446049250313e-16,2.220446049250313e-16,0.49873168622834657,0.1576407707094871,2.220446049250313e-16,0.586314046141456
130.0,2.220446049250313e-16,0.6636448326422805,0.03063948744836284,2.220446049250313e-16,2.220446049250313e-16,2.220446049250313e-16,2.220446049250313e-16,0.37482008481215495,2.220446049250313e-16,2.220446049250313e-16,2.220446049250313e-16,2.220446049250313e-16,0.49873168622834657,0.1576407707094871,2.220446049250313e-16,0.586314046141456
131.0,2.220446049250313e-16,0.14280116933381684,2.220446049250313e-16,0.06733209258192974,2.220446049250313e-16,2.220446049250313e-16,2.220446049250313e-16,2.220446049250313e-16,0.5785371081669076,2.220446049250313e-16,2.220446049250313e-16,0.0005628974448831158,2.220446049250313e-16,0.8047447118229235,2.220446049250313e-16,0.03472042107658374
132.0,2.220446049250313e-16,0.14280116933381684,2.220446049250313e-16,0.06733209258192974,2.220446049250313e-16,2.220446049250313e-16,2.220446049250313e-16,2.220446049250313e-16,0.5785371081669076,2.220446049250313e-16,2.220446049250313e-16,0.0005628974448831158,2.220446049250313e-16,0.8047447118229235,2.220446049250313e-16,0.03472042107658374
133.0,2.220446049250313e-16,2.220446049250313e-16,2.220446049250313e-16,0.5580426281371335,2.220446049250313e-16,2.220446049250313e-16,2.220446049250313e-16,0.37482008481215473,0.005310186229722156,2.220446049250313e-16,0.07734818433346642,0.5069888302559735,0.5554050158149498,2.220446049250313e-16,2.220446049250313e-16,0.13952373182374664
134.0,0.3448864018564117,2.220446049250313e-16,2.220446049250313e-16,0.3145184258580567,0.48834410907503345,0.5119491166706502,0.5513359036275978,2.220446049250313e-16,2.220446049250313e-16,2.220446049250313e-16,2.220446049250313e-16,0.0006956557256660212,2.220446049250313e-16,2.220446049250313e-16,2.220446049250313e-16,2.220446049250313e-16
135.0,0.3448864018564117,2.220446049250313e-16,2.220446049250313e-16,0.3145184258580567,0.48834410907503345,0.5119491166706502,0.5513359036275978,2.220446049250313e-16,2.220446049250313e-16,2.220446049250313e-16,2.220446049250313e-16,0.0006956557256660212,2.220446049250313e-16,2.220446049250313e-16,2.220446049250313e-16,2.220446049250313e-16
136.0,2.220446049250313e-16,2.220446049250313e-16,0.0059776251930743094,0.38725555384631416,2.220446049250313e-16,0.3618753404227359,2.220446049250313e-16,2.220446049250313e-16,0.5859739422397218,0.40024061954594947,0.047263290716634,0.5190790518028932,2.220446049250313e-16,0.019315799428785422,2.220446049250313e-16,2.220446049250313e-16
137.0,2.220446049250313e-16,2.220446049250313e-16,0.0059776251930743094,0.38725555384631416,2.220446049250313e-16,0.3618753404227359,2.220446049250313e-16,2.220446049250313e-16,0.5859739422397218,0.40024061954594947,0.047263290716634,0.5190790518028932,2.220446049250313e-16,0.019315799428785422,2.220446049250313e-16,2.220446049250313e-16
138.0,0.3448864018564117,2.220446049250313e-16,2.220446049250313e-16,2.220446049250313e-16,0.4940278238711195,0.33241220022607976,0.4006885604604604,2.220446049250313e-16,2.220446049250313e-16,2.220446049250313e-16,0.5131938601649535,0.10991723103432212,2.220446049250313e-16,2.220446049250313e-16,0.3788130050440963,2.220446049250313e-16
139.0,2.220446049250313e-16,0.6636448326422805,0.03063948744836284,2.220446049250313e-16,2.220446049250313e-16,2.220446049250313e-16,2.220446049250313e-16,0.37482008481215495,2.220446049250313e-16,2.220446049250313e-16,2.220446049250313e-16,2.220446049250313e-16,0.49873168622834657,0.1576407707094871,2.220446049250313e-16,0.586314046141456
140.0,2.220446049250313e-16,0.6636448326422805,0.03063948744836284,2.220446049250313e-16,2.220446049250313e-16,2.220446049250313e-16,2.220446049250313e-16,0.37482008481215495,2.220446049250313e-16,2.220446049250313e-16,2.220446049250313e-16,2.220446049250313e-16,0.49873168622834657,0.1576407707094871,2.220446049250313e-16,0.586314046141456
141.0,2.220446049250313e-16,0.14280116933381684,2.220446049250313e-16,0.06733209258192974,2.220446049250313e-16,2.220446049250313e-16,2.220446049250313e-16,2.220446049250313e-16,0.5785371081669076,2.220446049250313e-16,2.220446049250313e-16,0.0005628974448831158,2.220446049250313e-16,0.8047447118229235,2.220446049250313e-16,0.03472042107658374
142.0,2.220446049250313e-16,0.14280116933381684,2.220446049250313e-16,0.06733209258192974,2.220446049250313e-16,2.220446049250313e-16,2.220446049250313e-16,2.220446049250313e-16,0.5785371081669076,2.220446049250313e-16,2.220446049250313e-16,0.0005628974448831158,2.220446049250313e-16,0.8047447118229235,2.220446049250313e-16,0.03472042107658374
143.0,2.220446049250313e-16,2.220446049250313e-16,2.220446049250313e-16,0.5580426281371335,2.220446049250313e-16,2.220446049250313e-16,2.220446049250313e-16,0.37482008481215473,0.005310186229722156,2.220446049250313e-16,0.07734818433346642,0.5069888302559735,0.5554050158149498,2.220446049250313e-16,2.220446049250313e-16,0.13952373182374664
144.0,0.3448864018564117,2.220446049250313e-16,2.220446049250313e-16,0.3145184258580567,0.48834410907503345,0.5119491166706502,0.5513359036275978,2.220446049250313e-16,2.220446049250313e-16,2.220446049250313e-16,2.220446049250313e-16,0.0006956557256660212,2.220446049250313e-16,2.220446049250313e-16,2.220446049250313e-16,2.220446049250313e-16
145.0,0.3448864018564117,2.220446049250313e-16,2.220446049250313e-16,0.3145184258580567,0.48834410907503345,0.5119491166706502,0.5513359036275978,2.220446049250313e-16,2.220446049250313e-16,2.220446049250313e-16,2.220446049250313e-16,0.0006956557256660212,2.220446049250313e-16,2.220446049250313e-16,2.220446049250313e-16,2.220446049250313e-16
146.0,2.220446049250313e-16,2.220446049250313e-16,0.0059776251930743094,0.38725555384631416,2.220446049250313e-16,0.3618753404227359,2.220446049250313e-16,2.220446049250313e-16,0.5859739422397218,0.40024061954594947,0.047263290716634,0.5190790518028932,2.220446049250313e-16,0.019315799428785422,2.220446049250313e-16,2.220446049250313e-16
147.0,2.220446049250313e-16,2.220446049250313e-16,0.0059776251930743094,0.38725555384631416,2.220446049250313e-16,0.3618753404227359,2.220446049250313e-16,2.220446049250313e-16,0.5859739422397218,0.40024061954594947,0.047263290716634,0.5190790518028932,2.220446049250313e-16,0.019315799428785422,2.220446049250313e-16,2.220446049250313e-16
148.0,0.3448864018564117,2.220446049250313e-16,2.220446049250313e-16,2.220446049250313e-16,0.4940278238711195,0.33241220022607976,0.4006885604604604,2.220446049250313e-16,2.220446049250313e-16,2.220446049250313e-16,0.5131938601649535,0.10991723103432212,2.220446049250313e-16,2.220446049250313e-16,0.3788130050440963,2.220446049250313e-16
149.0,2.220446049250313e-16,0.6636448326422805,0.03063948744836284,2.220446049250313e-16,2.220446049250313e-16,2.220446049250313e-16,2.220446049250313e-16,0.37482008481215495,2.220446049250313e-16,2.220446049250313e-16,2.220446049250313e-16,2.220446049250313e-16,0.49873168622834657,0.1576407707094871,2.220446049250313e-16,0.586314046141456
150.0,2.220446049250313e-16,0.6636448326422805,0.03063948744836284,2.220446049250313e-16,2.220446049250313e-16,2.220446049250313e-16,2.220446049250313e-16,0.37482008481215495,2.220446049250313e-16,2.220446049250313e-16,2.220446049250313e-16,2.220446049250313e-16,0.49873168622834657,0.1576407707094871,2.220446049250313e-16,0.586314046141456
151.0,2.220446049250313e-16,0.14280116933381684,2.220446049250313e-16,0.06733209258192974,2.220446049250313e-16,2.220446049250313e-16,2.220446049250313e-16,2.220446049250313e-16,0.5785371081669076,2.220446049250313e-16,2.220446049250313e-16,0.0005628974448831158,2.220446049250313e-16,0.8047447118229235,2.220446049250313e-16,0.03472042107658374
152.0,2.220446049250313e-16,0.14280116933381684,2.220446049250313e-16,0.06733209258192974,2.220446049250313e-16,2.220446049250313e-16,2.220446049250313e-16,2.220446049250313e-16,0.5785371081669076,2.220446049250313e-16,2.220446049250313e-16,0.0005628974448831158,2.220446049250313e-16,0.8047447118229235,2.220446049250313e-16,0.03472042107658374
153.0,2.220446049250313e-16,0.6636448326422805,0.03063948744836284,2.220446049250313e-16,2.220446049250313e-16,2.220446049250313e-16,2.220446049250313e-16,0.37482008481215495,2.220446049250313e-16,2.220446049250313e-16,2.220446049250313e-16,2.220446049250313e-16,0.49873168622834657,0.1576407707094871,2.220446049250313e-16,0.586314046141456
154.0,2.220446049250313e-16,0.6636448326422805,0.03063948744836284,2.220446049250313e-16,2.220446049250313e-16,2.220446049250313e-16,2.220446049250313e-16,0.37482008481215495,2.220446049250313e-16,2.220446049250313e-16,2.220446049250313e-16,2.220446049250313e-16,0.49873168622834657,0.1576407707094871,2.220446049250313e-16,0.586314046141456
155.0,2.220446049250313e-16,0.14280116933381684,2.220446049250313e-16,0.06733209258192974,2.220446049250313e-16,2.220446049250313e-16,2.220446049250313e-16,2.220446049250313e-16,0.5785371081669076,2.220446049250313e-16,2.220446049250313e-16,0.0005628974448831158,2.220446049250313e-16,0.8047447118229235,2.220446049250313e-16,0.03472042107658374
156.0,2.220446049250313e-16,0.14280116933381684,2.220446049250313e-16,0.06733209258192974,2.220446049250313e-16,2.220446049250313e-16,2.220446049250313e-16,2.220446049250313e-16,0.5785371081669076,2.220446049250313e-16,2.220446049250313e-16,0.0005628974448831158,2.220446049250313e-16,0.8047447118229235,2.220446049250313e-16,0.03472042107658374
157.0,2.220446049250313e-16,2.220446049250313e-16,2.220446049250313e-16,0.5580426281371335,2.220446049250313e-16,2.220446049250313e-16,2.220446049250313e-16,0.37482008481215473,0.005310186229722156,2.220446049250313e-16,0.07734818433346642,0.5069888302559735,0.5554050158149498,2.220446049250313e-16,2.220446049250313e-16,0.13952373182374664
158.0,0.3448864018564117,2.220446049250313e-16,2.220446049250313e-16,0.3145184258580567,0.48834410907503345,0.5119491166706502,0.5513359036275978,2.220446049250313e-16,2.220446049250313e-16,2.220446049250313e-16,2.220446049250313e-16,0.0006956557256660212,2.220446049250313e-16,2.220446049250313e-16,2.220446049250313e-16,2.220446049250313e-16
159.0,0.3448864018564117,2.220446049250313e-16,2.220446049250313e-16,0.3145184258580567,0.48834410907503345,0.5119491166706502,0.5513359036275978,2.220446049250313e-16,2.220446049250313e-16,2.220446049250313e-16,2.220446049250313e-16,0.0006956557256660212,2.220446049250313e-16,2.220446049250313e-16,2.220446049250313e-16,2.220446049250313e-16
160.0,2.220446049250313e-16,2.220446049250313e-16,0.0059776251930743094,0.38725555384631416,2.220446049250313e-16,0.3618753404227359,2.220446049250313e-16,2.220446049250313e-16,0.5859739422397218,0.40024061954594947,0.047263290716634,0.5190790518028932,2.220446049250313e-16,0.019315799428785422,2.220446049250313e-16,2.220446049250313e-16
161.0,2.220446049250313e-16,2.220446049250313e-16,0.0059776251930743094,0.38725555384631416,2.220446049250313e-16,0.3618753404227359,2.220446049250313e-16,2.220446049250313e-16,0.5859739422397218,0.40024061954594947,0.047263290716634,0.5190790518028932,2.220446049250313e-16,0.019315799428785422,2.220446049250313e-16,2.220446049250313e-16
162.0,0.3448864018564117,2.220446049250313e-16,2.220446049250313e-16,2.220446049250313e-16,0.4940278238711195,0.33241220022607976,0.4006885604604604,2.220446049250313e-16,2.220446049250313e-16,2.220446049250313e-16,0.5131938601649535,0.10991723103432212,2.220446049250313e-16,2.220446049250313e-16,0.3788130050440963,2.220446049250313e-16
163.0,2.220446049250313e-16,2.220446049250313e-16,2.220446049250313e-16,2.220446049250313e-16,0.27210418784878515,2.220446049250313e-16,2.220446049250313e-16,2.220446049250313e-16,2.220446049250313e-16,2.220446049250313e-16,0.039647162729439314,0.52070773946252,0.4997128365540798,0.24903012307576702,2.220446049250313e-16,0.5701810825380331
164.0,0.3448864018564117,0.05330342997269945,0.6979758426906947,2.220446049250313e-16,2.220446049250313e-16,2.220446049250313e-16,0.00039006366858662206,2.220446049250313e-16,2.220446049250313e-16,0.3081549585531956,2.220446049250313e-16,2.220446049250313e-16,2.220446049250313e-16,2.220446049250313e-16,0.3284238734153273,2.220446049250313e-16
165.0,0.3448864018564117,0.05330342997269945,0.6979758426906947,2.220446049250313e-16,2.220446049250313e-16,2.220446049250313e-16,0.00039006366858662206,2.220446049250313e-16,2.220446049250313e-16,0.3081549585531956,2.220446049250313e-16,2.220446049250313e-16,2.220446049250313e-16,2.220446049250313e-16,0.3284238734153273,2.220446049250313e-16
166.0,0.3448864018564117,0.05330342997269945,0.6979758426906947,2.220446049250313e-16,2.220446049250313e-16,2.220446049250313e-16,0.00039006366858662206,2.220446049250313e-16,2.220446049250313e-16,0.3081549585531956,2.220446049250313e-16,2.220446049250313e-16,2.220446049250313e-16,2.220446049250313e-16,0.3284238734153273,2.220446049250313e-16
167.0,0.3448864018564117,0.05330342997269945,0.6979758426906947,2.220446049250313e-16,2.220446049250313e-16,2.220446049250313e-16,0.00039006366858662206,2.220446049250313e-16,2.220446049250313e-16,0.3081549585531956,2.220446049250313e-16,2.220446049250313e-16,2.220446049250313e-16,2.220446049250313e-16,0.3284238734153273,2.220446049250313e-16
168.0,0.3448864018564117,0.05330342997269945,0.6979758426906947,2.220446049250313e-16,2.220446049250313e-16,2.220446049250313e-16,0.00039006366858662206,2.220446049250313e-16,2.220446049250313e-16,0.3081549585531956,2.220446049250313e-16,2.220446049250313e-16,2.220446049250313e-16,2.220446049250313e-16,0.3284238734153273,2.220446049250313e-16
169.0,0.3448864018564117,0.05330342997269945,0.6979758426906947,2.220446049250313e-16,2.220446049250313e-16,2.220446049250313e-16,0.00039006366858662206,2.220446049250313e-16,2.220446049250313e-16,0.3081549585531956,2.220446049250313e-16,2.220446049250313e-16,2.220446049250313e-16,2.220446049250313e-16,0.3284238734153273,2.220446049250313e-16
170.0,2.220446049250313e-16,0.6636448326422805,0.03063948744836284,2.220446049250313e-16,2.220446049250313e-16,2.220446049250313e-16,2.220446049250313e-16,0.37482008481215495,2.220446049250313e-16,2.220446049250313e-16,2.220446049250313e-16,2.220446049250313e-16,0.49873168622834657,0.1576407707094871,2.220446049250313e-16,0.586314046141456
171.0,2.220446049250313e-16,0.6636448326422805,0.03063948744836284,2.220446049250313e-16,2.220446049250313e-16,2.220446049250313e-16,2.220446049250313e-16,0.37482008481215495,2.220446049250313e-16,2.220446049250313e-16,2.220446049250313e-16,2.220446049250313e-16,0.49873168622834657,0.1576407707094871,2.220446049250313e-16,0.586314046141456
172.0,2.220446049250313e-16,0.14280116933381684,2.220446049250313e-16,0.06733209258192974,2.220446049250313e-16,2.220446049250313e-16,2.220446049250313e-16,2.220446049250313e-16,0.5785371081669076,2.220446049250313e-16,2.220446049250313e-16,0.0005628974448831158,2.220446049250313e-16,0.8047447118229235,2.220446049250313e-16,0.03472042107658374
173.0,2.220446049250313e-16,0.14280116933381684,2.220446049250313e-16,0.06733209258192974,2.220446049250313e-16,2.220446049250313e-16,2.220446049250313e-16,2.220446049250313e-16,0.5785371081669076,2.220446049250313e-16,2.220446049250313e-16,0.0005628974448831158,2.220446049250313e-16,0.8047447118229235,2.220446049250313e-16,0.03472042107658374
174.0,2.220446049250313e-16,2.220446049250313e-16,2.220446049250313e-16,2.220446049250313e-16,0.27210418784878515,2.220446049250313e-16,2.220446049250313e-16,2.220446049250313e-16,2.220446049250313e-16,2.220446049250313e-16,0.039647162729439314,0.52070773946252,0.4997128365540798,0.24903012307576702,2.220446049250313e-16,0.5701810825380331
175.0,0.3448864018564117,0.05330342997269945,0.6979758426906947,2.220446049250313e-16,2.220446049250313e-16,2.220446049250313e-16,0.00039006366858662206,2.220446049250313e-16,2.220446049250313e-16,0.3081549585531956,2.220446049250313e-16,2.220446049250313e-16,2.220446049250313e-16,2.220446049250313e-16,0.3284238734153273,2.220446049250313e-16
176.0,0.3448864018564117,0.05330342997269945,0.6979758426906947,2.220446049250313e-16,2.220446049250313e-16,2.220446049250313e-16,0.00039006366858662206,2.220446049250313e-16,2.220446049250313e-16,0.3081549585531956,2.220446049250313e-16,2.220446049250313e-16,2.220446049250313e-16,2.220446049250313e-16,0.3284238734153273,2.220446049250313e-16
177.0,0.3448864018564117,0.05330342997269945,0.6979758426906947,2.220446049250313e-16,2.220446049250313e-16,2.220446049250313e-16,0.00039006366858662206,2.220446049250313e-16,2.220446049250313e-16,0.3081549585531956,2.220446049250313e-16,2.220446049250313e-16,2.220446049250313e-16,2.220446049250313e-16,0.3284238734153273,2.220446049250313e-16
178.0,0.3448864018564117,0.05330342997269945,0.6979758426906947,2.220446049250313e-16,2.220446049250313e-16,2.220446049250313e-16,0.00039006366858662206,2.220446049250313e-16,2.220446049250313e-16,0.3081549585531956,2.220446049250313e-16,2.220446049250313e-16,2.220446049250313e-16,2.220446049250313e-16,0.3284238734153273,2.220446049250313e-16
179.0,0.3448864018564117,0.05330342997269945,0.6979758426906947,2.220446049250313e-16,2.220446049250313e-16,2.220446049250313e-16,0.00039006366858662206,2.220446049250313e-16,2.220446049250313e-16,0.3081549585531956,2.220446049250313e-16,2.220446049250313e-16,2.220446049250313e-16,2.220446049250313e-16,0.3284238734153273,2.220446049250313e-16
180.0,0.3448864018564117,0.05330342997269945,0.6979758426906947,2.220446049250313e-16,2.220446049250313e-16,2.220446049250313e-16,0.00039006366858662206,2.220446049250313e-16,2.220446049250313e-16,0.3081549585531956,2.220446049250313e-16,2.220446049250313e-16,2.220446049250313e-16,2.220446049250313e-16,0.3284238734153273,2.220446049250313e-16
181.0,2.220446049250313e-16,0.6636448326422805,0.03063948744836284,2.220446049250313e-16,2.220446049250313e-16,2.220446049250313e-16,2.220446049250313e-16,0.37482008481215495,2.220446049250313e-16,2.220446049250313e-16,2.220446049250313e-16,2.220446049250313e-16,0.49873168622834657,0.1576407707094871,2.220446049250313e-16,0.586314046141456
182.0,2.220446049250313e-16,0.6636448326422805,0.03063948744836284,2.220446049250313e-16,2.220446049250313e-16,2.220446049250313e-16,2.220446049250313e-16,0.37482008481215495,2.220446049250313e-16,2.220446049250313e-16,2.220446049250313e-16,2.220446049250313e-16,0.49873168622834657,0.1576407707094871,2.220446049250313e-16,0.586314046141456
183.0,2.220446049250313e-16,0.14280116933381684,2.220446049250313e-16,0.06733209258192974,2.220446049250313e-16,2.220446049250313e-16,2.220446049250313e-16,2.220446049250313e-16,0.5785371081669076,2.220446049250313e-16,2.220446049250313e-16,0.0005628974448831158,2.220446049250313e-16,0.8047447118229235,2.220446049250313e-16,0.03472042107658374
184.0,2.220446049250313e-16,0.14280116933381684,2.220446049250313e-16,0.06733209258192974,2.220446049250313e-16,2.220446049250313e-16,2.220446049250313e-16,2.220446049250313e-16,0.5785371081669076,2.220446049250313e-16,2.220446049250313e-16,0.0005628974448831158,2.220446049250313e-16,0.8047447118229235,2.220446049250313e-16,0.03472042107658374
185.0,2.220446049250313e-16,0.6636448326422805,0.03063948744836284,2.220446049250313e-16,2.220446049250313e-16,2.220446049250313e-16,2.220446049250313e-16,0.37482008481215495,2.220446049250313e-16,2.220446049250313e-16,2.220446049250313e-16,2.220446049250313e-16,0.49873168622834657,0.1576407707094871,2.220446049250313e-16,0.586314046141456
186.0,2.220446049250313e-16,0.6636448326422805,0.03063948744836284,2.220446049250313e-16,2.220446049250313e-16,2.220446049250313e-16,2.220446049250313e-16,0.37482008481215495,2.220446049250313e-16,2.220446049250313e-16,2.220446049250313e-16,2.220446049250313e-16,0.49873168622834657,0.1576407707094871,2.220446049250313e-16,0.586314046141456
187.0,2.220446049250313e-16,0.14280116933381684,2.220446049250313e-16,0.06733209258192974,2.220446049250313e-16,2.220446049250313e-16,2.220446049250313e-16,2.220446049250313e-16,0.5785371081669076,2.220446049250313e-16,2.220446049250313e-16,0.0005628974448831158,2.220446049250313e-16,0.8047447118229235,2.220446049250313e-16,0.03472042107658374
188.0,2.220446049250313e-16,0.14280116933381684,2.220446049250313e-16,0.06733209258192974,2.220446049250313e-16,2.220446049250313e-16,2.220446049250313e-16,2.220446049250313e-16,0.5785371081669076,2.220446049250313e-16,2.220446049250313e-16,0.0005628974448831158,2.220446049250313e-16,0.8047447118229235,2.220446049250313e-16,0.03472042107658374
189.0,2.220446049250313e-16,2.220446049250313e-16,2.220446049250313e-16,0.5580426281371335,2.220446049250313e-16,2.220446049250313e-16,2.220446049250313e-16,0.37482008481215473,0.005310186229722156,2.220446049250313e-16,0.07734818433346642,0.5069888302559735,0.5554050158149498,2.220446049250313e-16,2.220446049250313e-16,0.13952373182374664
190.0,0.3448864018564117,2.220446049250313e-16,2.220446049250313e-16,0.3145184258580567,0.48834410907503345,0.5119491166706502,0.5513359036275978,2.220446049250313e-16,2.220446049250313e-16,2.220446049250313e-16,2.220446049250313e-16,0.0006956557256660212,2.220446049250313e-16,2.220446049250313e-16,2.220446049250313e-16,2.220446049250313e-16
191.0,0.3448864018564117,2.220446049250313e-16,2.220446049250313e-16,0.3145184258580567,0.48834410907503345,0.5119491166706502,0.5513359036275978,2.220446049250313e-16,2.220446049250313e-16,2.220446049250313e-16,2.220446049250313e-16,0.0006956557256660212,2.220446049250313e-16,2.220446049250313e-16,2.220446049250313e-16,2.220446049250313e-16
192.0,2.220446049250313e-16,2.220446049250313e-16,0.0059776251930743094,0.38725555384631416,2.220446049250313e-16,0.3618753404227359,2.220446049250313e-16,2.220446049250313e-16,0.5859739422397218,0.40024061954594947,0.047263290716634,0.5190790518028932,2.220446049250313e-16,0.019315799428785422,2.220446049250313e-16,2.220446049250313e-16
193.0,2.220446049250313e-16,2.220446049250313e-16,0.0059776251930743094,0.38725555384631416,2.220446049250313e-16,0.3618753404227359,2.220446049250313e-16,2.220446049250313e-16,0.5859739422397218,0.40024061954594947,0.047263290716634,0.5190790518028932,2.220446049250313e-16,0.019315799428785422,2.220446049250313e-16,2.220446049250313e-16
194.0,0.3448864018564117,2.220446049250313e-16,2.220446049250313e-16,2.220446049250313e-16,0.4940278238711195,0.33241220022607976,0.4006885604604604,2.220446049250313e-16,2.220446049250313e-16,2.220446049250313e-16,0.5131938601649535,0.10991723103432212,2.220446049250313e-16,2.220446049250313e-16,0.3788130050440963,2.220446049250313e-16
195.0,2.220446049250313e-16,2.220446049250313e-16,2.220446049250313e-16,2.220446049250313e-16,0.27210418784878515,2.220446049250313e-16,2.220446049250313e-16,2.220446049250313e-16,2.220446049250313e-16,2.220446049250313e-16,0.039647162729439314,0.52070773946252,0.4997128365540798,0.24903012307576702,2.220446049250313e-16,0.5701810825380331
196.0,0.3448864018564117,0.05330342997269945,0.6979758426906947,2.220446049250313e-16,2.220446049250313e-16,2.220446049250313e-16,0.00039006366858662206,2.220446049250313e-16,2.220446049250313e-16,0.3081549585531956,2.220446049250313e-16,2.220446049250313e-16,2.220446049250313e-16,2.220446049250313e-16,0.3284238734153273,2.220446049250313e-16
197.0,0.3448864018564117,0.05330342997269945,0.6979758426906947,2.220446049250313e-16,2.220446049250313e-16,2.220446049250313e-16,0.00039006366858662206,2.220446049250313e-16,2.220446049250313e-16,0.3081549585531956,2.220446049250313e-16,2.220446049250313e-16,2.220446049250313e-16,2.220446049250313e-16,0.3284238734153273,2.220446049250313e-16
198.0,0.3448864018564117,0.05330342997269945,0.6979758426906947,2.220446049250313e-16,2.220446049250313e-16,2.220446049250313e-16,0.00039006366858662206,2.220446049250313e-16,2.220446049250313e-16,0.3081549585531956,2.220446049250313e-16,2.220446049250313e-16,2.220446049250313e-16,2.220446049250313e-16,0.3284238734153273,2.220446049250313e-16
199.0,0.3448864018564117,0.05330342997269945,0.6979758426906947,2.220446049250313e-16,2.220446049250313e-16,2.220446049250313e-16,0.00039006366858662206,2.220446049250313e-16,2.220446049250313e-16,0.3081549585531956,2.220446049250313e-16,2.220446049250313e-16,2.220446049250313e-16,2.220446049250313e-16,0.3284238734153273,2.220446049250313e-16
200.0,0.3448864018564117,0.05330342997269945,0.6979758426906947,2.220446049250313e-16,2.220446049250313e-16,2.220446049250313e-16,0.00039006366858662206,2.220446049250313e-16,2.220446049250313e-16,0.3081549585531956,2.220446049250313e-16,2.220446049250313e-16,2.220446049250313e-16,2.220446049250313e-16,0.3284238734153273,2.220446049250313e-16
201.0,0.3448864018564117,0.05330342997269945,0.6979758426906947,2.220446049250313e-16,2.220446049250313e-16,2.220446049250313e-16,0.00039006366858662206,2.220446049250313e-16,2.220446049250313e-16,0.3081549585531956,2.220446049250313e-16,2.220446049250313e-16,2.220446049250313e-16,2.220446049250313e-16,0.3284238734153273,2.220446049250313e-16
202.0,2.220446049250313e-16,2.220446049250313e-16,2.220446049250313e-16,0.5580426281371335,2.220446049250313e-16,2.220446049250313e-16,2.220446049250313e-16,0.37482008481215473,0.005310186229722156,2.220446049250313e-16,0.07734818433346642,0.5069888302559735,0.5554050158149498,2.220446049250313e-16,2.220446049250313e-16,0.13952373182374664
203.0,0.3448864018564117,2.220446049250313e-16,2.220446049250313e-16,0.3145184258580567,0.48834410907503345,0.5119491166706502,0.5513359036275978,2.220446049250313e-16,2.220446049250313e-16,2.220446049250313e-16,2.220446049250313e-16,0.0006956557256660212,2.220446049250313e-16,2.220446049250313e-16,2.220446049250313e-16,2.220446049250313e-16
204.0,0.3448864018564117,2.220446049250313e-16,2.220446049250313e-16,0.3145184258580567,0.48834410907503345,0.5119491166706502,0.5513359036275978,2.220446049250313e-16,2.220446049250313e-16,2.220446049250313e-16,2.220446049250313e-16,0.0006956557256660212,2.220446049250313e-16,2.220446049250313e-16,2.220446049250313e-16,2.220446049250313e-16
205.0,2.220446049250313e-16,2.220446049250313e-16,0.0059776251930743094,0.38725555384631416,2.220446049250313e-16,0.3618753404227359,2.220446049250313e-16,2.220446049250313e-16,0.5859739422397218,0.40024061954594947,0.047263290716634,0.5190790518028932,2.220446049250313e-16,0.019315799428785422,2.220446049250313e-16,2.220446049250313e-16
206.0,2.220446049250313e-16,2.220446049250313e-16,0.0059776251930743094,0.38725555384631416,2.220446049250313e-16,0.3618753404227359,2.220446049250313e-16,2.220446049250313e-16,0.5859739422397218,0.40024061954594947,0.047263290716634,0.5190790518028932,2.220446049250313e-16,0.019315799428785422,2.220446049250313e-16,2.220446049250313e-16
207.0,0.3448864018564117,2.220446049250313e-16,2.220446049250313e-16,2.220446049250313e-16,0.4940278238711195,0.33241220022607976,0.4006885604604604,2.220446049250313e-16,2.220446049250313e-16,2.220446049250313e-16,0.5131938601649535,0.10991723103432212,2.220446049250313e-16,2.220446049250313e-16,0.3788130050440963,2.220446049250313e-16
208.0,2.220446049250313e-16,2.220446049250313e-16,2.220446049250313e-16,0.5580426281371335,2.220446049250313e-16,2.220446049250313e-16,2.220446049250313e-16,0.3748200848121548,0.005310186229722047,2.220446049250313e-16,0.07734818433346641,0.5069888302559735,0.5554050158149498,2.220446049250313e-16,2.220446049250313e-16,0.13952373182374664
209.0,0.3448864018564117,2.220446049250313e-16,2.220446049250313e-16,0.3145184258580567,0.48834410907503345,0.5119491166706502,0.5513359036275978,2.220446049250313e-16,2.220446049250313e-16,2.220446049250313e-16,2.220446049250313e-16,0.0006956557256660212,2.220446049250313e-16,2.220446049250313e-16,2.220446049250313e-16,2.220446049250313e-16
210.0,0.3448864018564117,2.220446049250313e-16,2.220446049250313e-16,0.3145184258580567,0.48834410907503345,0.5119491166706502,0.5513359036275978,2.220446049250313e-16,2.220446049250313e-16,2.220446049250313e-16,2.220446049250313e-16,0.0006956557256660212,2.220446049250313e-16,2.220446049250313e-16,2.220446049250313e-16,2.220446049250313e-16
211.0,2.220446049250313e-16,2.220446049250313e-16,0.0059776251930743094,0.38725555384631416,2.220446049250313e-16,0.3618753404227359,2.220446049250313e-16,2.220446049250313e-16,0.5859739422397218,0.40024061954594947,0.047263290716634,0.5190790518028932,2.220446049250313e-16,0.019315799428785422,2.220446049250313e-16,2.220446049250313e-16
212.0,2.220446049250313e-16,2.220446049250313e-16,0.0059776251930743094,0.38725555384631416,2.220446049250313e-16,0.3618753404227359,2.220446049250313e-16,2.220446049250313e-16,0.5859739422397218,0.40024061954594947,0.047263290716634,0.5190790518028932,2.220446049250313e-16,0.019315799428785422,2.220446049250313e-16,2.220446049250313e-16
213.0,0.3448864018564117,2.220446049250313e-16,2.220446049250313e-16,2.220446049250313e-16,0.4940278238711195,0.33241220022607976,0.4006885604604604,2.220446049250313e-16,2.220446049250313e-16,2.220446049250313e-16,0.5131938601649535,0.10991723103432212,2.220446049250313e-16,2.220446049250313e-16,0.3788130050440963,2.220446049250313e-16
214.0,2.220446049250313e-16,0.6636448326422805,0.03063948744836284,2.220446049250313e-16,2.220446049250313e-16,2.220446049250313e-16,2.220446049250313e-16,0.37482008481215495,2.220446049250313e-16,2.220446049250313e-16,2.220446049250313e-16,2.220446049250313e-16,0.49873168622834657,0.1576407707094871,2.220446049250313e-16,0.586314046141456
215.0,2.220446049250313e-16,0.6636448326422805,0.03063948744836284,2.220446049250313e-16,2.220446049250313e-16,2.220446049250313e-16,2.220446049250313e-16,0.37482008481215495,2.220446049250313e-16,2.220446049250313e-16,2.220446049250313e-16,2.220446049250313e-16,0.49873168622834657,0.1576407707094871,2.220446049250313e-16,0.586314046141456
216.0,2.220446049250313e-16,0.14280116933381684,2.220446049250313e-16,0.06733209258192974,2.220446049250313e-16,2.220446049250313e-16,2.220446049250313e-16,2.220446049250313e-16,0.5785371081669076,2.220446049250313e-16,2.220446049250313e-16,0.0005628974448831158,2.220446049250313e-16,0.8047447118229235,2.220446049250313e-16,0.03472042107658374
217.0,2.220446049250313e-16,0.14280116933381684,2.220446049250313e-16,0.06733209258192974,2.220446049250313e-16,2.220446049250313e-16,2.220446049250313e-16,2.220446049250313e-16,0.5785371081669076,2.220446049250313e-16,2.220446049250313e-16,0.0005628974448831158,2.220446049250313e-16,0.8047447118229235,2.220446049250313e-16,0.03472042107658374
218.0,2.220446049250313e-16,0.6636448326422805,0.03063948744836284,2.220446049250313e-16,2.220446049250313e-16,2.220446049250313e-16,2.220446049250313e-16,0.37482008481215495,2.220446049250313e-16,2.220446049250313e-16,2.220446049250313e-16,2.220446049250313e-16,0.49873168622834657,0.1576407707094871,2.220446049250313e-16,0.586314046141456
219.0,2.220446049250313e-16,0.6636448326422805,0.03063948744836284,2.220446049250313e-16,2.220446049250313e-16,2.220446049250313e-16,2.220446049250313e-16,0.37482008481215495,2.220446049250313e-16,2.220446049250313e-16,2.220446049250313e-16,2.220446049250313e-16,0.49873168622834657,0.1576407707094871,2.220446049250313e-16,0.586314046141456
220.0,2.220446049250313e-16,0.14280116933381684,2.220446049250313e-16,0.06733209258192974,2.220446049250313e-16,2.220446049250313e-16,2.220446049250313e-16,2.220446049250313e-16,0.5785371081669076,2.220446049250313e-16,2.220446049250313e-16,0.0005628974448831158,2.220446049250313e-16,0.8047447118229235,2.220446049250313e-16,0.03472042107658374
221.0,2.220446049250313e-16,0.14280116933381684,2.220446049250313e-16,0.06733209258192974,2.220446049250313e-16,2.220446049250313e-16,2.220446049250313e-16,2.220446049250313e-16,0.5785371081669076,2.220446049250313e-16,2.220446049250313e-16,0.0005628974448831158,2.220446049250313e-16,0.8047447118229235,2.220446049250313e-16,0.03472042107658374
