122 -0.005601071584743918 0.24945840349295872 0.12649459564364526 0.103799923616864 0.2339604975647234 0.08082211398923744 0.005998832919093282 0.34960504313954477 0.8431847408424322 0.08082211391507252 0.0059988326687366 0.84318474091335 0.08082211427974798 0.24945840455503634 -0.005601070238842106 0.08082211410044335 -0.06815220895837684 -0.01070571260976804 0.34960504634754236 0.16744490933996506
111 0.34643176115380064 0.034155008892334374 0.15929957991778934 0.13957479178972512 0.26931647531774827 0.15685766008026053 0.31047001169848704 0.04381101308303168 0.016930615097023493 0.15685765998730303 0.31047001143316405 0.01693061490563802 0.15685766010124286 0.0341550091907473 0.3464317615474489 0.15685765989155628 1.020195270910259 0.4212102618924383 0.04381101368629851 0.35555444388847424
171 0.08282248438309824 0.10472700760794407 0.09736843315273565 0.12081353813751988 0.1008529753398351 0.11014503205848071 0.7656081459456185 0.20754383175350177 0.2648400477097901 0.11014503222107844 0.7656081454682196 0.26484004745834044 0.11014503230319186 0.10472700792275666 0.08282248478664352 0.11014503204774784 0.3104700116357884 0.5313123790725091 0.20754383202055812 0.32271395712158646
166 0.8544854006586353 0.15074134237613085 0.19983037528145914 0.2158701505933265 0.23356563445875186 0.21240588551745662 0.08282248471160888 -0.008211059737357026 0.007765013319372176 0.21240588523891163 0.08282248448338396 0.007765013318706685 0.21240588549387052 0.1507413426475619 0.8544854018329348 0.21240588527643023 0.3464317614122906 0.10603447679950387 -0.008211059776938513 0.16577276201287405
212 0.16577276167095292 0.23047018448633116 0.17875636201841727 0.23066406823416385 0.522202449721739 0.20395492311336133 0.3227139574403577 0.22193060498402906 0.33267362137372913 0.20395492313545066 0.32271395697085803 0.33267362111199184 0.20395492350367972 0.23047018493069138 0.16577276227688933 0.20395492317681468 0.35555444388847346 0.1972784758295703 0.22193060555512156 0.7880888024280281
177 0.8544854006586353 0.15074134237613085 0.19983037528145914 0.2158701505933265 0.23356563445875186 0.21240588551745662 0.08282248471160888 -0.008211059737357026 0.007765013319372176 0.21240588523891163 0.08282248448338396 0.007765013318706685 0.21240588549387052 0.1507413426475619 0.8544854018329348 0.21240588527643023 0.3464317614122906 0.10603447679950387 -0.008211059776938513 0.16577276201287405
87 -0.005601071584743918 0.24945840349295872 0.12649459564364526 0.103799923616864 0.2339604975647234 0.08082211398923744 0.005998832919093282 0.34960504313954477 0.8431847408424322 0.08082211391507252 0.0059988326687366 0.84318474091335 0.08082211427974798 0.24945840455503634 -0.005601070238842106 0.08082211410044335 -0.06815220895837684 -0.01070571260976804 0.34960504634754236 0.16744490933996506
83 0.34643176115380064 0.034155008892334374 0.15929957991778934 0.13957479178972512 0.26931647531774827 0.15685766008026053 0.31047001169848704 0.04381101308303168 0.016930615097023493 0.15685765998730303 0.31047001143316405 0.01693061490563802 0.15685766010124286 0.0341550091907473 0.3464317615474489 0.15685765989155628 1.020195270910259 0.4212102618924383 0.04381101368629851 0.35555444388847424
117 0.8544854006586353 0.15074134237613085 0.19983037528145914 0.2158701505933265 0.23356563445875186 0.21240588551745662 0.08282248471160888 -0.008211059737357026 0.007765013319372176 0.21240588523891163 0.08282248448338396 0.007765013318706685 0.21240588549387052 0.1507413426475619 0.8544854018329348 0.21240588527643023 0.3464317614122906 0.10603447679950387 -0.008211059776938513 0.16577276201287405
128 0.8544854006586353 0.15074134237613085 0.19983037528145914 0.2158701505933265 0.23356563445875186 0.21240588551745662 0.08282248471160888 -0.008211059737357026 0.007765013319372176 0.21240588523891163 0.08282248448338396 0.007765013318706685 0.21240588549387052 0.1507413426475619 0.8544854018329348 0.21240588527643023 0.3464317614122906 0.10603447679950387 -0.008211059776938513 0.16577276201287405
22 0.15074134201248762 0.65864434010353 0.3393283367302681 0.3142180821961669 0.1542437702270372 0.33422238461070713 0.10472700786434264 0.2971264389635767 0.2734747878551312 0.3342223845869755 0.10472700762146119 0.27347478768254463 0.3342223849042813 0.6586443409906759 0.1507413429219656 0.33422238472259935 0.034155009091013974 -0.0089086124583531 0.2971264394743487 0.23047018486310433
144 0.34643176115380064 0.034155008892334374 0.15929957991778934 0.13957479178972512 0.26931647531774827 0.15685766008026053 0.31047001169848704 0.04381101308303168 0.016930615097023493 0.15685765998730303 0.31047001143316405 0.01693061490563802 0.15685766010124286 0.0341550091907473 0.3464317615474489 0.15685765989155628 1.020195270910259 0.4212102618924383 0.04381101368629851 0.35555444388847424
164 0.8544854006586353 0.15074134237613085 0.19983037528145914 0.2158701505933265 0.23356563445875186 0.21240588551745662 0.08282248471160888 -0.008211059737357026 0.007765013319372176 0.21240588523891163 0.08282248448338396 0.007765013318706685 0.21240588549387052 0.1507413426475619 0.8544854018329348 0.21240588527643023 0.3464317614122906 0.10603447679950387 -0.008211059776938513 0.16577276201287405
143 0.007765012873246227 0.2734747874846865 0.15283426702113334 0.19989036066551036 0.1979906882326771 0.17191859468665074 0.26484004762536995 0.47046712852271366 0.6835277241830378 0.17191859463998124 0.2648400475388881 0.683527723895879 0.1719185950534196 0.2734747881342333 0.0077650136039805265 0.1719185946293023 0.016930614938408077 0.03501244414981039 0.47046712971917987 0.33267362119521415
218 0.08282248438309824 0.10472700760794407 0.09736843315273565 0.12081353813751988 0.1008529753398351 0.11014503205848071 0.7656081459456185 0.20754383175350177 0.2648400477097901 0.11014503222107844 0.7656081454682196 0.26484004745834044 0.11014503230319186 0.10472700792275666 0.08282248478664352 0.11014503204774784 0.3104700116357884 0.5313123790725091 0.20754383202055812 0.32271395712158646
158 0.34643176115380064 0.034155008892334374 0.15929957991778934 0.13957479178972512 0.26931647531774827 0.15685766008026053 0.31047001169848704 0.04381101308303168 0.016930615097023493 0.15685765998730303 0.31047001143316405 0.01693061490563802 0.15685766010124286 0.0341550091907473 0.3464317615474489 0.15685765989155628 1.020195270910259 0.4212102618924383 0.04381101368629851 0.35555444388847424
205 0.16577276167095292 0.23047018448633116 0.17875636201841727 0.23066406823416385 0.522202449721739 0.20395492311336133 0.3227139574403577 0.22193060498402906 0.33267362137372913 0.20395492313545066 0.32271395697085803 0.33267362111199184 0.20395492350367972 0.23047018493069138 0.16577276227688933 0.20395492317681468 0.35555444388847346 0.1972784758295703 0.22193060555512156 0.7880888024280281
36 0.05763998414448019 0.47874732343803234 0.3798532440240971 0.31342126049704505 0.21416578032951036 0.37502405067271316 0.09718276537830096 0.46679448320745653 0.3045982615627717 0.3750240506366791 0.09718276513790351 0.3045982615624621 0.37502405129441496 0.47874732410441756 0.0576399847138712 0.37502405080532913 0.03779452801198621 0.0029034507949789417 0.4667944831480884 0.1755477918416347
64 0.16577276167095292 0.23047018448633116 0.17875636201841727 0.23066406823416385 0.522202449721739 0.20395492311336133 0.3227139574403577 0.22193060498402906 0.33267362137372913 0.20395492313545066 0.32271395697085803 0.33267362111199184 0.20395492350367972 0.23047018493069138 0.16577276227688933 0.20395492317681468 0.35555444388847346 0.1972784758295703 0.22193060555512156 0.7880888024280281
75 0.8544854006586353 0.15074134237613085 0.19983037528145914 0.2158701505933265 0.23356563445875186 0.21240588551745662 0.08282248471160888 -0.008211059737357026 0.007765013319372176 0.21240588523891163 0.08282248448338396 0.007765013318706685 0.21240588549387052 0.1507413426475619 0.8544854018329348 0.21240588527643023 0.3464317614122906 0.10603447679950387 -0.008211059776938513 0.16577276201287405
172 0.10603447660532818 -0.00890861254187369 0.07119132206760714 0.07869050275390617 0.09047409407594557 0.06921105523615398 0.5313123793152476 0.05435010424527509 0.035012444287477115 0.06921105523056424 0.5313123789668575 0.03501244410338626 0.0692110552936711 -0.008908612361959195 0.10603447706916315 0.06921105520881339 0.42121026189243915 1.0721314427418853 0.05435010486186611 0.19727847582957167
104 0.10603447660532818 -0.00890861254187369 0.07119132206760714 0.07869050275390617 0.09047409407594557 0.06921105523615398 0.5313123793152476 0.05435010424527509 0.035012444287477115 0.06921105523056424 0.5313123789668575 0.03501244410338626 0.0692110552936711 -0.008908612361959195 0.10603447706916315 0.06921105520881339 0.42121026189243915 1.0721314427418853 0.05435010486186611 0.19727847582957167
59 0.21240588470166857 0.33422238471402194 0.4705683234800913 0.4515534983838501 0.2754079443599321 0.468040567308947 0.1101450323902464 0.2779908005509406 0.17191859463142717 0.46804056711258607 0.11014503203348591 0.17191859471480628 0.4680405675022824 0.33422238495536044 0.21240588605180172 0.4680405672278951 0.15685765998439435 0.0692110552109229 0.27799080144274174 0.20395492315942884
71 0.8544854006586353 0.15074134237613085 0.19983037528145914 0.2158701505933265 0.23356563445875186 0.21240588551745662 0.08282248471160888 -0.008211059737357026 0.007765013319372176 0.21240588523891163 0.08282248448338396 0.007765013318706685 0.21240588549387052 0.1507413426475619 0.8544854018329348 0.21240588527643023 0.3464317614122906 0.10603447679950387 -0.008211059776938513 0.16577276201287405
80 0.10603447660532818 -0.00890861254187369 0.07119132206760714 0.07869050275390617 0.09047409407594557 0.06921105523615398 0.5313123793152476 0.05435010424527509 0.035012444287477115 0.06921105523056424 0.5313123789668575 0.03501244410338626 0.0692110552936711 -0.008908612361959195 0.10603447706916315 0.06921105520881339 0.42121026189243915 1.0721314427418853 0.05435010486186611 0.19727847582957167
49 0.21587014998295323 0.31421808189000183 0.3886033135209991 0.5608700959633988 0.26658427125888196 0.45155349837296427 0.12081353834568022 0.2907692933292246 0.19989036082455153 0.4515534981682519 0.12081353793178279 0.1998903605607891 0.4515534987342309 0.31421808225693354 0.2158701513232379 0.45155349854399324 0.13957479178972376 0.07869050275390833 0.2907692938869356 0.23066406823414695
209 0.34643176115380064 0.034155008892334374 0.15929957991778934 0.13957479178972512 0.26931647531774827 0.15685766008026053 0.31047001169848704 0.04381101308303168 0.016930615097023493 0.15685765998730303 0.31047001143316405 0.01693061490563802 0.15685766010124286 0.0341550091907473 0.3464317615474489 0.15685765989155628 1.020195270910259 0.4212102618924383 0.04381101368629851 0.35555444388847424
136 0.16577276167095292 0.23047018448633116 0.17875636201841727 0.23066406823416385 0.522202449721739 0.20395492311336133 0.3227139574403577 0.22193060498402906 0.33267362137372913 0.20395492313545066 0.32271395697085803 0.33267362111199184 0.20395492350367972 0.23047018493069138 0.16577276227688933 0.20395492317681468 0.35555444388847346 0.1972784758295703 0.22193060555512156 0.7880888024280281
119 0.8544854006586353 0.15074134237613085 0.19983037528145914 0.2158701505933265 0.23356563445875186 0.21240588551745662 0.08282248471160888 -0.008211059737357026 0.007765013319372176 0.21240588523891163 0.08282248448338396 0.007765013318706685 0.21240588549387052 0.1507413426475619 0.8544854018329348 0.21240588527643023 0.3464317614122906 0.10603447679950387 -0.008211059776938513 0.16577276201287405
26 0.05763998414448019 0.47874732343803234 0.3798532440240971 0.31342126049704505 0.21416578032951036 0.37502405067271316 0.09718276537830096 0.46679448320745653 0.3045982615627717 0.3750240506366791 0.09718276513790351 0.3045982615624621 0.37502405129441496 0.47874732410441756 0.0576399847138712 0.37502405080532913 0.03779452801198621 0.0029034507949789417 0.4667944831480884 0.1755477918416347
60 0.007765012873246227 0.2734747874846865 0.15283426702113334 0.19989036066551036 0.1979906882326771 0.17191859468665074 0.26484004762536995 0.47046712852271366 0.6835277241830378 0.17191859463998124 0.2648400475388881 0.683527723895879 0.1719185950534196 0.2734747881342333 0.0077650136039805265 0.1719185946293023 0.016930614938408077 0.03501244414981039 0.47046712971917987 0.33267362119521415
16 -0.00821105999680979 0.2971264391321012 0.2665709570762764 0.2907692934433104 0.21455637401143146 0.2779908009077806 0.20754383195504722 0.6039809694857968 0.470467129377998 0.2779908008922967 0.20754383173968133 0.47046712941276536 0.2779908013706386 0.29712643935006516 -0.008211059672441984 0.27799080109498076 0.04381101332469032 0.054350104539637754 0.6039809695599806 0.22193060530781716
2 -0.00821105999680979 0.2971264391321012 0.2665709570762764 0.2907692934433104 0.21455637401143146 0.2779908009077806 0.20754383195504722 0.6039809694857968 0.470467129377998 0.2779908008922967 0.20754383173968133 0.47046712941276536 0.2779908013706386 0.29712643935006516 -0.008211059672441984 0.27799080109498076 0.04381101332469032 0.054350104539637754 0.6039809695599806 0.22193060530781716
34 -0.00821105999680979 0.2971264391321012 0.2665709570762764 0.2907692934433104 0.21455637401143146 0.2779908009077806 0.20754383195504722 0.6039809694857968 0.470467129377998 0.2779908008922967 0.20754383173968133 0.47046712941276536 0.2779908013706386 0.29712643935006516 -0.008211059672441984 0.27799080109498076 0.04381101332469032 0.054350104539637754 0.6039809695599806 0.22193060530781716
123 0.8544854006586353 0.15074134237613085 0.19983037528145914 0.2158701505933265 0.23356563445875186 0.21240588551745662 0.08282248471160888 -0.008211059737357026 0.007765013319372176 0.21240588523891163 0.08282248448338396 0.007765013318706685 0.21240588549387052 0.1507413426475619 0.8544854018329348 0.21240588527643023 0.3464317614122906 0.10603447679950387 -0.008211059776938513 0.16577276201287405
181 0.08282248438309824 0.10472700760794407 0.09736843315273565 0.12081353813751988 0.1008529753398351 0.11014503205848071 0.7656081459456185 0.20754383175350177 0.2648400477097901 0.11014503222107844 0.7656081454682196 0.26484004745834044 0.11014503230319186 0.10472700792275666 0.08282248478664352 0.11014503204774784 0.3104700116357884 0.5313123790725091 0.20754383202055812 0.32271395712158646
184 0.10603447660532818 -0.00890861254187369 0.07119132206760714 0.07869050275390617 0.09047409407594557 0.06921105523615398 0.5313123793152476 0.05435010424527509 0.035012444287477115 0.06921105523056424 0.5313123789668575 0.03501244410338626 0.0692110552936711 -0.008908612361959195 0.10603447706916315 0.06921105520881339 0.42121026189243915 1.0721314427418853 0.05435010486186611 0.19727847582957167
10 0.15074134201248762 0.65864434010353 0.3393283367302681 0.3142180821961669 0.1542437702270372 0.33422238461070713 0.10472700786434264 0.2971264389635767 0.2734747878551312 0.3342223845869755 0.10472700762146119 0.27347478768254463 0.3342223849042813 0.6586443409906759 0.1507413429219656 0.33422238472259935 0.034155009091013974 -0.0089086124583531 0.2971264394743487 0.23047018486310433
102 0.08282248438309824 0.10472700760794407 0.09736843315273565 0.12081353813751988 0.1008529753398351 0.11014503205848071 0.7656081459456185 0.20754383175350177 0.2648400477097901 0.11014503222107844 0.7656081454682196 0.26484004745834044 0.11014503230319186 0.10472700792275666 0.08282248478664352 0.11014503204774784 0.3104700116357884 0.5313123790725091 0.20754383202055812 0.32271395712158646
152 0.10603447660532818 -0.00890861254187369 0.07119132206760714 0.07869050275390617 0.09047409407594557 0.06921105523615398 0.5313123793152476 0.05435010424527509 0.035012444287477115 0.06921105523056424 0.5313123789668575 0.03501244410338626 0.0692110552936711 -0.008908612361959195 0.10603447706916315 0.06921105520881339 0.42121026189243915 1.0721314427418853 0.05435010486186611 0.19727847582957167
216 0.10603447660532818 -0.00890861254187369 0.07119132206760714 0.07869050275390617 0.09047409407594557 0.06921105523615398 0.5313123793152476 0.05435010424527509 0.035012444287477115 0.06921105523056424 0.5313123789668575 0.03501244410338626 0.0692110552936711 -0.008908612361959195 0.10603447706916315 0.06921105520881339 0.42121026189243915 1.0721314427418853 0.05435010486186611 0.19727847582957167
93 0.8544854006586353 0.15074134237613085 0.19983037528145914 0.2158701505933265 0.23356563445875186 0.21240588551745662 0.08282248471160888 -0.008211059737357026 0.007765013319372176 0.21240588523891163 0.08282248448338396 0.007765013318706685 0.21240588549387052 0.1507413426475619 0.8544854018329348 0.21240588527643023 0.3464317614122906 0.10603447679950387 -0.008211059776938513 0.16577276201287405
200 0.8544854006586353 0.15074134237613085 0.19983037528145914 0.2158701505933265 0.23356563445875186 0.21240588551745662 0.08282248471160888 -0.008211059737357026 0.007765013319372176 0.21240588523891163 0.08282248448338396 0.007765013318706685 0.21240588549387052 0.1507413426475619 0.8544854018329348 0.21240588527643023 0.3464317614122906 0.10603447679950387 -0.008211059776938513 0.16577276201287405
84 0.16577276167095292 0.23047018448633116 0.17875636201841727 0.23066406823416385 0.522202449721739 0.20395492311336133 0.3227139574403577 0.22193060498402906 0.33267362137372913 0.20395492313545066 0.32271395697085803 0.33267362111199184 0.20395492350367972 0.23047018493069138 0.16577276227688933 0.20395492317681468 0.35555444388847346 0.1972784758295703 0.22193060555512156 0.7880888024280281
179 0.8544854006586353 0.15074134237613085 0.19983037528145914 0.2158701505933265 0.23356563445875186 0.21240588551745662 0.08282248471160888 -0.008211059737357026 0.007765013319372176 0.21240588523891163 0.08282248448338396 0.007765013318706685 0.21240588549387052 0.1507413426475619 0.8544854018329348 0.21240588527643023 0.3464317614122906 0.10603447679950387 -0.008211059776938513 0.16577276201287405
156 0.10603447660532818 -0.00890861254187369 0.07119132206760714 0.07869050275390617 0.09047409407594557 0.06921105523615398 0.5313123793152476 0.05435010424527509 0.035012444287477115 0.06921105523056424 0.5313123789668575 0.03501244410338626 0.0692110552936711 -0.008908612361959195 0.10603447706916315 0.06921105520881339 0.42121026189243915 1.0721314427418853 0.05435010486186611 0.19727847582957167
186 0.08282248438309824 0.10472700760794407 0.09736843315273565 0.12081353813751988 0.1008529753398351 0.11014503205848071 0.7656081459456185 0.20754383175350177 0.2648400477097901 0.11014503222107844 0.7656081454682196 0.26484004745834044 0.11014503230319186 0.10472700792275666 0.08282248478664352 0.11014503204774784 0.3104700116357884 0.5313123790725091 0.20754383202055812 0.32271395712158646
190 0.34643176115380064 0.034155008892334374 0.15929957991778934 0.13957479178972512 0.26931647531774827 0.15685766008026053 0.31047001169848704 0.04381101308303168 0.016930615097023493 0.15685765998730303 0.31047001143316405 0.01693061490563802 0.15685766010124286 0.0341550091907473 0.3464317615474489 0.15685765989155628 1.020195270910259 0.4212102618924383 0.04381101368629851 0.35555444388847424
169 0.8544854006586353 0.15074134237613085 0.19983037528145914 0.2158701505933265 0.23356563445875186 0.21240588551745662 0.08282248471160888 -0.008211059737357026 0.007765013319372176 0.21240588523891163 0.08282248448338396 0.007765013318706685 0.21240588549387052 0.1507413426475619 0.8544854018329348 0.21240588527643023 0.3464317614122906 0.10603447679950387 -0.008211059776938513 0.16577276201287405
30 0.05763998414448019 0.47874732343803234 0.3798532440240971 0.31342126049704505 0.21416578032951036 0.37502405067271316 0.09718276537830096 0.46679448320745653 0.3045982615627717 0.3750240506366791 0.09718276513790351 0.3045982615624621 0.37502405129441496 0.47874732410441756 0.0576399847138712 0.37502405080532913 0.03779452801198621 0.0029034507949789417 0.4667944831480884 0.1755477918416347
146 0.16577276167095292 0.23047018448633116 0.17875636201841727 0.23066406823416385 0.522202449721739 0.20395492311336133 0.3227139574403577 0.22193060498402906 0.33267362137372913 0.20395492313545066 0.32271395697085803 0.33267362111199184 0.20395492350367972 0.23047018493069138 0.16577276227688933 0.20395492317681468 0.35555444388847346 0.1972784758295703 0.22193060555512156 0.7880888024280281
18 0.05763998414448019 0.47874732343803234 0.3798532440240971 0.31342126049704505 0.21416578032951036 0.37502405067271316 0.09718276537830096 0.46679448320745653 0.3045982615627717 0.3750240506366791 0.09718276513790351 0.3045982615624621 0.37502405129441496 0.47874732410441756 0.0576399847138712 0.37502405080532913 0.03779452801198621 0.0029034507949789417 0.4667944831480884 0.1755477918416347
139 0.08282248438309824 0.10472700760794407 0.09736843315273565 0.12081353813751988 0.1008529753398351 0.11014503205848071 0.7656081459456185 0.20754383175350177 0.2648400477097901 0.11014503222107844 0.7656081454682196 0.26484004745834044 0.11014503230319186 0.10472700792275666 0.08282248478664352 0.11014503204774784 0.3104700116357884 0.5313123790725091 0.20754383202055812 0.32271395712158646
215 0.08282248438309824 0.10472700760794407 0.09736843315273565 0.12081353813751988 0.1008529753398351 0.11014503205848071 0.7656081459456185 0.20754383175350177 0.2648400477097901 0.11014503222107844 0.7656081454682196 0.26484004745834044 0.11014503230319186 0.10472700792275666 0.08282248478664352 0.11014503204774784 0.3104700116357884 0.5313123790725091 0.20754383202055812 0.32271395712158646
9 0.21587014998295323 0.31421808189000183 0.3886033135209991 0.5608700959633988 0.26658427125888196 0.45155349837296427 0.12081353834568022 0.2907692933292246 0.19989036082455153 0.4515534981682519 0.12081353793178279 0.1998903605607891 0.4515534987342309 0.31421808225693354 0.2158701513232379 0.45155349854399324 0.13957479178972376 0.07869050275390833 0.2907692938869356 0.23066406823414695
189 0.007765012873246227 0.2734747874846865 0.15283426702113334 0.19989036066551036 0.1979906882326771 0.17191859468665074 0.26484004762536995 0.47046712852271366 0.6835277241830378 0.17191859463998124 0.2648400475388881 0.683527723895879 0.1719185950534196 0.2734747881342333 0.0077650136039805265 0.1719185946293023 0.016930614938408077 0.03501244414981039 0.47046712971917987 0.33267362119521415
147 0.16577276167095292 0.23047018448633116 0.17875636201841727 0.23066406823416385 0.522202449721739 0.20395492311336133 0.3227139574403577 0.22193060498402906 0.33267362137372913 0.20395492313545066 0.32271395697085803 0.33267362111199184 0.20395492350367972 0.23047018493069138 0.16577276227688933 0.20395492317681468 0.35555444388847346 0.1972784758295703 0.22193060555512156 0.7880888024280281
78 0.08282248438309824 0.10472700760794407 0.09736843315273565 0.12081353813751988 0.1008529753398351 0.11014503205848071 0.7656081459456185 0.20754383175350177 0.2648400477097901 0.11014503222107844 0.7656081454682196 0.26484004745834044 0.11014503230319186 0.10472700792275666 0.08282248478664352 0.11014503204774784 0.3104700116357884 0.5313123790725091 0.20754383202055812 0.32271395712158646
35 0.21240588470166857 0.33422238471402194 0.4705683234800913 0.4515534983838501 0.2754079443599321 0.468040567308947 0.1101450323902464 0.2779908005509406 0.17191859463142717 0.46804056711258607 0.11014503203348591 0.17191859471480628 0.4680405675022824 0.33422238495536044 0.21240588605180172 0.4680405672278951 0.15685765998439435 0.0692110552109229 0.27799080144274174 0.20395492315942884
198 0.8544854006586353 0.15074134237613085 0.19983037528145914 0.2158701505933265 0.23356563445875186 0.21240588551745662 0.08282248471160888 -0.008211059737357026 0.007765013319372176 0.21240588523891163 0.08282248448338396 0.007765013318706685 0.21240588549387052 0.1507413426475619 0.8544854018329348 0.21240588527643023 0.3464317614122906 0.10603447679950387 -0.008211059776938513 0.16577276201287405
97 0.8544854006586353 0.15074134237613085 0.19983037528145914 0.2158701505933265 0.23356563445875186 0.21240588551745662 0.08282248471160888 -0.008211059737357026 0.007765013319372176 0.21240588523891163 0.08282248448338396 0.007765013318706685 0.21240588549387052 0.1507413426475619 0.8544854018329348 0.21240588527643023 0.3464317614122906 0.10603447679950387 -0.008211059776938513 0.16577276201287405
176 0.8544854006586353 0.15074134237613085 0.19983037528145914 0.2158701505933265 0.23356563445875186 0.21240588551745662 0.08282248471160888 -0.008211059737357026 0.007765013319372176 0.21240588523891163 0.08282248448338396 0.007765013318706685 0.21240588549387052 0.1507413426475619 0.8544854018329348 0.21240588527643023 0.3464317614122906 0.10603447679950387 -0.008211059776938513 0.16577276201287405
217 0.10603447660532818 -0.00890861254187369 0.07119132206760714 0.07869050275390617 0.09047409407594557 0.06921105523615398 0.5313123793152476 0.05435010424527509 0.035012444287477115 0.06921105523056424 0.5313123789668575 0.03501244410338626 0.0692110552936711 -0.008908612361959195 0.10603447706916315 0.06921105520881339 0.42121026189243915 1.0721314427418853 0.05435010486186611 0.19727847582957167
204 0.34643176115380064 0.034155008892334374 0.15929957991778934 0.13957479178972512 0.26931647531774827 0.15685766008026053 0.31047001169848704 0.04381101308303168 0.016930615097023493 0.15685765998730303 0.31047001143316405 0.01693061490563802 0.15685766010124286 0.0341550091907473 0.3464317615474489 0.15685765989155628 1.020195270910259 0.4212102618924383 0.04381101368629851 0.35555444388847424
45 0.1998303744542278 0.3393283366642787 0.5640630894701884 0.3886033135209816 0.25442859883291136 0.47056832355304334 0.09736843327168557 0.26657095676892556 0.15283426697233396 0.4705683233916161 0.0973684328732832 0.15283426689473636 0.4705683237861325 0.3393283369106682 0.19983037606451595 0.47056832370576207 0.1592995799177855 0.07119132206760895 0.26657095758475985 0.1787563620184054
51 0.21587014998295323 0.31421808189000183 0.3886033135209991 0.5608700959633988 0.26658427125888196 0.45155349837296427 0.12081353834568022 0.2907692933292246 0.19989036082455153 0.4515534981682519 0.12081353793178279 0.1998903605607891 0.4515534987342309 0.31421808225693354 0.2158701513232379 0.45155349854399324 0.13957479178972376 0.07869050275390833 0.2907692938869356 0.23066406823414695
41 0.21240588470166857 0.33422238471402194 0.4705683234800913 0.4515534983838501 0.2754079443599321 0.468040567308947 0.1101450323902464 0.2779908005509406 0.17191859463142717 0.46804056711258607 0.11014503203348591 0.17191859471480628 0.4680405675022824 0.33422238495536044 0.21240588605180172 0.4680405672278951 0.15685765998439435 0.0692110552109229 0.27799080144274174 0.20395492315942884
6 -0.00821105999680979 0.2971264391321012 0.2665709570762764 0.2907692934433104 0.21455637401143146 0.2779908009077806 0.20754383195504722 0.6039809694857968 0.470467129377998 0.2779908008922967 0.20754383173968133 0.47046712941276536 0.2779908013706386 0.29712643935006516 -0.008211059672441984 0.27799080109498076 0.04381101332469032 0.054350104539637754 0.6039809695599806 0.22193060530781716
96 0.8544854006586353 0.15074134237613085 0.19983037528145914 0.2158701505933265 0.23356563445875186 0.21240588551745662 0.08282248471160888 -0.008211059737357026 0.007765013319372176 0.21240588523891163 0.08282248448338396 0.007765013318706685 0.21240588549387052 0.1507413426475619 0.8544854018329348 0.21240588527643023 0.3464317614122906 0.10603447679950387 -0.008211059776938513 0.16577276201287405
137 0.16577276167095292 0.23047018448633116 0.17875636201841727 0.23066406823416385 0.522202449721739 0.20395492311336133 0.3227139574403577 0.22193060498402906 0.33267362137372913 0.20395492313545066 0.32271395697085803 0.33267362111199184 0.20395492350367972 0.23047018493069138 0.16577276227688933 0.20395492317681468 0.35555444388847346 0.1972784758295703 0.22193060555512156 0.7880888024280281
15 0.1998303744542278 0.3393283366642787 0.5640630894701884 0.3886033135209816 0.25442859883291136 0.47056832355304334 0.09736843327168557 0.26657095676892556 0.15283426697233396 0.4705683233916161 0.0973684328732832 0.15283426689473636 0.4705683237861325 0.3393283369106682 0.19983037606451595 0.47056832370576207 0.1592995799177855 0.07119132206760895 0.26657095758475985 0.1787563620184054
197 0.8544854006586353 0.15074134237613085 0.19983037528145914 0.2158701505933265 0.23356563445875186 0.21240588551745662 0.08282248471160888 -0.008211059737357026 0.007765013319372176 0.21240588523891163 0.08282248448338396 0.007765013318706685 0.21240588549387052 0.1507413426475619 0.8544854018329348 0.21240588527643023 0.3464317614122906 0.10603447679950387 -0.008211059776938513 0.16577276201287405
213 0.2335656340223705 0.15424377004228232 0.25442859883291896 0.26658427125889284 0.9273015738075198 0.27540794427129656 0.1008529755210019 0.21455637382551043 0.19799068834845016 0.2754079442922359 0.10085297524537566 0.19799068825994404 0.2754079446570412 0.1542437703806307 0.2335656346286651 0.2754079443317056 0.2693164753177479 0.09047409407594499 0.21455637427815732 0.522202449721739
219 0.08282248438309824 0.10472700760794407 0.09736843315273565 0.12081353813751988 0.1008529753398351 0.11014503205848071 0.7656081459456185 0.20754383175350177 0.2648400477097901 0.11014503222107844 0.7656081454682196 0.26484004745834044 0.11014503230319186 0.10472700792275666 0.08282248478664352 0.11014503204774784 0.3104700116357884 0.5313123790725091 0.20754383202055812 0.32271395712158646
161 0.16577276167095292 0.23047018448633116 0.17875636201841727 0.23066406823416385 0.522202449721739 0.20395492311336133 0.3227139574403577 0.22193060498402906 0.33267362137372913 0.20395492313545066 0.32271395697085803 0.33267362111199184 0.20395492350367972 0.23047018493069138 0.16577276227688933 0.20395492317681468 0.35555444388847346 0.1972784758295703 0.22193060555512156 0.7880888024280281
24 -0.00821105999680979 0.2971264391321012 0.2665709570762764 0.2907692934433104 0.21455637401143146 0.2779908009077806 0.20754383195504722 0.6039809694857968 0.470467129377998 0.2779908008922967 0.20754383173968133 0.47046712941276536 0.2779908013706386 0.29712643935006516 -0.008211059672441984 0.27799080109498076 0.04381101332469032 0.054350104539637754 0.6039809695599806 0.22193060530781716
74 0.8544854006586353 0.15074134237613085 0.19983037528145914 0.2158701505933265 0.23356563445875186 0.21240588551745662 0.08282248471160888 -0.008211059737357026 0.007765013319372176 0.21240588523891163 0.08282248448338396 0.007765013318706685 0.21240588549387052 0.1507413426475619 0.8544854018329348 0.21240588527643023 0.3464317614122906 0.10603447679950387 -0.008211059776938513 0.16577276201287405
208 0.007765012873246227 0.2734747874846865 0.15283426702113334 0.19989036066551036 0.1979906882326771 0.17191859468665074 0.26484004762536995 0.47046712852271366 0.6835277241830378 0.17191859463998124 0.2648400475388881 0.683527723895879 0.1719185950534196 0.2734747881342333 0.0077650136039805265 0.1719185946293023 0.016930614938408077 0.03501244414981039 0.47046712971917987 0.33267362119521415
42 0.15074134201248762 0.65864434010353 0.3393283367302681 0.3142180821961669 0.1542437702270372 0.33422238461070713 0.10472700786434264 0.2971264389635767 0.2734747878551312 0.3342223845869755 0.10472700762146119 0.27347478768254463 0.3342223849042813 0.6586443409906759 0.1507413429219656 0.33422238472259935 0.034155009091013974 -0.0089086124583531 0.2971264394743487 0.23047018486310433
196 0.8544854006586353 0.15074134237613085 0.19983037528145914 0.2158701505933265 0.23356563445875186 0.21240588551745662 0.08282248471160888 -0.008211059737357026 0.007765013319372176 0.21240588523891163 0.08282248448338396 0.007765013318706685 0.21240588549387052 0.1507413426475619 0.8544854018329348 0.21240588527643023 0.3464317614122906 0.10603447679950387 -0.008211059776938513 0.16577276201287405
65 0.2335656340223705 0.15424377004228232 0.25442859883291896 0.26658427125889284 0.9273015738075198 0.27540794427129656 0.1008529755210019 0.21455637382551043 0.19799068834845016 0.2754079442922359 0.10085297524537566 0.19799068825994404 0.2754079446570412 0.1542437703806307 0.2335656346286651 0.2754079443317056 0.2693164753177479 0.09047409407594499 0.21455637427815732 0.522202449721739
62 0.34643176115380064 0.034155008892334374 0.15929957991778934 0.13957479178972512 0.26931647531774827 0.15685766008026053 0.31047001169848704 0.04381101308303168 0.016930615097023493 0.15685765998730303 0.31047001143316405 0.01693061490563802 0.15685766010124286 0.0341550091907473 0.3464317615474489 0.15685765989155628 1.020195270910259 0.4212102618924383 0.04381101368629851 0.35555444388847424
79 0.10603447660532818 -0.00890861254187369 0.07119132206760714 0.07869050275390617 0.09047409407594557 0.06921105523615398 0.5313123793152476 0.05435010424527509 0.035012444287477115 0.06921105523056424 0.5313123789668575 0.03501244410338626 0.0692110552936711 -0.008908612361959195 0.10603447706916315 0.06921105520881339 0.42121026189243915 1.0721314427418853 0.05435010486186611 0.19727847582957167
211 0.16577276167095292 0.23047018448633116 0.17875636201841727 0.23066406823416385 0.522202449721739 0.20395492311336133 0.3227139574403577 0.22193060498402906 0.33267362137372913 0.20395492313545066 0.32271395697085803 0.33267362111199184 0.20395492350367972 0.23047018493069138 0.16577276227688933 0.20395492317681468 0.35555444388847346 0.1972784758295703 0.22193060555512156 0.7880888024280281
124 0.8544854006586353 0.15074134237613085 0.19983037528145914 0.2158701505933265 0.23356563445875186 0.21240588551745662 0.08282248471160888 -0.008211059737357026 0.007765013319372176 0.21240588523891163 0.08282248448338396 0.007765013318706685 0.21240588549387052 0.1507413426475619 0.8544854018329348 0.21240588527643023 0.3464317614122906 0.10603447679950387 -0.008211059776938513 0.16577276201287405
105 0.08282248438309824 0.10472700760794407 0.09736843315273565 0.12081353813751988 0.1008529753398351 0.11014503205848071 0.7656081459456185 0.20754383175350177 0.2648400477097901 0.11014503222107844 0.7656081454682196 0.26484004745834044 0.11014503230319186 0.10472700792275666 0.08282248478664352 0.11014503204774784 0.3104700116357884 0.5313123790725091 0.20754383202055812 0.32271395712158646
132 0.10603447660532818 -0.00890861254187369 0.07119132206760714 0.07869050275390617 0.09047409407594557 0.06921105523615398 0.5313123793152476 0.05435010424527509 0.035012444287477115 0.06921105523056424 0.5313123789668575 0.03501244410338626 0.0692110552936711 -0.008908612361959195 0.10603447706916315 0.06921105520881339 0.42121026189243915 1.0721314427418853 0.05435010486186611 0.19727847582957167
11 0.21587014998295323 0.31421808189000183 0.3886033135209991 0.5608700959633988 0.26658427125888196 0.45155349837296427 0.12081353834568022 0.2907692933292246 0.19989036082455153 0.4515534981682519 0.12081353793178279 0.1998903605607891 0.4515534987342309 0.31421808225693354 0.2158701513232379 0.45155349854399324 0.13957479178972376 0.07869050275390833 0.2907692938869356 0.23066406823414695
127 0.8544854006586353 0.15074134237613085 0.19983037528145914 0.2158701505933265 0.23356563445875186 0.21240588551745662 0.08282248471160888 -0.008211059737357026 0.007765013319372176 0.21240588523891163 0.08282248448338396 0.007765013318706685 0.21240588549387052 0.1507413426475619 0.8544854018329348 0.21240588527643023 0.3464317614122906 0.10603447679950387 -0.008211059776938513 0.16577276201287405
76 0.8544854006586353 0.15074134237613085 0.19983037528145914 0.2158701505933265 0.23356563445875186 0.21240588551745662 0.08282248471160888 -0.008211059737357026 0.007765013319372176 0.21240588523891163 0.08282248448338396 0.007765013318706685 0.21240588549387052 0.1507413426475619 0.8544854018329348 0.21240588527643023 0.3464317614122906 0.10603447679950387 -0.008211059776938513 0.16577276201287405
114 0.2335656340223705 0.15424377004228232 0.25442859883291896 0.26658427125889284 0.9273015738075198 0.27540794427129656 0.1008529755210019 0.21455637382551043 0.19799068834845016 0.2754079442922359 0.10085297524537566 0.19799068825994404 0.2754079446570412 0.1542437703806307 0.2335656346286651 0.2754079443317056 0.2693164753177479 0.09047409407594499 0.21455637427815732 0.522202449721739
183 0.10603447660532818 -0.00890861254187369 0.07119132206760714 0.07869050275390617 0.09047409407594557 0.06921105523615398 0.5313123793152476 0.05435010424527509 0.035012444287477115 0.06921105523056424 0.5313123789668575 0.03501244410338626 0.0692110552936711 -0.008908612361959195 0.10603447706916315 0.06921105520881339 0.42121026189243915 1.0721314427418853 0.05435010486186611 0.19727847582957167
138 0.2335656340223705 0.15424377004228232 0.25442859883291896 0.26658427125889284 0.9273015738075198 0.27540794427129656 0.1008529755210019 0.21455637382551043 0.19799068834845016 0.2754079442922359 0.10085297524537566 0.19799068825994404 0.2754079446570412 0.1542437703806307 0.2335656346286651 0.2754079443317056 0.2693164753177479 0.09047409407594499 0.21455637427815732 0.522202449721739
28 -0.00821105999680979 0.2971264391321012 0.2665709570762764 0.2907692934433104 0.21455637401143146 0.2779908009077806 0.20754383195504722 0.6039809694857968 0.470467129377998 0.2779908008922967 0.20754383173968133 0.47046712941276536 0.2779908013706386 0.29712643935006516 -0.008211059672441984 0.27799080109498076 0.04381101332469032 0.054350104539637754 0.6039809695599806 0.22193060530781716
173 0.10603447660532818 -0.00890861254187369 0.07119132206760714 0.07869050275390617 0.09047409407594557 0.06921105523615398 0.5313123793152476 0.05435010424527509 0.035012444287477115 0.06921105523056424 0.5313123789668575 0.03501244410338626 0.0692110552936711 -0.008908612361959195 0.10603447706916315 0.06921105520881339 0.42121026189243915 1.0721314427418853 0.05435010486186611 0.19727847582957167
100 0.8544854006586353 0.15074134237613085 0.19983037528145914 0.2158701505933265 0.23356563445875186 0.21240588551745662 0.08282248471160888 -0.008211059737357026 0.007765013319372176 0.21240588523891163 0.08282248448338396 0.007765013318706685 0.21240588549387052 0.1507413426475619 0.8544854018329348 0.21240588527643023 0.3464317614122906 0.10603447679950387 -0.008211059776938513 0.16577276201287405
170 0.08282248438309824 0.10472700760794407 0.09736843315273565 0.12081353813751988 0.1008529753398351 0.11014503205848071 0.7656081459456185 0.20754383175350177 0.2648400477097901 0.11014503222107844 0.7656081454682196 0.26484004745834044 0.11014503230319186 0.10472700792275666 0.08282248478664352 0.11014503204774784 0.3104700116357884 0.5313123790725091 0.20754383202055812 0.32271395712158646
125 0.8544854006586353 0.15074134237613085 0.19983037528145914 0.2158701505933265 0.23356563445875186 0.21240588551745662 0.08282248471160888 -0.008211059737357026 0.007765013319372176 0.21240588523891163 0.08282248448338396 0.007765013318706685 0.21240588549387052 0.1507413426475619 0.8544854018329348 0.21240588527643023 0.3464317614122906 0.10603447679950387 -0.008211059776938513 0.16577276201287405
109 0.007765012873246227 0.2734747874846865 0.15283426702113334 0.19989036066551036 0.1979906882326771 0.17191859468665074 0.26484004762536995 0.47046712852271366 0.6835277241830378 0.17191859463998124 0.2648400475388881 0.683527723895879 0.1719185950534196 0.2734747881342333 0.0077650136039805265 0.1719185946293023 0.016930614938408077 0.03501244414981039 0.47046712971917987 0.33267362119521415
67 0.08282248438309824 0.10472700760794407 0.09736843315273565 0.12081353813751988 0.1008529753398351 0.11014503205848071 0.7656081459456185 0.20754383175350177 0.2648400477097901 0.11014503222107844 0.7656081454682196 0.26484004745834044 0.11014503230319186 0.10472700792275666 0.08282248478664352 0.11014503204774784 0.3104700116357884 0.5313123790725091 0.20754383202055812 0.32271395712158646
33 0.1998303744542278 0.3393283366642787 0.5640630894701884 0.3886033135209816 0.25442859883291136 0.47056832355304334 0.09736843327168557 0.26657095676892556 0.15283426697233396 0.4705683233916161 0.0973684328732832 0.15283426689473636 0.4705683237861325 0.3393283369106682 0.19983037606451595 0.47056832370576207 0.1592995799177855 0.07119132206760895 0.26657095758475985 0.1787563620184054
44 -0.00821105999680979 0.2971264391321012 0.2665709570762764 0.2907692934433104 0.21455637401143146 0.2779908009077806 0.20754383195504722 0.6039809694857968 0.470467129377998 0.2779908008922967 0.20754383173968133 0.47046712941276536 0.2779908013706386 0.29712643935006516 -0.008211059672441984 0.27799080109498076 0.04381101332469032 0.054350104539637754 0.6039809695599806 0.22193060530781716
175 0.8544854006586353 0.15074134237613085 0.19983037528145914 0.2158701505933265 0.23356563445875186 0.21240588551745662 0.08282248471160888 -0.008211059737357026 0.007765013319372176 0.21240588523891163 0.08282248448338396 0.007765013318706685 0.21240588549387052 0.1507413426475619 0.8544854018329348 0.21240588527643023 0.3464317614122906 0.10603447679950387 -0.008211059776938513 0.16577276201287405
4 0.15074134201248762 0.65864434010353 0.3393283367302681 0.3142180821961669 0.1542437702270372 0.33422238461070713 0.10472700786434264 0.2971264389635767 0.2734747878551312 0.3342223845869755 0.10472700762146119 0.27347478768254463 0.3342223849042813 0.6586443409906759 0.1507413429219656 0.33422238472259935 0.034155009091013974 -0.0089086124583531 0.2971264394743487 0.23047018486310433
48 0.05763998414448019 0.47874732343803234 0.3798532440240971 0.31342126049704505 0.21416578032951036 0.37502405067271316 0.09718276537830096 0.46679448320745653 0.3045982615627717 0.3750240506366791 0.09718276513790351 0.3045982615624621 0.37502405129441496 0.47874732410441756 0.0576399847138712 0.37502405080532913 0.03779452801198621 0.0029034507949789417 0.4667944831480884 0.1755477918416347
56 -0.00821105999680979 0.2971264391321012 0.2665709570762764 0.2907692934433104 0.21455637401143146 0.2779908009077806 0.20754383195504722 0.6039809694857968 0.470467129377998 0.2779908008922967 0.20754383173968133 0.47046712941276536 0.2779908013706386 0.29712643935006516 -0.008211059672441984 0.27799080109498076 0.04381101332469032 0.054350104539637754 0.6039809695599806 0.22193060530781716
8 0.05763998414448019 0.47874732343803234 0.3798532440240971 0.31342126049704505 0.21416578032951036 0.37502405067271316 0.09718276537830096 0.46679448320745653 0.3045982615627717 0.3750240506366791 0.09718276513790351 0.3045982615624621 0.37502405129441496 0.47874732410441756 0.0576399847138712 0.37502405080532913 0.03779452801198621 0.0029034507949789417 0.4667944831480884 0.1755477918416347
151 0.10603447660532818 -0.00890861254187369 0.07119132206760714 0.07869050275390617 0.09047409407594557 0.06921105523615398 0.5313123793152476 0.05435010424527509 0.035012444287477115 0.06921105523056424 0.5313123789668575 0.03501244410338626 0.0692110552936711 -0.008908612361959195 0.10603447706916315 0.06921105520881339 0.42121026189243915 1.0721314427418853 0.05435010486186611 0.19727847582957167
55 0.21240588470166857 0.33422238471402194 0.4705683234800913 0.4515534983838501 0.2754079443599321 0.468040567308947 0.1101450323902464 0.2779908005509406 0.17191859463142717 0.46804056711258607 0.11014503203348591 0.17191859471480628 0.4680405675022824 0.33422238495536044 0.21240588605180172 0.4680405672278951 0.15685765998439435 0.0692110552109229 0.27799080144274174 0.20395492315942884
121 0.8544854006586353 0.15074134237613085 0.19983037528145914 0.2158701505933265 0.23356563445875186 0.21240588551745662 0.08282248471160888 -0.008211059737357026 0.007765013319372176 0.21240588523891163 0.08282248448338396 0.007765013318706685 0.21240588549387052 0.1507413426475619 0.8544854018329348 0.21240588527643023 0.3464317614122906 0.10603447679950387 -0.008211059776938513 0.16577276201287405
32 -0.00821105999680979 0.2971264391321012 0.2665709570762764 0.2907692934433104 0.21455637401143146 0.2779908009077806 0.20754383195504722 0.6039809694857968 0.470467129377998 0.2779908008922967 0.20754383173968133 0.47046712941276536 0.2779908013706386 0.29712643935006516 -0.008211059672441984 0.27799080109498076 0.04381101332469032 0.054350104539637754 0.6039809695599806 0.22193060530781716
118 0.8544854006586353 0.15074134237613085 0.19983037528145914 0.2158701505933265 0.23356563445875186 0.21240588551745662 0.08282248471160888 -0.008211059737357026 0.007765013319372176 0.21240588523891163 0.08282248448338396 0.007765013318706685 0.21240588549387052 0.1507413426475619 0.8544854018329348 0.21240588527643023 0.3464317614122906 0.10603447679950387 -0.008211059776938513 0.16577276201287405
103 0.10603447660532818 -0.00890861254187369 0.07119132206760714 0.07869050275390617 0.09047409407594557 0.06921105523615398 0.5313123793152476 0.05435010424527509 0.035012444287477115 0.06921105523056424 0.5313123789668575 0.03501244410338626 0.0692110552936711 -0.008908612361959195 0.10603447706916315 0.06921105520881339 0.42121026189243915 1.0721314427418853 0.05435010486186611 0.19727847582957167
133 0.007765012873246227 0.2734747874846865 0.15283426702113334 0.19989036066551036 0.1979906882326771 0.17191859468665074 0.26484004762536995 0.47046712852271366 0.6835277241830378 0.17191859463998124 0.2648400475388881 0.683527723895879 0.1719185950534196 0.2734747881342333 0.0077650136039805265 0.1719185946293023 0.016930614938408077 0.03501244414981039 0.47046712971917987 0.33267362119521415
50 0.15074134201248762 0.65864434010353 0.3393283367302681 0.3142180821961669 0.1542437702270372 0.33422238461070713 0.10472700786434264 0.2971264389635767 0.2734747878551312 0.3342223845869755 0.10472700762146119 0.27347478768254463 0.3342223849042813 0.6586443409906759 0.1507413429219656 0.33422238472259935 0.034155009091013974 -0.0089086124583531 0.2971264394743487 0.23047018486310433
94 -0.005601071584743918 0.24945840349295872 0.12649459564364526 0.103799923616864 0.2339604975647234 0.08082211398923744 0.005998832919093282 0.34960504313954477 0.8431847408424322 0.08082211391507252 0.0059988326687366 0.84318474091335 0.08082211427974798 0.24945840455503634 -0.005601070238842106 0.08082211410044335 -0.06815220895837684 -0.01070571260976804 0.34960504634754236 0.16744490933996506
14 -0.00821105999680979 0.2971264391321012 0.2665709570762764 0.2907692934433104 0.21455637401143146 0.2779908009077806 0.20754383195504722 0.6039809694857968 0.470467129377998 0.2779908008922967 0.20754383173968133 0.47046712941276536 0.2779908013706386 0.29712643935006516 -0.008211059672441984 0.27799080109498076 0.04381101332469032 0.054350104539637754 0.6039809695599806 0.22193060530781716
101 0.08282248438309824 0.10472700760794407 0.09736843315273565 0.12081353813751988 0.1008529753398351 0.11014503205848071 0.7656081459456185 0.20754383175350177 0.2648400477097901 0.11014503222107844 0.7656081454682196 0.26484004745834044 0.11014503230319186 0.10472700792275666 0.08282248478664352 0.11014503204774784 0.3104700116357884 0.5313123790725091 0.20754383202055812 0.32271395712158646
37 0.21587014998295323 0.31421808189000183 0.3886033135209991 0.5608700959633988 0.26658427125888196 0.45155349837296427 0.12081353834568022 0.2907692933292246 0.19989036082455153 0.4515534981682519 0.12081353793178279 0.1998903605607891 0.4515534987342309 0.31421808225693354 0.2158701513232379 0.45155349854399324 0.13957479178972376 0.07869050275390833 0.2907692938869356 0.23066406823414695
17 0.21240588470166857 0.33422238471402194 0.4705683234800913 0.4515534983838501 0.2754079443599321 0.468040567308947 0.1101450323902464 0.2779908005509406 0.17191859463142717 0.46804056711258607 0.11014503203348591 0.17191859471480628 0.4680405675022824 0.33422238495536044 0.21240588605180172 0.4680405672278951 0.15685765998439435 0.0692110552109229 0.27799080144274174 0.20395492315942884
130 0.08282248438309824 0.10472700760794407 0.09736843315273565 0.12081353813751988 0.1008529753398351 0.11014503205848071 0.7656081459456185 0.20754383175350177 0.2648400477097901 0.11014503222107844 0.7656081454682196 0.26484004745834044 0.11014503230319186 0.10472700792275666 0.08282248478664352 0.11014503204774784 0.3104700116357884 0.5313123790725091 0.20754383202055812 0.32271395712158646
221 0.10603447660532818 -0.00890861254187369 0.07119132206760714 0.07869050275390617 0.09047409407594557 0.06921105523615398 0.5313123793152476 0.05435010424527509 0.035012444287477115 0.06921105523056424 0.5313123789668575 0.03501244410338626 0.0692110552936711 -0.008908612361959195 0.10603447706916315 0.06921105520881339 0.42121026189243915 1.0721314427418853 0.05435010486186611 0.19727847582957167
23 0.21240588470166857 0.33422238471402194 0.4705683234800913 0.4515534983838501 0.2754079443599321 0.468040567308947 0.1101450323902464 0.2779908005509406 0.17191859463142717 0.46804056711258607 0.11014503203348591 0.17191859471480628 0.4680405675022824 0.33422238495536044 0.21240588605180172 0.4680405672278951 0.15685765998439435 0.0692110552109229 0.27799080144274174 0.20395492315942884
90 0.8544854006586353 0.15074134237613085 0.19983037528145914 0.2158701505933265 0.23356563445875186 0.21240588551745662 0.08282248471160888 -0.008211059737357026 0.007765013319372176 0.21240588523891163 0.08282248448338396 0.007765013318706685 0.21240588549387052 0.1507413426475619 0.8544854018329348 0.21240588527643023 0.3464317614122906 0.10603447679950387 -0.008211059776938513 0.16577276201287405
194 0.2335656340223705 0.15424377004228232 0.25442859883291896 0.26658427125889284 0.9273015738075198 0.27540794427129656 0.1008529755210019 0.21455637382551043 0.19799068834845016 0.2754079442922359 0.10085297524537566 0.19799068825994404 0.2754079446570412 0.1542437703806307 0.2335656346286651 0.2754079443317056 0.2693164753177479 0.09047409407594499 0.21455637427815732 0.522202449721739
112 0.16577276167095292 0.23047018448633116 0.17875636201841727 0.23066406823416385 0.522202449721739 0.20395492311336133 0.3227139574403577 0.22193060498402906 0.33267362137372913 0.20395492313545066 0.32271395697085803 0.33267362111199184 0.20395492350367972 0.23047018493069138 0.16577276227688933 0.20395492317681468 0.35555444388847346 0.1972784758295703 0.22193060555512156 0.7880888024280281
88 0.8544854006586353 0.15074134237613085 0.19983037528145914 0.2158701505933265 0.23356563445875186 0.21240588551745662 0.08282248471160888 -0.008211059737357026 0.007765013319372176 0.21240588523891163 0.08282248448338396 0.007765013318706685 0.21240588549387052 0.1507413426475619 0.8544854018329348 0.21240588527643023 0.3464317614122906 0.10603447679950387 -0.008211059776938513 0.16577276201287405
91 0.8544854006586353 0.15074134237613085 0.19983037528145914 0.2158701505933265 0.23356563445875186 0.21240588551745662 0.08282248471160888 -0.008211059737357026 0.007765013319372176 0.21240588523891163 0.08282248448338396 0.007765013318706685 0.21240588549387052 0.1507413426475619 0.8544854018329348 0.21240588527643023 0.3464317614122906 0.10603447679950387 -0.008211059776938513 0.16577276201287405
214 0.08282248438309824 0.10472700760794407 0.09736843315273565 0.12081353813751988 0.1008529753398351 0.11014503205848071 0.7656081459456185 0.20754383175350177 0.2648400477097901 0.11014503222107844 0.7656081454682196 0.26484004745834044 0.11014503230319186 0.10472700792275666 0.08282248478664352 0.11014503204774784 0.3104700116357884 0.5313123790725091 0.20754383202055812 0.32271395712158646
29 0.21240588470166857 0.33422238471402194 0.4705683234800913 0.4515534983838501 0.2754079443599321 0.468040567308947 0.1101450323902464 0.2779908005509406 0.17191859463142717 0.46804056711258607 0.11014503203348591 0.17191859471480628 0.4680405675022824 0.33422238495536044 0.21240588605180172 0.4680405672278951 0.15685765998439435 0.0692110552109229 0.27799080144274174 0.20395492315942884
187 0.10603447660532818 -0.00890861254187369 0.07119132206760714 0.07869050275390617 0.09047409407594557 0.06921105523615398 0.5313123793152476 0.05435010424527509 0.035012444287477115 0.06921105523056424 0.5313123789668575 0.03501244410338626 0.0692110552936711 -0.008908612361959195 0.10603447706916315 0.06921105520881339 0.42121026189243915 1.0721314427418853 0.05435010486186611 0.19727847582957167
206 0.16577276167095292 0.23047018448633116 0.17875636201841727 0.23066406823416385 0.522202449721739 0.20395492311336133 0.3227139574403577 0.22193060498402906 0.33267362137372913 0.20395492313545066 0.32271395697085803 0.33267362111199184 0.20395492350367972 0.23047018493069138 0.16577276227688933 0.20395492317681468 0.35555444388847346 0.1972784758295703 0.22193060555512156 0.7880888024280281
220 0.10603447660532818 -0.00890861254187369 0.07119132206760714 0.07869050275390617 0.09047409407594557 0.06921105523615398 0.5313123793152476 0.05435010424527509 0.035012444287477115 0.06921105523056424 0.5313123789668575 0.03501244410338626 0.0692110552936711 -0.008908612361959195 0.10603447706916315 0.06921105520881339 0.42121026189243915 1.0721314427418853 0.05435010486186611 0.19727847582957167
31 0.21240588470166857 0.33422238471402194 0.4705683234800913 0.4515534983838501 0.2754079443599321 0.468040567308947 0.1101450323902464 0.2779908005509406 0.17191859463142717 0.46804056711258607 0.11014503203348591 0.17191859471480628 0.4680405675022824 0.33422238495536044 0.21240588605180172 0.4680405672278951 0.15685765998439435 0.0692110552109229 0.27799080144274174 0.20395492315942884
25 0.21240588470166857 0.33422238471402194 0.4705683234800913 0.4515534983838501 0.2754079443599321 0.468040567308947 0.1101450323902464 0.2779908005509406 0.17191859463142717 0.46804056711258607 0.11014503203348591 0.17191859471480628 0.4680405675022824 0.33422238495536044 0.21240588605180172 0.4680405672278951 0.15685765998439435 0.0692110552109229 0.27799080144274174 0.20395492315942884
150 0.08282248438309824 0.10472700760794407 0.09736843315273565 0.12081353813751988 0.1008529753398351 0.11014503205848071 0.7656081459456185 0.20754383175350177 0.2648400477097901 0.11014503222107844 0.7656081454682196 0.26484004745834044 0.11014503230319186 0.10472700792275666 0.08282248478664352 0.11014503204774784 0.3104700116357884 0.5313123790725091 0.20754383202055812 0.32271395712158646
95 0.8544854006586353 0.15074134237613085 0.19983037528145914 0.2158701505933265 0.23356563445875186 0.21240588551745662 0.08282248471160888 -0.008211059737357026 0.007765013319372176 0.21240588523891163 0.08282248448338396 0.007765013318706685 0.21240588549387052 0.1507413426475619 0.8544854018329348 0.21240588527643023 0.3464317614122906 0.10603447679950387 -0.008211059776938513 0.16577276201287405
191 0.34643176115380064 0.034155008892334374 0.15929957991778934 0.13957479178972512 0.26931647531774827 0.15685766008026053 0.31047001169848704 0.04381101308303168 0.016930615097023493 0.15685765998730303 0.31047001143316405 0.01693061490563802 0.15685766010124286 0.0341550091907473 0.3464317615474489 0.15685765989155628 1.020195270910259 0.4212102618924383 0.04381101368629851 0.35555444388847424
12 0.15074134201248762 0.65864434010353 0.3393283367302681 0.3142180821961669 0.1542437702270372 0.33422238461070713 0.10472700786434264 0.2971264389635767 0.2734747878551312 0.3342223845869755 0.10472700762146119 0.27347478768254463 0.3342223849042813 0.6586443409906759 0.1507413429219656 0.33422238472259935 0.034155009091013974 -0.0089086124583531 0.2971264394743487 0.23047018486310433
185 0.08282248438309824 0.10472700760794407 0.09736843315273565 0.12081353813751988 0.1008529753398351 0.11014503205848071 0.7656081459456185 0.20754383175350177 0.2648400477097901 0.11014503222107844 0.7656081454682196 0.26484004745834044 0.11014503230319186 0.10472700792275666 0.08282248478664352 0.11014503204774784 0.3104700116357884 0.5313123790725091 0.20754383202055812 0.32271395712158646
43 0.21240588470166857 0.33422238471402194 0.4705683234800913 0.4515534983838501 0.2754079443599321 0.468040567308947 0.1101450323902464 0.2779908005509406 0.17191859463142717 0.46804056711258607 0.11014503203348591 0.17191859471480628 0.4680405675022824 0.33422238495536044 0.21240588605180172 0.4680405672278951 0.15685765998439435 0.0692110552109229 0.27799080144274174 0.20395492315942884
5 0.21240588470166857 0.33422238471402194 0.4705683234800913 0.4515534983838501 0.2754079443599321 0.468040567308947 0.1101450323902464 0.2779908005509406 0.17191859463142717 0.46804056711258607 0.11014503203348591 0.17191859471480628 0.4680405675022824 0.33422238495536044 0.21240588605180172 0.4680405672278951 0.15685765998439435 0.0692110552109229 0.27799080144274174 0.20395492315942884
61 0.34643176115380064 0.034155008892334374 0.15929957991778934 0.13957479178972512 0.26931647531774827 0.15685766008026053 0.31047001169848704 0.04381101308303168 0.016930615097023493 0.15685765998730303 0.31047001143316405 0.01693061490563802 0.15685766010124286 0.0341550091907473 0.3464317615474489 0.15685765989155628 1.020195270910259 0.4212102618924383 0.04381101368629851 0.35555444388847424
3 0.21240588470166857 0.33422238471402194 0.4705683234800913 0.4515534983838501 0.2754079443599321 0.468040567308947 0.1101450323902464 0.2779908005509406 0.17191859463142717 0.46804056711258607 0.11014503203348591 0.17191859471480628 0.4680405675022824 0.33422238495536044 0.21240588605180172 0.4680405672278951 0.15685765998439435 0.0692110552109229 0.27799080144274174 0.20395492315942884
53 0.21587014998295323 0.31421808189000183 0.3886033135209991 0.5608700959633988 0.26658427125888196 0.45155349837296427 0.12081353834568022 0.2907692933292246 0.19989036082455153 0.4515534981682519 0.12081353793178279 0.1998903605607891 0.4515534987342309 0.31421808225693354 0.2158701513232379 0.45155349854399324 0.13957479178972376 0.07869050275390833 0.2907692938869356 0.23066406823414695
21 0.21587014998295323 0.31421808189000183 0.3886033135209991 0.5608700959633988 0.26658427125888196 0.45155349837296427 0.12081353834568022 0.2907692933292246 0.19989036082455153 0.4515534981682519 0.12081353793178279 0.1998903605607891 0.4515534987342309 0.31421808225693354 0.2158701513232379 0.45155349854399324 0.13957479178972376 0.07869050275390833 0.2907692938869356 0.23066406823414695
70 -0.005601071584743918 0.24945840349295872 0.12649459564364526 0.103799923616864 0.2339604975647234 0.08082211398923744 0.005998832919093282 0.34960504313954477 0.8431847408424322 0.08082211391507252 0.0059988326687366 0.84318474091335 0.08082211427974798 0.24945840455503634 -0.005601070238842106 0.08082211410044335 -0.06815220895837684 -0.01070571260976804 0.34960504634754236 0.16744490933996506
7 0.21240588470166857 0.33422238471402194 0.4705683234800913 0.4515534983838501 0.2754079443599321 0.468040567308947 0.1101450323902464 0.2779908005509406 0.17191859463142717 0.46804056711258607 0.11014503203348591 0.17191859471480628 0.4680405675022824 0.33422238495536044 0.21240588605180172 0.4680405672278951 0.15685765998439435 0.0692110552109229 0.27799080144274174 0.20395492315942884
195 -0.005601071584743918 0.24945840349295872 0.12649459564364526 0.103799923616864 0.2339604975647234 0.08082211398923744 0.005998832919093282 0.34960504313954477 0.8431847408424322 0.08082211391507252 0.0059988326687366 0.84318474091335 0.08082211427974798 0.24945840455503634 -0.005601070238842106 0.08082211410044335 -0.06815220895837684 -0.01070571260976804 0.34960504634754236 0.16744490933996506
86 0.2335656340223705 0.15424377004228232 0.25442859883291896 0.26658427125889284 0.9273015738075198 0.27540794427129656 0.1008529755210019 0.21455637382551043 0.19799068834845016 0.2754079442922359 0.10085297524537566 0.19799068825994404 0.2754079446570412 0.1542437703806307 0.2335656346286651 0.2754079443317056 0.2693164753177479 0.09047409407594499 0.21455637427815732 0.522202449721739
159 0.34643176115380064 0.034155008892334374 0.15929957991778934 0.13957479178972512 0.26931647531774827 0.15685766008026053 0.31047001169848704 0.04381101308303168 0.016930615097023493 0.15685765998730303 0.31047001143316405 0.01693061490563802 0.15685766010124286 0.0341550091907473 0.3464317615474489 0.15685765989155628 1.020195270910259 0.4212102618924383 0.04381101368629851 0.35555444388847424
47 0.21240588470166857 0.33422238471402194 0.4705683234800913 0.4515534983838501 0.2754079443599321 0.468040567308947 0.1101450323902464 0.2779908005509406 0.17191859463142717 0.46804056711258607 0.11014503203348591 0.17191859471480628 0.4680405675022824 0.33422238495536044 0.21240588605180172 0.4680405672278951 0.15685765998439435 0.0692110552109229 0.27799080144274174 0.20395492315942884
63 0.16577276167095292 0.23047018448633116 0.17875636201841727 0.23066406823416385 0.522202449721739 0.20395492311336133 0.3227139574403577 0.22193060498402906 0.33267362137372913 0.20395492313545066 0.32271395697085803 0.33267362111199184 0.20395492350367972 0.23047018493069138 0.16577276227688933 0.20395492317681468 0.35555444388847346 0.1972784758295703 0.22193060555512156 0.7880888024280281
149 0.08282248438309824 0.10472700760794407 0.09736843315273565 0.12081353813751988 0.1008529753398351 0.11014503205848071 0.7656081459456185 0.20754383175350177 0.2648400477097901 0.11014503222107844 0.7656081454682196 0.26484004745834044 0.11014503230319186 0.10472700792275666 0.08282248478664352 0.11014503204774784 0.3104700116357884 0.5313123790725091 0.20754383202055812 0.32271395712158646
155 0.10603447660532818 -0.00890861254187369 0.07119132206760714 0.07869050275390617 0.09047409407594557 0.06921105523615398 0.5313123793152476 0.05435010424527509 0.035012444287477115 0.06921105523056424 0.5313123789668575 0.03501244410338626 0.0692110552936711 -0.008908612361959195 0.10603447706916315 0.06921105520881339 0.42121026189243915 1.0721314427418853 0.05435010486186611 0.19727847582957167
168 0.8544854006586353 0.15074134237613085 0.19983037528145914 0.2158701505933265 0.23356563445875186 0.21240588551745662 0.08282248471160888 -0.008211059737357026 0.007765013319372176 0.21240588523891163 0.08282248448338396 0.007765013318706685 0.21240588549387052 0.1507413426475619 0.8544854018329348 0.21240588527643023 0.3464317614122906 0.10603447679950387 -0.008211059776938513 0.16577276201287405
57 0.1998303744542278 0.3393283366642787 0.5640630894701884 0.3886033135209816 0.25442859883291136 0.47056832355304334 0.09736843327168557 0.26657095676892556 0.15283426697233396 0.4705683233916161 0.0973684328732832 0.15283426689473636 0.4705683237861325 0.3393283369106682 0.19983037606451595 0.47056832370576207 0.1592995799177855 0.07119132206760895 0.26657095758475985 0.1787563620184054
0 0.05763998414448019 0.47874732343803234 0.3798532440240971 0.31342126049704505 0.21416578032951036 0.37502405067271316 0.09718276537830096 0.46679448320745653 0.3045982615627717 0.3750240506366791 0.09718276513790351 0.3045982615624621 0.37502405129441496 0.47874732410441756 0.0576399847138712 0.37502405080532913 0.03779452801198621 0.0029034507949789417 0.4667944831480884 0.1755477918416347
54 0.05763998414448019 0.47874732343803234 0.3798532440240971 0.31342126049704505 0.21416578032951036 0.37502405067271316 0.09718276537830096 0.46679448320745653 0.3045982615627717 0.3750240506366791 0.09718276513790351 0.3045982615624621 0.37502405129441496 0.47874732410441756 0.0576399847138712 0.37502405080532913 0.03779452801198621 0.0029034507949789417 0.4667944831480884 0.1755477918416347
160 0.16577276167095292 0.23047018448633116 0.17875636201841727 0.23066406823416385 0.522202449721739 0.20395492311336133 0.3227139574403577 0.22193060498402906 0.33267362137372913 0.20395492313545066 0.32271395697085803 0.33267362111199184 0.20395492350367972 0.23047018493069138 0.16577276227688933 0.20395492317681468 0.35555444388847346 0.1972784758295703 0.22193060555512156 0.7880888024280281
131 0.10603447660532818 -0.00890861254187369 0.07119132206760714 0.07869050275390617 0.09047409407594557 0.06921105523615398 0.5313123793152476 0.05435010424527509 0.035012444287477115 0.06921105523056424 0.5313123789668575 0.03501244410338626 0.0692110552936711 -0.008908612361959195 0.10603447706916315 0.06921105520881339 0.42121026189243915 1.0721314427418853 0.05435010486186611 0.19727847582957167
145 0.34643176115380064 0.034155008892334374 0.15929957991778934 0.13957479178972512 0.26931647531774827 0.15685766008026053 0.31047001169848704 0.04381101308303168 0.016930615097023493 0.15685765998730303 0.31047001143316405 0.01693061490563802 0.15685766010124286 0.0341550091907473 0.3464317615474489 0.15685765989155628 1.020195270910259 0.4212102618924383 0.04381101368629851 0.35555444388847424
178 0.8544854006586353 0.15074134237613085 0.19983037528145914 0.2158701505933265 0.23356563445875186 0.21240588551745662 0.08282248471160888 -0.008211059737357026 0.007765013319372176 0.21240588523891163 0.08282248448338396 0.007765013318706685 0.21240588549387052 0.1507413426475619 0.8544854018329348 0.21240588527643023 0.3464317614122906 0.10603447679950387 -0.008211059776938513 0.16577276201287405
77 0.08282248438309824 0.10472700760794407 0.09736843315273565 0.12081353813751988 0.1008529753398351 0.11014503205848071 0.7656081459456185 0.20754383175350177 0.2648400477097901 0.11014503222107844 0.7656081454682196 0.26484004745834044 0.11014503230319186 0.10472700792275666 0.08282248478664352 0.11014503204774784 0.3104700116357884 0.5313123790725091 0.20754383202055812 0.32271395712158646
1 0.21240588470166857 0.33422238471402194 0.4705683234800913 0.4515534983838501 0.2754079443599321 0.468040567308947 0.1101450323902464 0.2779908005509406 0.17191859463142717 0.46804056711258607 0.11014503203348591 0.17191859471480628 0.4680405675022824 0.33422238495536044 0.21240588605180172 0.4680405672278951 0.15685765998439435 0.0692110552109229 0.27799080144274174 0.20395492315942884
46 -0.00821105999680979 0.2971264391321012 0.2665709570762764 0.2907692934433104 0.21455637401143146 0.2779908009077806 0.20754383195504722 0.6039809694857968 0.470467129377998 0.2779908008922967 0.20754383173968133 0.47046712941276536 0.2779908013706386 0.29712643935006516 -0.008211059672441984 0.27799080109498076 0.04381101332469032 0.054350104539637754 0.6039809695599806 0.22193060530781716
192 0.16577276167095292 0.23047018448633116 0.17875636201841727 0.23066406823416385 0.522202449721739 0.20395492311336133 0.3227139574403577 0.22193060498402906 0.33267362137372913 0.20395492313545066 0.32271395697085803 0.33267362111199184 0.20395492350367972 0.23047018493069138 0.16577276227688933 0.20395492317681468 0.35555444388847346 0.1972784758295703 0.22193060555512156 0.7880888024280281
38 0.15074134201248762 0.65864434010353 0.3393283367302681 0.3142180821961669 0.1542437702270372 0.33422238461070713 0.10472700786434264 0.2971264389635767 0.2734747878551312 0.3342223845869755 0.10472700762146119 0.27347478768254463 0.3342223849042813 0.6586443409906759 0.1507413429219656 0.33422238472259935 0.034155009091013974 -0.0089086124583531 0.2971264394743487 0.23047018486310433
108 0.10603447660532818 -0.00890861254187369 0.07119132206760714 0.07869050275390617 0.09047409407594557 0.06921105523615398 0.5313123793152476 0.05435010424527509 0.035012444287477115 0.06921105523056424 0.5313123789668575 0.03501244410338626 0.0692110552936711 -0.008908612361959195 0.10603447706916315 0.06921105520881339 0.42121026189243915 1.0721314427418853 0.05435010486186611 0.19727847582957167
110 0.34643176115380064 0.034155008892334374 0.15929957991778934 0.13957479178972512 0.26931647531774827 0.15685766008026053 0.31047001169848704 0.04381101308303168 0.016930615097023493 0.15685765998730303 0.31047001143316405 0.01693061490563802 0.15685766010124286 0.0341550091907473 0.3464317615474489 0.15685765989155628 1.020195270910259 0.4212102618924383 0.04381101368629851 0.35555444388847424
199 0.8544854006586353 0.15074134237613085 0.19983037528145914 0.2158701505933265 0.23356563445875186 0.21240588551745662 0.08282248471160888 -0.008211059737357026 0.007765013319372176 0.21240588523891163 0.08282248448338396 0.007765013318706685 0.21240588549387052 0.1507413426475619 0.8544854018329348 0.21240588527643023 0.3464317614122906 0.10603447679950387 -0.008211059776938513 0.16577276201287405
210 0.34643176115380064 0.034155008892334374 0.15929957991778934 0.13957479178972512 0.26931647531774827 0.15685766008026053 0.31047001169848704 0.04381101308303168 0.016930615097023493 0.15685765998730303 0.31047001143316405 0.01693061490563802 0.15685766010124286 0.0341550091907473 0.3464317615474489 0.15685765989155628 1.020195270910259 0.4212102618924383 0.04381101368629851 0.35555444388847424
89 0.8544854006586353 0.15074134237613085 0.19983037528145914 0.2158701505933265 0.23356563445875186 0.21240588551745662 0.08282248471160888 -0.008211059737357026 0.007765013319372176 0.21240588523891163 0.08282248448338396 0.007765013318706685 0.21240588549387052 0.1507413426475619 0.8544854018329348 0.21240588527643023 0.3464317614122906 0.10603447679950387 -0.008211059776938513 0.16577276201287405
85 0.16577276167095292 0.23047018448633116 0.17875636201841727 0.23066406823416385 0.522202449721739 0.20395492311336133 0.3227139574403577 0.22193060498402906 0.33267362137372913 0.20395492313545066 0.32271395697085803 0.33267362111199184 0.20395492350367972 0.23047018493069138 0.16577276227688933 0.20395492317681468 0.35555444388847346 0.1972784758295703 0.22193060555512156 0.7880888024280281
113 0.16577276167095292 0.23047018448633116 0.17875636201841727 0.23066406823416385 0.522202449721739 0.20395492311336133 0.3227139574403577 0.22193060498402906 0.33267362137372913 0.20395492313545066 0.32271395697085803 0.33267362111199184 0.20395492350367972 0.23047018493069138 0.16577276227688933 0.20395492317681468 0.35555444388847346 0.1972784758295703 0.22193060555512156 0.7880888024280281
162 0.2335656340223705 0.15424377004228232 0.25442859883291896 0.26658427125889284 0.9273015738075198 0.27540794427129656 0.1008529755210019 0.21455637382551043 0.19799068834845016 0.2754079442922359 0.10085297524537566 0.19799068825994404 0.2754079446570412 0.1542437703806307 0.2335656346286651 0.2754079443317056 0.2693164753177479 0.09047409407594499 0.21455637427815732 0.522202449721739
115 -0.005601071584743918 0.24945840349295872 0.12649459564364526 0.103799923616864 0.2339604975647234 0.08082211398923744 0.005998832919093282 0.34960504313954477 0.8431847408424322 0.08082211391507252 0.0059988326687366 0.84318474091335 0.08082211427974798 0.24945840455503634 -0.005601070238842106 0.08082211410044335 -0.06815220895837684 -0.01070571260976804 0.34960504634754236 0.16744490933996506
201 0.8544854006586353 0.15074134237613085 0.19983037528145914 0.2158701505933265 0.23356563445875186 0.21240588551745662 0.08282248471160888 -0.008211059737357026 0.007765013319372176 0.21240588523891163 0.08282248448338396 0.007765013318706685 0.21240588549387052 0.1507413426475619 0.8544854018329348 0.21240588527643023 0.3464317614122906 0.10603447679950387 -0.008211059776938513 0.16577276201287405
81 0.007765012873246227 0.2734747874846865 0.15283426702113334 0.19989036066551036 0.1979906882326771 0.17191859468665074 0.26484004762536995 0.47046712852271366 0.6835277241830378 0.17191859463998124 0.2648400475388881 0.683527723895879 0.1719185950534196 0.2734747881342333 0.0077650136039805265 0.1719185946293023 0.016930614938408077 0.03501244414981039 0.47046712971917987 0.33267362119521415
19 0.21587014998295323 0.31421808189000183 0.3886033135209991 0.5608700959633988 0.26658427125888196 0.45155349837296427 0.12081353834568022 0.2907692933292246 0.19989036082455153 0.4515534981682519 0.12081353793178279 0.1998903605607891 0.4515534987342309 0.31421808225693354 0.2158701513232379 0.45155349854399324 0.13957479178972376 0.07869050275390833 0.2907692938869356 0.23066406823414695
27 0.21240588470166857 0.33422238471402194 0.4705683234800913 0.4515534983838501 0.2754079443599321 0.468040567308947 0.1101450323902464 0.2779908005509406 0.17191859463142717 0.46804056711258607 0.11014503203348591 0.17191859471480628 0.4680405675022824 0.33422238495536044 0.21240588605180172 0.4680405672278951 0.15685765998439435 0.0692110552109229 0.27799080144274174 0.20395492315942884
99 0.8544854006586353 0.15074134237613085 0.19983037528145914 0.2158701505933265 0.23356563445875186 0.21240588551745662 0.08282248471160888 -0.008211059737357026 0.007765013319372176 0.21240588523891163 0.08282248448338396 0.007765013318706685 0.21240588549387052 0.1507413426475619 0.8544854018329348 0.21240588527643023 0.3464317614122906 0.10603447679950387 -0.008211059776938513 0.16577276201287405
52 0.05763998414448019 0.47874732343803234 0.3798532440240971 0.31342126049704505 0.21416578032951036 0.37502405067271316 0.09718276537830096 0.46679448320745653 0.3045982615627717 0.3750240506366791 0.09718276513790351 0.3045982615624621 0.37502405129441496 0.47874732410441756 0.0576399847138712 0.37502405080532913 0.03779452801198621 0.0029034507949789417 0.4667944831480884 0.1755477918416347
72 0.8544854006586353 0.15074134237613085 0.19983037528145914 0.2158701505933265 0.23356563445875186 0.21240588551745662 0.08282248471160888 -0.008211059737357026 0.007765013319372176 0.21240588523891163 0.08282248448338396 0.007765013318706685 0.21240588549387052 0.1507413426475619 0.8544854018329348 0.21240588527643023 0.3464317614122906 0.10603447679950387 -0.008211059776938513 0.16577276201287405
106 0.08282248438309824 0.10472700760794407 0.09736843315273565 0.12081353813751988 0.1008529753398351 0.11014503205848071 0.7656081459456185 0.20754383175350177 0.2648400477097901 0.11014503222107844 0.7656081454682196 0.26484004745834044 0.11014503230319186 0.10472700792275666 0.08282248478664352 0.11014503204774784 0.3104700116357884 0.5313123790725091 0.20754383202055812 0.32271395712158646
157 0.007765012873246227 0.2734747874846865 0.15283426702113334 0.19989036066551036 0.1979906882326771 0.17191859468665074 0.26484004762536995 0.47046712852271366 0.6835277241830378 0.17191859463998124 0.2648400475388881 0.683527723895879 0.1719185950534196 0.2734747881342333 0.0077650136039805265 0.1719185946293023 0.016930614938408077 0.03501244414981039 0.47046712971917987 0.33267362119521415
207 0.2335656340223705 0.15424377004228232 0.25442859883291896 0.26658427125889284 0.9273015738075198 0.27540794427129656 0.1008529755210019 0.21455637382551043 0.19799068834845016 0.2754079442922359 0.10085297524537566 0.19799068825994404 0.2754079446570412 0.1542437703806307 0.2335656346286651 0.2754079443317056 0.2693164753177479 0.09047409407594499 0.21455637427815732 0.522202449721739
141 0.10603447660532818 -0.00890861254187369 0.07119132206760714 0.07869050275390617 0.09047409407594557 0.06921105523615398 0.5313123793152476 0.05435010424527509 0.035012444287477115 0.06921105523056424 0.5313123789668575 0.03501244410338626 0.0692110552936711 -0.008908612361959195 0.10603447706916315 0.06921105520881339 0.42121026189243915 1.0721314427418853 0.05435010486186611 0.19727847582957167
58 -0.00821105999680979 0.2971264391321012 0.2665709570762764 0.2907692934433104 0.21455637401143146 0.2779908009077806 0.20754383195504722 0.6039809694857968 0.470467129377998 0.2779908008922967 0.20754383173968133 0.47046712941276536 0.2779908013706386 0.29712643935006516 -0.008211059672441984 0.27799080109498076 0.04381101332469032 0.054350104539637754 0.6039809695599806 0.22193060530781716
98 0.8544854006586353 0.15074134237613085 0.19983037528145914 0.2158701505933265 0.23356563445875186 0.21240588551745662 0.08282248471160888 -0.008211059737357026 0.007765013319372176 0.21240588523891163 0.08282248448338396 0.007765013318706685 0.21240588549387052 0.1507413426475619 0.8544854018329348 0.21240588527643023 0.3464317614122906 0.10603447679950387 -0.008211059776938513 0.16577276201287405
20 0.15074134201248762 0.65864434010353 0.3393283367302681 0.3142180821961669 0.1542437702270372 0.33422238461070713 0.10472700786434264 0.2971264389635767 0.2734747878551312 0.3342223845869755 0.10472700762146119 0.27347478768254463 0.3342223849042813 0.6586443409906759 0.1507413429219656 0.33422238472259935 0.034155009091013974 -0.0089086124583531 0.2971264394743487 0.23047018486310433
142 0.10603447660532818 -0.00890861254187369 0.07119132206760714 0.07869050275390617 0.09047409407594557 0.06921105523615398 0.5313123793152476 0.05435010424527509 0.035012444287477115 0.06921105523056424 0.5313123789668575 0.03501244410338626 0.0692110552936711 -0.008908612361959195 0.10603447706916315 0.06921105520881339 0.42121026189243915 1.0721314427418853 0.05435010486186611 0.19727847582957167
126 0.8544854006586353 0.15074134237613085 0.19983037528145914 0.2158701505933265 0.23356563445875186 0.21240588551745662 0.08282248471160888 -0.008211059737357026 0.007765013319372176 0.21240588523891163 0.08282248448338396 0.007765013318706685 0.21240588549387052 0.1507413426475619 0.8544854018329348 0.21240588527643023 0.3464317614122906 0.10603447679950387 -0.008211059776938513 0.16577276201287405
202 0.007765012873246227 0.2734747874846865 0.15283426702113334 0.19989036066551036 0.1979906882326771 0.17191859468665074 0.26484004762536995 0.47046712852271366 0.6835277241830378 0.17191859463998124 0.2648400475388881 0.683527723895879 0.1719185950534196 0.2734747881342333 0.0077650136039805265 0.1719185946293023 0.016930614938408077 0.03501244414981039 0.47046712971917987 0.33267362119521415
134 0.34643176115380064 0.034155008892334374 0.15929957991778934 0.13957479178972512 0.26931647531774827 0.15685766008026053 0.31047001169848704 0.04381101308303168 0.016930615097023493 0.15685765998730303 0.31047001143316405 0.01693061490563802 0.15685766010124286 0.0341550091907473 0.3464317615474489 0.15685765989155628 1.020195270910259 0.4212102618924383 0.04381101368629851 0.35555444388847424
167 0.8544854006586353 0.15074134237613085 0.19983037528145914 0.2158701505933265 0.23356563445875186 0.21240588551745662 0.08282248471160888 -0.008211059737357026 0.007765013319372176 0.21240588523891163 0.08282248448338396 0.007765013318706685 0.21240588549387052 0.1507413426475619 0.8544854018329348 0.21240588527643023 0.3464317614122906 0.10603447679950387 -0.008211059776938513 0.16577276201287405
13 0.21240588470166857 0.33422238471402194 0.4705683234800913 0.4515534983838501 0.2754079443599321 0.468040567308947 0.1101450323902464 0.2779908005509406 0.17191859463142717 0.46804056711258607 0.11014503203348591 0.17191859471480628 0.4680405675022824 0.33422238495536044 0.21240588605180172 0.4680405672278951 0.15685765998439435 0.0692110552109229 0.27799080144274174 0.20395492315942884
182 0.08282248438309824 0.10472700760794407 0.09736843315273565 0.12081353813751988 0.1008529753398351 0.11014503205848071 0.7656081459456185 0.20754383175350177 0.2648400477097901 0.11014503222107844 0.7656081454682196 0.26484004745834044 0.11014503230319186 0.10472700792275666 0.08282248478664352 0.11014503204774784 0.3104700116357884 0.5313123790725091 0.20754383202055812 0.32271395712158646
154 0.08282248438309824 0.10472700760794407 0.09736843315273565 0.12081353813751988 0.1008529753398351 0.11014503205848071 0.7656081459456185 0.20754383175350177 0.2648400477097901 0.11014503222107844 0.7656081454682196 0.26484004745834044 0.11014503230319186 0.10472700792275666 0.08282248478664352 0.11014503204774784 0.3104700116357884 0.5313123790725091 0.20754383202055812 0.32271395712158646
69 0.10603447660532818 -0.00890861254187369 0.07119132206760714 0.07869050275390617 0.09047409407594557 0.06921105523615398 0.5313123793152476 0.05435010424527509 0.035012444287477115 0.06921105523056424 0.5313123789668575 0.03501244410338626 0.0692110552936711 -0.008908612361959195 0.10603447706916315 0.06921105520881339 0.42121026189243915 1.0721314427418853 0.05435010486186611 0.19727847582957167
165 0.8544854006586353 0.15074134237613085 0.19983037528145914 0.2158701505933265 0.23356563445875186 0.21240588551745662 0.08282248471160888 -0.008211059737357026 0.007765013319372176 0.21240588523891163 0.08282248448338396 0.007765013318706685 0.21240588549387052 0.1507413426475619 0.8544854018329348 0.21240588527643023 0.3464317614122906 0.10603447679950387 -0.008211059776938513 0.16577276201287405
135 0.34643176115380064 0.034155008892334374 0.15929957991778934 0.13957479178972512 0.26931647531774827 0.15685766008026053 0.31047001169848704 0.04381101308303168 0.016930615097023493 0.15685765998730303 0.31047001143316405 0.01693061490563802 0.15685766010124286 0.0341550091907473 0.3464317615474489 0.15685765989155628 1.020195270910259 0.4212102618924383 0.04381101368629851 0.35555444388847424
203 0.34643176115380064 0.034155008892334374 0.15929957991778934 0.13957479178972512 0.26931647531774827 0.15685766008026053 0.31047001169848704 0.04381101308303168 0.016930615097023493 0.15685765998730303 0.31047001143316405 0.01693061490563802 0.15685766010124286 0.0341550091907473 0.3464317615474489 0.15685765989155628 1.020195270910259 0.4212102618924383 0.04381101368629851 0.35555444388847424
92 0.8544854006586353 0.15074134237613085 0.19983037528145914 0.2158701505933265 0.23356563445875186 0.21240588551745662 0.08282248471160888 -0.008211059737357026 0.007765013319372176 0.21240588523891163 0.08282248448338396 0.007765013318706685 0.21240588549387052 0.1507413426475619 0.8544854018329348 0.21240588527643023 0.3464317614122906 0.10603447679950387 -0.008211059776938513 0.16577276201287405
140 0.08282248438309824 0.10472700760794407 0.09736843315273565 0.12081353813751988 0.1008529753398351 0.11014503205848071 0.7656081459456185 0.20754383175350177 0.2648400477097901 0.11014503222107844 0.7656081454682196 0.26484004745834044 0.11014503230319186 0.10472700792275666 0.08282248478664352 0.11014503204774784 0.3104700116357884 0.5313123790725091 0.20754383202055812 0.32271395712158646
66 0.08282248438309824 0.10472700760794407 0.09736843315273565 0.12081353813751988 0.1008529753398351 0.11014503205848071 0.7656081459456185 0.20754383175350177 0.2648400477097901 0.11014503222107844 0.7656081454682196 0.26484004745834044 0.11014503230319186 0.10472700792275666 0.08282248478664352 0.11014503204774784 0.3104700116357884 0.5313123790725091 0.20754383202055812 0.32271395712158646
193 0.16577276167095292 0.23047018448633116 0.17875636201841727 0.23066406823416385 0.522202449721739 0.20395492311336133 0.3227139574403577 0.22193060498402906 0.33267362137372913 0.20395492313545066 0.32271395697085803 0.33267362111199184 0.20395492350367972 0.23047018493069138 0.16577276227688933 0.20395492317681468 0.35555444388847346 0.1972784758295703 0.22193060555512156 0.7880888024280281
40 -0.00821105999680979 0.2971264391321012 0.2665709570762764 0.2907692934433104 0.21455637401143146 0.2779908009077806 0.20754383195504722 0.6039809694857968 0.470467129377998 0.2779908008922967 0.20754383173968133 0.47046712941276536 0.2779908013706386 0.29712643935006516 -0.008211059672441984 0.27799080109498076 0.04381101332469032 0.054350104539637754 0.6039809695599806 0.22193060530781716
68 0.10603447660532818 -0.00890861254187369 0.07119132206760714 0.07869050275390617 0.09047409407594557 0.06921105523615398 0.5313123793152476 0.05435010424527509 0.035012444287477115 0.06921105523056424 0.5313123789668575 0.03501244410338626 0.0692110552936711 -0.008908612361959195 0.10603447706916315 0.06921105520881339 0.42121026189243915 1.0721314427418853 0.05435010486186611 0.19727847582957167
188 0.10603447660532818 -0.00890861254187369 0.07119132206760714 0.07869050275390617 0.09047409407594557 0.06921105523615398 0.5313123793152476 0.05435010424527509 0.035012444287477115 0.06921105523056424 0.5313123789668575 0.03501244410338626 0.0692110552936711 -0.008908612361959195 0.10603447706916315 0.06921105520881339 0.42121026189243915 1.0721314427418853 0.05435010486186611 0.19727847582957167
153 0.08282248438309824 0.10472700760794407 0.09736843315273565 0.12081353813751988 0.1008529753398351 0.11014503205848071 0.7656081459456185 0.20754383175350177 0.2648400477097901 0.11014503222107844 0.7656081454682196 0.26484004745834044 0.11014503230319186 0.10472700792275666 0.08282248478664352 0.11014503204774784 0.3104700116357884 0.5313123790725091 0.20754383202055812 0.32271395712158646
174 -0.005601071584743918 0.24945840349295872 0.12649459564364526 0.103799923616864 0.2339604975647234 0.08082211398923744 0.005998832919093282 0.34960504313954477 0.8431847408424322 0.08082211391507252 0.0059988326687366 0.84318474091335 0.08082211427974798 0.24945840455503634 -0.005601070238842106 0.08082211410044335 -0.06815220895837684 -0.01070571260976804 0.34960504634754236 0.16744490933996506
148 0.2335656340223705 0.15424377004228232 0.25442859883291896 0.26658427125889284 0.9273015738075198 0.27540794427129656 0.1008529755210019 0.21455637382551043 0.19799068834845016 0.2754079442922359 0.10085297524537566 0.19799068825994404 0.2754079446570412 0.1542437703806307 0.2335656346286651 0.2754079443317056 0.2693164753177479 0.09047409407594499 0.21455637427815732 0.522202449721739
129 0.08282248438309824 0.10472700760794407 0.09736843315273565 0.12081353813751988 0.1008529753398351 0.11014503205848071 0.7656081459456185 0.20754383175350177 0.2648400477097901 0.11014503222107844 0.7656081454682196 0.26484004745834044 0.11014503230319186 0.10472700792275666 0.08282248478664352 0.11014503204774784 0.3104700116357884 0.5313123790725091 0.20754383202055812 0.32271395712158646
107 0.10603447660532818 -0.00890861254187369 0.07119132206760714 0.07869050275390617 0.09047409407594557 0.06921105523615398 0.5313123793152476 0.05435010424527509 0.035012444287477115 0.06921105523056424 0.5313123789668575 0.03501244410338626 0.0692110552936711 -0.008908612361959195 0.10603447706916315 0.06921105520881339 0.42121026189243915 1.0721314427418853 0.05435010486186611 0.19727847582957167
120 0.8544854006586353 0.15074134237613085 0.19983037528145914 0.2158701505933265 0.23356563445875186 0.21240588551745662 0.08282248471160888 -0.008211059737357026 0.007765013319372176 0.21240588523891163 0.08282248448338396 0.007765013318706685 0.21240588549387052 0.1507413426475619 0.8544854018329348 0.21240588527643023 0.3464317614122906 0.10603447679950387 -0.008211059776938513 0.16577276201287405
73 0.8544854006586353 0.15074134237613085 0.19983037528145914 0.2158701505933265 0.23356563445875186 0.21240588551745662 0.08282248471160888 -0.008211059737357026 0.007765013319372176 0.21240588523891163 0.08282248448338396 0.007765013318706685 0.21240588549387052 0.1507413426475619 0.8544854018329348 0.21240588527643023 0.3464317614122906 0.10603447679950387 -0.008211059776938513 0.16577276201287405
163 -0.005601071584743918 0.24945840349295872 0.12649459564364526 0.103799923616864 0.2339604975647234 0.08082211398923744 0.005998832919093282 0.34960504313954477 0.8431847408424322 0.08082211391507252 0.0059988326687366 0.84318474091335 0.08082211427974798 0.24945840455503634 -0.005601070238842106 0.08082211410044335 -0.06815220895837684 -0.01070571260976804 0.34960504634754236 0.16744490933996506
82 0.34643176115380064 0.034155008892334374 0.15929957991778934 0.13957479178972512 0.26931647531774827 0.15685766008026053 0.31047001169848704 0.04381101308303168 0.016930615097023493 0.15685765998730303 0.31047001143316405 0.01693061490563802 0.15685766010124286 0.0341550091907473 0.3464317615474489 0.15685765989155628 1.020195270910259 0.4212102618924383 0.04381101368629851 0.35555444388847424
39 0.21240588470166857 0.33422238471402194 0.4705683234800913 0.4515534983838501 0.2754079443599321 0.468040567308947 0.1101450323902464 0.2779908005509406 0.17191859463142717 0.46804056711258607 0.11014503203348591 0.17191859471480628 0.4680405675022824 0.33422238495536044 0.21240588605180172 0.4680405672278951 0.15685765998439435 0.0692110552109229 0.27799080144274174 0.20395492315942884
116 0.8544854006586353 0.15074134237613085 0.19983037528145914 0.2158701505933265 0.23356563445875186 0.21240588551745662 0.08282248471160888 -0.008211059737357026 0.007765013319372176 0.21240588523891163 0.08282248448338396 0.007765013318706685 0.21240588549387052 0.1507413426475619 0.8544854018329348 0.21240588527643023 0.3464317614122906 0.10603447679950387 -0.008211059776938513 0.16577276201287405
180 0.8544854006586353 0.15074134237613085 0.19983037528145914 0.2158701505933265 0.23356563445875186 0.21240588551745662 0.08282248471160888 -0.008211059737357026 0.007765013319372176 0.21240588523891163 0.08282248448338396 0.007765013318706685 0.21240588549387052 0.1507413426475619 0.8544854018329348 0.21240588527643023 0.3464317614122906 0.10603447679950387 -0.008211059776938513 0.16577276201287405
