7 0.38518289805353323 0.26584832533979696 0.264173327129178 0.3329204053863702 0.323888497933143 0.33002314917027076 0.49864324278713346 0.32452909288520304 0.10335758412553243 0.38518290257077303 0.10335758418546027 0.2347173231422388 0.3329204055609572 0.19030571232141555 0.32388849795330166 0.10335758411398462 0.13198904704192568 0.1319890471553659 0.13198904716292953 0.3374440826615332
184 0.05543776388522152 0.06237049812985319 0.02592018890659035 0.3057182666696796 0.31123393874423955 0.0876208472165767 0.018898445135360493 0.07404680188395778 0.7224556910479423 0.05543776380961473 0.7224556910539527 0.07540622883479892 0.3057182666211473 0.024809630043265203 0.31123393871660593 0.7224556905364183 0.07958605866844752 0.07958605777392916 0.07958605808001296 0.06311354361623382
37 0.11181382698256903 0.10083269365149802 0.07410269053381507 0.689694734469799 0.2592513740863893 0.19227694652121616 0.03606848840852512 0.07555091632034311 0.3287761614715421 0.11181382739104326 0.3287761615300402 0.05137929178986892 0.6896947345941485 0.0008707352538414044 0.2592513740258067 0.3287761613000144 0.2364757877982273 0.23647578753078244 0.23647578763411578 0.27005490876746474
189 0.2296921935950799 0.1599752363828869 0.27088617736561527 0.03054857296500451 0.3442364428574061 0.26320730851515306 0.3769190707426566 0.8627700706149212 0.05148471499977427 0.2296921958916524 0.05148471504424495 0.6299844956628775 0.030548573170574897 0.3131719198624038 0.34423644282883953 0.051484714953981936 0.026430047243099067 0.026430047401933082 0.0264300474911847 0.28605163887702023
38 0.41241933367042655 0.27004435048112335 0.44549922177383927 0.054213792124712216 0.28619746495049725 0.13974016596699257 0.6727151832189303 0.37599905774696313 0.02957360127021999 0.41241933711154893 0.02957360127329314 0.40181838107460693 0.054213792491701614 0.518175660643414 0.2861974648699111 0.02957360119829789 0.06350196725784618 0.06350196644788139 0.0635019668559408 0.3814168728806063
10 0.3040838137929183 0.22731544661361597 0.6186913262204324 -0.01727944632474368 0.11247159502848897 0.14275586759087885 0.7878686303778962 0.34112677343745706 -0.013832757679344903 0.30408381505520293 -0.01383275779554812 0.35796345867623797 -0.017279446435265213 0.61001143144829 0.11247159503176493 -0.013832757742279175 0.0017094981599532345 0.0017094984381072868 0.0017094984790817435 0.29505203816087855
88 0.2513953114382725 0.2242391137374547 0.07907628814955361 0.2789322560820171 0.1198603796660193 0.21929237413218633 -0.003783909761378473 0.019351903792074333 0.07958605830432784 0.25139531221334827 0.07958605838780512 0.017383139125947095 0.27893225628115514 0.08494300386757608 0.11986037956331021 0.07958605829758925 0.706809684996006 0.706809684912197 0.7068096849825788 0.24287458796515393
183 0.05543776388522152 0.06237049812985319 0.02592018890659035 0.3057182666696796 0.31123393874423955 0.0876208472165767 0.018898445135360493 0.07404680188395778 0.7224556910479423 0.05543776380961473 0.7224556910539527 0.07540622883479892 0.3057182666211473 0.024809630043265203 0.31123393871660593 0.7224556905364183 0.07958605866844752 0.07958605777392916 0.07958605808001296 0.06311354361623382
17 0.37874931130860784 0.35842914628612843 0.4974324504611822 0.09888449132548335 0.20088584529001743 0.1642169142337204 0.7722343509470252 0.3180489976758048 0.04593290268091208 0.3787493131791339 0.04593290271419244 0.3774954979641656 0.09888449133927955 0.46812380582712115 0.20088584535987133 0.045932902629127505 0.02597082166102576 0.02597082171307471 0.02597082178136608 0.2999110252919843
133 0.18063019320888193 0.1851315601445207 0.2646906190843731 0.03383328250347265 0.2949970829779904 0.2994597921517751 0.3208496888051503 0.962961702223598 0.07404680193320234 0.18063019380055584 0.07404680190938359 0.6264163775193283 0.03383328252784603 0.2713696645207214 0.29499708299324057 0.07404680182598146 0.019351903732286308 0.019351903748839105 0.019351903894286076 0.2248277790056258
81 0.18063019320888193 0.1851315601445207 0.2646906190843731 0.03383328250347265 0.2949970829779904 0.2994597921517751 0.3208496888051503 0.962961702223598 0.07404680193320234 0.18063019380055584 0.07404680190938359 0.6264163775193283 0.03383328252784603 0.2713696645207214 0.29499708299324057 0.07404680182598146 0.019351903732286308 0.019351903748839105 0.019351903894286076 0.2248277790056258
23 0.5164654814533 0.5562179381484932 0.4231668028637327 0.15251418351273938 0.13502702419189722 0.2967635252652937 0.2843231651521664 0.18513156014450635 0.06237049811949572 0.5164654828000799 0.06237049815030065 0.312717288599292 0.15251418347001675 0.41115177703442235 0.1350270242027789 0.06237049811962327 0.2242391139395218 0.22423911354062268 0.22423911380621803 0.5123991767214763
107 0.05543776388522152 0.06237049812985319 0.02592018890659035 0.3057182666696796 0.31123393874423955 0.0876208472165767 0.018898445135360493 0.07404680188395778 0.7224556910479423 0.05543776380961473 0.7224556910539527 0.07540622883479892 0.3057182666211473 0.024809630043265203 0.31123393871660593 0.7224556905364183 0.07958605866844752 0.07958605777392916 0.07958605808001296 0.06311354361623382
34 0.26491475089555194 0.1634649459659261 0.49407108268994027 -0.00955283184266727 0.1882572394776211 0.1921140154665729 0.701156328734357 0.5570136428999494 -0.020411089696572834 0.2649147541783801 -0.020411089729262095 0.5848112426860677 -0.00955283165838989 0.4331421349537378 0.18825723956113438 -0.020411089711608252 -0.015631624886690353 -0.01563162430930415 -0.0156316244415686 0.2734554835044183
22 0.3656587895261775 0.26803835946188476 0.5872112150232636 -0.00324766316723044 0.13092165447816695 0.13976369241640724 0.7013977116233249 0.3337391778139206 -0.0035429860645803833 0.3656587912233612 -0.0035429861835887737 0.35131712469689136 -0.003247662996675992 0.6271378359843335 0.13092165444808815 -0.0035429861513850093 0.04014876437557109 0.040148764176713744 0.04014876443587919 0.3616429061875696
144 0.14360597259212995 0.15251418349071544 0.04747602243032943 0.7469297549921406 0.31438663080968654 0.2793251963792507 0.018671743111240115 0.03383328239099957 0.3057182666521377 0.1436059730145399 0.3057182667961997 0.05897969793970393 0.7469297552397665 0.044497294038413154 0.3143866306278688 0.30571826651080986 0.27893225632655294 0.27893225593846405 0.2789322559697202 0.14484123938956406
51 0.5262784847368587 0.4547368771022879 0.37479688332187266 0.1367830781516895 0.17608966188951186 0.27980395172165007 0.28776465384645167 0.21504199809009353 0.05104404285441615 0.5262784876471583 0.05104404280774667 0.25112124435554534 0.1367830783761181 0.40365896353043446 0.17608966185676905 0.05104404274578341 0.2827072708105579 0.28270727047070215 0.28270727080746155 0.563781809994992
93 0.2513953114382725 0.2242391137374547 0.07907628814955361 0.2789322560820171 0.1198603796660193 0.21929237413218633 -0.003783909761378473 0.019351903792074333 0.07958605830432784 0.25139531221334827 0.07958605838780512 0.017383139125947095 0.27893225628115514 0.08494300386757608 0.11986037956331021 0.07958605829758925 0.706809684996006 0.706809684912197 0.7068096849825788 0.24287458796515393
139 0.07732025732160354 0.19187991366520726 0.10753248797716093 0.20706108791767278 0.6128099169288507 0.16289308885847406 0.09771707104104524 0.41242175636523104 0.49249996554486725 0.07732025552202597 0.492499965329842 0.28886547933191165 0.2070610878080205 0.09854089625074174 0.6128099168615435 0.49249996508644883 0.06122753723753561 0.06122753720510375 0.06122753710853959 0.09775269460103696
26 0.4387490355798664 0.38529845105941 0.5695902550917505 0.04458615195611887 0.14076436837895556 0.20783147353393275 0.5528083819429709 0.2943596142405246 0.017115375644943687 0.43874903768662105 0.01711537562287488 0.3915796594952643 0.04458615212094831 0.5556965549726277 0.14076436836142114 0.017115375613021372 0.09392705369912757 0.09392705393990859 0.09392705391996233 0.4117503289026377
132 0.05543776388522152 0.06237049812985319 0.02592018890659035 0.3057182666696796 0.31123393874423955 0.0876208472165767 0.018898445135360493 0.07404680188395778 0.7224556910479423 0.05543776380961473 0.7224556910539527 0.07540622883479892 0.3057182666211473 0.024809630043265203 0.31123393871660593 0.7224556905364183 0.07958605866844752 0.07958605777392916 0.07958605808001296 0.06311354361623382
94 0.2054286294293639 -0.015481956176084265 0.27003644220091505 -0.052330063963913244 0.1512691004775798 0.23792857209081283 0.30773895767631776 1.0539482984725284 -0.048870614999994864 0.20542863420411545 -0.048870614937917695 0.5351685149435008 -0.05233006346617124 0.24693372830726115 0.15126910053418308 -0.04887061489721567 0.00958322958032054 0.00958323007583541 0.00958322995507681 0.20411185054013134
102 0.07732025732160354 0.19187991366520726 0.10753248797716093 0.20706108791767278 0.6128099169288507 0.16289308885847406 0.09771707104104524 0.41242175636523104 0.49249996554486725 0.07732025552202597 0.492499965329842 0.28886547933191165 0.2070610878080205 0.09854089625074174 0.6128099168615435 0.49249996508644883 0.06122753723753561 0.06122753720510375 0.06122753710853959 0.09775269460103696
52 0.270632944687696 0.24923212103649164 0.6302425741542164 -0.015364310499641029 0.09766786041804867 0.12256827260249419 0.7552576200129895 0.3594120611060685 -0.01059868260249921 0.27063294499028606 -0.010598682683887577 0.4463034854082434 -0.015364310645943659 0.6079076555396932 0.09766786047065604 -0.01059868267197883 -0.003129938919266475 -0.003129938563267532 -0.0031299385327892074 0.2879460753986355
54 0.3313381090436878 0.30638379752764233 0.6130876029570335 0.0039301643063027894 0.11365647823016806 0.14974590215693398 0.6793509302798193 0.3469150241022047 7.171272203885753e-05 0.3313381097748692 7.171266477589099e-05 0.4460768343861698 0.003930164242780251 0.5981502604281268 0.11365647823317544 7.171265326942225e-05 0.026049271419696894 0.026049271729147186 0.026049271744589025 0.3413857118674116
151 0.05543776388522152 0.06237049812985319 0.02592018890659035 0.3057182666696796 0.31123393874423955 0.0876208472165767 0.018898445135360493 0.07404680188395778 0.7224556910479423 0.05543776380961473 0.7224556910539527 0.07540622883479892 0.3057182666211473 0.024809630043265203 0.31123393871660593 0.7224556905364183 0.07958605866844752 0.07958605777392916 0.07958605808001296 0.06311354361623382
28 0.2852850801646679 0.3299236572540712 0.4049537346410421 0.05919162735867606 0.23308616251278455 0.2450813614227196 0.48787373034092285 0.5385418073795097 0.06495627595031753 0.28528508143020603 0.06495627596424351 0.7446597770432299 0.05919162747813941 0.4088140688710641 0.2330861625238161 0.06495627583600774 0.020098797850142253 0.020098797938928513 0.020098798075940612 0.3517700881996928
86 0.26189093572444666 0.2967635252653187 0.17877763314787448 0.2793251963949792 0.12398273433715735 1.0352122292520753 0.11425922980305539 0.29945979215178 0.08762084724240843 0.2618909362916337 0.08762084722270387 0.3026317871160692 0.2793251963378371 0.16895492185945132 0.1239827342903857 0.08762084722987219 0.21929237393835088 0.21929237397789403 0.2192923742074511 0.3068884790558112
179 0.1559115899853323 0.10017327612512585 0.10563344893595764 0.5772343694098677 0.4465778053889699 0.10209514802623855 0.036081060151851044 0.017623847242039595 0.21813580237135766 0.15591159111605235 0.2181358023941519 -0.004643836616513025 0.577234369606724 0.027893434636236628 0.44657780530656765 0.21813580223748982 0.44127363656934177 0.44127363730708846 0.44127363681728743 0.15058137745337058
193 0.25099511458734614 0.11238167807482516 0.1980251992932106 0.3239382084299894 0.3844484175040226 0.7435737986673215 0.1713440239128393 0.563926986571363 0.18804237692704992 0.2509951176054983 0.18804237715345895 0.2430002395544461 0.323938208568662 0.17255421214942654 0.38444841751005493 0.1880423769755713 0.14506762706993623 0.1450676272977936 0.14506762729376305 0.32373426833713886
78 0.14578106241811797 0.147841464084181 0.1207098893312775 0.33067240185964036 0.7489971203796508 0.15248022787376242 0.13762772165932183 0.29427759121485825 0.32359739969369933 0.14578106301088836 0.32359739965014517 0.26970941126894565 0.3306724022325622 0.10046316784455551 0.7489971203499903 0.3235973994420711 0.10042622943917745 0.10042622955425035 0.10042622930037741 0.12672776218212478
66 0.07732025732160354 0.19187991366520726 0.10753248797716093 0.20706108791767278 0.6128099169288507 0.16289308885847406 0.09771707104104524 0.41242175636523104 0.49249996554486725 0.07732025552202597 0.492499965329842 0.28886547933191165 0.2070610878080205 0.09854089625074174 0.6128099168615435 0.49249996508644883 0.06122753723753561 0.06122753720510375 0.06122753710853959 0.09775269460103696
221 0.05543776388522152 0.06237049812985319 0.02592018890659035 0.3057182666696796 0.31123393874423955 0.0876208472165767 0.018898445135360493 0.07404680188395778 0.7224556910479423 0.05543776380961473 0.7224556910539527 0.07540622883479892 0.3057182666211473 0.024809630043265203 0.31123393871660593 0.7224556905364183 0.07958605866844752 0.07958605777392916 0.07958605808001296 0.06311354361623382
219 0.07732025732160354 0.19187991366520726 0.10753248797716093 0.20706108791767278 0.6128099169288507 0.16289308885847406 0.09771707104104524 0.41242175636523104 0.49249996554486725 0.07732025552202597 0.492499965329842 0.28886547933191165 0.2070610878080205 0.09854089625074174 0.6128099168615435 0.49249996508644883 0.06122753723753561 0.06122753720510375 0.06122753710853959 0.09775269460103696
126 0.2513953114382725 0.2242391137374547 0.07907628814955361 0.2789322560820171 0.1198603796660193 0.21929237413218633 -0.003783909761378473 0.019351903792074333 0.07958605830432784 0.25139531221334827 0.07958605838780512 0.017383139125947095 0.27893225628115514 0.08494300386757608 0.11986037956331021 0.07958605829758925 0.706809684996006 0.706809684912197 0.7068096849825788 0.24287458796515393
213 0.26189093572444666 0.2967635252653187 0.17877763314787448 0.2793251963949792 0.12398273433715735 1.0352122292520753 0.11425922980305539 0.29945979215178 0.08762084724240843 0.2618909362916337 0.08762084722270387 0.3026317871160692 0.2793251963378371 0.16895492185945132 0.1239827342903857 0.08762084722987219 0.21929237393835088 0.21929237397789403 0.2192923742074511 0.3068884790558112
9 0.45757915151809253 0.272392231891811 0.25226153602970036 0.2150877466311193 0.21244533363090112 0.5021923484236529 0.29200964254273964 0.2759230275582274 0.03038926967533464 0.45757915646180325 0.030389269725218333 0.18505070215317668 0.21508774705961103 0.24236054350449418 0.21244533372169142 0.030389269784726673 0.3309995980153258 0.3309995980036703 0.33099959799665285 0.539655021309412
103 0.05543776388522152 0.06237049812985319 0.02592018890659035 0.3057182666696796 0.31123393874423955 0.0876208472165767 0.018898445135360493 0.07404680188395778 0.7224556910479423 0.05543776380961473 0.7224556910539527 0.07540622883479892 0.3057182666211473 0.024809630043265203 0.31123393871660593 0.7224556905364183 0.07958605866844752 0.07958605777392916 0.07958605808001296 0.06311354361623382
194 0.26189093572444666 0.2967635252653187 0.17877763314787448 0.2793251963949792 0.12398273433715735 1.0352122292520753 0.11425922980305539 0.29945979215178 0.08762084724240843 0.2618909362916337 0.08762084722270387 0.3026317871160692 0.2793251963378371 0.16895492185945132 0.1239827342903857 0.08762084722987219 0.21929237393835088 0.21929237397789403 0.2192923742074511 0.3068884790558112
39 0.4331924914993801 0.41570200734958535 0.5978094049768746 0.045765885648075405 0.11032140958792563 0.16938281257878543 0.5880838439428808 0.25491956336234434 0.02589869899466573 0.43319249268779253 0.025898698866794398 0.33770023449880154 0.04576588556015916 0.594679058902963 0.11032140958052991 0.02589869890408607 0.08364413534571358 0.08364413521711957 0.08364413538249557 0.3682665561362589
162 0.26189093572444666 0.2967635252653187 0.17877763314787448 0.2793251963949792 0.12398273433715735 1.0352122292520753 0.11425922980305539 0.29945979215178 0.08762084724240843 0.2618909362916337 0.08762084722270387 0.3026317871160692 0.2793251963378371 0.16895492185945132 0.1239827342903857 0.08762084722987219 0.21929237393835088 0.21929237397789403 0.2192923742074511 0.3068884790558112
46 0.3105352657108229 0.3475299760852633 0.4347576687704855 0.05984096152648319 0.22753617780516602 0.20007118664456816 0.557414737462383 0.46644128310261895 0.060088509093866246 0.310535266984502 0.06008850904040105 0.6897847384371958 0.05984096148995473 0.45029504772004786 0.22753617783349178 0.06008850898669343 0.020807539983833043 0.020807539913474473 0.020807540045913363 0.3542122478392337
0 0.30355263071305066 0.3218486767074096 0.6193394944224742 0.008233003996131943 0.1097244871870825 0.17412338351939607 0.6359322019819422 0.3864750646174394 9.150854299912965e-06 0.3035526309861227 9.15079620824072e-06 0.5446290687615196 0.008233003847987162 0.551267917209693 0.109724487259171 9.150819773853647e-06 0.017604177297631095 0.017604177959370512 0.01760417785318164 0.33096650815969825
150 0.14505605759152634 0.1350270242217866 0.11097261622787712 0.31438663074404455 0.768999203978819 0.12398273433781627 0.14706096579712719 0.2949970829946775 0.3112339388495641 0.14505605806545296 0.311233938871363 0.22565779591953516 0.314386630818954 0.11660840671095488 0.768999203958099 0.31123393852201725 0.1198603797450525 0.11986037920970519 0.11986037956114283 0.157266305527699
168 0.2513953114382725 0.2242391137374547 0.07907628814955361 0.2789322560820171 0.1198603796660193 0.21929237413218633 -0.003783909761378473 0.019351903792074333 0.07958605830432784 0.25139531221334827 0.07958605838780512 0.017383139125947095 0.27893225628115514 0.08494300386757608 0.11986037956331021 0.07958605829758925 0.706809684996006 0.706809684912197 0.7068096849825788 0.24287458796515393
170 0.11153424888425385 0.16804675934955202 0.10759450507617362 0.2712703871121786 0.7132043010751211 0.1440336565491374 0.12056358179940026 0.34994766477093936 0.3954759361265272 0.11153424809785108 0.3954759363009027 0.2716808236293343 0.2712703870358103 0.10756287283484106 0.7132043010359641 0.3954759361040327 0.08920960513764112 0.08920960526806197 0.08920960502570081 0.14081686710949584
191 0.14360597259212995 0.15251418349071544 0.04747602243032943 0.7469297549921406 0.31438663080968654 0.2793251963792507 0.018671743111240115 0.03383328239099957 0.3057182666521377 0.1436059730145399 0.3057182667961997 0.05897969793970393 0.7469297552397665 0.044497294038413154 0.3143866306278688 0.30571826651080986 0.27893225632655294 0.27893225593846405 0.2789322559697202 0.14484123938956406
4 0.29491418990895535 0.2287795911189993 0.6177005666549595 -0.0194602941405794 0.1070111967097447 0.12628000388831856 0.7720488679625844 0.34108816658921237 -0.01182318831867503 0.29491419100263044 -0.011823188416945424 0.3843907059654005 -0.019460294162136255 0.6280764389607925 0.10701119673150314 -0.011823188365659022 0.001541030452064832 0.0015410306302164939 0.0015410306918289512 0.29925159537404966
147 0.25099511458734614 0.11238167807482516 0.1980251992932106 0.3239382084299894 0.3844484175040226 0.7435737986673215 0.1713440239128393 0.563926986571363 0.18804237692704992 0.2509951176054983 0.18804237715345895 0.2430002395544461 0.323938208568662 0.17255421214942654 0.38444841751005493 0.1880423769755713 0.14506762706993623 0.1450676272977936 0.14506762729376305 0.32373426833713886
84 0.25099511458734614 0.11238167807482516 0.1980251992932106 0.3239382084299894 0.3844484175040226 0.7435737986673215 0.1713440239128393 0.563926986571363 0.18804237692704992 0.2509951176054983 0.18804237715345895 0.2430002395544461 0.323938208568662 0.17255421214942654 0.38444841751005493 0.1880423769755713 0.14506762706993623 0.1450676272977936 0.14506762729376305 0.32373426833713886
76 0.2513953114382725 0.2242391137374547 0.07907628814955361 0.2789322560820171 0.1198603796660193 0.21929237413218633 -0.003783909761378473 0.019351903792074333 0.07958605830432784 0.25139531221334827 0.07958605838780512 0.017383139125947095 0.27893225628115514 0.08494300386757608 0.11986037956331021 0.07958605829758925 0.706809684996006 0.706809684912197 0.7068096849825788 0.24287458796515393
19 0.31659414735694796 0.2669449702213504 0.5403985093310241 0.030990528448207044 0.16843146355439906 0.15338560012329125 0.8329881614966402 0.35644243895849304 0.010633247293277012 0.3165941490573844 0.010633247225082604 0.3854340884593857 0.03099052845001564 0.5172419536465124 0.16843146360859634 0.010633247264913234 -0.0028748351637924723 -0.0028748349291437443 -0.0028748349162792683 0.2798384884876437
216 0.05543776388522152 0.06237049812985319 0.02592018890659035 0.3057182666696796 0.31123393874423955 0.0876208472165767 0.018898445135360493 0.07404680188395778 0.7224556910479423 0.05543776380961473 0.7224556910539527 0.07540622883479892 0.3057182666211473 0.024809630043265203 0.31123393871660593 0.7224556905364183 0.07958605866844752 0.07958605777392916 0.07958605808001296 0.06311354361623382
153 0.14505605759152634 0.1350270242217866 0.11097261622787712 0.31438663074404455 0.768999203978819 0.12398273433781627 0.14706096579712719 0.2949970829946775 0.3112339388495641 0.14505605806545296 0.311233938871363 0.22565779591953516 0.314386630818954 0.11660840671095488 0.768999203958099 0.31123393852201725 0.1198603797450525 0.11986037920970519 0.11986037956114283 0.157266305527699
214 0.11153424888425385 0.16804675934955202 0.10759450507617362 0.2712703871121786 0.7132043010751211 0.1440336565491374 0.12056358179940026 0.34994766477093936 0.3954759361265272 0.11153424809785108 0.3954759363009027 0.2716808236293343 0.2712703870358103 0.10756287283484106 0.7132043010359641 0.3954759361040327 0.08920960513764112 0.08920960526806197 0.08920960502570081 0.14081686710949584
128 0.2513953114382725 0.2242391137374547 0.07907628814955361 0.2789322560820171 0.1198603796660193 0.21929237413218633 -0.003783909761378473 0.019351903792074333 0.07958605830432784 0.25139531221334827 0.07958605838780512 0.017383139125947095 0.27893225628115514 0.08494300386757608 0.11986037956331021 0.07958605829758925 0.706809684996006 0.706809684912197 0.7068096849825788 0.24287458796515393
200 0.2513953114382725 0.2242391137374547 0.07907628814955361 0.2789322560820171 0.1198603796660193 0.21929237413218633 -0.003783909761378473 0.019351903792074333 0.07958605830432784 0.25139531221334827 0.07958605838780512 0.017383139125947095 0.27893225628115514 0.08494300386757608 0.11986037956331021 0.07958605829758925 0.706809684996006 0.706809684912197 0.7068096849825788 0.24287458796515393
154 0.14505605759152634 0.1350270242217866 0.11097261622787712 0.31438663074404455 0.768999203978819 0.12398273433781627 0.14706096579712719 0.2949970829946775 0.3112339388495641 0.14505605806545296 0.311233938871363 0.22565779591953516 0.314386630818954 0.11660840671095488 0.768999203958099 0.31123393852201725 0.1198603797450525 0.11986037920970519 0.11986037956114283 0.157266305527699
69 0.05543776388522152 0.06237049812985319 0.02592018890659035 0.3057182666696796 0.31123393874423955 0.0876208472165767 0.018898445135360493 0.07404680188395778 0.7224556910479423 0.05543776380961473 0.7224556910539527 0.07540622883479892 0.3057182666211473 0.024809630043265203 0.31123393871660593 0.7224556905364183 0.07958605866844752 0.07958605777392916 0.07958605808001296 0.06311354361623382
171 0.11153424888425385 0.16804675934955202 0.10759450507617362 0.2712703871121786 0.7132043010751211 0.1440336565491374 0.12056358179940026 0.34994766477093936 0.3954759361265272 0.11153424809785108 0.3954759363009027 0.2716808236293343 0.2712703870358103 0.10756287283484106 0.7132043010359641 0.3954759361040327 0.08920960513764112 0.08920960526806197 0.08920960502570081 0.14081686710949584
175 0.1559115899853323 0.10017327612512585 0.10563344893595764 0.5772343694098677 0.4465778053889699 0.10209514802623855 0.036081060151851044 0.017623847242039595 0.21813580237135766 0.15591159111605235 0.2181358023941519 -0.004643836616513025 0.577234369606724 0.027893434636236628 0.44657780530656765 0.21813580223748982 0.44127363656934177 0.44127363730708846 0.44127363681728743 0.15058137745337058
79 0.05543776388522152 0.06237049812985319 0.02592018890659035 0.3057182666696796 0.31123393874423955 0.0876208472165767 0.018898445135360493 0.07404680188395778 0.7224556910479423 0.05543776380961473 0.7224556910539527 0.07540622883479892 0.3057182666211473 0.024809630043265203 0.31123393871660593 0.7224556905364183 0.07958605866844752 0.07958605777392916 0.07958605808001296 0.06311354361623382
130 0.07732025732160354 0.19187991366520726 0.10753248797716093 0.20706108791767278 0.6128099169288507 0.16289308885847406 0.09771707104104524 0.41242175636523104 0.49249996554486725 0.07732025552202597 0.492499965329842 0.28886547933191165 0.2070610878080205 0.09854089625074174 0.6128099168615435 0.49249996508644883 0.06122753723753561 0.06122753720510375 0.06122753710853959 0.09775269460103696
21 0.29383006021890806 0.236926285469853 0.6013786360924539 -0.011650742267200594 0.11061507662910738 0.15190858017652803 0.7923620189343366 0.3601550260457733 -0.014608742900050768 0.2938300611771883 -0.014608742988726692 0.3811305748559748 -0.011650742277882693 0.5863797212190408 0.11061507666406732 -0.014608742910004234 -0.0011691017530704878 -0.0011691015011436794 -0.001169101397967516 0.301819331481411
215 0.11153424888425385 0.16804675934955202 0.10759450507617362 0.2712703871121786 0.7132043010751211 0.1440336565491374 0.12056358179940026 0.34994766477093936 0.3954759361265272 0.11153424809785108 0.3954759363009027 0.2716808236293343 0.2712703870358103 0.10756287283484106 0.7132043010359641 0.3954759361040327 0.08920960513764112 0.08920960526806197 0.08920960502570081 0.14081686710949584
43 0.4527311222584309 0.382482274999615 0.5661519830458189 0.06074944094986042 0.13374162543097104 0.2202007619580729 0.6007204492316621 0.2782135630797417 0.015331766647463827 0.45273112497902895 0.015331766604462116 0.32464816586962114 0.06074944099842492 0.5364506294351935 0.1337416254923198 0.015331766612566921 0.09441207403174216 0.09441207418871352 0.09441207430158176 0.38843843571625586
163 0.1647309545876152 0.027327074516348734 0.30126473008029875 -0.04139521490417864 0.11061309178676225 0.25798012961085887 0.2783381116144259 1.0975556583216441 -0.039278156065474565 0.16473095825584105 -0.039278155984556064 0.5504432579577746 -0.041395214764959234 0.19507194577860976 0.11061309187290344 -0.039278155942207606 0.008075560794102368 0.008075561849653915 0.00807556152896975 0.1293649923501062
72 0.2513953114382725 0.2242391137374547 0.07907628814955361 0.2789322560820171 0.1198603796660193 0.21929237413218633 -0.003783909761378473 0.019351903792074333 0.07958605830432784 0.25139531221334827 0.07958605838780512 0.017383139125947095 0.27893225628115514 0.08494300386757608 0.11986037956331021 0.07958605829758925 0.706809684996006 0.706809684912197 0.7068096849825788 0.24287458796515393
141 0.05543776388522152 0.06237049812985319 0.02592018890659035 0.3057182666696796 0.31123393874423955 0.0876208472165767 0.018898445135360493 0.07404680188395778 0.7224556910479423 0.05543776380961473 0.7224556910539527 0.07540622883479892 0.3057182666211473 0.024809630043265203 0.31123393871660593 0.7224556905364183 0.07958605866844752 0.07958605777392916 0.07958605808001296 0.06311354361623382
44 0.3105352657108229 0.3475299760852633 0.4347576687704855 0.05984096152648319 0.22753617780516602 0.20007118664456816 0.557414737462383 0.46644128310261895 0.060088509093866246 0.310535266984502 0.06008850904040105 0.6897847384371958 0.05984096148995473 0.45029504772004786 0.22753617783349178 0.06008850898669343 0.020807539983833043 0.020807539913474473 0.020807540045913363 0.3542122478392337
29 0.43691404666117606 0.4075205819620128 0.5951360153100245 0.04751954459765474 0.12305871451996357 0.19861487152612484 0.5703194707081518 0.2675226706292089 0.021534774431547207 0.4369140481372608 0.021534774357856567 0.3742954117847964 0.04751954450968426 0.5666051418290244 0.12305871456716648 0.021534774377721548 0.08552720370450881 0.08552720378570772 0.08552720389363878 0.37589818598833674
35 0.3652755155328277 0.2961305372474503 0.6180623625428509 0.009922392917999552 0.11081096426056274 0.168593880420022 0.7418129141175233 0.29387615960648555 0.0003633675778144818 0.3652755169410563 0.00036336753734561247 0.3254499654406732 0.00992239283836166 0.596767198772984 0.11081096432999962 0.0003633675697602141 0.030672313135325903 0.030672313435937255 0.03067231345093827 0.31245547085199216
182 0.07732025732160354 0.19187991366520726 0.10753248797716093 0.20706108791767278 0.6128099169288507 0.16289308885847406 0.09771707104104524 0.41242175636523104 0.49249996554486725 0.07732025552202597 0.492499965329842 0.28886547933191165 0.2070610878080205 0.09854089625074174 0.6128099168615435 0.49249996508644883 0.06122753723753561 0.06122753720510375 0.06122753710853959 0.09775269460103696
73 0.2513953114382725 0.2242391137374547 0.07907628814955361 0.2789322560820171 0.1198603796660193 0.21929237413218633 -0.003783909761378473 0.019351903792074333 0.07958605830432784 0.25139531221334827 0.07958605838780512 0.017383139125947095 0.27893225628115514 0.08494300386757608 0.11986037956331021 0.07958605829758925 0.706809684996006 0.706809684912197 0.7068096849825788 0.24287458796515393
158 0.14360597259212995 0.15251418349071544 0.04747602243032943 0.7469297549921406 0.31438663080968654 0.2793251963792507 0.018671743111240115 0.03383328239099957 0.3057182666521377 0.1436059730145399 0.3057182667961997 0.05897969793970393 0.7469297552397665 0.044497294038413154 0.3143866306278688 0.30571826651080986 0.27893225632655294 0.27893225593846405 0.2789322559697202 0.14484123938956406
152 0.05543776388522152 0.06237049812985319 0.02592018890659035 0.3057182666696796 0.31123393874423955 0.0876208472165767 0.018898445135360493 0.07404680188395778 0.7224556910479423 0.05543776380961473 0.7224556910539527 0.07540622883479892 0.3057182666211473 0.024809630043265203 0.31123393871660593 0.7224556905364183 0.07958605866844752 0.07958605777392916 0.07958605808001296 0.06311354361623382
33 0.5851738036479356 0.38101060836373435 0.3803028674225572 0.1344925937809926 0.18411039183468544 0.2845084311037325 0.3203281668079274 0.18447603525327227 0.037784033620348864 0.5851738092972109 0.03778403369241781 0.13589892927384545 0.13449259415586493 0.4140602182303783 0.18411039176085667 0.03778403365427809 0.32705548016111374 0.3270554796769455 0.32705548006508756 0.4304756969299684
74 0.2513953114382725 0.2242391137374547 0.07907628814955361 0.2789322560820171 0.1198603796660193 0.21929237413218633 -0.003783909761378473 0.019351903792074333 0.07958605830432784 0.25139531221334827 0.07958605838780512 0.017383139125947095 0.27893225628115514 0.08494300386757608 0.11986037956331021 0.07958605829758925 0.706809684996006 0.706809684912197 0.7068096849825788 0.24287458796515393
142 0.05543776388522152 0.06237049812985319 0.02592018890659035 0.3057182666696796 0.31123393874423955 0.0876208472165767 0.018898445135360493 0.07404680188395778 0.7224556910479423 0.05543776380961473 0.7224556910539527 0.07540622883479892 0.3057182666211473 0.024809630043265203 0.31123393871660593 0.7224556905364183 0.07958605866844752 0.07958605777392916 0.07958605808001296 0.06311354361623382
187 0.05543776388522152 0.06237049812985319 0.02592018890659035 0.3057182666696796 0.31123393874423955 0.0876208472165767 0.018898445135360493 0.07404680188395778 0.7224556910479423 0.05543776380961473 0.7224556910539527 0.07540622883479892 0.3057182666211473 0.024809630043265203 0.31123393871660593 0.7224556905364183 0.07958605866844752 0.07958605777392916 0.07958605808001296 0.06311354361623382
5 0.304941007035061 0.2843231651521727 0.5758113611468294 0.018671743126549328 0.14706096576478328 0.11425922980305084 0.8209915044059732 0.3208496888051467 0.018898445200796858 0.30494100782577893 0.018898445124269154 0.4040303892325579 0.01867174307833611 0.5777687411401745 0.1470609657814849 0.018898445108906654 -0.0037839098203852175 -0.003783909783125295 -0.003783909719497394 0.2635792648839566
197 0.2513953114382725 0.2242391137374547 0.07907628814955361 0.2789322560820171 0.1198603796660193 0.21929237413218633 -0.003783909761378473 0.019351903792074333 0.07958605830432784 0.25139531221334827 0.07958605838780512 0.017383139125947095 0.27893225628115514 0.08494300386757608 0.11986037956331021 0.07958605829758925 0.706809684996006 0.706809684912197 0.7068096849825788 0.24287458796515393
195 0.1466725662271914 0.0435220315836071 0.28240031808259636 -0.036075560450330155 0.08512663028742193 0.26377565906746137 0.2617722059312872 1.144359948905563 -0.0315205635586558 0.14667256890497382 -0.03152056347439894 0.47993042021366683 -0.03607556039419729 0.19313122761041968 0.085126630359523 -0.0315205634551429 0.01024326014901887 0.01024326114063863 0.010243260839089602 0.09854722682006313
53 0.43920937743644317 0.3951366464921788 0.5753329785123347 0.04076648885901033 0.11968457759265572 0.15354944802884873 0.5905220345104688 0.2662988036847239 0.024103548269395775 0.4392093783970664 0.02410354825569257 0.3111147198260291 0.04076648892388676 0.6091487179071379 0.11968457760432685 0.024103548229223504 0.0934528428153631 0.093452842483071 0.09345284275566665 0.394858438737371
48 0.3428186779423385 0.3014415698529647 0.6207111269831903 0.0033913682997136854 0.11483385422514562 0.15384192255067472 0.6906375829901993 0.3298949581263608 -0.0002418258355140665 0.3428186792840643 -0.00024182589401305386 0.41899720844026694 0.0033913682631172386 0.6001276190273682 0.11483385425329631 -0.00024182590284930179 0.028004292043113384 0.028004292328810045 0.028004292340293706 0.33140099452088095
146 0.25099511458734614 0.11238167807482516 0.1980251992932106 0.3239382084299894 0.3844484175040226 0.7435737986673215 0.1713440239128393 0.563926986571363 0.18804237692704992 0.2509951176054983 0.18804237715345895 0.2430002395544461 0.323938208568662 0.17255421214942654 0.38444841751005493 0.1880423769755713 0.14506762706993623 0.1450676272977936 0.14506762729376305 0.32373426833713886
14 0.2482936183627787 0.3127172885992955 0.3729095845654932 0.05897969795437779 0.2256577958970099 0.30263178711606686 0.4040303892325639 0.6264163775193329 0.07540622894076648 0.24829361939791433 0.07540622884897674 0.7937029890648772 0.058979697940453144 0.3569588970332385 0.22565779595109609 0.07540622876029998 0.01738313899264025 0.017383139135539353 0.0173831391784236 0.32935370930089874
173 0.05543776388522152 0.06237049812985319 0.02592018890659035 0.3057182666696796 0.31123393874423955 0.0876208472165767 0.018898445135360493 0.07404680188395778 0.7224556910479423 0.05543776380961473 0.7224556910539527 0.07540622883479892 0.3057182666211473 0.024809630043265203 0.31123393871660593 0.7224556905364183 0.07958605866844752 0.07958605777392916 0.07958605808001296 0.06311354361623382
217 0.05543776388522152 0.06237049812985319 0.02592018890659035 0.3057182666696796 0.31123393874423955 0.0876208472165767 0.018898445135360493 0.07404680188395778 0.7224556910479423 0.05543776380961473 0.7224556910539527 0.07540622883479892 0.3057182666211473 0.024809630043265203 0.31123393871660593 0.7224556905364183 0.07958605866844752 0.07958605777392916 0.07958605808001296 0.06311354361623382
180 0.25281649727986333 0.25022850770256977 0.0652466622191142 0.2963286310957308 0.11430022892218152 0.24964135896495723 -0.0026677827052320243 0.013260535579024846 0.07836384766627691 0.25281649747535073 0.07836384762319393 0.023057440825065098 0.2963286312015081 0.0894326598977548 0.11430022881646064 0.07836384767315921 0.6983731485804076 0.6983731483050144 0.6983731485364082 0.22189155160621182
49 0.4865104359849256 0.5123991767214875 0.37718189827473125 0.14484123937881616 0.15726630554519594 0.30688847905581806 0.2635792648839641 0.22482777900563128 0.06311354368009088 0.4865104369768506 0.06311354358487868 0.32935370930089514 0.14484123935839335 0.3934502899240222 0.15726630549944515 0.06311354364495982 0.24287458816310653 0.24287458785487281 0.24287458809364326 0.6033071276812727
108 0.05543776388522152 0.06237049812985319 0.02592018890659035 0.3057182666696796 0.31123393874423955 0.0876208472165767 0.018898445135360493 0.07404680188395778 0.7224556910479423 0.05543776380961473 0.7224556910539527 0.07540622883479892 0.3057182666211473 0.024809630043265203 0.31123393871660593 0.7224556905364183 0.07958605866844752 0.07958605777392916 0.07958605808001296 0.06311354361623382
123 0.2513953114382725 0.2242391137374547 0.07907628814955361 0.2789322560820171 0.1198603796660193 0.21929237413218633 -0.003783909761378473 0.019351903792074333 0.07958605830432784 0.25139531221334827 0.07958605838780512 0.017383139125947095 0.27893225628115514 0.08494300386757608 0.11986037956331021 0.07958605829758925 0.706809684996006 0.706809684912197 0.7068096849825788 0.24287458796515393
58 0.3105352657108229 0.3475299760852633 0.4347576687704855 0.05984096152648319 0.22753617780516602 0.20007118664456816 0.557414737462383 0.46644128310261895 0.060088509093866246 0.310535266984502 0.06008850904040105 0.6897847384371958 0.05984096148995473 0.45029504772004786 0.22753617783349178 0.06008850898669343 0.020807539983833043 0.020807539913474473 0.020807540045913363 0.3542122478392337
18 0.24653408663703263 0.24180216596662948 0.5935098585596218 -0.0022553549007984985 0.11896484188037547 0.11114550092839018 0.863086850556336 0.3448637033915895 0.0013408457774741352 0.2465340869507286 0.0013408456549454002 0.41158985405218657 -0.0022553550495539557 0.5735218681782089 0.11896484193794638 0.0013408456684344653 -0.022959522185266104 -0.022959521870856398 -0.022959521925663116 0.23971915517701806
129 0.07732025732160354 0.19187991366520726 0.10753248797716093 0.20706108791767278 0.6128099169288507 0.16289308885847406 0.09771707104104524 0.41242175636523104 0.49249996554486725 0.07732025552202597 0.492499965329842 0.28886547933191165 0.2070610878080205 0.09854089625074174 0.6128099168615435 0.49249996508644883 0.06122753723753561 0.06122753720510375 0.06122753710853959 0.09775269460103696
145 0.14360597259212995 0.15251418349071544 0.04747602243032943 0.7469297549921406 0.31438663080968654 0.2793251963792507 0.018671743111240115 0.03383328239099957 0.3057182666521377 0.1436059730145399 0.3057182667961997 0.05897969793970393 0.7469297552397665 0.044497294038413154 0.3143866306278688 0.30571826651080986 0.27893225632655294 0.27893225593846405 0.2789322559697202 0.14484123938956406
25 0.23861047618012582 0.2634134143177441 0.6134265331625227 -0.012197565962227316 0.09097635066592924 0.11313838980508648 0.718631413350382 0.4133777243669007 -0.0101200398602574 0.23861047580363653 -0.010120039979928356 0.5247222367093778 -0.012197566142502305 0.5914409012361544 0.09097635068485203 -0.01012003994162861 -0.006238945893984472 -0.006238945459327085 -0.006238945530354352 0.29591586882018656
199 0.2513953114382725 0.2242391137374547 0.07907628814955361 0.2789322560820171 0.1198603796660193 0.21929237413218633 -0.003783909761378473 0.019351903792074333 0.07958605830432784 0.25139531221334827 0.07958605838780512 0.017383139125947095 0.27893225628115514 0.08494300386757608 0.11986037956331021 0.07958605829758925 0.706809684996006 0.706809684912197 0.7068096849825788 0.24287458796515393
82 0.14360597259212995 0.15251418349071544 0.04747602243032943 0.7469297549921406 0.31438663080968654 0.2793251963792507 0.018671743111240115 0.03383328239099957 0.3057182666521377 0.1436059730145399 0.3057182667961997 0.05897969793970393 0.7469297552397665 0.044497294038413154 0.3143866306278688 0.30571826651080986 0.27893225632655294 0.27893225593846405 0.2789322559697202 0.14484123938956406
186 0.07732025732160354 0.19187991366520726 0.10753248797716093 0.20706108791767278 0.6128099169288507 0.16289308885847406 0.09771707104104524 0.41242175636523104 0.49249996554486725 0.07732025552202597 0.492499965329842 0.28886547933191165 0.2070610878080205 0.09854089625074174 0.6128099168615435 0.49249996508644883 0.06122753723753561 0.06122753720510375 0.06122753710853959 0.09775269460103696
137 0.25099511458734614 0.11238167807482516 0.1980251992932106 0.3239382084299894 0.3844484175040226 0.7435737986673215 0.1713440239128393 0.563926986571363 0.18804237692704992 0.2509951176054983 0.18804237715345895 0.2430002395544461 0.323938208568662 0.17255421214942654 0.38444841751005493 0.1880423769755713 0.14506762706993623 0.1450676272977936 0.14506762729376305 0.32373426833713886
210 0.14360597259212995 0.15251418349071544 0.04747602243032943 0.7469297549921406 0.31438663080968654 0.2793251963792507 0.018671743111240115 0.03383328239099957 0.3057182666521377 0.1436059730145399 0.3057182667961997 0.05897969793970393 0.7469297552397665 0.044497294038413154 0.3143866306278688 0.30571826651080986 0.27893225632655294 0.27893225593846405 0.2789322559697202 0.14484123938956406
40 0.2827623397366573 0.24739917706671108 0.5029496128055585 0.008087806765139339 0.18716427907330296 0.1309733317855651 0.6847233147731865 0.47445232798835835 0.010162202404560889 0.28276234126982913 0.010162202324483787 0.5967732958985869 0.008087806787404873 0.5250462643470748 0.1871642790532717 0.010162202311862309 0.0008677584041650059 0.0008677582134254007 0.000867758453396568 0.31418645624988784
20 0.48920843409424686 0.3268253180004743 0.5386172671247766 0.0492630431280993 0.15118803761495764 0.2142255755380786 0.6136946782482137 0.2715843044060743 0.011609789329243851 0.4892084375262307 0.011609789294818276 0.21844862395261433 0.049263043288758364 0.5669573527983642 0.15118803764978928 0.011609789265237458 0.12049403447869038 0.12049403403586206 0.12049403452599287 0.3907141569420549
105 0.07732025732160354 0.19187991366520726 0.10753248797716093 0.20706108791767278 0.6128099169288507 0.16289308885847406 0.09771707104104524 0.41242175636523104 0.49249996554486725 0.07732025552202597 0.492499965329842 0.28886547933191165 0.2070610878080205 0.09854089625074174 0.6128099168615435 0.49249996508644883 0.06122753723753561 0.06122753720510375 0.06122753710853959 0.09775269460103696
209 0.14360597259212995 0.15251418349071544 0.04747602243032943 0.7469297549921406 0.31438663080968654 0.2793251963792507 0.018671743111240115 0.03383328239099957 0.3057182666521377 0.1436059730145399 0.3057182667961997 0.05897969793970393 0.7469297552397665 0.044497294038413154 0.3143866306278688 0.30571826651080986 0.27893225632655294 0.27893225593846405 0.2789322559697202 0.14484123938956406
178 0.25281649727986333 0.25022850770256977 0.0652466622191142 0.2963286310957308 0.11430022892218152 0.24964135896495723 -0.0026677827052320243 0.013260535579024846 0.07836384766627691 0.25281649747535073 0.07836384762319393 0.023057440825065098 0.2963286312015081 0.0894326598977548 0.11430022881646064 0.07836384767315921 0.6983731485804076 0.6983731483050144 0.6983731485364082 0.22189155160621182
77 0.14578106241811797 0.147841464084181 0.1207098893312775 0.33067240185964036 0.7489971203796508 0.15248022787376242 0.13762772165932183 0.29427759121485825 0.32359739969369933 0.14578106301088836 0.32359739965014517 0.26970941126894565 0.3306724022325622 0.10046316784455551 0.7489971203499903 0.3235973994420711 0.10042622943917745 0.10042622955425035 0.10042622930037741 0.12672776218212478
42 0.3715060881279839 0.26467356786011237 0.5917030889687092 0.0013855114695346426 0.14158421615734995 0.18167233242404318 0.690174359670154 0.3535926949887003 -0.008278416918544473 0.37150609042218885 -0.008278416955292836 0.3825672253267535 0.0013855115692467208 0.5821016603139296 0.14158421621076336 -0.008278416952524669 0.03830802879906924 0.038308029021558804 0.03830802898651496 0.3550445370076382
121 0.2513953114382725 0.2242391137374547 0.07907628814955361 0.2789322560820171 0.1198603796660193 0.21929237413218633 -0.003783909761378473 0.019351903792074333 0.07958605830432784 0.25139531221334827 0.07958605838780512 0.017383139125947095 0.27893225628115514 0.08494300386757608 0.11986037956331021 0.07958605829758925 0.706809684996006 0.706809684912197 0.7068096849825788 0.24287458796515393
159 0.14360597259212995 0.15251418349071544 0.04747602243032943 0.7469297549921406 0.31438663080968654 0.2793251963792507 0.018671743111240115 0.03383328239099957 0.3057182666521377 0.1436059730145399 0.3057182667961997 0.05897969793970393 0.7469297552397665 0.044497294038413154 0.3143866306278688 0.30571826651080986 0.27893225632655294 0.27893225593846405 0.2789322559697202 0.14484123938956406
136 0.25099511458734614 0.11238167807482516 0.1980251992932106 0.3239382084299894 0.3844484175040226 0.7435737986673215 0.1713440239128393 0.563926986571363 0.18804237692704992 0.2509951176054983 0.18804237715345895 0.2430002395544461 0.323938208568662 0.17255421214942654 0.38444841751005493 0.1880423769755713 0.14506762706993623 0.1450676272977936 0.14506762729376305 0.32373426833713886
111 0.14360597259212995 0.15251418349071544 0.04747602243032943 0.7469297549921406 0.31438663080968654 0.2793251963792507 0.018671743111240115 0.03383328239099957 0.3057182666521377 0.1436059730145399 0.3057182667961997 0.05897969793970393 0.7469297552397665 0.044497294038413154 0.3143866306278688 0.30571826651080986 0.27893225632655294 0.27893225593846405 0.2789322559697202 0.14484123938956406
161 0.25099511458734614 0.11238167807482516 0.1980251992932106 0.3239382084299894 0.3844484175040226 0.7435737986673215 0.1713440239128393 0.563926986571363 0.18804237692704992 0.2509951176054983 0.18804237715345895 0.2430002395544461 0.323938208568662 0.17255421214942654 0.38444841751005493 0.1880423769755713 0.14506762706993623 0.1450676272977936 0.14506762729376305 0.32373426833713886
59 0.41326427700304813 0.4225947879692417 0.5828098165123735 0.046542640690753395 0.11477434098841117 0.17722444452408945 0.5632672235029887 0.28358760743903894 0.025816836179690713 0.41326427781947844 0.025816836116668053 0.3983035460492079 0.04654264068063836 0.5821287758652677 0.1147743410478149 0.02581683614641473 0.07825412434859304 0.07825412426600542 0.07825412440041629 0.4029736318621024
16 0.3144788902909425 0.33723981776975415 0.4447313617858553 0.06329143295015142 0.2354132480776408 0.23247734796677688 0.536593678112431 0.46938157655452173 0.0572199410104789 0.31447889220707814 0.05721994097827777 0.7126420858406414 0.06329143309367143 0.4175631903499724 0.2354132480696294 0.057219940924251825 0.020677559815090635 0.020677559954781644 0.020677559933986022 0.3344547453450687
101 0.07732025732160354 0.19187991366520726 0.10753248797716093 0.20706108791767278 0.6128099169288507 0.16289308885847406 0.09771707104104524 0.41242175636523104 0.49249996554486725 0.07732025552202597 0.492499965329842 0.28886547933191165 0.2070610878080205 0.09854089625074174 0.6128099168615435 0.49249996508644883 0.06122753723753561 0.06122753720510375 0.06122753710853959 0.09775269460103696
211 0.25099511458734614 0.11238167807482516 0.1980251992932106 0.3239382084299894 0.3844484175040226 0.7435737986673215 0.1713440239128393 0.563926986571363 0.18804237692704992 0.2509951176054983 0.18804237715345895 0.2430002395544461 0.323938208568662 0.17255421214942654 0.38444841751005493 0.1880423769755713 0.14506762706993623 0.1450676272977936 0.14506762729376305 0.32373426833713886
64 0.12713564258453092 0.11019368894857434 0.1657899168039265 0.2598728770852271 0.4669049972936732 0.4339310098203154 0.14638834351628294 0.6914146578204364 0.3832952673372113 0.12713564245951356 0.38329526750485093 0.2093108473063769 0.2598728772598513 0.14876366804522873 0.46690499729172724 0.3832952670798703 0.053017447886423846 0.053017447904660134 0.053017447936881346 0.1533218452648358
41 0.5459409331399687 0.5164654821379576 0.4236985533519029 0.14360597278027776 0.14505605777257713 0.2618909360141364 0.30494100739000535 0.18063019346505724 0.05543776388649916 0.5459409356233477 0.055437763907669246 0.24829361892918123 0.14360597284674065 0.427724146042678 0.1450560577990664 0.05543776385592318 0.2513953118685046 0.2513953115390292 0.25139531179064567 0.486510436318799
166 0.2513953114382725 0.2242391137374547 0.07907628814955361 0.2789322560820171 0.1198603796660193 0.21929237413218633 -0.003783909761378473 0.019351903792074333 0.07958605830432784 0.25139531221334827 0.07958605838780512 0.017383139125947095 0.27893225628115514 0.08494300386757608 0.11986037956331021 0.07958605829758925 0.706809684996006 0.706809684912197 0.7068096849825788 0.24287458796515393
156 0.05543776388522152 0.06237049812985319 0.02592018890659035 0.3057182666696796 0.31123393874423955 0.0876208472165767 0.018898445135360493 0.07404680188395778 0.7224556910479423 0.05543776380961473 0.7224556910539527 0.07540622883479892 0.3057182666211473 0.024809630043265203 0.31123393871660593 0.7224556905364183 0.07958605866844752 0.07958605777392916 0.07958605808001296 0.06311354361623382
36 0.36471857650591455 0.3530519135027215 0.4989735279265179 0.06509235335273174 0.23250897460532552 0.14642517781769188 0.6738486307610997 0.3658618034897965 0.04573764471820457 0.3647185783556061 0.04573764469778757 0.5143640659479815 0.06509235343845764 0.49487553429761544 0.2325089745985307 0.045737644725135106 0.031500138864140236 0.03150013866881358 0.031500139004735146 0.3285685922601064
6 0.2511191517923373 0.23896904650435802 0.4986554171375511 0.015252610215967521 0.19552374879238402 0.11399545378280686 0.7938741492919481 0.46568651204878836 0.01267774184789997 0.2511191526996821 0.012677741786115346 0.5500499370626818 0.01525261009235936 0.49865217140594653 0.1955237488294136 0.012677741750704153 -0.022285065594113265 -0.022285065582978766 -0.02228506545361187 0.2532120883144534
24 0.3613327969381745 0.2944583773821167 0.4215696490146941 0.05561753831242497 0.2710960811464882 0.19349995887139473 0.5800410829907106 0.4431433307429736 0.04328627855855648 0.3613327999298853 0.043286278442324445 0.604974259852375 0.05561753863371788 0.4654521158415592 0.2710960811201481 0.043286278456033334 0.04297911212810149 0.042979112011826276 0.04297911212131126 0.3836692581136444
149 0.14505605759152634 0.1350270242217866 0.11097261622787712 0.31438663074404455 0.768999203978819 0.12398273433781627 0.14706096579712719 0.2949970829946775 0.3112339388495641 0.14505605806545296 0.311233938871363 0.22565779591953516 0.314386630818954 0.11660840671095488 0.768999203958099 0.31123393852201725 0.1198603797450525 0.11986037920970519 0.11986037956114283 0.157266305527699
169 0.2513953114382725 0.2242391137374547 0.07907628814955361 0.2789322560820171 0.1198603796660193 0.21929237413218633 -0.003783909761378473 0.019351903792074333 0.07958605830432784 0.25139531221334827 0.07958605838780512 0.017383139125947095 0.27893225628115514 0.08494300386757608 0.11986037956331021 0.07958605829758925 0.706809684996006 0.706809684912197 0.7068096849825788 0.24287458796515393
212 0.25099511458734614 0.11238167807482516 0.1980251992932106 0.3239382084299894 0.3844484175040226 0.7435737986673215 0.1713440239128393 0.563926986571363 0.18804237692704992 0.2509951176054983 0.18804237715345895 0.2430002395544461 0.323938208568662 0.17255421214942654 0.38444841751005493 0.1880423769755713 0.14506762706993623 0.1450676272977936 0.14506762729376305 0.32373426833713886
87 0.2054286294293639 -0.015481956176084265 0.27003644220091505 -0.052330063963913244 0.1512691004775798 0.23792857209081283 0.30773895767631776 1.0539482984725284 -0.048870614999994864 0.20542863420411545 -0.048870614937917695 0.5351685149435008 -0.05233006346617124 0.24693372830726115 0.15126910053418308 -0.04887061489721567 0.00958322958032054 0.00958323007583541 0.00958322995507681 0.20411185054013134
63 0.12713564258453092 0.11019368894857434 0.1657899168039265 0.2598728770852271 0.4669049972936732 0.4339310098203154 0.14638834351628294 0.6914146578204364 0.3832952673372113 0.12713564245951356 0.38329526750485093 0.2093108473063769 0.2598728772598513 0.14876366804522873 0.46690499729172724 0.3832952670798703 0.053017447886423846 0.053017447904660134 0.053017447936881346 0.1533218452648358
106 0.07732025732160354 0.19187991366520726 0.10753248797716093 0.20706108791767278 0.6128099169288507 0.16289308885847406 0.09771707104104524 0.41242175636523104 0.49249996554486725 0.07732025552202597 0.492499965329842 0.28886547933191165 0.2070610878080205 0.09854089625074174 0.6128099168615435 0.49249996508644883 0.06122753723753561 0.06122753720510375 0.06122753710853959 0.09775269460103696
65 0.13087714201537798 0.23446146402269577 -0.039506232111623914 0.6936130213231196 0.22919426801160006 0.37248001083088406 0.0064580225798779485 0.015576967058262598 0.3946201771772812 0.13087714071984746 0.39462017726780435 0.14200440798635142 0.6936130215284138 0.06842274891047877 0.22919426776092322 0.3946201770879894 0.20443036680883128 0.204430365124528 0.2044303658124536 0.14520467143182947
140 0.07732025732160354 0.19187991366520726 0.10753248797716093 0.20706108791767278 0.6128099169288507 0.16289308885847406 0.09771707104104524 0.41242175636523104 0.49249996554486725 0.07732025552202597 0.492499965329842 0.28886547933191165 0.2070610878080205 0.09854089625074174 0.6128099168615435 0.49249996508644883 0.06122753723753561 0.06122753720510375 0.06122753710853959 0.09775269460103696
67 0.07732025732160354 0.19187991366520726 0.10753248797716093 0.20706108791767278 0.6128099169288507 0.16289308885847406 0.09771707104104524 0.41242175636523104 0.49249996554486725 0.07732025552202597 0.492499965329842 0.28886547933191165 0.2070610878080205 0.09854089625074174 0.6128099168615435 0.49249996508644883 0.06122753723753561 0.06122753720510375 0.06122753710853959 0.09775269460103696
157 0.21818706380320751 0.18002769174762584 0.30658682781559 0.036740770632817915 0.32572443178545785 0.287244979938775 0.3684715928013498 0.8517740721714001 0.05574074348804486 0.21818706596646228 0.05574074351428904 0.6786441673096157 0.036740770684672006 0.27634994491654835 0.32572443175917015 0.05574074342809747 0.01771562965737224 0.017715629826779673 0.01771562981016121 0.24324310843792613
148 0.26189093572444666 0.2967635252653187 0.17877763314787448 0.2793251963949792 0.12398273433715735 1.0352122292520753 0.11425922980305539 0.29945979215178 0.08762084724240843 0.2618909362916337 0.08762084722270387 0.3026317871160692 0.2793251963378371 0.16895492185945132 0.1239827342903857 0.08762084722987219 0.21929237393835088 0.21929237397789403 0.2192923742074511 0.3068884790558112
56 0.2890029716788583 0.2203593677330884 0.47890954645409733 0.006760243465135718 0.20344844108714066 0.17722110040778633 0.630019106897001 0.524133084358452 0.006797004729141967 0.2890029742375562 0.006797004673953071 0.6444736555040144 0.0067602437593629145 0.4836338784135949 0.20344844110607502 0.006797004651023552 0.0026992459912413315 0.002699246028433118 0.0026992461101597058 0.3137353002645456
174 0.17203969677236108 0.03079962893463983 0.2671498257902504 -0.03619702289901696 0.15579938419639183 0.23645651682469482 0.2863728474185802 1.107840263383124 -0.026793624100183294 0.17203970010333763 -0.0267936240363653 0.5380752598497278 -0.03619702259148893 0.21788161447369261 0.1557993843124179 -0.026793624035788496 0.0091426840943006 0.009142684772266886 0.009142684611157017 0.14539637683036424
181 0.07732025732160354 0.19187991366520726 0.10753248797716093 0.20706108791767278 0.6128099169288507 0.16289308885847406 0.09771707104104524 0.41242175636523104 0.49249996554486725 0.07732025552202597 0.492499965329842 0.28886547933191165 0.2070610878080205 0.09854089625074174 0.6128099168615435 0.49249996508644883 0.06122753723753561 0.06122753720510375 0.06122753710853959 0.09775269460103696
70 0.2054286294293639 -0.015481956176084265 0.27003644220091505 -0.052330063963913244 0.1512691004775798 0.23792857209081283 0.30773895767631776 1.0539482984725284 -0.048870614999994864 0.20542863420411545 -0.048870614937917695 0.5351685149435008 -0.05233006346617124 0.24693372830726115 0.15126910053418308 -0.04887061489721567 0.00958322958032054 0.00958323007583541 0.00958322995507681 0.20411185054013134
160 0.25099511458734614 0.11238167807482516 0.1980251992932106 0.3239382084299894 0.3844484175040226 0.7435737986673215 0.1713440239128393 0.563926986571363 0.18804237692704992 0.2509951176054983 0.18804237715345895 0.2430002395544461 0.323938208568662 0.17255421214942654 0.38444841751005493 0.1880423769755713 0.14506762706993623 0.1450676272977936 0.14506762729376305 0.32373426833713886
8 0.4174600551553531 0.388349626951143 0.5775686430673027 0.06723536320171145 0.15667342498647707 0.3675458284760062 0.4878456594389734 0.3448812844980145 0.011415085091284959 0.41746005793739427 0.011415085072008236 0.48849779657400233 0.06723536316017997 0.4427734249607922 0.15667342507241533 0.011415085113553023 0.08001974178500837 0.08001974262360856 0.08001974244687778 0.3773894359432585
118 0.2513953114382725 0.2242391137374547 0.07907628814955361 0.2789322560820171 0.1198603796660193 0.21929237413218633 -0.003783909761378473 0.019351903792074333 0.07958605830432784 0.25139531221334827 0.07958605838780512 0.017383139125947095 0.27893225628115514 0.08494300386757608 0.11986037956331021 0.07958605829758925 0.706809684996006 0.706809684912197 0.7068096849825788 0.24287458796515393
119 0.2513953114382725 0.2242391137374547 0.07907628814955361 0.2789322560820171 0.1198603796660193 0.21929237413218633 -0.003783909761378473 0.019351903792074333 0.07958605830432784 0.25139531221334827 0.07958605838780512 0.017383139125947095 0.27893225628115514 0.08494300386757608 0.11986037956331021 0.07958605829758925 0.706809684996006 0.706809684912197 0.7068096849825788 0.24287458796515393
218 0.07732025732160354 0.19187991366520726 0.10753248797716093 0.20706108791767278 0.6128099169288507 0.16289308885847406 0.09771707104104524 0.41242175636523104 0.49249996554486725 0.07732025552202597 0.492499965329842 0.28886547933191165 0.2070610878080205 0.09854089625074174 0.6128099168615435 0.49249996508644883 0.06122753723753561 0.06122753720510375 0.06122753710853959 0.09775269460103696
138 0.26189093572444666 0.2967635252653187 0.17877763314787448 0.2793251963949792 0.12398273433715735 1.0352122292520753 0.11425922980305539 0.29945979215178 0.08762084724240843 0.2618909362916337 0.08762084722270387 0.3026317871160692 0.2793251963378371 0.16895492185945132 0.1239827342903857 0.08762084722987219 0.21929237393835088 0.21929237397789403 0.2192923742074511 0.3068884790558112
185 0.07732025732160354 0.19187991366520726 0.10753248797716093 0.20706108791767278 0.6128099169288507 0.16289308885847406 0.09771707104104524 0.41242175636523104 0.49249996554486725 0.07732025552202597 0.492499965329842 0.28886547933191165 0.2070610878080205 0.09854089625074174 0.6128099168615435 0.49249996508644883 0.06122753723753561 0.06122753720510375 0.06122753710853959 0.09775269460103696
198 0.2513953114382725 0.2242391137374547 0.07907628814955361 0.2789322560820171 0.1198603796660193 0.21929237413218633 -0.003783909761378473 0.019351903792074333 0.07958605830432784 0.25139531221334827 0.07958605838780512 0.017383139125947095 0.27893225628115514 0.08494300386757608 0.11986037956331021 0.07958605829758925 0.706809684996006 0.706809684912197 0.7068096849825788 0.24287458796515393
1 0.5164654814533 0.5562179381484932 0.4231668028637327 0.15251418351273938 0.13502702419189722 0.2967635252652937 0.2843231651521664 0.18513156014450635 0.06237049811949572 0.5164654828000799 0.06237049815030065 0.312717288599292 0.15251418347001675 0.41115177703442235 0.1350270242027789 0.06237049811962327 0.2242391139395218 0.22423911354062268 0.22423911380621803 0.5123991767214763
112 0.25099511458734614 0.11238167807482516 0.1980251992932106 0.3239382084299894 0.3844484175040226 0.7435737986673215 0.1713440239128393 0.563926986571363 0.18804237692704992 0.2509951176054983 0.18804237715345895 0.2430002395544461 0.323938208568662 0.17255421214942654 0.38444841751005493 0.1880423769755713 0.14506762706993623 0.1450676272977936 0.14506762729376305 0.32373426833713886
60 0.22447149250350515 0.19577410451422655 0.22653557798390478 0.06459708916926143 0.4458826822880683 0.2237997070867385 0.3767080496944203 0.7866192802092535 0.11256054970812043 0.22447149399616212 0.1125605496888734 0.6262354932499031 0.06459708940687946 0.2862751201934195 0.4458826823025823 0.11256054955180159 0.026247709300427018 0.02624770891658434 0.026247709284904244 0.2536667386147367
110 0.14360597259212995 0.15251418349071544 0.04747602243032943 0.7469297549921406 0.31438663080968654 0.2793251963792507 0.018671743111240115 0.03383328239099957 0.3057182666521377 0.1436059730145399 0.3057182667961997 0.05897969793970393 0.7469297552397665 0.044497294038413154 0.3143866306278688 0.30571826651080986 0.27893225632655294 0.27893225593846405 0.2789322559697202 0.14484123938956406
122 0.1728412207641526 0.016974075846449315 0.2771469937309209 -0.04357928614494311 0.11780666024948586 0.24652949013782294 0.2834306716713741 1.10541335133377 -0.04069581872306098 0.172841224270568 -0.04069581863974424 0.5250141916993728 -0.043579285916787315 0.21962146266466165 0.11780666033416447 -0.04069581864363611 0.009562585040313097 0.00956258586261989 0.0095625856010031 0.15345799423501308
208 0.2296921935950799 0.1599752363828869 0.27088617736561527 0.03054857296500451 0.3442364428574061 0.26320730851515306 0.3769190707426566 0.8627700706149212 0.05148471499977427 0.2296921958916524 0.05148471504424495 0.6299844956628775 0.030548573170574897 0.3131719198624038 0.34423644282883953 0.051484714953981936 0.026430047243099067 0.026430047401933082 0.0264300474911847 0.28605163887702023
116 0.2513953114382725 0.2242391137374547 0.07907628814955361 0.2789322560820171 0.1198603796660193 0.21929237413218633 -0.003783909761378473 0.019351903792074333 0.07958605830432784 0.25139531221334827 0.07958605838780512 0.017383139125947095 0.27893225628115514 0.08494300386757608 0.11986037956331021 0.07958605829758925 0.706809684996006 0.706809684912197 0.7068096849825788 0.24287458796515393
207 0.26189093572444666 0.2967635252653187 0.17877763314787448 0.2793251963949792 0.12398273433715735 1.0352122292520753 0.11425922980305539 0.29945979215178 0.08762084724240843 0.2618909362916337 0.08762084722270387 0.3026317871160692 0.2793251963378371 0.16895492185945132 0.1239827342903857 0.08762084722987219 0.21929237393835088 0.21929237397789403 0.2192923742074511 0.3068884790558112
113 0.25099511458734614 0.11238167807482516 0.1980251992932106 0.3239382084299894 0.3844484175040226 0.7435737986673215 0.1713440239128393 0.563926986571363 0.18804237692704992 0.2509951176054983 0.18804237715345895 0.2430002395544461 0.323938208568662 0.17255421214942654 0.38444841751005493 0.1880423769755713 0.14506762706993623 0.1450676272977936 0.14506762729376305 0.32373426833713886
61 0.15039905721237723 0.17609426360373803 0.0075111698651776195 0.7249288214066294 0.3045846985704121 0.28583607875166817 0.030004353045452188 0.016263197241336413 0.3173282097917619 0.15039905754520094 0.31732820992644156 0.09358791312356335 0.7249288215888424 0.03417448859347924 0.30458469837670077 0.31732820959585584 0.28726019847448897 0.2872601978632237 0.28726019814195747 0.16395515078946118
120 0.2513953114382725 0.2242391137374547 0.07907628814955361 0.2789322560820171 0.1198603796660193 0.21929237413218633 -0.003783909761378473 0.019351903792074333 0.07958605830432784 0.25139531221334827 0.07958605838780512 0.017383139125947095 0.27893225628115514 0.08494300386757608 0.11986037956331021 0.07958605829758925 0.706809684996006 0.706809684912197 0.7068096849825788 0.24287458796515393
2 0.2482936183627787 0.3127172885992955 0.3729095845654932 0.05897969795437779 0.2256577958970099 0.30263178711606686 0.4040303892325639 0.6264163775193329 0.07540622894076648 0.24829361939791433 0.07540622884897674 0.7937029890648772 0.058979697940453144 0.3569588970332385 0.22565779595109609 0.07540622876029998 0.01738313899264025 0.017383139135539353 0.0173831391784236 0.32935370930089874
55 0.5459409331399687 0.5164654821379576 0.4236985533519029 0.14360597278027776 0.14505605777257713 0.2618909360141364 0.30494100739000535 0.18063019346505724 0.05543776388649916 0.5459409356233477 0.055437763907669246 0.24829361892918123 0.14360597284674065 0.427724146042678 0.1450560577990664 0.05543776385592318 0.2513953118685046 0.2513953115390292 0.25139531179064567 0.486510436318799
90 0.2513953114382725 0.2242391137374547 0.07907628814955361 0.2789322560820171 0.1198603796660193 0.21929237413218633 -0.003783909761378473 0.019351903792074333 0.07958605830432784 0.25139531221334827 0.07958605838780512 0.017383139125947095 0.27893225628115514 0.08494300386757608 0.11986037956331021 0.07958605829758925 0.706809684996006 0.706809684912197 0.7068096849825788 0.24287458796515393
96 0.2513953114382725 0.2242391137374547 0.07907628814955361 0.2789322560820171 0.1198603796660193 0.21929237413218633 -0.003783909761378473 0.019351903792074333 0.07958605830432784 0.25139531221334827 0.07958605838780512 0.017383139125947095 0.27893225628115514 0.08494300386757608 0.11986037956331021 0.07958605829758925 0.706809684996006 0.706809684912197 0.7068096849825788 0.24287458796515393
155 0.05543776388522152 0.06237049812985319 0.02592018890659035 0.3057182666696796 0.31123393874423955 0.0876208472165767 0.018898445135360493 0.07404680188395778 0.7224556910479423 0.05543776380961473 0.7224556910539527 0.07540622883479892 0.3057182666211473 0.024809630043265203 0.31123393871660593 0.7224556905364183 0.07958605866844752 0.07958605777392916 0.07958605808001296 0.06311354361623382
15 0.5071315743713688 0.6001724388009116 0.44573489190196963 0.16539792048321356 0.11774776864780405 0.3349238886859851 0.2748445430202401 0.16763029006391 0.06591454639904795 0.507131575257928 0.06591454632444345 0.3528260610765019 0.16539792038201215 0.39805319486903745 0.11774776872058866 0.06591454636878544 0.1964207905512859 0.19642079028645731 0.19642079052266614 0.4652576352897154
75 0.2513953114382725 0.2242391137374547 0.07907628814955361 0.2789322560820171 0.1198603796660193 0.21929237413218633 -0.003783909761378473 0.019351903792074333 0.07958605830432784 0.25139531221334827 0.07958605838780512 0.017383139125947095 0.27893225628115514 0.08494300386757608 0.11986037956331021 0.07958605829758925 0.706809684996006 0.706809684912197 0.7068096849825788 0.24287458796515393
109 0.315171068858875 0.09434551339047068 0.29273250433082537 0.028380126504570183 0.40812164937789897 0.24907585649209357 0.4466476585638478 0.7003136336986268 0.019399937402543314 0.31517107387377746 0.01939993733674337 0.5592101938325217 0.028380127119724756 0.3439063276244701 0.4081216493572049 0.01939993727183509 0.04216360490187321 0.042163604680450516 0.042163604791463624 0.33084657063809497
124 0.2513953114382725 0.2242391137374547 0.07907628814955361 0.2789322560820171 0.1198603796660193 0.21929237413218633 -0.003783909761378473 0.019351903792074333 0.07958605830432784 0.25139531221334827 0.07958605838780512 0.017383139125947095 0.27893225628115514 0.08494300386757608 0.11986037956331021 0.07958605829758925 0.706809684996006 0.706809684912197 0.7068096849825788 0.24287458796515393
31 0.44450083759709275 0.3824757066144158 0.567624139574922 0.04134419261715066 0.13444840870298722 0.1785097048205026 0.5738268611747099 0.28133525348055494 0.019360530653509185 0.444500839552167 0.019360530622116547 0.34110246313401177 0.041344192702925366 0.58503963256733 0.13444840874964148 0.01936053059820323 0.09757800508892032 0.09757800490014032 0.09757800512914942 0.4088244988554511
89 0.2513953114382725 0.2242391137374547 0.07907628814955361 0.2789322560820171 0.1198603796660193 0.21929237413218633 -0.003783909761378473 0.019351903792074333 0.07958605830432784 0.25139531221334827 0.07958605838780512 0.017383139125947095 0.27893225628115514 0.08494300386757608 0.11986037956331021 0.07958605829758925 0.706809684996006 0.706809684912197 0.7068096849825788 0.24287458796515393
50 0.48458594286260287 0.19833116065499218 0.42856347896710806 0.021026760553632933 0.23829760324862212 0.25723517985492056 0.4878929794292166 0.3855395808136211 -0.008230369731340637 0.4845859485279696 -0.0082303697116147 0.3042456558568488 0.02102676101666939 0.5059223799549278 0.23829760321268173 -0.00823036971648083 0.16669495228161216 0.16669495184959146 0.16669495207720408 0.5145373230338413
167 0.2513953114382725 0.2242391137374547 0.07907628814955361 0.2789322560820171 0.1198603796660193 0.21929237413218633 -0.003783909761378473 0.019351903792074333 0.07958605830432784 0.25139531221334827 0.07958605838780512 0.017383139125947095 0.27893225628115514 0.08494300386757608 0.11986037956331021 0.07958605829758925 0.706809684996006 0.706809684912197 0.7068096849825788 0.24287458796515393
177 0.25281649727986333 0.25022850770256977 0.0652466622191142 0.2963286310957308 0.11430022892218152 0.24964135896495723 -0.0026677827052320243 0.013260535579024846 0.07836384766627691 0.25281649747535073 0.07836384762319393 0.023057440825065098 0.2963286312015081 0.0894326598977548 0.11430022881646064 0.07836384767315921 0.6983731485804076 0.6983731483050144 0.6983731485364082 0.22189155160621182
176 0.25281649727986333 0.25022850770256977 0.0652466622191142 0.2963286310957308 0.11430022892218152 0.24964135896495723 -0.0026677827052320243 0.013260535579024846 0.07836384766627691 0.25281649747535073 0.07836384762319393 0.023057440825065098 0.2963286312015081 0.0894326598977548 0.11430022881646064 0.07836384767315921 0.6983731485804076 0.6983731483050144 0.6983731485364082 0.22189155160621182
98 0.2513953114382725 0.2242391137374547 0.07907628814955361 0.2789322560820171 0.1198603796660193 0.21929237413218633 -0.003783909761378473 0.019351903792074333 0.07958605830432784 0.25139531221334827 0.07958605838780512 0.017383139125947095 0.27893225628115514 0.08494300386757608 0.11986037956331021 0.07958605829758925 0.706809684996006 0.706809684912197 0.7068096849825788 0.24287458796515393
13 0.5459409331399687 0.5164654821379576 0.4236985533519029 0.14360597278027776 0.14505605777257713 0.2618909360141364 0.30494100739000535 0.18063019346505724 0.05543776388649916 0.5459409356233477 0.055437763907669246 0.24829361892918123 0.14360597284674065 0.427724146042678 0.1450560577990664 0.05543776385592318 0.2513953118685046 0.2513953115390292 0.25139531179064567 0.486510436318799
115 0.1466725662271914 0.0435220315836071 0.28240031808259636 -0.036075560450330155 0.08512663028742193 0.26377565906746137 0.2617722059312872 1.144359948905563 -0.0315205635586558 0.14667256890497382 -0.03152056347439894 0.47993042021366683 -0.03607556039419729 0.19313122761041968 0.085126630359523 -0.0315205634551429 0.01024326014901887 0.01024326114063863 0.010243260839089602 0.09854722682006313
134 0.14360597259212995 0.15251418349071544 0.04747602243032943 0.7469297549921406 0.31438663080968654 0.2793251963792507 0.018671743111240115 0.03383328239099957 0.3057182666521377 0.1436059730145399 0.3057182667961997 0.05897969793970393 0.7469297552397665 0.044497294038413154 0.3143866306278688 0.30571826651080986 0.27893225632655294 0.27893225593846405 0.2789322559697202 0.14484123938956406
172 0.05543776388522152 0.06237049812985319 0.02592018890659035 0.3057182666696796 0.31123393874423955 0.0876208472165767 0.018898445135360493 0.07404680188395778 0.7224556910479423 0.05543776380961473 0.7224556910539527 0.07540622883479892 0.3057182666211473 0.024809630043265203 0.31123393871660593 0.7224556905364183 0.07958605866844752 0.07958605777392916 0.07958605808001296 0.06311354361623382
127 0.2513953114382725 0.2242391137374547 0.07907628814955361 0.2789322560820171 0.1198603796660193 0.21929237413218633 -0.003783909761378473 0.019351903792074333 0.07958605830432784 0.25139531221334827 0.07958605838780512 0.017383139125947095 0.27893225628115514 0.08494300386757608 0.11986037956331021 0.07958605829758925 0.706809684996006 0.706809684912197 0.7068096849825788 0.24287458796515393
57 0.45327419184768475 0.3774808394575957 0.5656472052680954 0.0435277682326733 0.1358153726403875 0.20655811064564705 0.5702692125557751 0.2740691921007128 0.01880418305839612 0.4532741940580698 0.018804183039873017 0.3472290580445926 0.043527768378503716 0.5748900314179944 0.13581537263800694 0.018804183093597056 0.09800646145796758 0.09800646135303409 0.09800646149226509 0.4003915006913014
83 0.14360597259212995 0.15251418349071544 0.04747602243032943 0.7469297549921406 0.31438663080968654 0.2793251963792507 0.018671743111240115 0.03383328239099957 0.3057182666521377 0.1436059730145399 0.3057182667961997 0.05897969793970393 0.7469297552397665 0.044497294038413154 0.3143866306278688 0.30571826651080986 0.27893225632655294 0.27893225593846405 0.2789322559697202 0.14484123938956406
206 0.25099511458734614 0.11238167807482516 0.1980251992932106 0.3239382084299894 0.3844484175040226 0.7435737986673215 0.1713440239128393 0.563926986571363 0.18804237692704992 0.2509951176054983 0.18804237715345895 0.2430002395544461 0.323938208568662 0.17255421214942654 0.38444841751005493 0.1880423769755713 0.14506762706993623 0.1450676272977936 0.14506762729376305 0.32373426833713886
3 0.5459409331399687 0.5164654821379576 0.4236985533519029 0.14360597278027776 0.14505605777257713 0.2618909360141364 0.30494100739000535 0.18063019346505724 0.05543776388649916 0.5459409356233477 0.055437763907669246 0.24829361892918123 0.14360597284674065 0.427724146042678 0.1450560577990664 0.05543776385592318 0.2513953118685046 0.2513953115390292 0.25139531179064567 0.486510436318799
192 0.25099511458734614 0.11238167807482516 0.1980251992932106 0.3239382084299894 0.3844484175040226 0.7435737986673215 0.1713440239128393 0.563926986571363 0.18804237692704992 0.2509951176054983 0.18804237715345895 0.2430002395544461 0.323938208568662 0.17255421214942654 0.38444841751005493 0.1880423769755713 0.14506762706993623 0.1450676272977936 0.14506762729376305 0.32373426833713886
196 0.2513953114382725 0.2242391137374547 0.07907628814955361 0.2789322560820171 0.1198603796660193 0.21929237413218633 -0.003783909761378473 0.019351903792074333 0.07958605830432784 0.25139531221334827 0.07958605838780512 0.017383139125947095 0.27893225628115514 0.08494300386757608 0.11986037956331021 0.07958605829758925 0.706809684996006 0.706809684912197 0.7068096849825788 0.24287458796515393
71 0.2513953114382725 0.2242391137374547 0.07907628814955361 0.2789322560820171 0.1198603796660193 0.21929237413218633 -0.003783909761378473 0.019351903792074333 0.07958605830432784 0.25139531221334827 0.07958605838780512 0.017383139125947095 0.27893225628115514 0.08494300386757608 0.11986037956331021 0.07958605829758925 0.706809684996006 0.706809684912197 0.7068096849825788 0.24287458796515393
143 0.18063019320888193 0.1851315601445207 0.2646906190843731 0.03383328250347265 0.2949970829779904 0.2994597921517751 0.3208496888051503 0.962961702223598 0.07404680193320234 0.18063019380055584 0.07404680190938359 0.6264163775193283 0.03383328252784603 0.2713696645207214 0.29499708299324057 0.07404680182598146 0.019351903732286308 0.019351903748839105 0.019351903894286076 0.2248277790056258
85 0.25099511458734614 0.11238167807482516 0.1980251992932106 0.3239382084299894 0.3844484175040226 0.7435737986673215 0.1713440239128393 0.563926986571363 0.18804237692704992 0.2509951176054983 0.18804237715345895 0.2430002395544461 0.323938208568662 0.17255421214942654 0.38444841751005493 0.1880423769755713 0.14506762706993623 0.1450676272977936 0.14506762729376305 0.32373426833713886
164 0.2513953114382725 0.2242391137374547 0.07907628814955361 0.2789322560820171 0.1198603796660193 0.21929237413218633 -0.003783909761378473 0.019351903792074333 0.07958605830432784 0.25139531221334827 0.07958605838780512 0.017383139125947095 0.27893225628115514 0.08494300386757608 0.11986037956331021 0.07958605829758925 0.706809684996006 0.706809684912197 0.7068096849825788 0.24287458796515393
188 0.05543776388522152 0.06237049812985319 0.02592018890659035 0.3057182666696796 0.31123393874423955 0.0876208472165767 0.018898445135360493 0.07404680188395778 0.7224556910479423 0.05543776380961473 0.7224556910539527 0.07540622883479892 0.3057182666211473 0.024809630043265203 0.31123393871660593 0.7224556905364183 0.07958605866844752 0.07958605777392916 0.07958605808001296 0.06311354361623382
203 0.14360597259212995 0.15251418349071544 0.04747602243032943 0.7469297549921406 0.31438663080968654 0.2793251963792507 0.018671743111240115 0.03383328239099957 0.3057182666521377 0.1436059730145399 0.3057182667961997 0.05897969793970393 0.7469297552397665 0.044497294038413154 0.3143866306278688 0.30571826651080986 0.27893225632655294 0.27893225593846405 0.2789322559697202 0.14484123938956406
204 0.14360597259212995 0.15251418349071544 0.04747602243032943 0.7469297549921406 0.31438663080968654 0.2793251963792507 0.018671743111240115 0.03383328239099957 0.3057182666521377 0.1436059730145399 0.3057182667961997 0.05897969793970393 0.7469297552397665 0.044497294038413154 0.3143866306278688 0.30571826651080986 0.27893225632655294 0.27893225593846405 0.2789322559697202 0.14484123938956406
30 0.407656197520133 0.4205661292779135 0.5818768119203436 0.049942247043583354 0.12481603847535647 0.21553397469066826 0.5354260662495445 0.3029730796945173 0.022481513739447165 0.4076561984091754 0.022481513633795407 0.4564697602705636 0.04994224692205087 0.5438941117499663 0.12481603850658458 0.022481513677455458 0.0758452394746893 0.07584523981135938 0.07584523978366534 0.4071511933162093
62 0.15039905721237723 0.17609426360373803 0.0075111698651776195 0.7249288214066294 0.3045846985704121 0.28583607875166817 0.030004353045452188 0.016263197241336413 0.3173282097917619 0.15039905754520094 0.31732820992644156 0.09358791312356335 0.7249288215888424 0.03417448859347924 0.30458469837670077 0.31732820959585584 0.28726019847448897 0.2872601978632237 0.28726019814195747 0.16395515078946118
202 0.27790282639344516 0.12195770560937112 0.27156911683768625 0.027238695211662778 0.38531143743433555 0.24314748900666927 0.41979114537104956 0.7757445112918983 0.03245022121609467 0.2779028301827489 0.03245022118522722 0.5872635542660433 0.02723869565786351 0.34465142488621175 0.38531143742350055 0.03245022117806999 0.03680146749540788 0.03680146718432359 0.036801467402712076 0.3284257482414577
135 0.14360597259212995 0.15251418349071544 0.04747602243032943 0.7469297549921406 0.31438663080968654 0.2793251963792507 0.018671743111240115 0.03383328239099957 0.3057182666521377 0.1436059730145399 0.3057182667961997 0.05897969793970393 0.7469297552397665 0.044497294038413154 0.3143866306278688 0.30571826651080986 0.27893225632655294 0.27893225593846405 0.2789322559697202 0.14484123938956406
190 0.14360597259212995 0.15251418349071544 0.04747602243032943 0.7469297549921406 0.31438663080968654 0.2793251963792507 0.018671743111240115 0.03383328239099957 0.3057182666521377 0.1436059730145399 0.3057182667961997 0.05897969793970393 0.7469297552397665 0.044497294038413154 0.3143866306278688 0.30571826651080986 0.27893225632655294 0.27893225593846405 0.2789322559697202 0.14484123938956406
47 0.4277241457205887 0.4111517770344387 0.583747811466961 0.044497294051339356 0.11660840671320852 0.1689549218594172 0.5777687411401785 0.27136966452069633 0.024809630054991014 0.4277241466298553 0.0248096299793325 0.35695889703324174 0.0444972939722154 0.5928089918411502 0.11660840671675564 0.024809630042064584 0.0849430038578354 0.08494300381715 0.08494300390843092 0.3934502899240218
12 0.2998439013143147 0.22449396841438085 0.6094745024627386 -0.018624787179316628 0.11366479861306314 0.13093004463151334 0.7773793579948897 0.3525349333066151 -0.014249447236883112 0.29984390240920217 -0.014249447304566395 0.37621870406966357 -0.018624787106916185 0.6166878173768815 0.11366479862199412 -0.01424944725925042 0.0025856411447986866 0.002585641268726685 0.002585641344776538 0.30609259363976576
91 0.2513953114382725 0.2242391137374547 0.07907628814955361 0.2789322560820171 0.1198603796660193 0.21929237413218633 -0.003783909761378473 0.019351903792074333 0.07958605830432784 0.25139531221334827 0.07958605838780512 0.017383139125947095 0.27893225628115514 0.08494300386757608 0.11986037956331021 0.07958605829758925 0.706809684996006 0.706809684912197 0.7068096849825788 0.24287458796515393
114 0.26189093572444666 0.2967635252653187 0.17877763314787448 0.2793251963949792 0.12398273433715735 1.0352122292520753 0.11425922980305539 0.29945979215178 0.08762084724240843 0.2618909362916337 0.08762084722270387 0.3026317871160692 0.2793251963378371 0.16895492185945132 0.1239827342903857 0.08762084722987219 0.21929237393835088 0.21929237397789403 0.2192923742074511 0.3068884790558112
99 0.2513953114382725 0.2242391137374547 0.07907628814955361 0.2789322560820171 0.1198603796660193 0.21929237413218633 -0.003783909761378473 0.019351903792074333 0.07958605830432784 0.25139531221334827 0.07958605838780512 0.017383139125947095 0.27893225628115514 0.08494300386757608 0.11986037956331021 0.07958605829758925 0.706809684996006 0.706809684912197 0.7068096849825788 0.24287458796515393
117 0.2513953114382725 0.2242391137374547 0.07907628814955361 0.2789322560820171 0.1198603796660193 0.21929237413218633 -0.003783909761378473 0.019351903792074333 0.07958605830432784 0.25139531221334827 0.07958605838780512 0.017383139125947095 0.27893225628115514 0.08494300386757608 0.11986037956331021 0.07958605829758925 0.706809684996006 0.706809684912197 0.7068096849825788 0.24287458796515393
100 0.2513953114382725 0.2242391137374547 0.07907628814955361 0.2789322560820171 0.1198603796660193 0.21929237413218633 -0.003783909761378473 0.019351903792074333 0.07958605830432784 0.25139531221334827 0.07958605838780512 0.017383139125947095 0.27893225628115514 0.08494300386757608 0.11986037956331021 0.07958605829758925 0.706809684996006 0.706809684912197 0.7068096849825788 0.24287458796515393
165 0.2513953114382725 0.2242391137374547 0.07907628814955361 0.2789322560820171 0.1198603796660193 0.21929237413218633 -0.003783909761378473 0.019351903792074333 0.07958605830432784 0.25139531221334827 0.07958605838780512 0.017383139125947095 0.27893225628115514 0.08494300386757608 0.11986037956331021 0.07958605829758925 0.706809684996006 0.706809684912197 0.7068096849825788 0.24287458796515393
68 0.05543776388522152 0.06237049812985319 0.02592018890659035 0.3057182666696796 0.31123393874423955 0.0876208472165767 0.018898445135360493 0.07404680188395778 0.7224556910479423 0.05543776380961473 0.7224556910539527 0.07540622883479892 0.3057182666211473 0.024809630043265203 0.31123393871660593 0.7224556905364183 0.07958605866844752 0.07958605777392916 0.07958605808001296 0.06311354361623382
220 0.05543776388522152 0.06237049812985319 0.02592018890659035 0.3057182666696796 0.31123393874423955 0.0876208472165767 0.018898445135360493 0.07404680188395778 0.7224556910479423 0.05543776380961473 0.7224556910539527 0.07540622883479892 0.3057182666211473 0.024809630043265203 0.31123393871660593 0.7224556905364183 0.07958605866844752 0.07958605777392916 0.07958605808001296 0.06311354361623382
92 0.2513953114382725 0.2242391137374547 0.07907628814955361 0.2789322560820171 0.1198603796660193 0.21929237413218633 -0.003783909761378473 0.019351903792074333 0.07958605830432784 0.25139531221334827 0.07958605838780512 0.017383139125947095 0.27893225628115514 0.08494300386757608 0.11986037956331021 0.07958605829758925 0.706809684996006 0.706809684912197 0.7068096849825788 0.24287458796515393
131 0.05543776388522152 0.06237049812985319 0.02592018890659035 0.3057182666696796 0.31123393874423955 0.0876208472165767 0.018898445135360493 0.07404680188395778 0.7224556910479423 0.05543776380961473 0.7224556910539527 0.07540622883479892 0.3057182666211473 0.024809630043265203 0.31123393871660593 0.7224556905364183 0.07958605866844752 0.07958605777392916 0.07958605808001296 0.06311354361623382
97 0.2513953114382725 0.2242391137374547 0.07907628814955361 0.2789322560820171 0.1198603796660193 0.21929237413218633 -0.003783909761378473 0.019351903792074333 0.07958605830432784 0.25139531221334827 0.07958605838780512 0.017383139125947095 0.27893225628115514 0.08494300386757608 0.11986037956331021 0.07958605829758925 0.706809684996006 0.706809684912197 0.7068096849825788 0.24287458796515393
32 0.24387406506747 0.1946748547551092 0.5256232413813127 -0.014652637130081293 0.15406331120892025 0.1112323920643802 0.7320830601585685 0.49118233688194485 -0.008994573233704319 0.24387406633411574 -0.008994573321358307 0.5738950154687947 -0.01465263724105443 0.5460589541661612 0.15406331122512634 -0.00899457332445103 -0.01619464154264001 -0.01619464144674397 -0.01619464131287202 0.2810511967602318
95 0.2513953114382725 0.2242391137374547 0.07907628814955361 0.2789322560820171 0.1198603796660193 0.21929237413218633 -0.003783909761378473 0.019351903792074333 0.07958605830432784 0.25139531221334827 0.07958605838780512 0.017383139125947095 0.27893225628115514 0.08494300386757608 0.11986037956331021 0.07958605829758925 0.706809684996006 0.706809684912197 0.7068096849825788 0.24287458796515393
104 0.05543776388522152 0.06237049812985319 0.02592018890659035 0.3057182666696796 0.31123393874423955 0.0876208472165767 0.018898445135360493 0.07404680188395778 0.7224556910479423 0.05543776380961473 0.7224556910539527 0.07540622883479892 0.3057182666211473 0.024809630043265203 0.31123393871660593 0.7224556905364183 0.07958605866844752 0.07958605777392916 0.07958605808001296 0.06311354361623382
205 0.25099511458734614 0.11238167807482516 0.1980251992932106 0.3239382084299894 0.3844484175040226 0.7435737986673215 0.1713440239128393 0.563926986571363 0.18804237692704992 0.2509951176054983 0.18804237715345895 0.2430002395544461 0.323938208568662 0.17255421214942654 0.38444841751005493 0.1880423769755713 0.14506762706993623 0.1450676272977936 0.14506762729376305 0.32373426833713886
201 0.2513953114382725 0.2242391137374547 0.07907628814955361 0.2789322560820171 0.1198603796660193 0.21929237413218633 -0.003783909761378473 0.019351903792074333 0.07958605830432784 0.25139531221334827 0.07958605838780512 0.017383139125947095 0.27893225628115514 0.08494300386757608 0.11986037956331021 0.07958605829758925 0.706809684996006 0.706809684912197 0.7068096849825788 0.24287458796515393
80 0.05543776388522152 0.06237049812985319 0.02592018890659035 0.3057182666696796 0.31123393874423955 0.0876208472165767 0.018898445135360493 0.07404680188395778 0.7224556910479423 0.05543776380961473 0.7224556910539527 0.07540622883479892 0.3057182666211473 0.024809630043265203 0.31123393871660593 0.7224556905364183 0.07958605866844752 0.07958605777392916 0.07958605808001296 0.06311354361623382
27 0.47616426806577583 0.5734933416216 0.4073512553523884 0.16262438806007956 0.13519295104071838 0.3582783862593307 0.25164142081126745 0.2019295994993829 0.06761815973767012 0.47616426836835496 0.06761815968783333 0.3856423562076636 0.16262438790778316 0.375420156364006 0.13519295103562814 0.06761815959866598 0.20598324056713455 0.20598324049374275 0.2059832408349911 0.5463925835293321
11 0.531734016512506 0.34214916560171144 0.3258078233126927 0.18907364897987203 0.1861751831574941 0.3519967773820117 0.34120247336136605 0.22989900303856606 0.03233852846954077 0.531734021698192 0.03233852853635273 0.14073437542770342 0.18907364934106 0.32715964121233704 0.18617518319342974 0.0323385285250401 0.3193652496954084 0.31936524923113596 0.3193652496588085 0.49401644605742784
45 0.42369855283479646 0.42316680286369657 0.5969136067981061 0.04747602244028595 0.11097261620191945 0.17877763314789732 0.5758113611468197 0.2646906190844082 0.025920188954159918 0.42369855404362833 0.0259201888918184 0.3729095845654637 0.047476022389966836 0.5837478114669615 0.11097261623952077 0.025920188921688115 0.07907628809760958 0.07907628818024759 0.07907628821812407 0.37718189827474197
125 0.2513953114382725 0.2242391137374547 0.07907628814955361 0.2789322560820171 0.1198603796660193 0.21929237413218633 -0.003783909761378473 0.019351903792074333 0.07958605830432784 0.25139531221334827 0.07958605838780512 0.017383139125947095 0.27893225628115514 0.08494300386757608 0.11986037956331021 0.07958605829758925 0.706809684996006 0.706809684912197 0.7068096849825788 0.24287458796515393
