id,x_0,x_1,x_2,x_3,x_4,x_5,x_6,x_7,x_8,x_9,x_10
0.0,0.337656154511028,2.220446049250313e-16,2.220446049250313e-16,0.4381044296101818,2.220446049250313e-16,2.220446049250313e-16,0.3506776718494466,2.220446049250313e-16,0.21537058292755035,0.08675652354993652,0.3134311624517275
1.0,2.220446049250313e-16,2.220446049250313e-16,0.43677689405640147,0.7429373464144887,2.220446049250313e-16,0.08074421613584014,0.13218234612772395,2.220446049250313e-16,0.49555033217815997,2.220446049250313e-16,0.025527610086114448
2.0,0.09473851063211022,2.220446049250313e-16,2.220446049250313e-16,0.1145860156884202,0.8936670275592753,0.2781791092709587,0.25552577411094873,2.220446049250313e-16,2.220446049250313e-16,2.220446049250313e-16,2.220446049250313e-16
3.0,2.220446049250313e-16,2.220446049250313e-16,0.4512229287820716,0.5423044167406685,2.220446049250313e-16,0.09509319133625327,2.220446049250313e-16,2.220446049250313e-16,0.5133116704096803,2.220446049250313e-16,0.33070709859179265
4.0,0.1539044589079118,2.220446049250313e-16,2.220446049250313e-16,0.7304387746444707,0.011207390567148421,2.220446049250313e-16,0.32383647556455564,2.220446049250313e-16,0.005616990878473176,0.2382190809047509,2.220446049250313e-16
5.0,2.220446049250313e-16,2.220446049250313e-16,0.4512229287820716,0.5423044167406685,2.220446049250313e-16,0.09509319133625327,2.220446049250313e-16,2.220446049250313e-16,0.5133116704096803,2.220446049250313e-16,0.33070709859179265
6.0,0.09473851063211022,2.220446049250313e-16,2.220446049250313e-16,0.1145860156884202,0.8936670275592753,0.2781791092709587,0.25552577411094873,2.220446049250313e-16,2.220446049250313e-16,2.220446049250313e-16,2.220446049250313e-16
7.0,2.220446049250313e-16,2.220446049250313e-16,0.43677689405640147,0.7429373464144887,2.220446049250313e-16,0.08074421613584014,0.13218234612772395,2.220446049250313e-16,0.49555033217815997,2.220446049250313e-16,0.025527610086114448
8.0,0.3304234574825055,2.220446049250313e-16,2.220446049250313e-16,0.2541566462254148,2.220446049250313e-16,2.220446049250313e-16,0.1489059401815081,2.220446049250313e-16,0.23480503677388279,0.06635281509018583,0.628877856811082
9.0,2.220446049250313e-16,2.220446049250313e-16,0.48029188577654114,0.26809494505952214,2.220446049250313e-16,2.220446049250313e-16,2.220446049250313e-16,2.220446049250313e-16,0.48416393647717504,0.048819504460775674,0.5448542202297049
10.0,0.14771208309873088,2.220446049250313e-16,2.220446049250313e-16,0.6264417887968092,0.04546239231632351,2.220446049250313e-16,0.21251529489606608,2.220446049250313e-16,2.220446049250313e-16,0.3392134888597171,0.0007087582703834493
11.0,2.220446049250313e-16,2.220446049250313e-16,0.48029188577654114,0.26809494505952214,2.220446049250313e-16,2.220446049250313e-16,2.220446049250313e-16,2.220446049250313e-16,0.48416393647717504,0.048819504460775674,0.5448542202297049
12.0,0.1539044589079118,2.220446049250313e-16,2.220446049250313e-16,0.7304387746444707,0.011207390567148421,2.220446049250313e-16,0.32383647556455564,2.220446049250313e-16,0.005616990878473176,0.2382190809047509,2.220446049250313e-16
13.0,2.220446049250313e-16,2.220446049250313e-16,0.4512229287820716,0.5423044167406685,2.220446049250313e-16,0.09509319133625327,2.220446049250313e-16,2.220446049250313e-16,0.5133116704096803,2.220446049250313e-16,0.33070709859179265
14.0,0.0705968899217564,2.220446049250313e-16,2.220446049250313e-16,0.011322151370454003,0.9825210890519546,0.2630677802346102,0.07709402451345947,0.13509484405316707,2.220446049250313e-16,2.220446049250313e-16,2.220446049250313e-16
15.0,2.220446049250313e-16,2.220446049250313e-16,0.39383189947563296,0.25016876184047454,0.05278618283332398,0.10216755797864902,0.4176925920776973,2.220446049250313e-16,0.014301452272153074,0.3433780370427191,2.220446049250313e-16
16.0,0.0705968899217564,2.220446049250313e-16,2.220446049250313e-16,0.011322151370454003,0.9825210890519546,0.2630677802346102,0.07709402451345947,0.13509484405316707,2.220446049250313e-16,2.220446049250313e-16,2.220446049250313e-16
17.0,2.220446049250313e-16,2.220446049250313e-16,0.43677689405640147,0.7429373464144887,2.220446049250313e-16,0.08074421613584014,0.13218234612772395,2.220446049250313e-16,0.49555033217815997,2.220446049250313e-16,0.025527610086114448
18.0,0.3304234574825055,2.220446049250313e-16,2.220446049250313e-16,0.2541566462254148,2.220446049250313e-16,2.220446049250313e-16,0.1489059401815081,2.220446049250313e-16,0.23480503677388279,0.06635281509018583,0.628877856811082
19.0,2.220446049250313e-16,2.220446049250313e-16,0.48029188577654114,0.26809494505952214,2.220446049250313e-16,2.220446049250313e-16,2.220446049250313e-16,2.220446049250313e-16,0.48416393647717504,0.048819504460775674,0.5448542202297049
20.0,0.14771208309873088,2.220446049250313e-16,2.220446049250313e-16,0.6264417887968092,0.04546239231632351,2.220446049250313e-16,0.21251529489606608,2.220446049250313e-16,2.220446049250313e-16,0.3392134888597171,0.0007087582703834493
21.0,2.220446049250313e-16,2.220446049250313e-16,0.48029188577654114,0.26809494505952214,2.220446049250313e-16,2.220446049250313e-16,2.220446049250313e-16,2.220446049250313e-16,0.48416393647717504,0.048819504460775674,0.5448542202297049
22.0,0.1539044589079118,2.220446049250313e-16,2.220446049250313e-16,0.7304387746444707,0.011207390567148421,2.220446049250313e-16,0.32383647556455564,2.220446049250313e-16,0.005616990878473176,0.2382190809047509,2.220446049250313e-16
23.0,2.220446049250313e-16,2.220446049250313e-16,0.4512229287820716,0.5423044167406685,2.220446049250313e-16,0.09509319133625327,2.220446049250313e-16,2.220446049250313e-16,0.5133116704096803,2.220446049250313e-16,0.33070709859179265
24.0,0.09473851063211022,2.220446049250313e-16,2.220446049250313e-16,0.1145860156884202,0.8936670275592753,0.2781791092709587,0.25552577411094873,2.220446049250313e-16,2.220446049250313e-16,2.220446049250313e-16,2.220446049250313e-16
25.0,2.220446049250313e-16,2.220446049250313e-16,0.43677689405640147,0.7429373464144887,2.220446049250313e-16,0.08074421613584014,0.13218234612772395,2.220446049250313e-16,0.49555033217815997,2.220446049250313e-16,0.025527610086114448
26.0,0.337656154511028,2.220446049250313e-16,2.220446049250313e-16,0.4381044296101818,2.220446049250313e-16,2.220446049250313e-16,0.3506776718494466,2.220446049250313e-16,0.21537058292755035,0.08675652354993652,0.3134311624517275
27.0,2.220446049250313e-16,2.220446049250313e-16,0.43677689405640147,0.7429373464144887,2.220446049250313e-16,0.08074421613584014,0.13218234612772395,2.220446049250313e-16,0.49555033217815997,2.220446049250313e-16,0.025527610086114448
28.0,0.09473851063211022,2.220446049250313e-16,2.220446049250313e-16,0.1145860156884202,0.8936670275592753,0.2781791092709587,0.25552577411094873,2.220446049250313e-16,2.220446049250313e-16,2.220446049250313e-16,2.220446049250313e-16
29.0,2.220446049250313e-16,2.220446049250313e-16,0.43677689405640147,0.7429373464144887,2.220446049250313e-16,0.08074421613584014,0.13218234612772395,2.220446049250313e-16,0.49555033217815997,2.220446049250313e-16,0.025527610086114448
30.0,0.337656154511028,2.220446049250313e-16,2.220446049250313e-16,0.4381044296101818,2.220446049250313e-16,2.220446049250313e-16,0.3506776718494466,2.220446049250313e-16,0.21537058292755035,0.08675652354993652,0.3134311624517275
31.0,2.220446049250313e-16,2.220446049250313e-16,0.43677689405640147,0.7429373464144887,2.220446049250313e-16,0.08074421613584014,0.13218234612772395,2.220446049250313e-16,0.49555033217815997,2.220446049250313e-16,0.025527610086114448
32.0,0.0705968899217564,2.220446049250313e-16,2.220446049250313e-16,0.011322151370454003,0.9825210890519546,0.2630677802346102,0.07709402451345947,0.13509484405316707,2.220446049250313e-16,2.220446049250313e-16,2.220446049250313e-16
33.0,2.220446049250313e-16,2.220446049250313e-16,0.39383189947563296,0.25016876184047454,0.05278618283332398,0.10216755797864902,0.4176925920776973,2.220446049250313e-16,0.014301452272153074,0.3433780370427191,2.220446049250313e-16
34.0,0.0705968899217564,2.220446049250313e-16,2.220446049250313e-16,0.011322151370454003,0.9825210890519546,0.2630677802346102,0.07709402451345947,0.13509484405316707,2.220446049250313e-16,2.220446049250313e-16,2.220446049250313e-16
35.0,2.220446049250313e-16,2.220446049250313e-16,0.43677689405640147,0.7429373464144887,2.220446049250313e-16,0.08074421613584014,0.13218234612772395,2.220446049250313e-16,0.49555033217815997,2.220446049250313e-16,0.025527610086114448
36.0,0.3304234574825055,2.220446049250313e-16,2.220446049250313e-16,0.2541566462254148,2.220446049250313e-16,2.220446049250313e-16,0.1489059401815081,2.220446049250313e-16,0.23480503677388279,0.06635281509018583,0.628877856811082
37.0,2.220446049250313e-16,2.220446049250313e-16,0.48029188577654114,0.26809494505952214,2.220446049250313e-16,2.220446049250313e-16,2.220446049250313e-16,2.220446049250313e-16,0.48416393647717504,0.048819504460775674,0.5448542202297049
38.0,0.1539044589079118,2.220446049250313e-16,2.220446049250313e-16,0.7304387746444707,0.011207390567148421,2.220446049250313e-16,0.32383647556455564,2.220446049250313e-16,0.005616990878473176,0.2382190809047509,2.220446049250313e-16
39.0,2.220446049250313e-16,2.220446049250313e-16,0.4512229287820716,0.5423044167406685,2.220446049250313e-16,0.09509319133625327,2.220446049250313e-16,2.220446049250313e-16,0.5133116704096803,2.220446049250313e-16,0.33070709859179265
40.0,0.09473851063211022,2.220446049250313e-16,2.220446049250313e-16,0.1145860156884202,0.8936670275592753,0.2781791092709587,0.25552577411094873,2.220446049250313e-16,2.220446049250313e-16,2.220446049250313e-16,2.220446049250313e-16
41.0,2.220446049250313e-16,2.220446049250313e-16,0.4512229287820716,0.5423044167406685,2.220446049250313e-16,0.09509319133625327,2.220446049250313e-16,2.220446049250313e-16,0.5133116704096803,2.220446049250313e-16,0.33070709859179265
42.0,0.1539044589079118,2.220446049250313e-16,2.220446049250313e-16,0.7304387746444707,0.011207390567148421,2.220446049250313e-16,0.32383647556455564,2.220446049250313e-16,0.005616990878473176,0.2382190809047509,2.220446049250313e-16
43.0,2.220446049250313e-16,2.220446049250313e-16,0.4512229287820716,0.5423044167406685,2.220446049250313e-16,0.09509319133625327,2.220446049250313e-16,2.220446049250313e-16,0.5133116704096803,2.220446049250313e-16,0.33070709859179265
44.0,0.0705968899217564,2.220446049250313e-16,2.220446049250313e-16,0.011322151370454003,0.9825210890519546,0.2630677802346102,0.07709402451345947,0.13509484405316707,2.220446049250313e-16,2.220446049250313e-16,2.220446049250313e-16
45.0,2.220446049250313e-16,2.220446049250313e-16,0.39383189947563296,0.25016876184047454,0.05278618283332398,0.10216755797864902,0.4176925920776973,2.220446049250313e-16,0.014301452272153074,0.3433780370427191,2.220446049250313e-16
46.0,0.0705968899217564,2.220446049250313e-16,2.220446049250313e-16,0.011322151370454003,0.9825210890519546,0.2630677802346102,0.07709402451345947,0.13509484405316707,2.220446049250313e-16,2.220446049250313e-16,2.220446049250313e-16
47.0,2.220446049250313e-16,2.220446049250313e-16,0.43677689405640147,0.7429373464144887,2.220446049250313e-16,0.08074421613584014,0.13218234612772395,2.220446049250313e-16,0.49555033217815997,2.220446049250313e-16,0.025527610086114448
48.0,0.3304234574825055,2.220446049250313e-16,2.220446049250313e-16,0.2541566462254148,2.220446049250313e-16,2.220446049250313e-16,0.1489059401815081,2.220446049250313e-16,0.23480503677388279,0.06635281509018583,0.628877856811082
49.0,2.220446049250313e-16,2.220446049250313e-16,0.48029188577654114,0.26809494505952214,2.220446049250313e-16,2.220446049250313e-16,2.220446049250313e-16,2.220446049250313e-16,0.48416393647717504,0.048819504460775674,0.5448542202297049
50.0,0.14771208309873088,2.220446049250313e-16,2.220446049250313e-16,0.6264417887968092,0.04546239231632351,2.220446049250313e-16,0.21251529489606608,2.220446049250313e-16,2.220446049250313e-16,0.3392134888597171,0.0007087582703834493
51.0,2.220446049250313e-16,2.220446049250313e-16,0.48029188577654114,0.26809494505952214,2.220446049250313e-16,2.220446049250313e-16,2.220446049250313e-16,2.220446049250313e-16,0.48416393647717504,0.048819504460775674,0.5448542202297049
52.0,0.15993874852019008,2.220446049250313e-16,2.220446049250313e-16,0.37430055440403087,2.220446049250313e-16,2.220446049250313e-16,0.25886004409112656,2.220446049250313e-16,0.27046259625458186,0.07178817810494864,0.5728260004804031
53.0,2.220446049250313e-16,2.220446049250313e-16,0.48029188577654114,0.26809494505952214,2.220446049250313e-16,2.220446049250313e-16,2.220446049250313e-16,2.220446049250313e-16,0.48416393647717504,0.048819504460775674,0.5448542202297049
54.0,0.3304234574825055,2.220446049250313e-16,2.220446049250313e-16,0.2541566462254148,2.220446049250313e-16,2.220446049250313e-16,0.1489059401815081,2.220446049250313e-16,0.23480503677388279,0.06635281509018583,0.628877856811082
55.0,2.220446049250313e-16,2.220446049250313e-16,0.43677689405640147,0.7429373464144887,2.220446049250313e-16,0.08074421613584014,0.13218234612772395,2.220446049250313e-16,0.49555033217815997,2.220446049250313e-16,0.025527610086114448
56.0,0.0705968899217564,2.220446049250313e-16,2.220446049250313e-16,0.011322151370454003,0.9825210890519546,0.2630677802346102,0.07709402451345947,0.13509484405316707,2.220446049250313e-16,2.220446049250313e-16,2.220446049250313e-16
57.0,2.220446049250313e-16,2.220446049250313e-16,0.39383189947563296,0.25016876184047454,0.05278618283332398,0.10216755797864902,0.4176925920776973,2.220446049250313e-16,0.014301452272153074,0.3433780370427191,2.220446049250313e-16
58.0,0.0705968899217564,2.220446049250313e-16,2.220446049250313e-16,0.011322151370454003,0.9825210890519546,0.2630677802346102,0.07709402451345947,0.13509484405316707,2.220446049250313e-16,2.220446049250313e-16,2.220446049250313e-16
59.0,2.220446049250313e-16,2.220446049250313e-16,0.43677689405640147,0.7429373464144887,2.220446049250313e-16,0.08074421613584014,0.13218234612772395,2.220446049250313e-16,0.49555033217815997,2.220446049250313e-16,0.025527610086114448
60.0,2.220446049250313e-16,2.220446049250313e-16,0.00025809921536085553,0.1157182756826377,0.6680904264589536,0.47600622641451795,2.220446049250313e-16,2.220446049250313e-16,2.220446049250313e-16,2.220446049250313e-16,0.4275206424847267
61.0,2.220446049250313e-16,2.220446049250313e-16,0.12354850399728773,2.220446049250313e-16,0.12091889492008456,2.220446049250313e-16,0.9098150840049601,2.220446049250313e-16,0.4951695522127457,2.220446049250313e-16,0.05112088550012751
62.0,2.220446049250313e-16,2.220446049250313e-16,0.12354850399728773,2.220446049250313e-16,0.12091889492008456,2.220446049250313e-16,0.9098150840049601,2.220446049250313e-16,0.4951695522127457,2.220446049250313e-16,0.05112088550012751
63.0,0.555753159274609,2.220446049250313e-16,2.220446049250313e-16,2.220446049250313e-16,0.2692458687082991,2.220446049250313e-16,0.08035959631892305,2.220446049250313e-16,2.220446049250313e-16,0.05930342946835472,0.7078533091012867
64.0,0.555753159274609,2.220446049250313e-16,2.220446049250313e-16,2.220446049250313e-16,0.2692458687082991,2.220446049250313e-16,0.08035959631892305,2.220446049250313e-16,2.220446049250313e-16,0.05930342946835472,0.7078533091012867
65.0,2.220446049250313e-16,2.220446049250313e-16,0.41767503977572806,0.5639831523941753,2.220446049250313e-16,2.220446049250313e-16,0.2961472768469856,1.0188239582828196e-16,0.50148895979567,2.220446049250313e-16,0.19700022422011154
66.0,2.220446049250313e-16,0.4268204372985622,2.220446049250313e-16,0.020482978396253668,0.03995413919752273,0.7118197862905127,2.220446049250313e-16,0.5211864967908648,2.220446049250313e-16,0.011545008870007192,2.220446049250313e-16
67.0,2.220446049250313e-16,0.4268204372985622,2.220446049250313e-16,0.020482978396253668,0.03995413919752273,0.7118197862905127,2.220446049250313e-16,0.5211864967908648,2.220446049250313e-16,0.011545008870007192,2.220446049250313e-16
68.0,0.7080035067843539,2.220446049250313e-16,2.220446049250313e-16,2.220446049250313e-16,0.0711674069092027,2.220446049250313e-16,2.220446049250313e-16,0.607849317671265,2.220446049250313e-16,2.220446049250313e-16,2.220446049250313e-16
69.0,0.7080035067843539,2.220446049250313e-16,2.220446049250313e-16,2.220446049250313e-16,0.0711674069092027,2.220446049250313e-16,2.220446049250313e-16,0.607849317671265,2.220446049250313e-16,2.220446049250313e-16,2.220446049250313e-16
70.0,0.03292787810253799,0.0020587815481463156,2.220446049250313e-16,2.220446049250313e-16,2.220446049250313e-16,0.6077095113436108,2.220446049250313e-16,0.2275631403706226,0.24253859233408956,2.220446049250313e-16,0.4341307261888907
71.0,0.0011581915842490973,0.26876678590519437,0.45607564676105566,2.220446049250313e-16,2.220446049250313e-16,2.220446049250313e-16,0.00933225350591503,2.220446049250313e-16,2.220446049250313e-16,0.7000825595826518,0.008370592719166656
72.0,0.0011581915842490973,0.26876678590519437,0.45607564676105566,2.220446049250313e-16,2.220446049250313e-16,2.220446049250313e-16,0.00933225350591503,2.220446049250313e-16,2.220446049250313e-16,0.7000825595826518,0.008370592719166656
73.0,0.0011581915842490973,0.26876678590519437,0.45607564676105566,2.220446049250313e-16,2.220446049250313e-16,2.220446049250313e-16,0.00933225350591503,2.220446049250313e-16,2.220446049250313e-16,0.7000825595826518,0.008370592719166656
74.0,0.0011581915842490973,0.26876678590519437,0.45607564676105566,2.220446049250313e-16,2.220446049250313e-16,2.220446049250313e-16,0.00933225350591503,2.220446049250313e-16,2.220446049250313e-16,0.7000825595826518,0.008370592719166656
75.0,0.0011581915842490973,0.26876678590519437,0.45607564676105566,2.220446049250313e-16,2.220446049250313e-16,2.220446049250313e-16,0.00933225350591503,2.220446049250313e-16,2.220446049250313e-16,0.7000825595826518,0.008370592719166656
76.0,0.0011581915842490973,0.26876678590519437,0.45607564676105566,2.220446049250313e-16,2.220446049250313e-16,2.220446049250313e-16,0.00933225350591503,2.220446049250313e-16,2.220446049250313e-16,0.7000825595826518,0.008370592719166656
77.0,2.220446049250313e-16,0.4268204372985622,2.220446049250313e-16,0.020482978396253668,0.03995413919752273,0.7118197862905127,2.220446049250313e-16,0.5211864967908648,2.220446049250313e-16,0.011545008870007192,2.220446049250313e-16
78.0,2.220446049250313e-16,0.4268204372985622,2.220446049250313e-16,0.020482978396253668,0.03995413919752273,0.7118197862905127,2.220446049250313e-16,0.5211864967908648,2.220446049250313e-16,0.011545008870007192,2.220446049250313e-16
79.0,0.7080035067843539,2.220446049250313e-16,2.220446049250313e-16,2.220446049250313e-16,0.0711674069092027,2.220446049250313e-16,2.220446049250313e-16,0.607849317671265,2.220446049250313e-16,2.220446049250313e-16,2.220446049250313e-16
80.0,0.7080035067843539,2.220446049250313e-16,2.220446049250313e-16,2.220446049250313e-16,0.0711674069092027,2.220446049250313e-16,2.220446049250313e-16,0.607849317671265,2.220446049250313e-16,2.220446049250313e-16,2.220446049250313e-16
81.0,2.220446049250313e-16,2.220446049250313e-16,0.00025809921536085553,0.1157182756826377,0.6680904264589536,0.47600622641451795,2.220446049250313e-16,2.220446049250313e-16,2.220446049250313e-16,2.220446049250313e-16,0.4275206424847267
82.0,2.220446049250313e-16,2.220446049250313e-16,0.12354850399728773,2.220446049250313e-16,0.12091889492008456,2.220446049250313e-16,0.9098150840049601,2.220446049250313e-16,0.4951695522127457,2.220446049250313e-16,0.05112088550012751
83.0,2.220446049250313e-16,2.220446049250313e-16,0.12354850399728773,2.220446049250313e-16,0.12091889492008456,2.220446049250313e-16,0.9098150840049601,2.220446049250313e-16,0.4951695522127457,2.220446049250313e-16,0.05112088550012751
84.0,0.555753159274609,2.220446049250313e-16,2.220446049250313e-16,2.220446049250313e-16,0.2692458687082991,2.220446049250313e-16,0.08035959631892305,2.220446049250313e-16,2.220446049250313e-16,0.05930342946835472,0.7078533091012867
85.0,0.555753159274609,2.220446049250313e-16,2.220446049250313e-16,2.220446049250313e-16,0.2692458687082991,2.220446049250313e-16,0.08035959631892305,2.220446049250313e-16,2.220446049250313e-16,0.05930342946835472,0.7078533091012867
86.0,2.220446049250313e-16,2.220446049250313e-16,0.41767503977572806,0.5639831523941753,2.220446049250313e-16,2.220446049250313e-16,0.2961472768469856,1.0188239582828196e-16,0.50148895979567,2.220446049250313e-16,0.19700022422011154
87.0,0.03292787810253799,0.0020587815481463156,2.220446049250313e-16,2.220446049250313e-16,2.220446049250313e-16,0.6077095113436108,2.220446049250313e-16,0.2275631403706226,0.24253859233408956,2.220446049250313e-16,0.4341307261888907
88.0,0.0011581915842490973,0.26876678590519437,0.45607564676105566,2.220446049250313e-16,2.220446049250313e-16,2.220446049250313e-16,0.00933225350591503,2.220446049250313e-16,2.220446049250313e-16,0.7000825595826518,0.008370592719166656
89.0,0.0011581915842490973,0.26876678590519437,0.45607564676105566,2.220446049250313e-16,2.220446049250313e-16,2.220446049250313e-16,0.00933225350591503,2.220446049250313e-16,2.220446049250313e-16,0.7000825595826518,0.008370592719166656
90.0,0.0011581915842490973,0.26876678590519437,0.45607564676105566,2.220446049250313e-16,2.220446049250313e-16,2.220446049250313e-16,0.00933225350591503,2.220446049250313e-16,2.220446049250313e-16,0.7000825595826518,0.008370592719166656
91.0,0.0011581915842490973,0.26876678590519437,0.45607564676105566,2.220446049250313e-16,2.220446049250313e-16,2.220446049250313e-16,0.00933225350591503,2.220446049250313e-16,2.220446049250313e-16,0.7000825595826518,0.008370592719166656
92.0,0.0011581915842490973,0.26876678590519437,0.45607564676105566,2.220446049250313e-16,2.220446049250313e-16,2.220446049250313e-16,0.00933225350591503,2.220446049250313e-16,2.220446049250313e-16,0.7000825595826518,0.008370592719166656
93.0,0.0011581915842490973,0.26876678590519437,0.45607564676105566,2.220446049250313e-16,2.220446049250313e-16,2.220446049250313e-16,0.00933225350591503,2.220446049250313e-16,2.220446049250313e-16,0.7000825595826518,0.008370592719166656
94.0,0.03292787810253799,0.0020587815481463156,2.220446049250313e-16,2.220446049250313e-16,2.220446049250313e-16,0.6077095113436108,2.220446049250313e-16,0.2275631403706226,0.24253859233408956,2.220446049250313e-16,0.4341307261888907
95.0,0.0011581915842490973,0.26876678590519437,0.45607564676105566,2.220446049250313e-16,2.220446049250313e-16,2.220446049250313e-16,0.00933225350591503,2.220446049250313e-16,2.220446049250313e-16,0.7000825595826518,0.008370592719166656
96.0,0.0011581915842490973,0.26876678590519437,0.45607564676105566,2.220446049250313e-16,2.220446049250313e-16,2.220446049250313e-16,0.00933225350591503,2.220446049250313e-16,2.220446049250313e-16,0.7000825595826518,0.008370592719166656
97.0,0.0011581915842490973,0.26876678590519437,0.45607564676105566,2.220446049250313e-16,2.220446049250313e-16,2.220446049250313e-16,0.00933225350591503,2.220446049250313e-16,2.220446049250313e-16,0.7000825595826518,0.008370592719166656
98.0,0.0011581915842490973,0.26876678590519437,0.45607564676105566,2.220446049250313e-16,2.220446049250313e-16,2.220446049250313e-16,0.00933225350591503,2.220446049250313e-16,2.220446049250313e-16,0.7000825595826518,0.008370592719166656
99.0,0.0011581915842490973,0.26876678590519437,0.45607564676105566,2.220446049250313e-16,2.220446049250313e-16,2.220446049250313e-16,0.00933225350591503,2.220446049250313e-16,2.220446049250313e-16,0.7000825595826518,0.008370592719166656
100.0,0.0011581915842490973,0.26876678590519437,0.45607564676105566,2.220446049250313e-16,2.220446049250313e-16,2.220446049250313e-16,0.00933225350591503,2.220446049250313e-16,2.220446049250313e-16,0.7000825595826518,0.008370592719166656
101.0,2.220446049250313e-16,0.4268204372985622,2.220446049250313e-16,0.020482978396253668,0.03995413919752273,0.7118197862905127,2.220446049250313e-16,0.5211864967908648,2.220446049250313e-16,0.011545008870007192,2.220446049250313e-16
102.0,2.220446049250313e-16,0.4268204372985622,2.220446049250313e-16,0.020482978396253668,0.03995413919752273,0.7118197862905127,2.220446049250313e-16,0.5211864967908648,2.220446049250313e-16,0.011545008870007192,2.220446049250313e-16
103.0,0.7080035067843539,2.220446049250313e-16,2.220446049250313e-16,2.220446049250313e-16,0.0711674069092027,2.220446049250313e-16,2.220446049250313e-16,0.607849317671265,2.220446049250313e-16,2.220446049250313e-16,2.220446049250313e-16
104.0,0.7080035067843539,2.220446049250313e-16,2.220446049250313e-16,2.220446049250313e-16,0.0711674069092027,2.220446049250313e-16,2.220446049250313e-16,0.607849317671265,2.220446049250313e-16,2.220446049250313e-16,2.220446049250313e-16
105.0,2.220446049250313e-16,0.4268204372985622,2.220446049250313e-16,0.020482978396253668,0.03995413919752273,0.7118197862905127,2.220446049250313e-16,0.5211864967908648,2.220446049250313e-16,0.011545008870007192,2.220446049250313e-16
106.0,2.220446049250313e-16,0.4268204372985622,2.220446049250313e-16,0.020482978396253668,0.03995413919752273,0.7118197862905127,2.220446049250313e-16,0.5211864967908648,2.220446049250313e-16,0.011545008870007192,2.220446049250313e-16
107.0,0.7080035067843539,2.220446049250313e-16,2.220446049250313e-16,2.220446049250313e-16,0.0711674069092027,2.220446049250313e-16,2.220446049250313e-16,0.607849317671265,2.220446049250313e-16,2.220446049250313e-16,2.220446049250313e-16
108.0,0.7080035067843539,2.220446049250313e-16,2.220446049250313e-16,2.220446049250313e-16,0.0711674069092027,2.220446049250313e-16,2.220446049250313e-16,0.607849317671265,2.220446049250313e-16,2.220446049250313e-16,2.220446049250313e-16
109.0,2.220446049250313e-16,2.220446049250313e-16,0.00025809921536085553,0.1157182756826377,0.6680904264589536,0.47600622641451795,2.220446049250313e-16,2.220446049250313e-16,2.220446049250313e-16,2.220446049250313e-16,0.4275206424847267
110.0,2.220446049250313e-16,2.220446049250313e-16,0.12354850399728773,2.220446049250313e-16,0.12091889492008456,2.220446049250313e-16,0.9098150840049601,2.220446049250313e-16,0.4951695522127457,2.220446049250313e-16,0.05112088550012751
111.0,2.220446049250313e-16,2.220446049250313e-16,0.12354850399728773,2.220446049250313e-16,0.12091889492008456,2.220446049250313e-16,0.9098150840049601,2.220446049250313e-16,0.4951695522127457,2.220446049250313e-16,0.05112088550012751
112.0,0.555753159274609,2.220446049250313e-16,2.220446049250313e-16,2.220446049250313e-16,0.2692458687082991,2.220446049250313e-16,0.08035959631892305,2.220446049250313e-16,2.220446049250313e-16,0.05930342946835472,0.7078533091012867
113.0,0.555753159274609,2.220446049250313e-16,2.220446049250313e-16,2.220446049250313e-16,0.2692458687082991,2.220446049250313e-16,0.08035959631892305,2.220446049250313e-16,2.220446049250313e-16,0.05930342946835472,0.7078533091012867
114.0,2.220446049250313e-16,2.220446049250313e-16,0.41767503977572806,0.5639831523941753,2.220446049250313e-16,2.220446049250313e-16,0.2961472768469856,1.0188239582828196e-16,0.50148895979567,2.220446049250313e-16,0.19700022422011154
115.0,0.03292787810253799,0.0020587815481463156,2.220446049250313e-16,2.220446049250313e-16,2.220446049250313e-16,0.6077095113436108,2.220446049250313e-16,0.2275631403706226,0.24253859233408956,2.220446049250313e-16,0.4341307261888907
116.0,0.0011581915842490973,0.26876678590519437,0.45607564676105566,2.220446049250313e-16,2.220446049250313e-16,2.220446049250313e-16,0.00933225350591503,2.220446049250313e-16,2.220446049250313e-16,0.7000825595826518,0.008370592719166656
117.0,0.0011581915842490973,0.26876678590519437,0.45607564676105566,2.220446049250313e-16,2.220446049250313e-16,2.220446049250313e-16,0.00933225350591503,2.220446049250313e-16,2.220446049250313e-16,0.7000825595826518,0.008370592719166656
118.0,0.0011581915842490973,0.26876678590519437,0.45607564676105566,2.220446049250313e-16,2.220446049250313e-16,2.220446049250313e-16,0.00933225350591503,2.220446049250313e-16,2.220446049250313e-16,0.7000825595826518,0.008370592719166656
119.0,0.0011581915842490973,0.26876678590519437,0.45607564676105566,2.220446049250313e-16,2.220446049250313e-16,2.220446049250313e-16,0.00933225350591503,2.220446049250313e-16,2.220446049250313e-16,0.7000825595826518,0.008370592719166656
120.0,0.0011581915842490973,0.26876678590519437,0.45607564676105566,2.220446049250313e-16,2.220446049250313e-16,2.220446049250313e-16,0.00933225350591503,2.220446049250313e-16,2.220446049250313e-16,0.7000825595826518,0.008370592719166656
121.0,0.0011581915842490973,0.26876678590519437,0.45607564676105566,2.220446049250313e-16,2.220446049250313e-16,2.220446049250313e-16,0.00933225350591503,2.220446049250313e-16,2.220446049250313e-16,0.7000825595826518,0.008370592719166656
122.0,0.03292787810253799,0.0020587815481463156,2.220446049250313e-16,2.220446049250313e-16,2.220446049250313e-16,0.6077095113436108,2.220446049250313e-16,0.2275631403706226,0.24253859233408956,2.220446049250313e-16,0.4341307261888907
123.0,0.0011581915842490973,0.26876678590519437,0.45607564676105566,2.220446049250313e-16,2.220446049250313e-16,2.220446049250313e-16,0.00933225350591503,2.220446049250313e-16,2.220446049250313e-16,0.7000825595826518,0.008370592719166656
124.0,0.0011581915842490973,0.26876678590519437,0.45607564676105566,2.220446049250313e-16,2.220446049250313e-16,2.220446049250313e-16,0.00933225350591503,2.220446049250313e-16,2.220446049250313e-16,0.7000825595826518,0.008370592719166656
125.0,0.0011581915842490973,0.26876678590519437,0.45607564676105566,2.220446049250313e-16,2.220446049250313e-16,2.220446049250313e-16,0.00933225350591503,2.220446049250313e-16,2.220446049250313e-16,0.7000825595826518,0.008370592719166656
126.0,0.0011581915842490973,0.26876678590519437,0.45607564676105566,2.220446049250313e-16,2.220446049250313e-16,2.220446049250313e-16,0.00933225350591503,2.220446049250313e-16,2.220446049250313e-16,0.7000825595826518,0.008370592719166656
127.0,0.0011581915842490973,0.26876678590519437,0.45607564676105566,2.220446049250313e-16,2.220446049250313e-16,2.220446049250313e-16,0.00933225350591503,2.220446049250313e-16,2.220446049250313e-16,0.7000825595826518,0.008370592719166656
128.0,0.0011581915842490973,0.26876678590519437,0.45607564676105566,2.220446049250313e-16,2.220446049250313e-16,2.220446049250313e-16,0.00933225350591503,2.220446049250313e-16,2.220446049250313e-16,0.7000825595826518,0.008370592719166656
129.0,2.220446049250313e-16,0.4268204372985622,2.220446049250313e-16,0.020482978396253668,0.03995413919752273,0.7118197862905127,2.220446049250313e-16,0.5211864967908648,2.220446049250313e-16,0.011545008870007192,2.220446049250313e-16
130.0,2.220446049250313e-16,0.4268204372985622,2.220446049250313e-16,0.020482978396253668,0.03995413919752273,0.7118197862905127,2.220446049250313e-16,0.5211864967908648,2.220446049250313e-16,0.011545008870007192,2.220446049250313e-16
131.0,0.7080035067843539,2.220446049250313e-16,2.220446049250313e-16,2.220446049250313e-16,0.0711674069092027,2.220446049250313e-16,2.220446049250313e-16,0.607849317671265,2.220446049250313e-16,2.220446049250313e-16,2.220446049250313e-16
132.0,0.7080035067843539,2.220446049250313e-16,2.220446049250313e-16,2.220446049250313e-16,0.0711674069092027,2.220446049250313e-16,2.220446049250313e-16,0.607849317671265,2.220446049250313e-16,2.220446049250313e-16,2.220446049250313e-16
133.0,2.220446049250313e-16,2.220446049250313e-16,0.00025809921536085553,0.1157182756826377,0.6680904264589536,0.47600622641451795,2.220446049250313e-16,2.220446049250313e-16,2.220446049250313e-16,2.220446049250313e-16,0.4275206424847267
134.0,2.220446049250313e-16,2.220446049250313e-16,0.12354850399728773,2.220446049250313e-16,0.12091889492008456,2.220446049250313e-16,0.9098150840049601,2.220446049250313e-16,0.4951695522127457,2.220446049250313e-16,0.05112088550012751
135.0,2.220446049250313e-16,2.220446049250313e-16,0.12354850399728773,2.220446049250313e-16,0.12091889492008456,2.220446049250313e-16,0.9098150840049601,2.220446049250313e-16,0.4951695522127457,2.220446049250313e-16,0.05112088550012751
136.0,0.555753159274609,2.220446049250313e-16,2.220446049250313e-16,2.220446049250313e-16,0.2692458687082991,2.220446049250313e-16,0.08035959631892305,2.220446049250313e-16,2.220446049250313e-16,0.05930342946835472,0.7078533091012867
137.0,0.555753159274609,2.220446049250313e-16,2.220446049250313e-16,2.220446049250313e-16,0.2692458687082991,2.220446049250313e-16,0.08035959631892305,2.220446049250313e-16,2.220446049250313e-16,0.05930342946835472,0.7078533091012867
138.0,2.220446049250313e-16,2.220446049250313e-16,0.41767503977572806,0.5639831523941753,2.220446049250313e-16,2.220446049250313e-16,0.2961472768469856,1.0188239582828196e-16,0.50148895979567,2.220446049250313e-16,0.19700022422011154
139.0,2.220446049250313e-16,0.4268204372985622,2.220446049250313e-16,0.020482978396253668,0.03995413919752273,0.7118197862905127,2.220446049250313e-16,0.5211864967908648,2.220446049250313e-16,0.011545008870007192,2.220446049250313e-16
140.0,2.220446049250313e-16,0.4268204372985622,2.220446049250313e-16,0.020482978396253668,0.03995413919752273,0.7118197862905127,2.220446049250313e-16,0.5211864967908648,2.220446049250313e-16,0.011545008870007192,2.220446049250313e-16
141.0,0.7080035067843539,2.220446049250313e-16,2.220446049250313e-16,2.220446049250313e-16,0.0711674069092027,2.220446049250313e-16,2.220446049250313e-16,0.607849317671265,2.220446049250313e-16,2.220446049250313e-16,2.220446049250313e-16
142.0,0.7080035067843539,2.220446049250313e-16,2.220446049250313e-16,2.220446049250313e-16,0.0711674069092027,2.220446049250313e-16,2.220446049250313e-16,0.607849317671265,2.220446049250313e-16,2.220446049250313e-16,2.220446049250313e-16
143.0,2.220446049250313e-16,2.220446049250313e-16,0.00025809921536085553,0.1157182756826377,0.6680904264589536,0.47600622641451795,2.220446049250313e-16,2.220446049250313e-16,2.220446049250313e-16,2.220446049250313e-16,0.4275206424847267
144.0,2.220446049250313e-16,2.220446049250313e-16,0.12354850399728773,2.220446049250313e-16,0.12091889492008456,2.220446049250313e-16,0.9098150840049601,2.220446049250313e-16,0.4951695522127457,2.220446049250313e-16,0.05112088550012751
145.0,2.220446049250313e-16,2.220446049250313e-16,0.12354850399728773,2.220446049250313e-16,0.12091889492008456,2.220446049250313e-16,0.9098150840049601,2.220446049250313e-16,0.4951695522127457,2.220446049250313e-16,0.05112088550012751
146.0,0.555753159274609,2.220446049250313e-16,2.220446049250313e-16,2.220446049250313e-16,0.2692458687082991,2.220446049250313e-16,0.08035959631892305,2.220446049250313e-16,2.220446049250313e-16,0.05930342946835472,0.7078533091012867
147.0,0.555753159274609,2.220446049250313e-16,2.220446049250313e-16,2.220446049250313e-16,0.2692458687082991,2.220446049250313e-16,0.08035959631892305,2.220446049250313e-16,2.220446049250313e-16,0.05930342946835472,0.7078533091012867
148.0,2.220446049250313e-16,2.220446049250313e-16,0.41767503977572806,0.5639831523941753,2.220446049250313e-16,2.220446049250313e-16,0.2961472768469856,1.0188239582828196e-16,0.50148895979567,2.220446049250313e-16,0.19700022422011154
149.0,2.220446049250313e-16,0.4268204372985622,2.220446049250313e-16,0.020482978396253668,0.03995413919752273,0.7118197862905127,2.220446049250313e-16,0.5211864967908648,2.220446049250313e-16,0.011545008870007192,2.220446049250313e-16
150.0,2.220446049250313e-16,0.4268204372985622,2.220446049250313e-16,0.020482978396253668,0.03995413919752273,0.7118197862905127,2.220446049250313e-16,0.5211864967908648,2.220446049250313e-16,0.011545008870007192,2.220446049250313e-16
151.0,0.7080035067843539,2.220446049250313e-16,2.220446049250313e-16,2.220446049250313e-16,0.0711674069092027,2.220446049250313e-16,2.220446049250313e-16,0.607849317671265,2.220446049250313e-16,2.220446049250313e-16,2.220446049250313e-16
152.0,0.7080035067843539,2.220446049250313e-16,2.220446049250313e-16,2.220446049250313e-16,0.0711674069092027,2.220446049250313e-16,2.220446049250313e-16,0.607849317671265,2.220446049250313e-16,2.220446049250313e-16,2.220446049250313e-16
153.0,2.220446049250313e-16,0.4268204372985622,2.220446049250313e-16,0.020482978396253668,0.03995413919752273,0.7118197862905127,2.220446049250313e-16,0.5211864967908648,2.220446049250313e-16,0.011545008870007192,2.220446049250313e-16
154.0,2.220446049250313e-16,0.4268204372985622,2.220446049250313e-16,0.020482978396253668,0.03995413919752273,0.7118197862905127,2.220446049250313e-16,0.5211864967908648,2.220446049250313e-16,0.011545008870007192,2.220446049250313e-16
155.0,0.7080035067843539,2.220446049250313e-16,2.220446049250313e-16,2.220446049250313e-16,0.0711674069092027,2.220446049250313e-16,2.220446049250313e-16,0.607849317671265,2.220446049250313e-16,2.220446049250313e-16,2.220446049250313e-16
156.0,0.7080035067843539,2.220446049250313e-16,2.220446049250313e-16,2.220446049250313e-16,0.0711674069092027,2.220446049250313e-16,2.220446049250313e-16,0.607849317671265,2.220446049250313e-16,2.220446049250313e-16,2.220446049250313e-16
157.0,2.220446049250313e-16,2.220446049250313e-16,0.00025809921536085553,0.1157182756826377,0.6680904264589536,0.47600622641451795,2.220446049250313e-16,2.220446049250313e-16,2.220446049250313e-16,2.220446049250313e-16,0.4275206424847267
158.0,2.220446049250313e-16,2.220446049250313e-16,0.12354850399728773,2.220446049250313e-16,0.12091889492008456,2.220446049250313e-16,0.9098150840049601,2.220446049250313e-16,0.4951695522127457,2.220446049250313e-16,0.05112088550012751
159.0,2.220446049250313e-16,2.220446049250313e-16,0.12354850399728773,2.220446049250313e-16,0.12091889492008456,2.220446049250313e-16,0.9098150840049601,2.220446049250313e-16,0.4951695522127457,2.220446049250313e-16,0.05112088550012751
160.0,0.555753159274609,2.220446049250313e-16,2.220446049250313e-16,2.220446049250313e-16,0.2692458687082991,2.220446049250313e-16,0.08035959631892305,2.220446049250313e-16,2.220446049250313e-16,0.05930342946835472,0.7078533091012867
161.0,0.555753159274609,2.220446049250313e-16,2.220446049250313e-16,2.220446049250313e-16,0.2692458687082991,2.220446049250313e-16,0.08035959631892305,2.220446049250313e-16,2.220446049250313e-16,0.05930342946835472,0.7078533091012867
162.0,2.220446049250313e-16,2.220446049250313e-16,0.41767503977572806,0.5639831523941753,2.220446049250313e-16,2.220446049250313e-16,0.2961472768469856,1.0188239582828196e-16,0.50148895979567,2.220446049250313e-16,0.19700022422011154
163.0,0.03292787810253799,0.0020587815481463156,2.220446049250313e-16,2.220446049250313e-16,2.220446049250313e-16,0.6077095113436108,2.220446049250313e-16,0.2275631403706226,0.24253859233408956,2.220446049250313e-16,0.4341307261888907
164.0,0.0011581915842490973,0.26876678590519437,0.45607564676105566,2.220446049250313e-16,2.220446049250313e-16,2.220446049250313e-16,0.00933225350591503,2.220446049250313e-16,2.220446049250313e-16,0.7000825595826518,0.008370592719166656
165.0,0.0011581915842490973,0.26876678590519437,0.45607564676105566,2.220446049250313e-16,2.220446049250313e-16,2.220446049250313e-16,0.00933225350591503,2.220446049250313e-16,2.220446049250313e-16,0.7000825595826518,0.008370592719166656
166.0,0.0011581915842490973,0.26876678590519437,0.45607564676105566,2.220446049250313e-16,2.220446049250313e-16,2.220446049250313e-16,0.00933225350591503,2.220446049250313e-16,2.220446049250313e-16,0.7000825595826518,0.008370592719166656
167.0,0.0011581915842490973,0.26876678590519437,0.45607564676105566,2.220446049250313e-16,2.220446049250313e-16,2.220446049250313e-16,0.00933225350591503,2.220446049250313e-16,2.220446049250313e-16,0.7000825595826518,0.008370592719166656
168.0,0.0011581915842490973,0.26876678590519437,0.45607564676105566,2.220446049250313e-16,2.220446049250313e-16,2.220446049250313e-16,0.00933225350591503,2.220446049250313e-16,2.220446049250313e-16,0.7000825595826518,0.008370592719166656
169.0,0.0011581915842490973,0.26876678590519437,0.45607564676105566,2.220446049250313e-16,2.220446049250313e-16,2.220446049250313e-16,0.00933225350591503,2.220446049250313e-16,2.220446049250313e-16,0.7000825595826518,0.008370592719166656
170.0,2.220446049250313e-16,0.4268204372985622,2.220446049250313e-16,0.020482978396253668,0.03995413919752273,0.7118197862905127,2.220446049250313e-16,0.5211864967908648,2.220446049250313e-16,0.011545008870007192,2.220446049250313e-16
171.0,2.220446049250313e-16,0.4268204372985622,2.220446049250313e-16,0.020482978396253668,0.03995413919752273,0.7118197862905127,2.220446049250313e-16,0.5211864967908648,2.220446049250313e-16,0.011545008870007192,2.220446049250313e-16
172.0,0.7080035067843539,2.220446049250313e-16,2.220446049250313e-16,2.220446049250313e-16,0.0711674069092027,2.220446049250313e-16,2.220446049250313e-16,0.607849317671265,2.220446049250313e-16,2.220446049250313e-16,2.220446049250313e-16
173.0,0.7080035067843539,2.220446049250313e-16,2.220446049250313e-16,2.220446049250313e-16,0.0711674069092027,2.220446049250313e-16,2.220446049250313e-16,0.607849317671265,2.220446049250313e-16,2.220446049250313e-16,2.220446049250313e-16
174.0,0.03292787810253799,0.0020587815481463156,2.220446049250313e-16,2.220446049250313e-16,2.220446049250313e-16,0.6077095113436108,2.220446049250313e-16,0.2275631403706226,0.24253859233408956,2.220446049250313e-16,0.4341307261888907
175.0,0.0011581915842490973,0.26876678590519437,0.45607564676105566,2.220446049250313e-16,2.220446049250313e-16,2.220446049250313e-16,0.00933225350591503,2.220446049250313e-16,2.220446049250313e-16,0.7000825595826518,0.008370592719166656
176.0,0.0011581915842490973,0.26876678590519437,0.45607564676105566,2.220446049250313e-16,2.220446049250313e-16,2.220446049250313e-16,0.00933225350591503,2.220446049250313e-16,2.220446049250313e-16,0.7000825595826518,0.008370592719166656
177.0,0.0011581915842490973,0.26876678590519437,0.45607564676105566,2.220446049250313e-16,2.220446049250313e-16,2.220446049250313e-16,0.00933225350591503,2.220446049250313e-16,2.220446049250313e-16,0.7000825595826518,0.008370592719166656
178.0,0.0011581915842490973,0.26876678590519437,0.45607564676105566,2.220446049250313e-16,2.220446049250313e-16,2.220446049250313e-16,0.00933225350591503,2.220446049250313e-16,2.220446049250313e-16,0.7000825595826518,0.008370592719166656
179.0,0.0011581915842490973,0.26876678590519437,0.45607564676105566,2.220446049250313e-16,2.220446049250313e-16,2.220446049250313e-16,0.00933225350591503,2.220446049250313e-16,2.220446049250313e-16,0.7000825595826518,0.008370592719166656
180.0,0.0011581915842490973,0.26876678590519437,0.45607564676105566,2.220446049250313e-16,2.220446049250313e-16,2.220446049250313e-16,0.00933225350591503,2.220446049250313e-16,2.220446049250313e-16,0.7000825595826518,0.008370592719166656
181.0,2.220446049250313e-16,0.4268204372985622,2.220446049250313e-16,0.020482978396253668,0.03995413919752273,0.7118197862905127,2.220446049250313e-16,0.5211864967908648,2.220446049250313e-16,0.011545008870007192,2.220446049250313e-16
182.0,2.220446049250313e-16,0.4268204372985622,2.220446049250313e-16,0.020482978396253668,0.03995413919752273,0.7118197862905127,2.220446049250313e-16,0.5211864967908648,2.220446049250313e-16,0.011545008870007192,2.220446049250313e-16
183.0,0.7080035067843539,2.220446049250313e-16,2.220446049250313e-16,2.220446049250313e-16,0.0711674069092027,2.220446049250313e-16,2.220446049250313e-16,0.607849317671265,2.220446049250313e-16,2.220446049250313e-16,2.220446049250313e-16
184.0,0.7080035067843539,2.220446049250313e-16,2.220446049250313e-16,2.220446049250313e-16,0.0711674069092027,2.220446049250313e-16,2.220446049250313e-16,0.607849317671265,2.220446049250313e-16,2.220446049250313e-16,2.220446049250313e-16
185.0,2.220446049250313e-16,0.4268204372985622,2.220446049250313e-16,0.020482978396253668,0.03995413919752273,0.7118197862905127,2.220446049250313e-16,0.5211864967908648,2.220446049250313e-16,0.011545008870007192,2.220446049250313e-16
186.0,2.220446049250313e-16,0.4268204372985622,2.220446049250313e-16,0.020482978396253668,0.03995413919752273,0.7118197862905127,2.220446049250313e-16,0.5211864967908648,2.220446049250313e-16,0.011545008870007192,2.220446049250313e-16
187.0,0.7080035067843539,2.220446049250313e-16,2.220446049250313e-16,2.220446049250313e-16,0.0711674069092027,2.220446049250313e-16,2.220446049250313e-16,0.607849317671265,2.220446049250313e-16,2.220446049250313e-16,2.220446049250313e-16
188.0,0.7080035067843539,2.220446049250313e-16,2.220446049250313e-16,2.220446049250313e-16,0.0711674069092027,2.220446049250313e-16,2.220446049250313e-16,0.607849317671265,2.220446049250313e-16,2.220446049250313e-16,2.220446049250313e-16
189.0,2.220446049250313e-16,2.220446049250313e-16,0.00025809921536085553,0.1157182756826377,0.6680904264589536,0.47600622641451795,2.220446049250313e-16,2.220446049250313e-16,2.220446049250313e-16,2.220446049250313e-16,0.4275206424847267
190.0,2.220446049250313e-16,2.220446049250313e-16,0.12354850399728773,2.220446049250313e-16,0.12091889492008456,2.220446049250313e-16,0.9098150840049601,2.220446049250313e-16,0.4951695522127457,2.220446049250313e-16,0.05112088550012751
191.0,2.220446049250313e-16,2.220446049250313e-16,0.12354850399728773,2.220446049250313e-16,0.12091889492008456,2.220446049250313e-16,0.9098150840049601,2.220446049250313e-16,0.4951695522127457,2.220446049250313e-16,0.05112088550012751
192.0,0.555753159274609,2.220446049250313e-16,2.220446049250313e-16,2.220446049250313e-16,0.2692458687082991,2.220446049250313e-16,0.08035959631892305,2.220446049250313e-16,2.220446049250313e-16,0.05930342946835472,0.7078533091012867
193.0,0.555753159274609,2.220446049250313e-16,2.220446049250313e-16,2.220446049250313e-16,0.2692458687082991,2.220446049250313e-16,0.08035959631892305,2.220446049250313e-16,2.220446049250313e-16,0.05930342946835472,0.7078533091012867
194.0,2.220446049250313e-16,2.220446049250313e-16,0.41767503977572806,0.5639831523941753,2.220446049250313e-16,2.220446049250313e-16,0.2961472768469856,1.0188239582828196e-16,0.50148895979567,2.220446049250313e-16,0.19700022422011154
195.0,0.03292787810253799,0.0020587815481463156,2.220446049250313e-16,2.220446049250313e-16,2.220446049250313e-16,0.6077095113436108,2.220446049250313e-16,0.2275631403706226,0.24253859233408956,2.220446049250313e-16,0.4341307261888907
196.0,0.0011581915842490973,0.26876678590519437,0.45607564676105566,2.220446049250313e-16,2.220446049250313e-16,2.220446049250313e-16,0.00933225350591503,2.220446049250313e-16,2.220446049250313e-16,0.7000825595826518,0.008370592719166656
197.0,0.0011581915842490973,0.26876678590519437,0.45607564676105566,2.220446049250313e-16,2.220446049250313e-16,2.220446049250313e-16,0.00933225350591503,2.220446049250313e-16,2.220446049250313e-16,0.7000825595826518,0.008370592719166656
198.0,0.0011581915842490973,0.26876678590519437,0.45607564676105566,2.220446049250313e-16,2.220446049250313e-16,2.220446049250313e-16,0.00933225350591503,2.220446049250313e-16,2.220446049250313e-16,0.7000825595826518,0.008370592719166656
199.0,0.0011581915842490973,0.26876678590519437,0.45607564676105566,2.220446049250313e-16,2.220446049250313e-16,2.220446049250313e-16,0.00933225350591503,2.220446049250313e-16,2.220446049250313e-16,0.7000825595826518,0.008370592719166656
200.0,0.0011581915842490973,0.26876678590519437,0.45607564676105566,2.220446049250313e-16,2.220446049250313e-16,2.220446049250313e-16,0.00933225350591503,2.220446049250313e-16,2.220446049250313e-16,0.7000825595826518,0.008370592719166656
201.0,0.0011581915842490973,0.26876678590519437,0.45607564676105566,2.220446049250313e-16,2.220446049250313e-16,2.220446049250313e-16,0.00933225350591503,2.220446049250313e-16,2.220446049250313e-16,0.7000825595826518,0.008370592719166656
202.0,2.220446049250313e-16,2.220446049250313e-16,0.00025809921536085553,0.1157182756826377,0.6680904264589536,0.47600622641451795,2.220446049250313e-16,2.220446049250313e-16,2.220446049250313e-16,2.220446049250313e-16,0.4275206424847267
203.0,2.220446049250313e-16,2.220446049250313e-16,0.12354850399728773,2.220446049250313e-16,0.12091889492008456,2.220446049250313e-16,0.9098150840049601,2.220446049250313e-16,0.4951695522127457,2.220446049250313e-16,0.05112088550012751
204.0,2.220446049250313e-16,2.220446049250313e-16,0.12354850399728773,2.220446049250313e-16,0.12091889492008456,2.220446049250313e-16,0.9098150840049601,2.220446049250313e-16,0.4951695522127457,2.220446049250313e-16,0.05112088550012751
205.0,0.555753159274609,2.220446049250313e-16,2.220446049250313e-16,2.220446049250313e-16,0.2692458687082991,2.220446049250313e-16,0.08035959631892305,2.220446049250313e-16,2.220446049250313e-16,0.05930342946835472,0.7078533091012867
206.0,0.555753159274609,2.220446049250313e-16,2.220446049250313e-16,2.220446049250313e-16,0.2692458687082991,2.220446049250313e-16,0.08035959631892305,2.220446049250313e-16,2.220446049250313e-16,0.05930342946835472,0.7078533091012867
207.0,2.220446049250313e-16,2.220446049250313e-16,0.41767503977572806,0.5639831523941753,2.220446049250313e-16,2.220446049250313e-16,0.2961472768469856,1.0188239582828196e-16,0.50148895979567,2.220446049250313e-16,0.19700022422011154
208.0,2.220446049250313e-16,2.220446049250313e-16,0.00025809921536085553,0.1157182756826377,0.6680904264589536,0.47600622641451795,2.220446049250313e-16,2.220446049250313e-16,2.220446049250313e-16,2.220446049250313e-16,0.4275206424847267
209.0,2.220446049250313e-16,2.220446049250313e-16,0.12354850399728773,2.220446049250313e-16,0.12091889492008456,2.220446049250313e-16,0.9098150840049601,2.220446049250313e-16,0.4951695522127457,2.220446049250313e-16,0.05112088550012751
210.0,2.220446049250313e-16,2.220446049250313e-16,0.12354850399728773,2.220446049250313e-16,0.12091889492008456,2.220446049250313e-16,0.9098150840049601,2.220446049250313e-16,0.4951695522127457,2.220446049250313e-16,0.05112088550012751
211.0,0.555753159274609,2.220446049250313e-16,2.220446049250313e-16,2.220446049250313e-16,0.2692458687082991,2.220446049250313e-16,0.08035959631892305,2.220446049250313e-16,2.220446049250313e-16,0.05930342946835472,0.7078533091012867
212.0,0.555753159274609,2.220446049250313e-16,2.220446049250313e-16,2.220446049250313e-16,0.2692458687082991,2.220446049250313e-16,0.08035959631892305,2.220446049250313e-16,2.220446049250313e-16,0.05930342946835472,0.7078533091012867
213.0,2.220446049250313e-16,2.220446049250313e-16,0.41767503977572806,0.5639831523941753,2.220446049250313e-16,2.220446049250313e-16,0.2961472768469856,1.0188239582828196e-16,0.50148895979567,2.220446049250313e-16,0.19700022422011154
214.0,2.220446049250313e-16,0.4268204372985622,2.220446049250313e-16,0.020482978396253668,0.03995413919752273,0.7118197862905127,2.220446049250313e-16,0.5211864967908648,2.220446049250313e-16,0.011545008870007192,2.220446049250313e-16
215.0,2.220446049250313e-16,0.4268204372985622,2.220446049250313e-16,0.020482978396253668,0.03995413919752273,0.7118197862905127,2.220446049250313e-16,0.5211864967908648,2.220446049250313e-16,0.011545008870007192,2.220446049250313e-16
216.0,0.7080035067843539,2.220446049250313e-16,2.220446049250313e-16,2.220446049250313e-16,0.0711674069092027,2.220446049250313e-16,2.220446049250313e-16,0.607849317671265,2.220446049250313e-16,2.220446049250313e-16,2.220446049250313e-16
217.0,0.7080035067843539,2.220446049250313e-16,2.220446049250313e-16,2.220446049250313e-16,0.0711674069092027,2.220446049250313e-16,2.220446049250313e-16,0.607849317671265,2.220446049250313e-16,2.220446049250313e-16,2.220446049250313e-16
218.0,2.220446049250313e-16,0.4268204372985622,2.220446049250313e-16,0.020482978396253668,0.03995413919752273,0.7118197862905127,2.220446049250313e-16,0.5211864967908648,2.220446049250313e-16,0.011545008870007192,2.220446049250313e-16
219.0,2.220446049250313e-16,0.4268204372985622,2.220446049250313e-16,0.020482978396253668,0.03995413919752273,0.7118197862905127,2.220446049250313e-16,0.5211864967908648,2.220446049250313e-16,0.011545008870007192,2.220446049250313e-16
220.0,0.7080035067843539,2.220446049250313e-16,2.220446049250313e-16,2.220446049250313e-16,0.0711674069092027,2.220446049250313e-16,2.220446049250313e-16,0.607849317671265,2.220446049250313e-16,2.220446049250313e-16,2.220446049250313e-16
221.0,0.7080035067843539,2.220446049250313e-16,2.220446049250313e-16,2.220446049250313e-16,0.0711674069092027,2.220446049250313e-16,2.220446049250313e-16,0.607849317671265,2.220446049250313e-16,2.220446049250313e-16,2.220446049250313e-16
