id,x_0,x_1,x_2,x_3,x_4,x_5,x_6,x_7,x_8,x_9
0.0,0.2118855319588395,0.6763099787621578,0.2681348529260218,2.220446049250313e-16,2.220446049250313e-16,0.006508788847133739,2.220446049250313e-16,0.19115687458891634,0.2791189644096716,2.220446049250313e-16
1.0,0.7842742580703563,0.38173917915153466,0.06378532609200666,2.220446049250313e-16,2.220446049250313e-16,0.015230121780881088,0.16568507919013498,2.220446049250313e-16,2.220446049250313e-16,2.220446049250313e-16
2.0,2.220446049250313e-16,0.018481832208986797,2.220446049250313e-16,0.005531907558516402,2.220446049250313e-16,2.220446049250313e-16,0.7584062942129188,0.5177657557013908,0.2542472538181712,2.220446049250313e-16
3.0,0.7329148403139821,0.1675753992248944,0.3507888394494544,2.220446049250313e-16,2.220446049250313e-16,0.019141389842057217,0.17270188104659343,2.220446049250313e-16,2.220446049250313e-16,2.220446049250313e-16
4.0,0.07689871683336685,1.0557111371251042,2.220446049250313e-16,2.220446049250313e-16,2.220446049250313e-16,0.12820136933221915,0.050857340938379944,0.14594909026391883,0.06560380858991963,2.220446049250313e-16
5.0,0.7329148403139821,0.1675753992248944,0.3507888394494544,2.220446049250313e-16,2.220446049250313e-16,0.019141389842057217,0.17270188104659343,2.220446049250313e-16,2.220446049250313e-16,2.220446049250313e-16
6.0,2.220446049250313e-16,0.018481832208986797,2.220446049250313e-16,0.005531907558516402,2.220446049250313e-16,2.220446049250313e-16,0.7584062942129188,0.5177657557013908,0.2542472538181712,2.220446049250313e-16
7.0,0.7842742580703563,0.38173917915153466,0.06378532609200666,2.220446049250313e-16,2.220446049250313e-16,0.015230121780881088,0.16568507919013498,2.220446049250313e-16,2.220446049250313e-16,2.220446049250313e-16
8.0,0.171607533922485,0.4927080439661083,0.5738274270121415,2.220446049250313e-16,2.220446049250313e-16,0.0061212294367250205,2.220446049250313e-16,0.03304402402945287,0.28882843534433583,2.220446049250313e-16
9.0,0.5918676486121147,0.13550169838367626,0.5014968296004615,2.220446049250313e-16,2.220446049250313e-16,0.13186248687207017,2.220446049250313e-16,2.220446049250313e-16,2.220446049250313e-16,2.220446049250313e-16
10.0,2.220446049250313e-16,1.0429804222365548,2.220446049250313e-16,2.220446049250313e-16,2.220446049250313e-16,0.2361801837331854,0.059178527798320744,0.10857186237883608,0.06334175088364638,2.220446049250313e-16
11.0,0.5918676486121147,0.13550169838367626,0.5014968296004615,2.220446049250313e-16,2.220446049250313e-16,0.13186248687207017,2.220446049250313e-16,2.220446049250313e-16,2.220446049250313e-16,2.220446049250313e-16
12.0,0.07689871683336685,1.0557111371251042,2.220446049250313e-16,2.220446049250313e-16,2.220446049250313e-16,0.12820136933221915,0.050857340938379944,0.14594909026391883,0.06560380858991963,2.220446049250313e-16
13.0,0.7329148403139821,0.1675753992248944,0.3507888394494544,2.220446049250313e-16,2.220446049250313e-16,0.019141389842057217,0.17270188104659343,2.220446049250313e-16,2.220446049250313e-16,2.220446049250313e-16
14.0,2.220446049250313e-16,2.220446049250313e-16,2.220446049250313e-16,2.220446049250313e-16,0.20156661184356842,2.220446049250313e-16,0.7794511660804514,0.378545510915444,0.25559621038818575,2.220446049250313e-16
15.0,0.29991136548219227,2.220446049250313e-16,2.220446049250313e-16,2.220446049250313e-16,2.220446049250313e-16,0.3978506847005983,0.2031131992173123,0.35891150219050816,2.220446049250313e-16,2.220446049250313e-16
16.0,2.220446049250313e-16,2.220446049250313e-16,2.220446049250313e-16,2.220446049250313e-16,0.20156661184356842,2.220446049250313e-16,0.7794511660804514,0.378545510915444,0.25559621038818575,2.220446049250313e-16
17.0,0.7842742580703563,0.38173917915153466,0.06378532609200666,2.220446049250313e-16,2.220446049250313e-16,0.015230121780881088,0.16568507919013498,2.220446049250313e-16,2.220446049250313e-16,2.220446049250313e-16
18.0,0.171607533922485,0.4927080439661083,0.5738274270121415,2.220446049250313e-16,2.220446049250313e-16,0.0061212294367250205,2.220446049250313e-16,0.03304402402945287,0.28882843534433583,2.220446049250313e-16
19.0,0.5918676486121147,0.13550169838367626,0.5014968296004615,2.220446049250313e-16,2.220446049250313e-16,0.13186248687207017,2.220446049250313e-16,2.220446049250313e-16,2.220446049250313e-16,2.220446049250313e-16
20.0,2.220446049250313e-16,1.0429804222365548,2.220446049250313e-16,2.220446049250313e-16,2.220446049250313e-16,0.2361801837331854,0.059178527798320744,0.10857186237883608,0.06334175088364638,2.220446049250313e-16
21.0,0.5918676486121147,0.13550169838367626,0.5014968296004615,2.220446049250313e-16,2.220446049250313e-16,0.13186248687207017,2.220446049250313e-16,2.220446049250313e-16,2.220446049250313e-16,2.220446049250313e-16
22.0,0.07689871683336685,1.0557111371251042,2.220446049250313e-16,2.220446049250313e-16,2.220446049250313e-16,0.12820136933221915,0.050857340938379944,0.14594909026391883,0.06560380858991963,2.220446049250313e-16
23.0,0.7329148403139821,0.1675753992248944,0.3507888394494544,2.220446049250313e-16,2.220446049250313e-16,0.019141389842057217,0.17270188104659343,2.220446049250313e-16,2.220446049250313e-16,2.220446049250313e-16
24.0,2.220446049250313e-16,0.018481832208986797,2.220446049250313e-16,0.005531907558516402,2.220446049250313e-16,2.220446049250313e-16,0.7584062942129188,0.5177657557013908,0.2542472538181712,2.220446049250313e-16
25.0,0.7842742580703563,0.38173917915153466,0.06378532609200666,2.220446049250313e-16,2.220446049250313e-16,0.015230121780881088,0.16568507919013498,2.220446049250313e-16,2.220446049250313e-16,2.220446049250313e-16
26.0,0.2118855319588395,0.6763099787621578,0.2681348529260218,2.220446049250313e-16,2.220446049250313e-16,0.006508788847133739,2.220446049250313e-16,0.19115687458891634,0.2791189644096716,2.220446049250313e-16
27.0,0.7842742580703563,0.38173917915153466,0.06378532609200666,2.220446049250313e-16,2.220446049250313e-16,0.015230121780881088,0.16568507919013498,2.220446049250313e-16,2.220446049250313e-16,2.220446049250313e-16
28.0,2.220446049250313e-16,0.018481832208986797,2.220446049250313e-16,0.005531907558516402,2.220446049250313e-16,2.220446049250313e-16,0.7584062942129188,0.5177657557013908,0.2542472538181712,2.220446049250313e-16
29.0,0.7842742580703563,0.38173917915153466,0.06378532609200666,2.220446049250313e-16,2.220446049250313e-16,0.015230121780881088,0.16568507919013498,2.220446049250313e-16,2.220446049250313e-16,2.220446049250313e-16
30.0,0.2118855319588395,0.6763099787621578,0.2681348529260218,2.220446049250313e-16,2.220446049250313e-16,0.006508788847133739,2.220446049250313e-16,0.19115687458891634,0.2791189644096716,2.220446049250313e-16
31.0,0.7842742580703563,0.38173917915153466,0.06378532609200666,2.220446049250313e-16,2.220446049250313e-16,0.015230121780881088,0.16568507919013498,2.220446049250313e-16,2.220446049250313e-16,2.220446049250313e-16
32.0,2.220446049250313e-16,2.220446049250313e-16,2.220446049250313e-16,2.220446049250313e-16,0.20156661184356842,2.220446049250313e-16,0.7794511660804514,0.378545510915444,0.25559621038818575,2.220446049250313e-16
33.0,0.29991136548219227,2.220446049250313e-16,2.220446049250313e-16,2.220446049250313e-16,2.220446049250313e-16,0.3978506847005983,0.2031131992173123,0.35891150219050816,2.220446049250313e-16,2.220446049250313e-16
34.0,2.220446049250313e-16,2.220446049250313e-16,2.220446049250313e-16,2.220446049250313e-16,0.20156661184356842,2.220446049250313e-16,0.7794511660804514,0.378545510915444,0.25559621038818575,2.220446049250313e-16
35.0,0.7842742580703563,0.38173917915153466,0.06378532609200666,2.220446049250313e-16,2.220446049250313e-16,0.015230121780881088,0.16568507919013498,2.220446049250313e-16,2.220446049250313e-16,2.220446049250313e-16
36.0,0.171607533922485,0.4927080439661083,0.5738274270121415,2.220446049250313e-16,2.220446049250313e-16,0.0061212294367250205,2.220446049250313e-16,0.03304402402945287,0.28882843534433583,2.220446049250313e-16
37.0,0.5918676486121147,0.13550169838367626,0.5014968296004615,2.220446049250313e-16,2.220446049250313e-16,0.13186248687207017,2.220446049250313e-16,2.220446049250313e-16,2.220446049250313e-16,2.220446049250313e-16
38.0,0.07689871683336685,1.0557111371251042,2.220446049250313e-16,2.220446049250313e-16,2.220446049250313e-16,0.12820136933221915,0.050857340938379944,0.14594909026391883,0.06560380858991963,2.220446049250313e-16
39.0,0.7329148403139821,0.1675753992248944,0.3507888394494544,2.220446049250313e-16,2.220446049250313e-16,0.019141389842057217,0.17270188104659343,2.220446049250313e-16,2.220446049250313e-16,2.220446049250313e-16
40.0,2.220446049250313e-16,0.018481832208986797,2.220446049250313e-16,0.005531907558516402,2.220446049250313e-16,2.220446049250313e-16,0.7584062942129188,0.5177657557013908,0.2542472538181712,2.220446049250313e-16
41.0,0.7329148403139821,0.1675753992248944,0.3507888394494544,2.220446049250313e-16,2.220446049250313e-16,0.019141389842057217,0.17270188104659343,2.220446049250313e-16,2.220446049250313e-16,2.220446049250313e-16
42.0,0.07689871683336685,1.0557111371251042,2.220446049250313e-16,2.220446049250313e-16,2.220446049250313e-16,0.12820136933221915,0.050857340938379944,0.14594909026391883,0.06560380858991963,2.220446049250313e-16
43.0,0.7329148403139821,0.1675753992248944,0.3507888394494544,2.220446049250313e-16,2.220446049250313e-16,0.019141389842057217,0.17270188104659343,2.220446049250313e-16,2.220446049250313e-16,2.220446049250313e-16
44.0,2.220446049250313e-16,2.220446049250313e-16,2.220446049250313e-16,2.220446049250313e-16,0.20156661184356842,2.220446049250313e-16,0.7794511660804514,0.378545510915444,0.25559621038818575,2.220446049250313e-16
45.0,0.29991136548219227,2.220446049250313e-16,2.220446049250313e-16,2.220446049250313e-16,2.220446049250313e-16,0.3978506847005983,0.2031131992173123,0.35891150219050816,2.220446049250313e-16,2.220446049250313e-16
46.0,2.220446049250313e-16,2.220446049250313e-16,2.220446049250313e-16,2.220446049250313e-16,0.20156661184356842,2.220446049250313e-16,0.7794511660804514,0.378545510915444,0.25559621038818575,2.220446049250313e-16
47.0,0.7842742580703563,0.38173917915153466,0.06378532609200666,2.220446049250313e-16,2.220446049250313e-16,0.015230121780881088,0.16568507919013498,2.220446049250313e-16,2.220446049250313e-16,2.220446049250313e-16
48.0,0.171607533922485,0.4927080439661083,0.5738274270121415,2.220446049250313e-16,2.220446049250313e-16,0.0061212294367250205,2.220446049250313e-16,0.03304402402945287,0.28882843534433583,2.220446049250313e-16
49.0,0.5918676486121147,0.13550169838367626,0.5014968296004615,2.220446049250313e-16,2.220446049250313e-16,0.13186248687207017,2.220446049250313e-16,2.220446049250313e-16,2.220446049250313e-16,2.220446049250313e-16
50.0,2.220446049250313e-16,1.0429804222365548,2.220446049250313e-16,2.220446049250313e-16,2.220446049250313e-16,0.2361801837331854,0.059178527798320744,0.10857186237883608,0.06334175088364638,2.220446049250313e-16
51.0,0.5918676486121147,0.13550169838367626,0.5014968296004615,2.220446049250313e-16,2.220446049250313e-16,0.13186248687207017,2.220446049250313e-16,2.220446049250313e-16,2.220446049250313e-16,2.220446049250313e-16
52.0,0.28913169437441166,0.5097330740663193,0.5573256994050257,2.220446049250313e-16,2.220446049250313e-16,2.220446049250313e-16,2.220446049250313e-16,0.0706461950746562,0.12817101389855592,2.220446049250313e-16
53.0,0.5918676486121147,0.13550169838367626,0.5014968296004615,2.220446049250313e-16,2.220446049250313e-16,0.13186248687207017,2.220446049250313e-16,2.220446049250313e-16,2.220446049250313e-16,2.220446049250313e-16
54.0,0.171607533922485,0.4927080439661083,0.5738274270121415,2.220446049250313e-16,2.220446049250313e-16,0.0061212294367250205,2.220446049250313e-16,0.03304402402945287,0.28882843534433583,2.220446049250313e-16
55.0,0.7842742580703563,0.38173917915153466,0.06378532609200666,2.220446049250313e-16,2.220446049250313e-16,0.015230121780881088,0.16568507919013498,2.220446049250313e-16,2.220446049250313e-16,2.220446049250313e-16
56.0,2.220446049250313e-16,2.220446049250313e-16,2.220446049250313e-16,2.220446049250313e-16,0.20156661184356842,2.220446049250313e-16,0.7794511660804514,0.378545510915444,0.25559621038818575,2.220446049250313e-16
57.0,0.29991136548219227,2.220446049250313e-16,2.220446049250313e-16,2.220446049250313e-16,2.220446049250313e-16,0.3978506847005983,0.2031131992173123,0.35891150219050816,2.220446049250313e-16,2.220446049250313e-16
58.0,2.220446049250313e-16,2.220446049250313e-16,2.220446049250313e-16,2.220446049250313e-16,0.20156661184356842,2.220446049250313e-16,0.7794511660804514,0.378545510915444,0.25559621038818575,2.220446049250313e-16
59.0,0.7842742580703563,0.38173917915153466,0.06378532609200666,2.220446049250313e-16,2.220446049250313e-16,0.015230121780881088,0.16568507919013498,2.220446049250313e-16,2.220446049250313e-16,2.220446049250313e-16
60.0,2.220446049250313e-16,0.0856844966882578,0.4854839151144913,0.21636000144722034,2.220446049250313e-16,2.220446049250313e-16,0.7515983870840907,0.05039694571925951,0.08650844427921789,2.220446049250313e-16
61.0,0.5885055124235995,2.220446049250313e-16,0.02172153126912013,0.0037817988917215203,2.220446049250313e-16,2.220446049250313e-16,2.220446049250313e-16,0.7954797924798,0.0018789715579957498,2.220446049250313e-16
62.0,0.5885055124235995,2.220446049250313e-16,0.02172153126912013,0.0037817988917215203,2.220446049250313e-16,2.220446049250313e-16,2.220446049250313e-16,0.7954797924798,0.0018789715579957498,2.220446049250313e-16
63.0,2.220446049250313e-16,2.220446049250313e-16,0.6969338653829126,2.220446049250313e-16,2.220446049250313e-16,0.04324847693859235,0.021492556285185222,0.16867654587142453,0.6519726786365136,2.220446049250313e-16
64.0,2.220446049250313e-16,2.220446049250313e-16,0.6969338653829126,2.220446049250313e-16,2.220446049250313e-16,0.04324847693859235,0.021492556285185222,0.16867654587142453,0.6519726786365136,2.220446049250313e-16
65.0,0.7866956234880713,0.334600329819267,0.1992717386730219,2.220446049250313e-16,2.220446049250313e-16,0.01017653591631697,2.220446049250313e-16,0.08312048312472603,2.220446049250313e-16,2.220446049250313e-16
66.0,2.220446049250313e-16,2.220446049250313e-16,2.220446049250313e-16,0.6849621567324276,0.5340168288962961,0.03537076304578992,0.42175336617266224,2.220446049250313e-16,2.220446049250313e-16,2.220446049250313e-16
67.0,2.220446049250313e-16,2.220446049250313e-16,2.220446049250313e-16,0.6849621567324276,0.5340168288962961,0.03537076304578992,0.42175336617266224,2.220446049250313e-16,2.220446049250313e-16,2.220446049250313e-16
68.0,2.220446049250313e-16,0.018211523964466212,2.220446049250313e-16,0.006530474172286804,0.5559486770601363,2.220446049250313e-16,0.0002572897857722964,2.220446049250313e-16,0.6377247111491962,0.5483908102223644
69.0,2.220446049250313e-16,0.018211523964466212,2.220446049250313e-16,0.006530474172286804,0.5559486770601363,2.220446049250313e-16,0.0002572897857722964,2.220446049250313e-16,0.6377247111491962,0.5483908102223644
70.0,0.12659467122638596,0.03505006952543066,0.4314180094791385,0.6852473435109714,0.04660367799355527,2.220446049250313e-16,0.17227849860470523,2.220446049250313e-16,2.220446049250313e-16,0.3955515357241312
71.0,0.03154861915505243,2.220446049250313e-16,0.004183625773459765,0.01671289579570065,0.0009888491759244237,0.8041906664426445,2.220446049250313e-16,2.220446049250313e-16,0.002182092080485578,2.220446049250313e-16
72.0,0.03154861915505243,2.220446049250313e-16,0.004183625773459765,0.01671289579570065,0.0009888491759244237,0.8041906664426445,2.220446049250313e-16,2.220446049250313e-16,0.002182092080485578,2.220446049250313e-16
73.0,0.03154861915505243,2.220446049250313e-16,0.004183625773459765,0.01671289579570065,0.0009888491759244237,0.8041906664426445,2.220446049250313e-16,2.220446049250313e-16,0.002182092080485578,2.220446049250313e-16
74.0,0.03154861915505243,2.220446049250313e-16,0.004183625773459765,0.01671289579570065,0.0009888491759244237,0.8041906664426445,2.220446049250313e-16,2.220446049250313e-16,0.002182092080485578,2.220446049250313e-16
75.0,0.03154861915505243,2.220446049250313e-16,0.004183625773459765,0.01671289579570065,0.0009888491759244237,0.8041906664426445,2.220446049250313e-16,2.220446049250313e-16,0.002182092080485578,2.220446049250313e-16
76.0,0.03154861915505243,2.220446049250313e-16,0.004183625773459765,0.01671289579570065,0.0009888491759244237,0.8041906664426445,2.220446049250313e-16,2.220446049250313e-16,0.002182092080485578,2.220446049250313e-16
77.0,2.220446049250313e-16,2.220446049250313e-16,2.220446049250313e-16,0.6849621567324276,0.5340168288962961,0.03537076304578992,0.42175336617266224,2.220446049250313e-16,2.220446049250313e-16,2.220446049250313e-16
78.0,2.220446049250313e-16,2.220446049250313e-16,2.220446049250313e-16,0.6849621567324276,0.5340168288962961,0.03537076304578992,0.42175336617266224,2.220446049250313e-16,2.220446049250313e-16,2.220446049250313e-16
79.0,2.220446049250313e-16,0.018211523964466212,2.220446049250313e-16,0.006530474172286804,0.5559486770601363,2.220446049250313e-16,0.0002572897857722964,2.220446049250313e-16,0.6377247111491962,0.5483908102223644
80.0,2.220446049250313e-16,0.018211523964466212,2.220446049250313e-16,0.006530474172286804,0.5559486770601363,2.220446049250313e-16,0.0002572897857722964,2.220446049250313e-16,0.6377247111491962,0.5483908102223644
81.0,2.220446049250313e-16,0.0856844966882578,0.4854839151144913,0.21636000144722034,2.220446049250313e-16,2.220446049250313e-16,0.7515983870840907,0.05039694571925951,0.08650844427921789,2.220446049250313e-16
82.0,0.5885055124235995,2.220446049250313e-16,0.02172153126912013,0.0037817988917215203,2.220446049250313e-16,2.220446049250313e-16,2.220446049250313e-16,0.7954797924798,0.0018789715579957498,2.220446049250313e-16
83.0,0.5885055124235995,2.220446049250313e-16,0.02172153126912013,0.0037817988917215203,2.220446049250313e-16,2.220446049250313e-16,2.220446049250313e-16,0.7954797924798,0.0018789715579957498,2.220446049250313e-16
84.0,2.220446049250313e-16,2.220446049250313e-16,0.6969338653829126,2.220446049250313e-16,2.220446049250313e-16,0.04324847693859235,0.021492556285185222,0.16867654587142453,0.6519726786365136,2.220446049250313e-16
85.0,2.220446049250313e-16,2.220446049250313e-16,0.6969338653829126,2.220446049250313e-16,2.220446049250313e-16,0.04324847693859235,0.021492556285185222,0.16867654587142453,0.6519726786365136,2.220446049250313e-16
86.0,0.7866956234880713,0.334600329819267,0.1992717386730219,2.220446049250313e-16,2.220446049250313e-16,0.01017653591631697,2.220446049250313e-16,0.08312048312472603,2.220446049250313e-16,2.220446049250313e-16
87.0,0.12659467122638596,0.03505006952543066,0.4314180094791385,0.6852473435109714,0.04660367799355527,2.220446049250313e-16,0.17227849860470523,2.220446049250313e-16,2.220446049250313e-16,0.3955515357241312
88.0,0.03154861915505243,2.220446049250313e-16,0.004183625773459765,0.01671289579570065,0.0009888491759244237,0.8041906664426445,2.220446049250313e-16,2.220446049250313e-16,0.002182092080485578,2.220446049250313e-16
89.0,0.03154861915505243,2.220446049250313e-16,0.004183625773459765,0.01671289579570065,0.0009888491759244237,0.8041906664426445,2.220446049250313e-16,2.220446049250313e-16,0.002182092080485578,2.220446049250313e-16
90.0,0.03154861915505243,2.220446049250313e-16,0.004183625773459765,0.01671289579570065,0.0009888491759244237,0.8041906664426445,2.220446049250313e-16,2.220446049250313e-16,0.002182092080485578,2.220446049250313e-16
91.0,0.03154861915505243,2.220446049250313e-16,0.004183625773459765,0.01671289579570065,0.0009888491759244237,0.8041906664426445,2.220446049250313e-16,2.220446049250313e-16,0.002182092080485578,2.220446049250313e-16
92.0,0.03154861915505243,2.220446049250313e-16,0.004183625773459765,0.01671289579570065,0.0009888491759244237,0.8041906664426445,2.220446049250313e-16,2.220446049250313e-16,0.002182092080485578,2.220446049250313e-16
93.0,0.03154861915505243,2.220446049250313e-16,0.004183625773459765,0.01671289579570065,0.0009888491759244237,0.8041906664426445,2.220446049250313e-16,2.220446049250313e-16,0.002182092080485578,2.220446049250313e-16
94.0,0.12659467122638596,0.03505006952543066,0.4314180094791385,0.6852473435109714,0.04660367799355527,2.220446049250313e-16,0.17227849860470523,2.220446049250313e-16,2.220446049250313e-16,0.3955515357241312
95.0,0.03154861915505243,2.220446049250313e-16,0.004183625773459765,0.01671289579570065,0.0009888491759244237,0.8041906664426445,2.220446049250313e-16,2.220446049250313e-16,0.002182092080485578,2.220446049250313e-16
96.0,0.03154861915505243,2.220446049250313e-16,0.004183625773459765,0.01671289579570065,0.0009888491759244237,0.8041906664426445,2.220446049250313e-16,2.220446049250313e-16,0.002182092080485578,2.220446049250313e-16
97.0,0.03154861915505243,2.220446049250313e-16,0.004183625773459765,0.01671289579570065,0.0009888491759244237,0.8041906664426445,2.220446049250313e-16,2.220446049250313e-16,0.002182092080485578,2.220446049250313e-16
98.0,0.03154861915505243,2.220446049250313e-16,0.004183625773459765,0.01671289579570065,0.0009888491759244237,0.8041906664426445,2.220446049250313e-16,2.220446049250313e-16,0.002182092080485578,2.220446049250313e-16
99.0,0.03154861915505243,2.220446049250313e-16,0.004183625773459765,0.01671289579570065,0.0009888491759244237,0.8041906664426445,2.220446049250313e-16,2.220446049250313e-16,0.002182092080485578,2.220446049250313e-16
100.0,0.03154861915505243,2.220446049250313e-16,0.004183625773459765,0.01671289579570065,0.0009888491759244237,0.8041906664426445,2.220446049250313e-16,2.220446049250313e-16,0.002182092080485578,2.220446049250313e-16
101.0,2.220446049250313e-16,2.220446049250313e-16,2.220446049250313e-16,0.6849621567324276,0.5340168288962961,0.03537076304578992,0.42175336617266224,2.220446049250313e-16,2.220446049250313e-16,2.220446049250313e-16
102.0,2.220446049250313e-16,2.220446049250313e-16,2.220446049250313e-16,0.6849621567324276,0.5340168288962961,0.03537076304578992,0.42175336617266224,2.220446049250313e-16,2.220446049250313e-16,2.220446049250313e-16
103.0,2.220446049250313e-16,0.018211523964466212,2.220446049250313e-16,0.006530474172286804,0.5559486770601363,2.220446049250313e-16,0.0002572897857722964,2.220446049250313e-16,0.6377247111491962,0.5483908102223644
104.0,2.220446049250313e-16,0.018211523964466212,2.220446049250313e-16,0.006530474172286804,0.5559486770601363,2.220446049250313e-16,0.0002572897857722964,2.220446049250313e-16,0.6377247111491962,0.5483908102223644
105.0,2.220446049250313e-16,2.220446049250313e-16,2.220446049250313e-16,0.6849621567324276,0.5340168288962961,0.03537076304578992,0.42175336617266224,2.220446049250313e-16,2.220446049250313e-16,2.220446049250313e-16
106.0,2.220446049250313e-16,2.220446049250313e-16,2.220446049250313e-16,0.6849621567324276,0.5340168288962961,0.03537076304578992,0.42175336617266224,2.220446049250313e-16,2.220446049250313e-16,2.220446049250313e-16
107.0,2.220446049250313e-16,0.018211523964466212,2.220446049250313e-16,0.006530474172286804,0.5559486770601363,2.220446049250313e-16,0.0002572897857722964,2.220446049250313e-16,0.6377247111491962,0.5483908102223644
108.0,2.220446049250313e-16,0.018211523964466212,2.220446049250313e-16,0.006530474172286804,0.5559486770601363,2.220446049250313e-16,0.0002572897857722964,2.220446049250313e-16,0.6377247111491962,0.5483908102223644
109.0,2.220446049250313e-16,0.0856844966882578,0.4854839151144913,0.21636000144722034,2.220446049250313e-16,2.220446049250313e-16,0.7515983870840907,0.05039694571925951,0.08650844427921789,2.220446049250313e-16
110.0,0.5885055124235995,2.220446049250313e-16,0.02172153126912013,0.0037817988917215203,2.220446049250313e-16,2.220446049250313e-16,2.220446049250313e-16,0.7954797924798,0.0018789715579957498,2.220446049250313e-16
111.0,0.5885055124235995,2.220446049250313e-16,0.02172153126912013,0.0037817988917215203,2.220446049250313e-16,2.220446049250313e-16,2.220446049250313e-16,0.7954797924798,0.0018789715579957498,2.220446049250313e-16
112.0,2.220446049250313e-16,2.220446049250313e-16,0.6969338653829126,2.220446049250313e-16,2.220446049250313e-16,0.04324847693859235,0.021492556285185222,0.16867654587142453,0.6519726786365136,2.220446049250313e-16
113.0,2.220446049250313e-16,2.220446049250313e-16,0.6969338653829126,2.220446049250313e-16,2.220446049250313e-16,0.04324847693859235,0.021492556285185222,0.16867654587142453,0.6519726786365136,2.220446049250313e-16
114.0,0.7866956234880713,0.334600329819267,0.1992717386730219,2.220446049250313e-16,2.220446049250313e-16,0.01017653591631697,2.220446049250313e-16,0.08312048312472603,2.220446049250313e-16,2.220446049250313e-16
115.0,0.12659467122638596,0.03505006952543066,0.4314180094791385,0.6852473435109714,0.04660367799355527,2.220446049250313e-16,0.17227849860470523,2.220446049250313e-16,2.220446049250313e-16,0.3955515357241312
116.0,0.03154861915505243,2.220446049250313e-16,0.004183625773459765,0.01671289579570065,0.0009888491759244237,0.8041906664426445,2.220446049250313e-16,2.220446049250313e-16,0.002182092080485578,2.220446049250313e-16
117.0,0.03154861915505243,2.220446049250313e-16,0.004183625773459765,0.01671289579570065,0.0009888491759244237,0.8041906664426445,2.220446049250313e-16,2.220446049250313e-16,0.002182092080485578,2.220446049250313e-16
118.0,0.03154861915505243,2.220446049250313e-16,0.004183625773459765,0.01671289579570065,0.0009888491759244237,0.8041906664426445,2.220446049250313e-16,2.220446049250313e-16,0.002182092080485578,2.220446049250313e-16
119.0,0.03154861915505243,2.220446049250313e-16,0.004183625773459765,0.01671289579570065,0.0009888491759244237,0.8041906664426445,2.220446049250313e-16,2.220446049250313e-16,0.002182092080485578,2.220446049250313e-16
120.0,0.03154861915505243,2.220446049250313e-16,0.004183625773459765,0.01671289579570065,0.0009888491759244237,0.8041906664426445,2.220446049250313e-16,2.220446049250313e-16,0.002182092080485578,2.220446049250313e-16
121.0,0.03154861915505243,2.220446049250313e-16,0.004183625773459765,0.01671289579570065,0.0009888491759244237,0.8041906664426445,2.220446049250313e-16,2.220446049250313e-16,0.002182092080485578,2.220446049250313e-16
122.0,0.12659467122638596,0.03505006952543066,0.4314180094791385,0.6852473435109714,0.04660367799355527,2.220446049250313e-16,0.17227849860470523,2.220446049250313e-16,2.220446049250313e-16,0.3955515357241312
123.0,0.03154861915505243,2.220446049250313e-16,0.004183625773459765,0.01671289579570065,0.0009888491759244237,0.8041906664426445,2.220446049250313e-16,2.220446049250313e-16,0.002182092080485578,2.220446049250313e-16
124.0,0.03154861915505243,2.220446049250313e-16,0.004183625773459765,0.01671289579570065,0.0009888491759244237,0.8041906664426445,2.220446049250313e-16,2.220446049250313e-16,0.002182092080485578,2.220446049250313e-16
125.0,0.03154861915505243,2.220446049250313e-16,0.004183625773459765,0.01671289579570065,0.0009888491759244237,0.8041906664426445,2.220446049250313e-16,2.220446049250313e-16,0.002182092080485578,2.220446049250313e-16
126.0,0.03154861915505243,2.220446049250313e-16,0.004183625773459765,0.01671289579570065,0.0009888491759244237,0.8041906664426445,2.220446049250313e-16,2.220446049250313e-16,0.002182092080485578,2.220446049250313e-16
127.0,0.03154861915505243,2.220446049250313e-16,0.004183625773459765,0.01671289579570065,0.0009888491759244237,0.8041906664426445,2.220446049250313e-16,2.220446049250313e-16,0.002182092080485578,2.220446049250313e-16
128.0,0.03154861915505243,2.220446049250313e-16,0.004183625773459765,0.01671289579570065,0.0009888491759244237,0.8041906664426445,2.220446049250313e-16,2.220446049250313e-16,0.002182092080485578,2.220446049250313e-16
129.0,2.220446049250313e-16,2.220446049250313e-16,2.220446049250313e-16,0.6849621567324276,0.5340168288962961,0.03537076304578992,0.42175336617266224,2.220446049250313e-16,2.220446049250313e-16,2.220446049250313e-16
130.0,2.220446049250313e-16,2.220446049250313e-16,2.220446049250313e-16,0.6849621567324276,0.5340168288962961,0.03537076304578992,0.42175336617266224,2.220446049250313e-16,2.220446049250313e-16,2.220446049250313e-16
131.0,2.220446049250313e-16,0.018211523964466212,2.220446049250313e-16,0.006530474172286804,0.5559486770601363,2.220446049250313e-16,0.0002572897857722964,2.220446049250313e-16,0.6377247111491962,0.5483908102223644
132.0,2.220446049250313e-16,0.018211523964466212,2.220446049250313e-16,0.006530474172286804,0.5559486770601363,2.220446049250313e-16,0.0002572897857722964,2.220446049250313e-16,0.6377247111491962,0.5483908102223644
133.0,2.220446049250313e-16,0.0856844966882578,0.4854839151144913,0.21636000144722034,2.220446049250313e-16,2.220446049250313e-16,0.7515983870840907,0.05039694571925951,0.08650844427921789,2.220446049250313e-16
134.0,0.5885055124235995,2.220446049250313e-16,0.02172153126912013,0.0037817988917215203,2.220446049250313e-16,2.220446049250313e-16,2.220446049250313e-16,0.7954797924798,0.0018789715579957498,2.220446049250313e-16
135.0,0.5885055124235995,2.220446049250313e-16,0.02172153126912013,0.0037817988917215203,2.220446049250313e-16,2.220446049250313e-16,2.220446049250313e-16,0.7954797924798,0.0018789715579957498,2.220446049250313e-16
136.0,2.220446049250313e-16,2.220446049250313e-16,0.6969338653829126,2.220446049250313e-16,2.220446049250313e-16,0.04324847693859235,0.021492556285185222,0.16867654587142453,0.6519726786365136,2.220446049250313e-16
137.0,2.220446049250313e-16,2.220446049250313e-16,0.6969338653829126,2.220446049250313e-16,2.220446049250313e-16,0.04324847693859235,0.021492556285185222,0.16867654587142453,0.6519726786365136,2.220446049250313e-16
138.0,0.7866956234880713,0.334600329819267,0.1992717386730219,2.220446049250313e-16,2.220446049250313e-16,0.01017653591631697,2.220446049250313e-16,0.08312048312472603,2.220446049250313e-16,2.220446049250313e-16
139.0,2.220446049250313e-16,2.220446049250313e-16,2.220446049250313e-16,0.6849621567324276,0.5340168288962961,0.03537076304578992,0.42175336617266224,2.220446049250313e-16,2.220446049250313e-16,2.220446049250313e-16
140.0,2.220446049250313e-16,2.220446049250313e-16,2.220446049250313e-16,0.6849621567324276,0.5340168288962961,0.03537076304578992,0.42175336617266224,2.220446049250313e-16,2.220446049250313e-16,2.220446049250313e-16
141.0,2.220446049250313e-16,0.018211523964466212,2.220446049250313e-16,0.006530474172286804,0.5559486770601363,2.220446049250313e-16,0.0002572897857722964,2.220446049250313e-16,0.6377247111491962,0.5483908102223644
142.0,2.220446049250313e-16,0.018211523964466212,2.220446049250313e-16,0.006530474172286804,0.5559486770601363,2.220446049250313e-16,0.0002572897857722964,2.220446049250313e-16,0.6377247111491962,0.5483908102223644
143.0,2.220446049250313e-16,0.0856844966882578,0.4854839151144913,0.21636000144722034,2.220446049250313e-16,2.220446049250313e-16,0.7515983870840907,0.05039694571925951,0.08650844427921789,2.220446049250313e-16
144.0,0.5885055124235995,2.220446049250313e-16,0.02172153126912013,0.0037817988917215203,2.220446049250313e-16,2.220446049250313e-16,2.220446049250313e-16,0.7954797924798,0.0018789715579957498,2.220446049250313e-16
145.0,0.5885055124235995,2.220446049250313e-16,0.02172153126912013,0.0037817988917215203,2.220446049250313e-16,2.220446049250313e-16,2.220446049250313e-16,0.7954797924798,0.0018789715579957498,2.220446049250313e-16
146.0,2.220446049250313e-16,2.220446049250313e-16,0.6969338653829126,2.220446049250313e-16,2.220446049250313e-16,0.04324847693859235,0.021492556285185222,0.16867654587142453,0.6519726786365136,2.220446049250313e-16
147.0,2.220446049250313e-16,2.220446049250313e-16,0.6969338653829126,2.220446049250313e-16,2.220446049250313e-16,0.04324847693859235,0.021492556285185222,0.16867654587142453,0.6519726786365136,2.220446049250313e-16
148.0,0.7866956234880713,0.334600329819267,0.1992717386730219,2.220446049250313e-16,2.220446049250313e-16,0.01017653591631697,2.220446049250313e-16,0.08312048312472603,2.220446049250313e-16,2.220446049250313e-16
149.0,2.220446049250313e-16,2.220446049250313e-16,2.220446049250313e-16,0.6849621567324276,0.5340168288962961,0.03537076304578992,0.42175336617266224,2.220446049250313e-16,2.220446049250313e-16,2.220446049250313e-16
150.0,2.220446049250313e-16,2.220446049250313e-16,2.220446049250313e-16,0.6849621567324276,0.5340168288962961,0.03537076304578992,0.42175336617266224,2.220446049250313e-16,2.220446049250313e-16,2.220446049250313e-16
151.0,2.220446049250313e-16,0.018211523964466212,2.220446049250313e-16,0.006530474172286804,0.5559486770601363,2.220446049250313e-16,0.0002572897857722964,2.220446049250313e-16,0.6377247111491962,0.5483908102223644
152.0,2.220446049250313e-16,0.018211523964466212,2.220446049250313e-16,0.006530474172286804,0.5559486770601363,2.220446049250313e-16,0.0002572897857722964,2.220446049250313e-16,0.6377247111491962,0.5483908102223644
153.0,2.220446049250313e-16,2.220446049250313e-16,2.220446049250313e-16,0.6849621567324276,0.5340168288962961,0.03537076304578992,0.42175336617266224,2.220446049250313e-16,2.220446049250313e-16,2.220446049250313e-16
154.0,2.220446049250313e-16,2.220446049250313e-16,2.220446049250313e-16,0.6849621567324276,0.5340168288962961,0.03537076304578992,0.42175336617266224,2.220446049250313e-16,2.220446049250313e-16,2.220446049250313e-16
155.0,2.220446049250313e-16,0.018211523964466212,2.220446049250313e-16,0.006530474172286804,0.5559486770601363,2.220446049250313e-16,0.0002572897857722964,2.220446049250313e-16,0.6377247111491962,0.5483908102223644
156.0,2.220446049250313e-16,0.018211523964466212,2.220446049250313e-16,0.006530474172286804,0.5559486770601363,2.220446049250313e-16,0.0002572897857722964,2.220446049250313e-16,0.6377247111491962,0.5483908102223644
157.0,2.220446049250313e-16,0.0856844966882578,0.4854839151144913,0.21636000144722034,2.220446049250313e-16,2.220446049250313e-16,0.7515983870840907,0.05039694571925951,0.08650844427921789,2.220446049250313e-16
158.0,0.5885055124235995,2.220446049250313e-16,0.02172153126912013,0.0037817988917215203,2.220446049250313e-16,2.220446049250313e-16,2.220446049250313e-16,0.7954797924798,0.0018789715579957498,2.220446049250313e-16
159.0,0.5885055124235995,2.220446049250313e-16,0.02172153126912013,0.0037817988917215203,2.220446049250313e-16,2.220446049250313e-16,2.220446049250313e-16,0.7954797924798,0.0018789715579957498,2.220446049250313e-16
160.0,2.220446049250313e-16,2.220446049250313e-16,0.6969338653829126,2.220446049250313e-16,2.220446049250313e-16,0.04324847693859235,0.021492556285185222,0.16867654587142453,0.6519726786365136,2.220446049250313e-16
161.0,2.220446049250313e-16,2.220446049250313e-16,0.6969338653829126,2.220446049250313e-16,2.220446049250313e-16,0.04324847693859235,0.021492556285185222,0.16867654587142453,0.6519726786365136,2.220446049250313e-16
162.0,0.7866956234880713,0.334600329819267,0.1992717386730219,2.220446049250313e-16,2.220446049250313e-16,0.01017653591631697,2.220446049250313e-16,0.08312048312472603,2.220446049250313e-16,2.220446049250313e-16
163.0,0.12659467122638596,0.03505006952543066,0.4314180094791385,0.6852473435109714,0.04660367799355527,2.220446049250313e-16,0.17227849860470523,2.220446049250313e-16,2.220446049250313e-16,0.3955515357241312
164.0,0.03154861915505243,2.220446049250313e-16,0.004183625773459765,0.01671289579570065,0.0009888491759244237,0.8041906664426445,2.220446049250313e-16,2.220446049250313e-16,0.002182092080485578,2.220446049250313e-16
165.0,0.03154861915505243,2.220446049250313e-16,0.004183625773459765,0.01671289579570065,0.0009888491759244237,0.8041906664426445,2.220446049250313e-16,2.220446049250313e-16,0.002182092080485578,2.220446049250313e-16
166.0,0.03154861915505243,2.220446049250313e-16,0.004183625773459765,0.01671289579570065,0.0009888491759244237,0.8041906664426445,2.220446049250313e-16,2.220446049250313e-16,0.002182092080485578,2.220446049250313e-16
167.0,0.03154861915505243,2.220446049250313e-16,0.004183625773459765,0.01671289579570065,0.0009888491759244237,0.8041906664426445,2.220446049250313e-16,2.220446049250313e-16,0.002182092080485578,2.220446049250313e-16
168.0,0.03154861915505243,2.220446049250313e-16,0.004183625773459765,0.01671289579570065,0.0009888491759244237,0.8041906664426445,2.220446049250313e-16,2.220446049250313e-16,0.002182092080485578,2.220446049250313e-16
169.0,0.03154861915505243,2.220446049250313e-16,0.004183625773459765,0.01671289579570065,0.0009888491759244237,0.8041906664426445,2.220446049250313e-16,2.220446049250313e-16,0.002182092080485578,2.220446049250313e-16
170.0,2.220446049250313e-16,2.220446049250313e-16,2.220446049250313e-16,0.6849621567324276,0.5340168288962961,0.03537076304578992,0.42175336617266224,2.220446049250313e-16,2.220446049250313e-16,2.220446049250313e-16
171.0,2.220446049250313e-16,2.220446049250313e-16,2.220446049250313e-16,0.6849621567324276,0.5340168288962961,0.03537076304578992,0.42175336617266224,2.220446049250313e-16,2.220446049250313e-16,2.220446049250313e-16
172.0,2.220446049250313e-16,0.018211523964466212,2.220446049250313e-16,0.006530474172286804,0.5559486770601363,2.220446049250313e-16,0.0002572897857722964,2.220446049250313e-16,0.6377247111491962,0.5483908102223644
173.0,2.220446049250313e-16,0.018211523964466212,2.220446049250313e-16,0.006530474172286804,0.5559486770601363,2.220446049250313e-16,0.0002572897857722964,2.220446049250313e-16,0.6377247111491962,0.5483908102223644
174.0,0.12659467122638596,0.03505006952543066,0.4314180094791385,0.6852473435109714,0.04660367799355527,2.220446049250313e-16,0.17227849860470523,2.220446049250313e-16,2.220446049250313e-16,0.3955515357241312
175.0,0.03154861915505243,2.220446049250313e-16,0.004183625773459765,0.01671289579570065,0.0009888491759244237,0.8041906664426445,2.220446049250313e-16,2.220446049250313e-16,0.002182092080485578,2.220446049250313e-16
176.0,0.03154861915505243,2.220446049250313e-16,0.004183625773459765,0.01671289579570065,0.0009888491759244237,0.8041906664426445,2.220446049250313e-16,2.220446049250313e-16,0.002182092080485578,2.220446049250313e-16
177.0,0.03154861915505243,2.220446049250313e-16,0.004183625773459765,0.01671289579570065,0.0009888491759244237,0.8041906664426445,2.220446049250313e-16,2.220446049250313e-16,0.002182092080485578,2.220446049250313e-16
178.0,0.03154861915505243,2.220446049250313e-16,0.004183625773459765,0.01671289579570065,0.0009888491759244237,0.8041906664426445,2.220446049250313e-16,2.220446049250313e-16,0.002182092080485578,2.220446049250313e-16
179.0,0.03154861915505243,2.220446049250313e-16,0.004183625773459765,0.01671289579570065,0.0009888491759244237,0.8041906664426445,2.220446049250313e-16,2.220446049250313e-16,0.002182092080485578,2.220446049250313e-16
180.0,0.03154861915505243,2.220446049250313e-16,0.004183625773459765,0.01671289579570065,0.0009888491759244237,0.8041906664426445,2.220446049250313e-16,2.220446049250313e-16,0.002182092080485578,2.220446049250313e-16
181.0,2.220446049250313e-16,2.220446049250313e-16,2.220446049250313e-16,0.6849621567324276,0.5340168288962961,0.03537076304578992,0.42175336617266224,2.220446049250313e-16,2.220446049250313e-16,2.220446049250313e-16
182.0,2.220446049250313e-16,2.220446049250313e-16,2.220446049250313e-16,0.6849621567324276,0.5340168288962961,0.03537076304578992,0.42175336617266224,2.220446049250313e-16,2.220446049250313e-16,2.220446049250313e-16
183.0,2.220446049250313e-16,0.018211523964466212,2.220446049250313e-16,0.006530474172286804,0.5559486770601363,2.220446049250313e-16,0.0002572897857722964,2.220446049250313e-16,0.6377247111491962,0.5483908102223644
184.0,2.220446049250313e-16,0.018211523964466212,2.220446049250313e-16,0.006530474172286804,0.5559486770601363,2.220446049250313e-16,0.0002572897857722964,2.220446049250313e-16,0.6377247111491962,0.5483908102223644
185.0,2.220446049250313e-16,2.220446049250313e-16,2.220446049250313e-16,0.6849621567324276,0.5340168288962961,0.03537076304578992,0.42175336617266224,2.220446049250313e-16,2.220446049250313e-16,2.220446049250313e-16
186.0,2.220446049250313e-16,2.220446049250313e-16,2.220446049250313e-16,0.6849621567324276,0.5340168288962961,0.03537076304578992,0.42175336617266224,2.220446049250313e-16,2.220446049250313e-16,2.220446049250313e-16
187.0,2.220446049250313e-16,0.018211523964466212,2.220446049250313e-16,0.006530474172286804,0.5559486770601363,2.220446049250313e-16,0.0002572897857722964,2.220446049250313e-16,0.6377247111491962,0.5483908102223644
188.0,2.220446049250313e-16,0.018211523964466212,2.220446049250313e-16,0.006530474172286804,0.5559486770601363,2.220446049250313e-16,0.0002572897857722964,2.220446049250313e-16,0.6377247111491962,0.5483908102223644
189.0,2.220446049250313e-16,0.0856844966882578,0.4854839151144913,0.21636000144722034,2.220446049250313e-16,2.220446049250313e-16,0.7515983870840907,0.05039694571925951,0.08650844427921789,2.220446049250313e-16
190.0,0.5885055124235995,2.220446049250313e-16,0.02172153126912013,0.0037817988917215203,2.220446049250313e-16,2.220446049250313e-16,2.220446049250313e-16,0.7954797924798,0.0018789715579957498,2.220446049250313e-16
191.0,0.5885055124235995,2.220446049250313e-16,0.02172153126912013,0.0037817988917215203,2.220446049250313e-16,2.220446049250313e-16,2.220446049250313e-16,0.7954797924798,0.0018789715579957498,2.220446049250313e-16
192.0,2.220446049250313e-16,2.220446049250313e-16,0.6969338653829126,2.220446049250313e-16,2.220446049250313e-16,0.04324847693859235,0.021492556285185222,0.16867654587142453,0.6519726786365136,2.220446049250313e-16
193.0,2.220446049250313e-16,2.220446049250313e-16,0.6969338653829126,2.220446049250313e-16,2.220446049250313e-16,0.04324847693859235,0.021492556285185222,0.16867654587142453,0.6519726786365136,2.220446049250313e-16
194.0,0.7866956234880713,0.334600329819267,0.1992717386730219,2.220446049250313e-16,2.220446049250313e-16,0.01017653591631697,2.220446049250313e-16,0.08312048312472603,2.220446049250313e-16,2.220446049250313e-16
195.0,0.12659467122638596,0.03505006952543066,0.4314180094791385,0.6852473435109714,0.04660367799355527,2.220446049250313e-16,0.17227849860470523,2.220446049250313e-16,2.220446049250313e-16,0.3955515357241312
196.0,0.03154861915505243,2.220446049250313e-16,0.004183625773459765,0.01671289579570065,0.0009888491759244237,0.8041906664426445,2.220446049250313e-16,2.220446049250313e-16,0.002182092080485578,2.220446049250313e-16
197.0,0.03154861915505243,2.220446049250313e-16,0.004183625773459765,0.01671289579570065,0.0009888491759244237,0.8041906664426445,2.220446049250313e-16,2.220446049250313e-16,0.002182092080485578,2.220446049250313e-16
198.0,0.03154861915505243,2.220446049250313e-16,0.004183625773459765,0.01671289579570065,0.0009888491759244237,0.8041906664426445,2.220446049250313e-16,2.220446049250313e-16,0.002182092080485578,2.220446049250313e-16
199.0,0.03154861915505243,2.220446049250313e-16,0.004183625773459765,0.01671289579570065,0.0009888491759244237,0.8041906664426445,2.220446049250313e-16,2.220446049250313e-16,0.002182092080485578,2.220446049250313e-16
200.0,0.03154861915505243,2.220446049250313e-16,0.004183625773459765,0.01671289579570065,0.0009888491759244237,0.8041906664426445,2.220446049250313e-16,2.220446049250313e-16,0.002182092080485578,2.220446049250313e-16
201.0,0.03154861915505243,2.220446049250313e-16,0.004183625773459765,0.01671289579570065,0.0009888491759244237,0.8041906664426445,2.220446049250313e-16,2.220446049250313e-16,0.002182092080485578,2.220446049250313e-16
202.0,2.220446049250313e-16,0.0856844966882578,0.4854839151144913,0.21636000144722034,2.220446049250313e-16,2.220446049250313e-16,0.7515983870840907,0.05039694571925951,0.08650844427921789,2.220446049250313e-16
203.0,0.5885055124235995,2.220446049250313e-16,0.02172153126912013,0.0037817988917215203,2.220446049250313e-16,2.220446049250313e-16,2.220446049250313e-16,0.7954797924798,0.0018789715579957498,2.220446049250313e-16
204.0,0.5885055124235995,2.220446049250313e-16,0.02172153126912013,0.0037817988917215203,2.220446049250313e-16,2.220446049250313e-16,2.220446049250313e-16,0.7954797924798,0.0018789715579957498,2.220446049250313e-16
205.0,2.220446049250313e-16,2.220446049250313e-16,0.6969338653829126,2.220446049250313e-16,2.220446049250313e-16,0.04324847693859235,0.021492556285185222,0.16867654587142453,0.6519726786365136,2.220446049250313e-16
206.0,2.220446049250313e-16,2.220446049250313e-16,0.6969338653829126,2.220446049250313e-16,2.220446049250313e-16,0.04324847693859235,0.021492556285185222,0.16867654587142453,0.6519726786365136,2.220446049250313e-16
207.0,0.7866956234880713,0.334600329819267,0.1992717386730219,2.220446049250313e-16,2.220446049250313e-16,0.01017653591631697,2.220446049250313e-16,0.08312048312472603,2.220446049250313e-16,2.220446049250313e-16
208.0,2.220446049250313e-16,0.0856844966882578,0.4854839151144913,0.21636000144722034,2.220446049250313e-16,2.220446049250313e-16,0.7515983870840907,0.05039694571925951,0.08650844427921789,2.220446049250313e-16
209.0,0.5885055124235995,2.220446049250313e-16,0.02172153126912013,0.0037817988917215203,2.220446049250313e-16,2.220446049250313e-16,2.220446049250313e-16,0.7954797924798,0.0018789715579957498,2.220446049250313e-16
210.0,0.5885055124235995,2.220446049250313e-16,0.02172153126912013,0.0037817988917215203,2.220446049250313e-16,2.220446049250313e-16,2.220446049250313e-16,0.7954797924798,0.0018789715579957498,2.220446049250313e-16
211.0,2.220446049250313e-16,2.220446049250313e-16,0.6969338653829126,2.220446049250313e-16,2.220446049250313e-16,0.04324847693859235,0.021492556285185222,0.16867654587142453,0.6519726786365136,2.220446049250313e-16
212.0,2.220446049250313e-16,2.220446049250313e-16,0.6969338653829126,2.220446049250313e-16,2.220446049250313e-16,0.04324847693859235,0.021492556285185222,0.16867654587142453,0.6519726786365136,2.220446049250313e-16
213.0,0.7866956234880713,0.334600329819267,0.1992717386730219,2.220446049250313e-16,2.220446049250313e-16,0.01017653591631697,2.220446049250313e-16,0.08312048312472603,2.220446049250313e-16,2.220446049250313e-16
214.0,2.220446049250313e-16,2.220446049250313e-16,2.220446049250313e-16,0.6849621567324276,0.5340168288962961,0.03537076304578992,0.42175336617266224,2.220446049250313e-16,2.220446049250313e-16,2.220446049250313e-16
215.0,2.220446049250313e-16,2.220446049250313e-16,2.220446049250313e-16,0.6849621567324276,0.5340168288962961,0.03537076304578992,0.42175336617266224,2.220446049250313e-16,2.220446049250313e-16,2.220446049250313e-16
216.0,2.220446049250313e-16,0.018211523964466212,2.220446049250313e-16,0.006530474172286804,0.5559486770601363,2.220446049250313e-16,0.0002572897857722964,2.220446049250313e-16,0.6377247111491962,0.5483908102223644
217.0,2.220446049250313e-16,0.018211523964466212,2.220446049250313e-16,0.006530474172286804,0.5559486770601363,2.220446049250313e-16,0.0002572897857722964,2.220446049250313e-16,0.6377247111491962,0.5483908102223644
218.0,2.220446049250313e-16,2.220446049250313e-16,2.220446049250313e-16,0.6849621567324276,0.5340168288962961,0.03537076304578992,0.42175336617266224,2.220446049250313e-16,2.220446049250313e-16,2.220446049250313e-16
219.0,2.220446049250313e-16,2.220446049250313e-16,2.220446049250313e-16,0.6849621567324276,0.5340168288962961,0.03537076304578992,0.42175336617266224,2.220446049250313e-16,2.220446049250313e-16,2.220446049250313e-16
220.0,2.220446049250313e-16,0.018211523964466212,2.220446049250313e-16,0.006530474172286804,0.5559486770601363,2.220446049250313e-16,0.0002572897857722964,2.220446049250313e-16,0.6377247111491962,0.5483908102223644
221.0,2.220446049250313e-16,0.018211523964466212,2.220446049250313e-16,0.006530474172286804,0.5559486770601363,2.220446049250313e-16,0.0002572897857722964,2.220446049250313e-16,0.6377247111491962,0.5483908102223644
