11 0.11149825257221 0.38065895092370816 0.04673300460204384 0.7444307528193378 0.22720044381586027 0.23124679003410953 0.7978241664196348 0.29193782329108153 0.17807253958873764 0.008576369541028216 -0.009851350396536321 0.04673300443242179 0.22720044330966693 0.008576368939194234 0.30451657111454894 0.29433951433530176 0.38482940520741266 0.04927651997175864 0.09406811280691875 0.18031165974378977
35 0.10273645905638062 0.42494681407098844 0.020969463015821633 0.5836869856909961 0.17372506298393517 0.5089714226153814 0.578783155098641 0.44828583830545693 0.11053852544059542 0.01764909924422453 -0.006095513351808183 0.020969463031229763 0.17372506277952035 0.017649098552161895 0.3029246322535103 0.46008092227022934 0.5012310515168091 0.09820430118459557 0.11262963083301702 0.14812798332178312
10 0.12985596934613602 0.41254550230058246 -0.02055613439413916 0.560600996538445 0.1724634682479621 0.5290882479242981 0.626040845460781 0.34515610520856727 0.15662614426771806 0.023069434605103255 0.014904617885578455 -0.020556134363041698 0.17246346807286056 0.023069433933388315 0.2529176332944194 0.44691663404209886 0.5677211967401743 0.10382200576993224 0.1172369323930311 0.09323760392107915
1 0.08423389567722561 0.39540423843828054 -0.007353541540398655 0.7093688958845603 0.1724636607258357 0.4370519641593965 0.6186968275327475 0.3807036150396242 0.10747898367429445 -0.02092341386632058 -0.019064626085971214 -0.007353541571257421 0.17246366058350301 -0.020923414512443433 0.2972802632974465 0.3942045525545388 0.5193733147372988 0.06297170468505257 0.08860362487649598 0.12882711824042728
49 0.10953334559909685 0.6859316588433954 0.21584730913568848 0.21918098680125 0.1747366887594792 0.433662214255381 0.3950226165047872 0.6493208760309088 0.11505169472991723 0.07206925110577705 0.0468718988904067 0.21584730914677364 0.17473668842426784 0.07206925049937307 0.33124816177001737 0.45349386651214596 0.3762528255582458 0.07334933430721452 0.08850466600788467 0.2181751379620468
179 0.13132163810290765 0.11229104674487224 0.886675581882985 -0.00903793388498566 0.17233962134318925 0.014222049610442041 0.058664832879805576 0.10474866399818286 0.14557222219889038 0.3157554412003073 0.07999863023019643 0.8866755817040158 0.1723396211800176 0.3157554409323622 0.08909572400380412 0.05926095402251976 -0.0003270167573968131 0.05648331743499003 0.09252113121134037 0.2710422432296594
6 0.10839730543213394 0.3163650212753811 -0.038180766680523316 0.7070025465869757 0.18543123615814358 0.5076002687591281 0.5734382587892719 0.32562744776208574 0.12878981626343708 -0.020605838476363183 -0.02326928637082509 -0.038180766814405055 0.1854312358058466 -0.020605839144163272 0.3690755660091435 0.4334539754182298 0.49507170895459157 0.09693343709050206 0.12237692402365409 0.10558351425812958
184 0.30338039640154296 0.016340007324683575 0.07999863034459152 -0.01917358949944009 0.16645931127530297 0.0030104737280671656 0.02206114424423157 0.009643232113457821 0.24168311220344152 0.35203114536495944 1.048247204950048 0.07999863015888962 0.16645931108026646 0.35203114508323297 -0.014740321870965809 0.004930890527083436 -0.0018625530124049764 0.520180531306075 0.39656838164177227 0.07304715811405488
213 0.0881886027508676 0.1849805345866996 0.2710422433793366 0.12346958860962054 0.5046860669780102 0.13355917227018055 0.1489697738855343 0.202120342064539 0.09264887005545962 0.2592436850573047 0.07304715811405471 0.27104224326341725 0.5046860671645916 0.2592436844434236 0.21459829417681436 0.19491084741315368 0.11451659922397633 0.12697889684031063 0.11035651673585856 0.9652670672767112
46 0.15195480854127777 0.4459506150893742 0.05926095399148113 0.4628121875853115 0.19606126947543948 0.47683136954000166 0.4449914743232438 0.4792549673267582 0.16263530510071222 0.035282848746382094 0.0049308905270904185 0.05926095412244765 0.19606126917602582 0.03528284804502144 0.45992545127789736 0.5613509448743006 0.44237571462876885 0.11787845127561972 0.14722618546950444 0.19491084741315018
38 0.10697818294107399 0.5201009853199945 0.02844987060623307 0.5339276932550399 0.171920199922319 0.48313815034825236 0.5573980670392135 0.4444077773009159 0.12900171586270542 0.015586859551668672 0.008477022043905703 0.028449870667418456 0.17192019966736075 0.015586858840626798 0.28009884282034875 0.4483734090765227 0.5514036475519639 0.07053242953694605 0.08706835186725811 0.12887901997025952
161 0.2782759099728482 0.1685638899995138 0.17233962127189764 0.16307055520221683 0.6722421010864267 0.15043125323438541 0.1688560511078882 0.17056935305372206 0.2652953651998931 0.2703514688908345 0.16645931112902615 0.1723396213403826 0.6722421013012647 0.27035146817346606 0.3068659185904586 0.19606126921066225 0.14173097205770682 0.29610349033245925 0.2911189938410771 0.5046860669427163
67 0.6750140846479566 0.10811966958197793 0.17512278414278323 0.10179810511519333 0.251969428574048 0.08315179336712844 0.1516037897932677 0.08353471270950358 0.7838394658804635 0.3367340521639117 0.20329584713244414 0.17512278458082498 0.2519694281479438 0.3367340517991403 0.3206001228013168 0.1456971561405238 0.09450111666689916 0.3079065555457277 0.42657801639582105 0.0698511915216508
216 0.30338039640154296 0.016340007324683575 0.07999863034459152 -0.01917358949944009 0.16645931127530297 0.0030104737280671656 0.02206114424423157 0.009643232113457821 0.24168311220344152 0.35203114536495944 1.048247204950048 0.07999863015888962 0.16645931108026646 0.35203114508323297 -0.014740321870965809 0.004930890527083436 -0.0018625530124049764 0.520180531306075 0.39656838164177227 0.07304715811405488
71 0.13132163810290765 0.11229104674487224 0.886675581882985 -0.00903793388498566 0.17233962134318925 0.014222049610442041 0.058664832879805576 0.10474866399818286 0.14557222219889038 0.3157554412003073 0.07999863023019643 0.8866755817040158 0.1723396211800176 0.3157554409323622 0.08909572400380412 0.05926095402251976 -0.0003270167573968131 0.05648331743499003 0.09252113121134037 0.2710422432296594
45 0.12219915968588294 0.500748399006039 0.05866483283442896 0.49685697444689614 0.16885605119129507 0.47386380909389725 0.6489261829038816 0.45678664555455595 0.1315719459777444 0.056184709642956084 0.022061144244226456 0.05866483298006526 0.16885605106031035 0.056184708970282014 0.24780079904592914 0.44499147432323205 0.4926468562386464 0.0988761459749098 0.10504371879904728 0.14896977388552554
12 0.07484083405340719 0.5540412907551768 0.026844454408694034 0.5098941659614556 0.15328864850955215 0.5123882280971083 0.45218643696541344 0.5046480295491149 0.08228601173620707 -0.00746622281787561 -0.003375051551319239 0.026844454451816428 0.1532886483379742 -0.007466223509383953 0.2819971951787948 0.4387021559760894 0.5940618754593898 0.05867685526927332 0.06311311999829307 0.13376112413280306
53 0.11713912074550732 0.45391142418874647 0.02500806696151057 0.5757683260209984 0.20737959336682182 0.47823038673881424 0.5393117385088141 0.4324726847167487 0.13387733913109603 0.00857053171235674 -0.005698794170547423 0.025008067006715012 0.2073795929170347 0.008570531012914268 0.3494563959491169 0.48252869359362244 0.4883378924647463 0.07706258423424243 0.11356769671884452 0.1530843737502328
115 -0.009414025819040755 0.044433294261478934 -0.013193470541887593 0.27344083639877026 0.39073267616563506 0.49938095157047496 0.20986042337409946 0.20279967778960084 0.005038357124198778 -0.09365695975638395 -0.09015308226407177 -0.013193471426490393 0.3907326762366981 -0.0936569603270003 0.8468087732190557 0.018692674522209355 0.2732987476337351 0.29831593489676733 0.05794126154830271 0.22772074610896995
142 0.30338039640154296 0.016340007324683575 0.07999863034459152 -0.01917358949944009 0.16645931127530297 0.0030104737280671656 0.02206114424423157 0.009643232113457821 0.24168311220344152 0.35203114536495944 1.048247204950048 0.07999863015888962 0.16645931108026646 0.35203114508323297 -0.014740321870965809 0.004930890527083436 -0.0018625530124049764 0.520180531306075 0.39656838164177227 0.07304715811405488
139 0.7166167600277054 0.1119140368366727 0.1870183549084211 0.09724081588217295 0.2504627921913561 0.083062463469663 0.1595232977856519 0.08233940661375566 0.7705813168173795 0.3241903903973986 0.20636094901663826 0.18701835580948095 0.25046279186286585 0.3241903901601738 0.32548247459005475 0.1308915669838167 0.09901145148111491 0.2910889439963625 0.4036913072646843 0.052395003356228494
136 0.2782759099728482 0.1685638899995138 0.17233962127189764 0.16307055520221683 0.6722421010864267 0.15043125323438541 0.1688560511078882 0.17056935305372206 0.2652953651998931 0.2703514688908345 0.16645931112902615 0.1723396213403826 0.6722421013012647 0.27035146817346606 0.3068659185904586 0.19606126921066225 0.14173097205770682 0.29610349033245925 0.2911189938410771 0.5046860669427163
194 0.0881886027508676 0.1849805345866996 0.2710422433793366 0.12346958860962054 0.5046860669780102 0.13355917227018055 0.1489697738855343 0.202120342064539 0.09264887005545962 0.2592436850573047 0.07304715811405471 0.27104224326341725 0.5046860671645916 0.2592436844434236 0.21459829417681436 0.19491084741315368 0.11451659922397633 0.12697889684031063 0.11035651673585856 0.9652670672767112
79 0.30338039640154296 0.016340007324683575 0.07999863034459152 -0.01917358949944009 0.16645931127530297 0.0030104737280671656 0.02206114424423157 0.009643232113457821 0.24168311220344152 0.35203114536495944 1.048247204950048 0.07999863015888962 0.16645931108026646 0.35203114508323297 -0.014740321870965809 0.004930890527083436 -0.0018625530124049764 0.520180531306075 0.39656838164177227 0.07304715811405488
152 0.30338039640154296 0.016340007324683575 0.07999863034459152 -0.01917358949944009 0.16645931127530297 0.0030104737280671656 0.02206114424423157 0.009643232113457821 0.24168311220344152 0.35203114536495944 1.048247204950048 0.07999863015888962 0.16645931108026646 0.35203114508323297 -0.014740321870965809 0.004930890527083436 -0.0018625530124049764 0.520180531306075 0.39656838164177227 0.07304715811405488
2 0.1159680166540859 0.4174610235110703 -0.009200267140356587 0.6648963392768538 0.17528876721537118 0.444282808962591 0.5556226727934825 0.36842291234275254 0.14291302950747467 -0.011741123302773894 -0.01138302122024182 -0.009200267055446567 0.17528876691294565 -0.011741123945052955 0.3820555293833756 0.45378305201647434 0.5140308703714972 0.07056137171347476 0.0998473012308881 0.1189839364240492
204 0.29890943297275707 0.03978778257126066 0.31575544134635397 -0.022452896528310895 0.2703514686051518 0.017194166553999832 0.05618470931645434 0.03787487398997666 0.33170687677750504 0.7544305325152378 0.3520311452710787 0.3157554409247138 0.2703514686518759 0.7544305323311216 0.021732509069365233 0.03528284838929686 -0.00027943166909364216 0.21473331967871245 0.26603584591948937 0.25924368474500675
84 0.2782759099728482 0.1685638899995138 0.17233962127189764 0.16307055520221683 0.6722421010864267 0.15043125323438541 0.1688560511078882 0.17056935305372206 0.2652953651998931 0.2703514688908345 0.16645931112902615 0.1723396213403826 0.6722421013012647 0.27035146817346606 0.3068659185904586 0.19606126921066225 0.14173097205770682 0.29610349033245925 0.2911189938410771 0.5046860669427163
27 0.1414050369692017 0.6565128219573387 0.2744303972727285 0.37733107517549686 0.23413283665602355 0.23153791846819316 0.5295962790422521 0.5210188080487288 0.1574138193648964 0.08056074769829753 0.02598557488609502 0.27443039755271476 0.23413283642664864 0.08056074705552327 0.3851410507725643 0.4306886577512235 0.3238930582593406 0.02544009964743813 0.09464114380535374 0.22707354817928568
135 0.29890943297275707 0.03978778257126066 0.31575544134635397 -0.022452896528310895 0.2703514686051518 0.017194166553999832 0.05618470931645434 0.03787487398997666 0.33170687677750504 0.7544305325152378 0.3520311452710787 0.3157554409247138 0.2703514686518759 0.7544305323311216 0.021732509069365233 0.03528284838929686 -0.00027943166909364216 0.21473331967871245 0.26603584591948937 0.25924368474500675
21 0.09936058909533871 0.56987131775151 0.14276564640970246 0.570256416166894 0.19854180800932833 0.29069487242904163 0.6325696755254264 0.4728936531155953 0.13957033687110623 0.04093623637706511 0.0005779126504582964 0.14276564656985083 0.1985418077968265 0.04093623569359948 0.32905854179234284 0.41349333118613935 0.39706021737415403 0.04393711791462852 0.08070165002641652 0.20297270987318164
106 0.4644870542442864 0.06846740053309337 0.05648331748237281 0.07095655341368691 0.29610349041655115 0.11220400492644314 0.09887614597492139 0.08308709818727814 0.3871402356292562 0.21473331992871436 0.5201805313060861 0.056483317542615666 0.29610349066126435 0.21473331941096124 0.2203474823209209 0.11787845127562094 0.0868125104309577 0.772582764837154 0.6065026880265486 0.1269788968403127
209 0.29890943297275707 0.03978778257126066 0.31575544134635397 -0.022452896528310895 0.2703514686051518 0.017194166553999832 0.05618470931645434 0.03787487398997666 0.33170687677750504 0.7544305325152378 0.3520311452710787 0.3157554409247138 0.2703514686518759 0.7544305323311216 0.021732509069365233 0.03528284838929686 -0.00027943166909364216 0.21473331967871245 0.26603584591948937 0.25924368474500675
37 0.11103142512110539 0.5804386599650678 0.2358790290673638 0.44939679755955597 0.22570751688659024 0.26818359962731003 0.631042721527666 0.523852497728896 0.13644309595772494 0.10571222261877032 0.00924146702105287 0.23587902916257625 0.22570751656291435 0.10571222198708638 0.3027717865431691 0.4294779626895081 0.2744089698857178 0.060432688607871 0.10117828306095442 0.2798116075909156
97 0.11928749174678906 0.11581926660611637 0.8746042839320862 -0.005541746910848988 0.1651851536900859 0.010786061205849564 0.05332915710527299 0.10133147663072967 0.14773597254885656 0.3352063757020482 0.07432705825556536 0.8746042840440678 0.16518515370421247 0.3352063755421988 0.0895668715496384 0.060634121463384524 0.0005988871201143273 0.06255215606592204 0.09032958434816918 0.31146848175914477
131 0.30338039640154296 0.016340007324683575 0.07999863034459152 -0.01917358949944009 0.16645931127530297 0.0030104737280671656 0.02206114424423157 0.009643232113457821 0.24168311220344152 0.35203114536495944 1.048247204950048 0.07999863015888962 0.16645931108026646 0.35203114508323297 -0.014740321870965809 0.004930890527083436 -0.0018625530124049764 0.520180531306075 0.39656838164177227 0.07304715811405488
193 0.2782759099728482 0.1685638899995138 0.17233962127189764 0.16307055520221683 0.6722421010864267 0.15043125323438541 0.1688560511078882 0.17056935305372206 0.2652953651998931 0.2703514688908345 0.16645931112902615 0.1723396213403826 0.6722421013012647 0.27035146817346606 0.3068659185904586 0.19606126921066225 0.14173097205770682 0.29610349033245925 0.2911189938410771 0.5046860669427163
94 0.1020406507948258 0.09691752909118706 0.005418889322152337 0.444947880559111 0.329765489250748 0.3967761921421343 0.1770897892169957 0.23640362178534113 0.0917725060407778 -0.07566364297242412 -0.07817836584973802 0.005418888903311961 0.3297654893006211 -0.07566364361234866 1.0037474528392962 0.23853557572278833 0.2154189246988415 0.24659692102420322 0.1250470683919039 0.19700192027129695
202 0.24496128521642044 0.19348115464376053 0.058868166031045874 0.38138264394136173 0.32205472018899634 0.38172073713039306 0.22532152085662685 0.33297506798677196 0.26439341500933905 0.02199211950888118 -0.023941309349466616 0.05886816573362116 0.3220547196136594 0.021992118744664446 0.7928803829281297 0.4827138907715709 0.24775928115030127 0.2966998190241127 0.286690020366614 0.2571744103875194
174 0.01834124146161653 0.03989879775025661 -0.008334334149207534 0.341556237718783 0.36871794023131516 0.4847344459695061 0.19021300181227455 0.22696539773020385 0.016512285661313256 -0.08987931664070904 -0.0889483219660691 -0.008334334900385354 0.3687179400950284 -0.08987931723988973 0.9163967227116191 0.10488430432519195 0.2457482872684742 0.27265632263318235 0.07774183934213125 0.22028444794621369
28 0.09838860897548128 0.4134425717007403 -0.009037933885192109 0.6597534084013322 0.16307055528988973 0.47359600900747223 0.4968569744469122 0.40700637455582467 0.10430883766156451 -0.022452896195131567 -0.01917358949943574 -0.009037933817778157 0.16307055500907117 -0.022452896859976194 0.4008942748836019 0.4628121875853246 0.5276774926647916 0.07095655341368877 0.08976683974983302 0.12346958860962365
52 0.14023734683756772 0.46656385464916944 0.02270226806970819 0.5202983623190633 0.1901833266255756 0.4878452977007732 0.6181034845067903 0.3947699580788954 0.17134564042361403 0.04366531329381626 0.01978081591242185 0.022702268171393227 0.19018332651551367 0.04366531263541937 0.2833510462817203 0.476468542449446 0.5094835347798133 0.09744104016216605 0.11967350437364481 0.13080840421960394
39 0.0850895594615593 0.41549301122450116 -0.03371801147588072 0.6178285713790815 0.136078457488141 0.5380060933686653 0.5531465005205428 0.3843113757710528 0.09515972225641796 -0.01511997282934808 -0.007823377529583496 -0.033718011501577876 0.13607845736137755 -0.015119973466043901 0.24420889287983483 0.40765255674914225 0.6316257273519285 0.08196875779323576 0.08145923774001577 0.08863198355281136
220 0.30338039640154296 0.016340007324683575 0.07999863034459152 -0.01917358949944009 0.16645931127530297 0.0030104737280671656 0.02206114424423157 0.009643232113457821 0.24168311220344152 0.35203114536495944 1.048247204950048 0.07999863015888962 0.16645931108026646 0.35203114508323297 -0.014740321870965809 0.004930890527083436 -0.0018625530124049764 0.520180531306075 0.39656838164177227 0.07304715811405488
70 0.044484354012064915 0.05873740973962197 -0.0014597137958363053 0.40072733471465255 0.34872375039022824 0.44905150077611555 0.17944030576901848 0.24121587614076045 0.03624788276110911 -0.08735123766807382 -0.08435287617270577 -0.0014597144656806741 0.3487237504143295 -0.08735123826347589 0.97016122721391 0.1743527911881288 0.2274548339611904 0.23945676973735047 0.091027391801128 0.21228105366786668
164 0.13132163810290765 0.11229104674487224 0.886675581882985 -0.00903793388498566 0.17233962134318925 0.014222049610442041 0.058664832879805576 0.10474866399818286 0.14557222219889038 0.3157554412003073 0.07999863023019643 0.8866755817040158 0.1723396211800176 0.3157554409323622 0.08909572400380412 0.05926095402251976 -0.0003270167573968131 0.05648331743499003 0.09252113121134037 0.2710422432296594
200 0.13132163810290765 0.11229104674487224 0.886675581882985 -0.00903793388498566 0.17233962134318925 0.014222049610442041 0.058664832879805576 0.10474866399818286 0.14557222219889038 0.3157554412003073 0.07999863023019643 0.8866755817040158 0.1723396211800176 0.3157554409323622 0.08909572400380412 0.05926095402251976 -0.0003270167573968131 0.05648331743499003 0.09252113121134037 0.2710422432296594
90 0.13132163810290765 0.11229104674487224 0.886675581882985 -0.00903793388498566 0.17233962134318925 0.014222049610442041 0.058664832879805576 0.10474866399818286 0.14557222219889038 0.3157554412003073 0.07999863023019643 0.8866755817040158 0.1723396211800176 0.3157554409323622 0.08909572400380412 0.05926095402251976 -0.0003270167573968131 0.05648331743499003 0.09252113121134037 0.2710422432296594
91 0.13132163810290765 0.11229104674487224 0.886675581882985 -0.00903793388498566 0.17233962134318925 0.014222049610442041 0.058664832879805576 0.10474866399818286 0.14557222219889038 0.3157554412003073 0.07999863023019643 0.8866755817040158 0.1723396211800176 0.3157554409323622 0.08909572400380412 0.05926095402251976 -0.0003270167573968131 0.05648331743499003 0.09252113121134037 0.2710422432296594
18 0.1705465699663744 0.4772005717509964 0.1102135544496882 0.4044883479410316 0.22731408523509727 0.43940192396538674 0.6726579872461458 0.4529496185201996 0.18489508705510252 0.12555818872270633 0.037109940234926954 0.11021355463610169 0.22731408521150576 0.12555818808608218 0.27734687274914543 0.49699652834026076 0.35508978891104015 0.12474988995617242 0.16168388423037056 0.20328458302204214
3 0.139375206790675 0.4961752780222001 0.27649273846700717 0.5247962101821868 0.28380577091796755 0.11469758172479642 0.6561218700356868 0.4112694730181021 0.16816109161714804 0.0970207528242397 -0.005535256834826416 0.27649273859642837 0.28380577078518465 0.09702075222037365 0.40159910803762155 0.3794957764946765 0.23155759017725092 0.032498139239533895 0.11880001922045336 0.3053952385748897
29 0.10022737222662134 0.4646678212767053 0.07730433182817821 0.6595209431324774 0.2144405471203918 0.3285858183360439 0.6188022152466608 0.43791960424100257 0.11780868867328684 0.003103419930627369 -0.0167555260269735 0.07730433181477828 0.21444054700727633 0.0031034192896659623 0.37100037393520036 0.4221370504148946 0.41584835766136957 0.043773480045885924 0.09684110459842366 0.19104942291623006
41 0.1905737415721045 0.34454467284286205 -0.013805282358402938 0.49006785645838313 0.1868133117470203 0.5219160823787212 0.7222386215691279 0.2833142500177815 0.20492544996185366 0.08205160208472194 0.041641922120285044 -0.013805282272138878 0.18681331152364097 0.08205160140881083 0.25743222744511646 0.47367183012358505 0.49268492925864826 0.15756463134382903 0.17588403532892943 0.08714092646454077
188 0.30338039640154296 0.016340007324683575 0.07999863034459152 -0.01917358949944009 0.16645931127530297 0.0030104737280671656 0.02206114424423157 0.009643232113457821 0.24168311220344152 0.35203114536495944 1.048247204950048 0.07999863015888962 0.16645931108026646 0.35203114508323297 -0.014740321870965809 0.004930890527083436 -0.0018625530124049764 0.520180531306075 0.39656838164177227 0.07304715811405488
198 0.13132163810290765 0.11229104674487224 0.886675581882985 -0.00903793388498566 0.17233962134318925 0.014222049610442041 0.058664832879805576 0.10474866399818286 0.14557222219889038 0.3157554412003073 0.07999863023019643 0.8866755817040158 0.1723396211800176 0.3157554409323622 0.08909572400380412 0.05926095402251976 -0.0003270167573968131 0.05648331743499003 0.09252113121134037 0.2710422432296594
51 0.08732679040472986 0.47235490752165743 0.04128908011103263 0.6868691008052616 0.1966549024937238 0.34872409890959877 0.626087853310028 0.4117723791689392 0.11159635595079574 -0.015332311614263877 -0.015783698621089477 0.04128908006030277 0.1966549022803349 -0.015332312236074157 0.32381668749400855 0.3930391715211464 0.47640436077068454 0.035422374443699535 0.08069358632405299 0.16014085980221776
34 0.14794366532976966 0.4895607238225825 0.058093655924775146 0.4086379691961211 0.17542968063108139 0.5147287957888338 0.4258144351738416 0.49976317852736746 0.14728465825763576 0.03574866410591366 0.016460157915150785 0.05809365608340781 0.17542968020452307 0.03574866339075096 0.4260865021046575 0.5496325142896252 0.48752485593982026 0.11548703634457923 0.13420409084804863 0.1721453846352816
122 0.07714772579597991 0.0620868643112135 -0.0025964461128140273 0.39839058614220774 0.34846842115064197 0.444244031094192 0.1794359262544599 0.23061476578956003 0.06321091228871203 -0.07782952784122549 -0.0848066328630107 -0.002596446639687265 0.3484684207494493 -0.07782952845475502 0.9676405147732451 0.1896167658310344 0.22490119384481896 0.2885939519865736 0.11673221668690685 0.2037379931352119
98 0.11928749174678906 0.11581926660611637 0.8746042839320862 -0.005541746910848988 0.1651851536900859 0.010786061205849564 0.05332915710527299 0.10133147663072967 0.14773597254885656 0.3352063757020482 0.07432705825556536 0.8746042840440678 0.16518515370421247 0.3352063755421988 0.0895668715496384 0.060634121463384524 0.0005988871201143273 0.06255215606592204 0.09032958434816918 0.31146848175914477
63 0.2782759099728482 0.1685638899995138 0.17233962127189764 0.16307055520221683 0.6722421010864267 0.15043125323438541 0.1688560511078882 0.17056935305372206 0.2652953651998931 0.2703514688908345 0.16645931112902615 0.1723396213403826 0.6722421013012647 0.27035146817346606 0.3068659185904586 0.19606126921066225 0.14173097205770682 0.29610349033245925 0.2911189938410771 0.5046860669427163
192 0.2782759099728482 0.1685638899995138 0.17233962127189764 0.16307055520221683 0.6722421010864267 0.15043125323438541 0.1688560511078882 0.17056935305372206 0.2652953651998931 0.2703514688908345 0.16645931112902615 0.1723396213403826 0.6722421013012647 0.27035146817346606 0.3068659185904586 0.19606126921066225 0.14173097205770682 0.29610349033245925 0.2911189938410771 0.5046860669427163
159 0.29890943297275707 0.03978778257126066 0.31575544134635397 -0.022452896528310895 0.2703514686051518 0.017194166553999832 0.05618470931645434 0.03787487398997666 0.33170687677750504 0.7544305325152378 0.3520311452710787 0.3157554409247138 0.2703514686518759 0.7544305323311216 0.021732509069365233 0.03528284838929686 -0.00027943166909364216 0.21473331967871245 0.26603584591948937 0.25924368474500675
127 0.56201904494297 0.006294974937247579 0.521966285924068 -0.034442840772611796 0.24712242939582013 0.07540240462434226 0.04226044096995889 0.05565416192737081 0.4954115659583628 0.5658536059616693 0.2679277939393462 0.521966288066485 0.24712242946541016 0.5658536057034805 0.023363716979628107 0.01837572290545177 0.0073435226951792994 0.12504664776079594 0.12147866543972806 0.0742584940157384
132 0.30338039640154296 0.016340007324683575 0.07999863034459152 -0.01917358949944009 0.16645931127530297 0.0030104737280671656 0.02206114424423157 0.009643232113457821 0.24168311220344152 0.35203114536495944 1.048247204950048 0.07999863015888962 0.16645931108026646 0.35203114508323297 -0.014740321870965809 0.004930890527083436 -0.0018625530124049764 0.520180531306075 0.39656838164177227 0.07304715811405488
93 0.13132163810290765 0.11229104674487224 0.886675581882985 -0.00903793388498566 0.17233962134318925 0.014222049610442041 0.058664832879805576 0.10474866399818286 0.14557222219889038 0.3157554412003073 0.07999863023019643 0.8866755817040158 0.1723396211800176 0.3157554409323622 0.08909572400380412 0.05926095402251976 -0.0003270167573968131 0.05648331743499003 0.09252113121134037 0.2710422432296594
86 0.0881886027508676 0.1849805345866996 0.2710422433793366 0.12346958860962054 0.5046860669780102 0.13355917227018055 0.1489697738855343 0.202120342064539 0.09264887005545962 0.2592436850573047 0.07304715811405471 0.27104224326341725 0.5046860671645916 0.2592436844434236 0.21459829417681436 0.19491084741315368 0.11451659922397633 0.12697889684031063 0.11035651673585856 0.9652670672767112
85 0.2782759099728482 0.1685638899995138 0.17233962127189764 0.16307055520221683 0.6722421010864267 0.15043125323438541 0.1688560511078882 0.17056935305372206 0.2652953651998931 0.2703514688908345 0.16645931112902615 0.1723396213403826 0.6722421013012647 0.27035146817346606 0.3068659185904586 0.19606126921066225 0.14173097205770682 0.29610349033245925 0.2911189938410771 0.5046860669427163
47 0.09303128355720422 0.5672728804362878 0.10915883964118467 0.44615932558806115 0.17624475989344815 0.46454430297859023 0.5119984963682701 0.5777358510116058 0.08791895925809468 0.04098391742938856 0.007077545460393344 0.10915883975783652 0.17624475963934116 0.04098391674776741 0.2991510533373248 0.4631414088480238 0.45145644027261717 0.07697178013625551 0.0921204243791462 0.19808975222086384
0 0.11667301523267733 0.4192783903469982 -0.02105157396061094 0.5286723388657673 0.15432871978116894 0.590442972960869 0.48837993395613655 0.4008089599619113 0.1198624889889002 0.006053828126268977 0.001354099100311706 -0.02105157393424911 0.15432871960215952 0.0060538274207904185 0.32829309934665274 0.4856869813833804 0.5833792958808207 0.1130606643401976 0.11597415120910605 0.09834943420701582
191 0.29890943297275707 0.03978778257126066 0.31575544134635397 -0.022452896528310895 0.2703514686051518 0.017194166553999832 0.05618470931645434 0.03787487398997666 0.33170687677750504 0.7544305325152378 0.3520311452710787 0.3157554409247138 0.2703514686518759 0.7544305323311216 0.021732509069365233 0.03528284838929686 -0.00027943166909364216 0.21473331967871245 0.26603584591948937 0.25924368474500675
199 0.13132163810290765 0.11229104674487224 0.886675581882985 -0.00903793388498566 0.17233962134318925 0.014222049610442041 0.058664832879805576 0.10474866399818286 0.14557222219889038 0.3157554412003073 0.07999863023019643 0.8866755817040158 0.1723396211800176 0.3157554409323622 0.08909572400380412 0.05926095402251976 -0.0003270167573968131 0.05648331743499003 0.09252113121134037 0.2710422432296594
210 0.29890943297275707 0.03978778257126066 0.31575544134635397 -0.022452896528310895 0.2703514686051518 0.017194166553999832 0.05618470931645434 0.03787487398997666 0.33170687677750504 0.7544305325152378 0.3520311452710787 0.3157554409247138 0.2703514686518759 0.7544305323311216 0.021732509069365233 0.03528284838929686 -0.00027943166909364216 0.21473331967871245 0.26603584591948937 0.25924368474500675
173 0.30338039640154296 0.016340007324683575 0.07999863034459152 -0.01917358949944009 0.16645931127530297 0.0030104737280671656 0.02206114424423157 0.009643232113457821 0.24168311220344152 0.35203114536495944 1.048247204950048 0.07999863015888962 0.16645931108026646 0.35203114508323297 -0.014740321870965809 0.004930890527083436 -0.0018625530124049764 0.520180531306075 0.39656838164177227 0.07304715811405488
57 0.1537471016351659 0.5115396036101311 0.07770966482516622 0.5449099346173873 0.20542940087881864 0.3654035806458603 0.642213536608127 0.4128427718683718 0.17682353451211308 0.0476597341149368 0.016422969065119756 0.07770966498796397 0.20542940053720124 0.04765973349742676 0.33662279041921145 0.45622291158272876 0.453471292027101 0.06583717860436517 0.10822732192198094 0.15841625419813773
144 0.29890943297275707 0.03978778257126066 0.31575544134635397 -0.022452896528310895 0.2703514686051518 0.017194166553999832 0.05618470931645434 0.03787487398997666 0.33170687677750504 0.7544305325152378 0.3520311452710787 0.3157554409247138 0.2703514686518759 0.7544305323311216 0.021732509069365233 0.03528284838929686 -0.00027943166909364216 0.21473331967871245 0.26603584591948937 0.25924368474500675
140 0.7166167600277054 0.1119140368366727 0.1870183549084211 0.09724081588217295 0.2504627921913561 0.083062463469663 0.1595232977856519 0.08233940661375566 0.7705813168173795 0.3241903903973986 0.20636094901663826 0.18701835580948095 0.25046279186286585 0.3241903901601738 0.32548247459005475 0.1308915669838167 0.09901145148111491 0.2910889439963625 0.4036913072646843 0.052395003356228494
151 0.30338039640154296 0.016340007324683575 0.07999863034459152 -0.01917358949944009 0.16645931127530297 0.0030104737280671656 0.02206114424423157 0.009643232113457821 0.24168311220344152 0.35203114536495944 1.048247204950048 0.07999863015888962 0.16645931108026646 0.35203114508323297 -0.014740321870965809 0.004930890527083436 -0.0018625530124049764 0.520180531306075 0.39656838164177227 0.07304715811405488
156 0.30338039640154296 0.016340007324683575 0.07999863034459152 -0.01917358949944009 0.16645931127530297 0.0030104737280671656 0.02206114424423157 0.009643232113457821 0.24168311220344152 0.35203114536495944 1.048247204950048 0.07999863015888962 0.16645931108026646 0.35203114508323297 -0.014740321870965809 0.004930890527083436 -0.0018625530124049764 0.520180531306075 0.39656838164177227 0.07304715811405488
163 0.0583669684745427 0.07694540254522778 0.002620693490466117 0.4488048292783488 0.3295857183885867 0.41806400481215056 0.1696236146996248 0.2503433792690273 0.06327847111203246 -0.08538988870538304 -0.0794882671158786 0.0026206928891679016 0.32958571817393284 -0.08538988934464627 0.9939327596614059 0.23463996627113842 0.21078748501648734 0.21279517573423307 0.09646401308506981 0.21875707253732582
190 0.29890943297275707 0.03978778257126066 0.31575544134635397 -0.022452896528310895 0.2703514686051518 0.017194166553999832 0.05618470931645434 0.03787487398997666 0.33170687677750504 0.7544305325152378 0.3520311452710787 0.3157554409247138 0.2703514686518759 0.7544305323311216 0.021732509069365233 0.03528284838929686 -0.00027943166909364216 0.21473331967871245 0.26603584591948937 0.25924368474500675
208 0.2941978405013931 0.270953010025886 0.08909572408986334 0.40089427488358664 0.3068659185839184 0.295981576070083 0.24780079904593685 0.3140806373437102 0.3061731272551091 0.021732509388509114 -0.014740321870964858 0.08909572394447744 0.30686591856299594 0.02173250877370105 0.8286809610505308 0.4599254512778963 0.26580448645719645 0.2203474823209156 0.26276326711188197 0.21459829417681126
48 0.1016676459847372 0.6145925375835455 0.12459690073694792 0.42074963496900125 0.17243274013559287 0.42906530117686253 0.4617724863713564 0.5698816415790569 0.11064505972746357 0.03394710824807065 0.013283543892470207 0.12459690094802388 0.17243273967037245 0.03394710757879371 0.34991104922864374 0.47077973674418233 0.4681194581655937 0.061745726198060354 0.08242313903103543 0.18265143064278636
129 0.5585696513944883 0.07874891190651415 0.10504760756873945 0.10176001405613543 0.27912492501360747 0.10054967268210556 0.10993087215693646 0.0918677514286203 0.6408268729955207 0.31696784258125543 0.30617145816326385 0.10504760682152535 0.27912492519644005 0.31696784218441126 0.2815258408834966 0.17509419349582195 0.07712712154144906 0.5036080578552461 0.6107864125890156 0.12258341551345348
25 0.10380645564559775 0.6240190994867003 0.12626038930597924 0.4193432633357958 0.18212287411125797 0.41758403858108517 0.46444938817963277 0.5610914186986364 0.1143543989231872 0.03248155931239143 0.01488592545535504 0.12626038940460063 0.18212287382039893 0.032481558631955086 0.3433959843130164 0.4713540988366284 0.4692380944800957 0.05460057158804792 0.07991263381414462 0.1883747588860895
58 0.08917683401118733 0.36800785153299465 -0.017459514882713485 0.7660038884234179 0.19280760494532503 0.386371393367116 0.5680136126971542 0.3377734742417886 0.1319114321721384 -0.042371937063178225 -0.027011376300554498 -0.01745951493565693 0.1928076046216734 -0.042371937734404015 0.4174717277881047 0.4164146069548063 0.45722594534768607 0.049510743885692717 0.08816393231709 0.1388145294803982
189 0.2325172675717316 0.11713531618058916 0.03586379897421022 0.3049502684117196 0.39507552522473455 0.45230097555146087 0.22208599900022405 0.31840920790725313 0.14658300180955253 0.0014667950222179934 -0.02427905078403743 0.03586379892462294 0.39507552518516065 0.001466794300012322 0.7669921504159521 0.382905418495908 0.2541903873057846 0.4072895112260631 0.29462050093664516 0.2421984750672576
62 0.29890943297275707 0.03978778257126066 0.31575544134635397 -0.022452896528310895 0.2703514686051518 0.017194166553999832 0.05618470931645434 0.03787487398997666 0.33170687677750504 0.7544305325152378 0.3520311452710787 0.3157554409247138 0.2703514686518759 0.7544305323311216 0.021732509069365233 0.03528284838929686 -0.00027943166909364216 0.21473331967871245 0.26603584591948937 0.25924368474500675
141 0.30338039640154296 0.016340007324683575 0.07999863034459152 -0.01917358949944009 0.16645931127530297 0.0030104737280671656 0.02206114424423157 0.009643232113457821 0.24168311220344152 0.35203114536495944 1.048247204950048 0.07999863015888962 0.16645931108026646 0.35203114508323297 -0.014740321870965809 0.004930890527083436 -0.0018625530124049764 0.520180531306075 0.39656838164177227 0.07304715811405488
168 0.13132163810290765 0.11229104674487224 0.886675581882985 -0.00903793388498566 0.17233962134318925 0.014222049610442041 0.058664832879805576 0.10474866399818286 0.14557222219889038 0.3157554412003073 0.07999863023019643 0.8866755817040158 0.1723396211800176 0.3157554409323622 0.08909572400380412 0.05926095402251976 -0.0003270167573968131 0.05648331743499003 0.09252113121134037 0.2710422432296594
153 0.5724592433772793 0.07502827682936272 0.09252113135605405 0.08976683974982978 0.291118993833205 0.10489643610032512 0.10504371879906316 0.09070851257333193 0.5185085383353389 0.2660358462705454 0.3965683816417738 0.09252113105458183 0.29111899380838574 0.2660358456231762 0.2627632671118847 0.14722618546950042 0.0815692136554355 0.6065026880265184 0.6298026121961475 0.11035651673586834
65 0.0881886027508676 0.1849805345866996 0.2710422433793366 0.12346958860962054 0.5046860669780102 0.13355917227018055 0.1489697738855343 0.202120342064539 0.09264887005545962 0.2592436850573047 0.07304715811405471 0.27104224326341725 0.5046860671645916 0.2592436844434236 0.21459829417681436 0.19491084741315368 0.11451659922397633 0.12697889684031063 0.11035651673585856 0.9652670672767112
180 0.13132163810290765 0.11229104674487224 0.886675581882985 -0.00903793388498566 0.17233962134318925 0.014222049610442041 0.058664832879805576 0.10474866399818286 0.14557222219889038 0.3157554412003073 0.07999863023019643 0.8866755817040158 0.1723396211800176 0.3157554409323622 0.08909572400380412 0.05926095402251976 -0.0003270167573968131 0.05648331743499003 0.09252113121134037 0.2710422432296594
23 0.16643406509637013 0.5369371496407459 0.10715438479497501 0.30601455073859163 0.17697171592349226 0.5129221562400329 0.6281723816186474 0.497291720082198 0.14869672256172642 0.11300851519618746 0.06152409988221117 0.10715438504903048 0.17697171544663975 0.11300851452701448 0.25893894009328583 0.4900824727011195 0.4203186578063962 0.13146373685535728 0.14096664283804564 0.16129901647253492
170 0.6280859629777854 0.1038037856049327 0.1619200834491687 0.10583361903038578 0.25304152996035567 0.08398880405619112 0.14373745521252018 0.08456397557316958 0.796324303027682 0.3496132633770868 0.20070695591833526 0.1619200834938892 0.25304152990868845 0.3496132632059301 0.31491427157230006 0.16082138901981524 0.08981778198292557 0.3261781665255797 0.4493401102471855 0.08885184043469702
96 0.11928749174678906 0.11581926660611637 0.8746042839320862 -0.005541746910848988 0.1651851536900859 0.010786061205849564 0.05332915710527299 0.10133147663072967 0.14773597254885656 0.3352063757020482 0.07432705825556536 0.8746042840440678 0.16518515370421247 0.3352063755421988 0.0895668715496384 0.060634121463384524 0.0005988871201143273 0.06255215606592204 0.09032958434816918 0.31146848175914477
137 0.2782759099728482 0.1685638899995138 0.17233962127189764 0.16307055520221683 0.6722421010864267 0.15043125323438541 0.1688560511078882 0.17056935305372206 0.2652953651998931 0.2703514688908345 0.16645931112902615 0.1723396213403826 0.6722421013012647 0.27035146817346606 0.3068659185904586 0.19606126921066225 0.14173097205770682 0.29610349033245925 0.2911189938410771 0.5046860669427163
126 0.11928749174678906 0.11581926660611637 0.8746042839320862 -0.005541746910848988 0.1651851536900859 0.010786061205849564 0.05332915710527299 0.10133147663072967 0.14773597254885656 0.3352063757020482 0.07432705825556536 0.8746042840440678 0.16518515370421247 0.3352063755421988 0.0895668715496384 0.060634121463384524 0.0005988871201143273 0.06255215606592204 0.09032958434816918 0.31146848175914477
221 0.30338039640154296 0.016340007324683575 0.07999863034459152 -0.01917358949944009 0.16645931127530297 0.0030104737280671656 0.02206114424423157 0.009643232113457821 0.24168311220344152 0.35203114536495944 1.048247204950048 0.07999863015888962 0.16645931108026646 0.35203114508323297 -0.014740321870965809 0.004930890527083436 -0.0018625530124049764 0.520180531306075 0.39656838164177227 0.07304715811405488
166 0.13132163810290765 0.11229104674487224 0.886675581882985 -0.00903793388498566 0.17233962134318925 0.014222049610442041 0.058664832879805576 0.10474866399818286 0.14557222219889038 0.3157554412003073 0.07999863023019643 0.8866755817040158 0.1723396211800176 0.3157554409323622 0.08909572400380412 0.05926095402251976 -0.0003270167573968131 0.05648331743499003 0.09252113121134037 0.2710422432296594
50 0.0912605963143166 0.5658804631991413 0.05518704502108906 0.3910999020994692 0.1484361833488167 0.5546975679694234 0.3596178077601685 0.5729598081244784 0.06433865163491398 0.005685619660836026 0.004926742249545365 0.05518704514961612 0.14843618318502136 0.005685618973832236 0.3550929177170003 0.46193302226101357 0.5713864495900517 0.0795379302581383 0.07851165483527954 0.13953336116429618
215 0.6330609203205613 0.09505368907923697 0.14557222229267933 0.10430883766156623 0.26529536529666864 0.08988465809341939 0.13157194597776975 0.08846836032023202 0.7277608437581242 0.3317068769967513 0.24168311220345592 0.14557222206926962 0.26529536525997316 0.3317068764194363 0.30617312725513185 0.16263530510072655 0.08570452989050373 0.3871402356292616 0.5185085383353643 0.09264887005547746
77 0.659411006448653 0.12183276552646903 0.19774146057396533 0.09963782973244717 0.23319747143032285 0.07503591935645428 0.1717935163485606 0.07568671305449307 0.8647022365769156 0.3522423589202806 0.16189587341826756 0.19774146141721313 0.2331974714209549 0.3522423584970844 0.32809334746058116 0.13347408803025804 0.10318374568899964 0.23723424657280404 0.3070284699272315 0.061983323223015856
82 0.29890943297275707 0.03978778257126066 0.31575544134635397 -0.022452896528310895 0.2703514686051518 0.017194166553999832 0.05618470931645434 0.03787487398997666 0.33170687677750504 0.7544305325152378 0.3520311452710787 0.3157554409247138 0.2703514686518759 0.7544305323311216 0.021732509069365233 0.03528284838929686 -0.00027943166909364216 0.21473331967871245 0.26603584591948937 0.25924368474500675
75 0.13132163810290765 0.11229104674487224 0.886675581882985 -0.00903793388498566 0.17233962134318925 0.014222049610442041 0.058664832879805576 0.10474866399818286 0.14557222219889038 0.3157554412003073 0.07999863023019643 0.8866755817040158 0.1723396211800176 0.3157554409323622 0.08909572400380412 0.05926095402251976 -0.0003270167573968131 0.05648331743499003 0.09252113121134037 0.2710422432296594
89 0.13132163810290765 0.11229104674487224 0.886675581882985 -0.00903793388498566 0.17233962134318925 0.014222049610442041 0.058664832879805576 0.10474866399818286 0.14557222219889038 0.3157554412003073 0.07999863023019643 0.8866755817040158 0.1723396211800176 0.3157554409323622 0.08909572400380412 0.05926095402251976 -0.0003270167573968131 0.05648331743499003 0.09252113121134037 0.2710422432296594
117 0.13132163810290765 0.11229104674487224 0.886675581882985 -0.00903793388498566 0.17233962134318925 0.014222049610442041 0.058664832879805576 0.10474866399818286 0.14557222219889038 0.3157554412003073 0.07999863023019643 0.8866755817040158 0.1723396211800176 0.3157554409323622 0.08909572400380412 0.05926095402251976 -0.0003270167573968131 0.05648331743499003 0.09252113121134037 0.2710422432296594
148 0.0881886027508676 0.1849805345866996 0.2710422433793366 0.12346958860962054 0.5046860669780102 0.13355917227018055 0.1489697738855343 0.202120342064539 0.09264887005545962 0.2592436850573047 0.07304715811405471 0.27104224326341725 0.5046860671645916 0.2592436844434236 0.21459829417681436 0.19491084741315368 0.11451659922397633 0.12697889684031063 0.11035651673585856 0.9652670672767112
30 0.11291455585415254 0.5858156006773827 0.1918834514560807 0.2796456229848846 0.1942672118806367 0.4435912577770437 0.45822259716460184 0.6642196698573752 0.08365853550556895 0.08732900061540019 0.028549362428956008 0.1918834515064933 0.19426721175353864 0.0873289999283353 0.31751827838348995 0.4841131971555588 0.33306626242036796 0.09435877056757273 0.12044268709823112 0.2727120377887624
68 0.30338039640154296 0.016340007324683575 0.07999863034459152 -0.01917358949944009 0.16645931127530297 0.0030104737280671656 0.02206114424423157 0.009643232113457821 0.24168311220344152 0.35203114536495944 1.048247204950048 0.07999863015888962 0.16645931108026646 0.35203114508323297 -0.014740321870965809 0.004930890527083436 -0.0018625530124049764 0.520180531306075 0.39656838164177227 0.07304715811405488
172 0.30338039640154296 0.016340007324683575 0.07999863034459152 -0.01917358949944009 0.16645931127530297 0.0030104737280671656 0.02206114424423157 0.009643232113457821 0.24168311220344152 0.35203114536495944 1.048247204950048 0.07999863015888962 0.16645931108026646 0.35203114508323297 -0.014740321870965809 0.004930890527083436 -0.0018625530124049764 0.520180531306075 0.39656838164177227 0.07304715811405488
102 0.6490745119959043 0.08799601603846498 0.13132163814315553 0.0983886089754572 0.2782759101430884 0.09562935752312525 0.12219915968588174 0.09078672335430008 0.6330609203205281 0.29890943315344354 0.3033803964015294 0.13132163813904443 0.27827591006906593 0.29890943271386977 0.29419784050139003 0.15195480854125024 0.08494674643682504 0.4644870542442723 0.5724592433772625 0.08818860275084266
100 0.56201904494297 0.006294974937247579 0.521966285924068 -0.034442840772611796 0.24712242939582013 0.07540240462434226 0.04226044096995889 0.05565416192737081 0.4954115659583628 0.5658536059616693 0.2679277939393462 0.521966288066485 0.24712242946541016 0.5658536057034805 0.023363716979628107 0.01837572290545177 0.0073435226951792994 0.12504664776079594 0.12147866543972806 0.0742584940157384
169 0.13132163810290765 0.11229104674487224 0.886675581882985 -0.00903793388498566 0.17233962134318925 0.014222049610442041 0.058664832879805576 0.10474866399818286 0.14557222219889038 0.3157554412003073 0.07999863023019643 0.8866755817040158 0.1723396211800176 0.3157554409323622 0.08909572400380412 0.05926095402251976 -0.0003270167573968131 0.05648331743499003 0.09252113121134037 0.2710422432296594
80 0.30338039640154296 0.016340007324683575 0.07999863034459152 -0.01917358949944009 0.16645931127530297 0.0030104737280671656 0.02206114424423157 0.009643232113457821 0.24168311220344152 0.35203114536495944 1.048247204950048 0.07999863015888962 0.16645931108026646 0.35203114508323297 -0.014740321870965809 0.004930890527083436 -0.0018625530124049764 0.520180531306075 0.39656838164177227 0.07304715811405488
187 0.30338039640154296 0.016340007324683575 0.07999863034459152 -0.01917358949944009 0.16645931127530297 0.0030104737280671656 0.02206114424423157 0.009643232113457821 0.24168311220344152 0.35203114536495944 1.048247204950048 0.07999863015888962 0.16645931108026646 0.35203114508323297 -0.014740321870965809 0.004930890527083436 -0.0018625530124049764 0.520180531306075 0.39656838164177227 0.07304715811405488
9 0.1031973106349023 0.5110081188610218 0.16083376494588825 0.6498845569002523 0.25984490322777704 0.1556689572449316 0.6779775444219641 0.3643253258772814 0.18977273104387302 0.031516414436936535 -0.01127234311559847 0.16083376481127384 0.2598449030023625 0.03151641384155794 0.38227393022631645 0.36918420156779386 0.3152225780255741 0.01901566792617829 0.08489891172773036 0.2532353898883574
146 0.2782759099728482 0.1685638899995138 0.17233962127189764 0.16307055520221683 0.6722421010864267 0.15043125323438541 0.1688560511078882 0.17056935305372206 0.2652953651998931 0.2703514688908345 0.16645931112902615 0.1723396213403826 0.6722421013012647 0.27035146817346606 0.3068659185904586 0.19606126921066225 0.14173097205770682 0.29610349033245925 0.2911189938410771 0.5046860669427163
183 0.30338039640154296 0.016340007324683575 0.07999863034459152 -0.01917358949944009 0.16645931127530297 0.0030104737280671656 0.02206114424423157 0.009643232113457821 0.24168311220344152 0.35203114536495944 1.048247204950048 0.07999863015888962 0.16645931108026646 0.35203114508323297 -0.014740321870965809 0.004930890527083436 -0.0018625530124049764 0.520180531306075 0.39656838164177227 0.07304715811405488
87 0.07530713350464406 0.13279971375185587 0.010589418054638531 0.5168336376249093 0.3007924880086668 0.34465449573747264 0.16266234751793518 0.25278652617975006 0.12067156386689484 -0.08382099290911245 -0.06774171586132931 0.010589417589214186 0.3007924878139604 -0.08382099353129828 1.0076206675073873 0.3159947027336602 0.1926992845728413 0.16260980377636675 0.09541464345382729 0.23462655619097084
7 0.19439262386516565 0.3530054315528788 0.03137363168789434 0.6043074758011873 0.21570453187131897 0.33640593843412736 0.8257492462100774 0.2729139845376119 0.22746053386970932 0.08363342850779891 0.02687194693562602 0.031373631812560476 0.21570453156593755 0.08363342793783288 0.28156752841810795 0.37524379477685327 0.4106786569845035 0.11036646342058042 0.13734665590330303 0.1267957507130159
197 0.13132163810290765 0.11229104674487224 0.886675581882985 -0.00903793388498566 0.17233962134318925 0.014222049610442041 0.058664832879805576 0.10474866399818286 0.14557222219889038 0.3157554412003073 0.07999863023019643 0.8866755817040158 0.1723396211800176 0.3157554409323622 0.08909572400380412 0.05926095402251976 -0.0003270167573968131 0.05648331743499003 0.09252113121134037 0.2710422432296594
147 0.2782759099728482 0.1685638899995138 0.17233962127189764 0.16307055520221683 0.6722421010864267 0.15043125323438541 0.1688560511078882 0.17056935305372206 0.2652953651998931 0.2703514688908345 0.16645931112902615 0.1723396213403826 0.6722421013012647 0.27035146817346606 0.3068659185904586 0.19606126921066225 0.14173097205770682 0.29610349033245925 0.2911189938410771 0.5046860669427163
99 0.11928749174678906 0.11581926660611637 0.8746042839320862 -0.005541746910848988 0.1651851536900859 0.010786061205849564 0.05332915710527299 0.10133147663072967 0.14773597254885656 0.3352063757020482 0.07432705825556536 0.8746042840440678 0.16518515370421247 0.3352063755421988 0.0895668715496384 0.060634121463384524 0.0005988871201143273 0.06255215606592204 0.09032958434816918 0.31146848175914477
112 0.2901361252319461 0.12246756442126731 0.06413993259065673 0.09519401735678498 0.6461504411085868 0.18452425000494393 0.19560079719297102 0.14105290503276957 0.15682473543830416 0.09323569889430941 0.20928263722371918 0.06413993344625754 0.6461504411646293 0.09323569829755876 0.42640246837171353 0.16444300940372938 0.2503254835705476 0.5308612631397003 0.2573349670696787 0.38184790486266557
154 0.5724592433772793 0.07502827682936272 0.09252113135605405 0.08976683974982978 0.291118993833205 0.10489643610032512 0.10504371879906316 0.09070851257333193 0.5185085383353389 0.2660358462705454 0.3965683816417738 0.09252113105458183 0.29111899380838574 0.2660358456231762 0.2627632671118847 0.14722618546950042 0.0815692136554355 0.6065026880265184 0.6298026121961475 0.11035651673586834
123 0.11928749174678906 0.11581926660611637 0.8746042839320862 -0.005541746910848988 0.1651851536900859 0.010786061205849564 0.05332915710527299 0.10133147663072967 0.14773597254885656 0.3352063757020482 0.07432705825556536 0.8746042840440678 0.16518515370421247 0.3352063755421988 0.0895668715496384 0.060634121463384524 0.0005988871201143273 0.06255215606592204 0.09032958434816918 0.31146848175914477
26 0.07653163970595989 0.45872011462918894 0.009930505957373251 0.6551760730956676 0.16024230243176124 0.45226297616736616 0.5344847553271036 0.44375752695594534 0.08618546920223191 -0.021347594124349573 -0.018387322837376464 0.009930506053216612 0.16024230240756393 -0.02134759478998238 0.3217971557984344 0.42658980488904336 0.5425549080056035 0.05527881778089082 0.07397952188643443 0.13590697091792725
33 0.18559581396511277 0.4220188469913382 0.06939707611327335 0.5293242754584613 0.207767473173274 0.3494424673828411 0.7847201712431924 0.3256220857533843 0.24512993489869628 0.11168439097575189 0.036047129942688494 0.06939707635879076 0.20776747300916582 0.11168439045135856 0.27892607296064303 0.43580902816438016 0.3932925343803989 0.11471801871628827 0.13063338444574596 0.15739443871931985
107 0.30338039640154296 0.016340007324683575 0.07999863034459152 -0.01917358949944009 0.16645931127530297 0.0030104737280671656 0.02206114424423157 0.009643232113457821 0.24168311220344152 0.35203114536495944 1.048247204950048 0.07999863015888962 0.16645931108026646 0.35203114508323297 -0.014740321870965809 0.004930890527083436 -0.0018625530124049764 0.520180531306075 0.39656838164177227 0.07304715811405488
149 0.5637505253841573 0.08825319184927204 0.12589783495429793 0.10771677186822959 0.26591627527606 0.09301796304746199 0.12189140154387935 0.0894138321160131 0.7380687792350663 0.34722326604543974 0.24135723005595883 0.1258978343407371 0.2659162753357972 0.34722326572692147 0.29701986774620986 0.18151848343545296 0.07953369667255798 0.4148939312295217 0.5478671128807339 0.11936141871018326
105 0.4644870542442864 0.06846740053309337 0.05648331748237281 0.07095655341368691 0.29610349041655115 0.11220400492644314 0.09887614597492139 0.08308709818727814 0.3871402356292562 0.21473331992871436 0.5201805313060861 0.056483317542615666 0.29610349066126435 0.21473331941096124 0.2203474823209209 0.11787845127562094 0.0868125104309577 0.772582764837154 0.6065026880265486 0.1269788968403127
185 0.5724592433772793 0.07502827682936272 0.09252113135605405 0.08976683974982978 0.291118993833205 0.10489643610032512 0.10504371879906316 0.09070851257333193 0.5185085383353389 0.2660358462705454 0.3965683816417738 0.09252113105458183 0.29111899380838574 0.2660358456231762 0.2627632671118847 0.14722618546950042 0.0815692136554355 0.6065026880265184 0.6298026121961475 0.11035651673586834
217 0.30338039640154296 0.016340007324683575 0.07999863034459152 -0.01917358949944009 0.16645931127530297 0.0030104737280671656 0.02206114424423157 0.009643232113457821 0.24168311220344152 0.35203114536495944 1.048247204950048 0.07999863015888962 0.16645931108026646 0.35203114508323297 -0.014740321870965809 0.004930890527083436 -0.0018625530124049764 0.520180531306075 0.39656838164177227 0.07304715811405488
54 0.08494674643681763 0.47950926663891946 -0.00032701675550246415 0.5276774926647716 0.14173097229611573 0.5621871781605411 0.492646856238628 0.46361608969092544 0.08570452989048212 -0.0002794313355859462 -0.0018625530124088438 -0.0003270167264478435 0.14173097197326304 -0.00027943201143106343 0.26580448645718474 0.44237571462875963 0.6078975323802874 0.08681251043093927 0.08156921365543915 0.1145165992239692
134 0.29890943297275707 0.03978778257126066 0.31575544134635397 -0.022452896528310895 0.2703514686051518 0.017194166553999832 0.05618470931645434 0.03787487398997666 0.33170687677750504 0.7544305325152378 0.3520311452710787 0.3157554409247138 0.2703514686518759 0.7544305323311216 0.021732509069365233 0.03528284838929686 -0.00027943166909364216 0.21473331967871245 0.26603584591948937 0.25924368474500675
162 0.0881886027508676 0.1849805345866996 0.2710422433793366 0.12346958860962054 0.5046860669780102 0.13355917227018055 0.1489697738855343 0.202120342064539 0.09264887005545962 0.2592436850573047 0.07304715811405471 0.27104224326341725 0.5046860671645916 0.2592436844434236 0.21459829417681436 0.19491084741315368 0.11451659922397633 0.12697889684031063 0.11035651673585856 0.9652670672767112
214 0.6330609203205613 0.09505368907923697 0.14557222229267933 0.10430883766156623 0.26529536529666864 0.08988465809341939 0.13157194597776975 0.08846836032023202 0.7277608437581242 0.3317068769967513 0.24168311220345592 0.14557222206926962 0.26529536525997316 0.3317068764194363 0.30617312725513185 0.16263530510072655 0.08570452989050373 0.3871402356292616 0.5185085383353643 0.09264887005547746
119 0.13132163810290765 0.11229104674487224 0.886675581882985 -0.00903793388498566 0.17233962134318925 0.014222049610442041 0.058664832879805576 0.10474866399818286 0.14557222219889038 0.3157554412003073 0.07999863023019643 0.8866755817040158 0.1723396211800176 0.3157554409323622 0.08909572400380412 0.05926095402251976 -0.0003270167573968131 0.05648331743499003 0.09252113121134037 0.2710422432296594
101 0.6490745119959043 0.08799601603846498 0.13132163814315553 0.0983886089754572 0.2782759101430884 0.09562935752312525 0.12219915968588174 0.09078672335430008 0.6330609203205281 0.29890943315344354 0.3033803964015294 0.13132163813904443 0.27827591006906593 0.29890943271386977 0.29419784050139003 0.15195480854125024 0.08494674643682504 0.4644870542442723 0.5724592433772625 0.08818860275084266
125 0.11928749174678906 0.11581926660611637 0.8746042839320862 -0.005541746910848988 0.1651851536900859 0.010786061205849564 0.05332915710527299 0.10133147663072967 0.14773597254885656 0.3352063757020482 0.07432705825556536 0.8746042840440678 0.16518515370421247 0.3352063755421988 0.0895668715496384 0.060634121463384524 0.0005988871201143273 0.06255215606592204 0.09032958434816918 0.31146848175914477
24 0.1573186779707428 0.3468231278105499 0.009949760146700638 0.47963024026104417 0.1924848297736124 0.5864145928325595 0.48414565544405963 0.43535787166516554 0.1150858568710813 0.030537079964855197 -0.0021263170107797802 0.009949760189307036 0.19248482962999502 0.030537079267497776 0.42794273738792565 0.5305518854134227 0.468491595323191 0.16495508509897733 0.18349510689892648 0.14367610109092857
218 0.7278475267774236 0.12054662476880765 0.20431243672366106 0.09376786210318427 0.23965863589070935 0.07935441029482293 0.1740437282645091 0.07775319159629976 0.8071245575241012 0.32703410438124936 0.18460450750290883 0.20431243782481234 0.23965863575365784 0.3270341038758716 0.33203556365204756 0.11796834812345022 0.10548926273326163 0.24413968712173065 0.33146261224359874 0.04037582079482011
8 0.16563675973028882 0.483326097177445 0.10056401558327584 0.35976616140345913 0.22352576014420258 0.48394053383947283 0.6320861728820261 0.4770647812881907 0.1686389983836015 0.1208456606352644 0.044084402616798246 0.10056401572284393 0.22352575969303343 0.12084565998667814 0.2706511753753132 0.5165719727732666 0.3723145106752588 0.13331334581828763 0.16693099192115965 0.2087625354678663
138 0.0881886027508676 0.1849805345866996 0.2710422433793366 0.12346958860962054 0.5046860669780102 0.13355917227018055 0.1489697738855343 0.202120342064539 0.09264887005545962 0.2592436850573047 0.07304715811405471 0.27104224326341725 0.5046860671645916 0.2592436844434236 0.21459829417681436 0.19491084741315368 0.11451659922397633 0.12697889684031063 0.11035651673585856 0.9652670672767112
81 0.19187798277327547 0.087117288412949 0.020538037464894156 0.30217948008386036 0.38925747525015897 0.4859605159283924 0.21030337468952318 0.3245439911299201 0.15110964467720983 0.006195976575539638 -0.026755588848232915 0.02053803727511911 0.3892574752339646 0.00619597585701511 0.7332566692991274 0.4009537051429462 0.2421664316178523 0.43309780413421783 0.2951636308254315 0.2787740793519913
201 0.13132163810290765 0.11229104674487224 0.886675581882985 -0.00903793388498566 0.17233962134318925 0.014222049610442041 0.058664832879805576 0.10474866399818286 0.14557222219889038 0.3157554412003073 0.07999863023019643 0.8866755817040158 0.1723396211800176 0.3157554409323622 0.08909572400380412 0.05926095402251976 -0.0003270167573968131 0.05648331743499003 0.09252113121134037 0.2710422432296594
118 0.13132163810290765 0.11229104674487224 0.886675581882985 -0.00903793388498566 0.17233962134318925 0.014222049610442041 0.058664832879805576 0.10474866399818286 0.14557222219889038 0.3157554412003073 0.07999863023019643 0.8866755817040158 0.1723396211800176 0.3157554409323622 0.08909572400380412 0.05926095402251976 -0.0003270167573968131 0.05648331743499003 0.09252113121134037 0.2710422432296594
56 0.12598953079500194 0.3802705839250407 -0.004378330745061532 0.564341616365066 0.17098995117041427 0.5536484686571606 0.4990694603131821 0.41840473714255544 0.11477097201249915 0.008142092663549856 -0.009038474122766151 -0.004378330715139216 0.17098995088563976 0.008142091984357122 0.39086088392177293 0.5025340620032195 0.5137299729025391 0.12088877360209409 0.13347698269044136 0.12800374879812543
60 0.2804625462818727 0.29772463886525075 0.09371786984356448 0.41953657632362296 0.2903310781853603 0.2663202834349981 0.24797305278837853 0.3064840840773419 0.35319205937656856 0.028418727062737216 -0.012729218562044798 0.09371786957526003 0.2903310781234121 0.02841872643193622 0.8181586565397194 0.4765077272427249 0.2618306350990509 0.1938022063078394 0.24404492227790578 0.23140463819853999
78 0.659411006448653 0.12183276552646903 0.19774146057396533 0.09963782973244717 0.23319747143032285 0.07503591935645428 0.1717935163485606 0.07568671305449307 0.8647022365769156 0.3522423589202806 0.16189587341826756 0.19774146141721313 0.2331974714209549 0.3522423584970844 0.32809334746058116 0.13347408803025804 0.10318374568899964 0.23723424657280404 0.3070284699272315 0.061983323223015856
205 0.2782759099728482 0.1685638899995138 0.17233962127189764 0.16307055520221683 0.6722421010864267 0.15043125323438541 0.1688560511078882 0.17056935305372206 0.2652953651998931 0.2703514688908345 0.16645931112902615 0.1723396213403826 0.6722421013012647 0.27035146817346606 0.3068659185904586 0.19606126921066225 0.14173097205770682 0.29610349033245925 0.2911189938410771 0.5046860669427163
124 0.11928749174678906 0.11581926660611637 0.8746042839320862 -0.005541746910848988 0.1651851536900859 0.010786061205849564 0.05332915710527299 0.10133147663072967 0.14773597254885656 0.3352063757020482 0.07432705825556536 0.8746042840440678 0.16518515370421247 0.3352063755421988 0.0895668715496384 0.060634121463384524 0.0005988871201143273 0.06255215606592204 0.09032958434816918 0.31146848175914477
92 0.13132163810290765 0.11229104674487224 0.886675581882985 -0.00903793388498566 0.17233962134318925 0.014222049610442041 0.058664832879805576 0.10474866399818286 0.14557222219889038 0.3157554412003073 0.07999863023019643 0.8866755817040158 0.1723396211800176 0.3157554409323622 0.08909572400380412 0.05926095402251976 -0.0003270167573968131 0.05648331743499003 0.09252113121134037 0.2710422432296594
40 0.15883431957128624 0.3616322410544199 -0.01214758157862716 0.6565081080773033 0.19855618740002368 0.4322637137336852 0.5195656395621983 0.33252539904311845 0.16853021741620086 -0.007826774433166882 -0.016142369720027312 -0.01214758149812079 0.19855618718395324 -0.007826775116820242 0.5012789272180702 0.4884819368787432 0.45162735596809933 0.09544840159880134 0.13591223549463435 0.12428195439111928
130 0.5585696513944883 0.07874891190651415 0.10504760756873945 0.10176001405613543 0.27912492501360747 0.10054967268210556 0.10993087215693646 0.0918677514286203 0.6408268729955207 0.31696784258125543 0.30617145816326385 0.10504760682152535 0.27912492519644005 0.31696784218441126 0.2815258408834966 0.17509419349582195 0.07712712154144906 0.5036080578552461 0.6107864125890156 0.12258341551345348
181 0.5585696513944883 0.07874891190651415 0.10504760756873945 0.10176001405613543 0.27912492501360747 0.10054967268210556 0.10993087215693646 0.0918677514286203 0.6408268729955207 0.31696784258125543 0.30617145816326385 0.10504760682152535 0.27912492519644005 0.31696784218441126 0.2815258408834966 0.17509419349582195 0.07712712154144906 0.5036080578552461 0.6107864125890156 0.12258341551345348
178 0.13132163810290765 0.11229104674487224 0.886675581882985 -0.00903793388498566 0.17233962134318925 0.014222049610442041 0.058664832879805576 0.10474866399818286 0.14557222219889038 0.3157554412003073 0.07999863023019643 0.8866755817040158 0.1723396211800176 0.3157554409323622 0.08909572400380412 0.05926095402251976 -0.0003270167573968131 0.05648331743499003 0.09252113121134037 0.2710422432296594
212 0.2782759099728482 0.1685638899995138 0.17233962127189764 0.16307055520221683 0.6722421010864267 0.15043125323438541 0.1688560511078882 0.17056935305372206 0.2652953651998931 0.2703514688908345 0.16645931112902615 0.1723396213403826 0.6722421013012647 0.27035146817346606 0.3068659185904586 0.19606126921066225 0.14173097205770682 0.29610349033245925 0.2911189938410771 0.5046860669427163
61 0.29890943297275707 0.03978778257126066 0.31575544134635397 -0.022452896528310895 0.2703514686051518 0.017194166553999832 0.05618470931645434 0.03787487398997666 0.33170687677750504 0.7544305325152378 0.3520311452710787 0.3157554409247138 0.2703514686518759 0.7544305323311216 0.021732509069365233 0.03528284838929686 -0.00027943166909364216 0.21473331967871245 0.26603584591948937 0.25924368474500675
114 0.10018623059744211 0.1667034242866823 0.29642594493204216 0.07166878871397316 0.3992299012613331 0.06361517202237103 0.15520905384516648 0.21677027657679954 0.08332663898699885 0.21271415460294973 0.12768452078622597 0.29642594527666005 0.3992299013350775 0.21271415415338626 0.264814760571575 0.23527126929604011 0.18633843945047524 0.11741241169728163 0.09855663801668281 1.0054060438021057
165 0.13132163810290765 0.11229104674487224 0.886675581882985 -0.00903793388498566 0.17233962134318925 0.014222049610442041 0.058664832879805576 0.10474866399818286 0.14557222219889038 0.3157554412003073 0.07999863023019643 0.8866755817040158 0.1723396211800176 0.3157554409323622 0.08909572400380412 0.05926095402251976 -0.0003270167573968131 0.05648331743499003 0.09252113121134037 0.2710422432296594
206 0.2782759099728482 0.1685638899995138 0.17233962127189764 0.16307055520221683 0.6722421010864267 0.15043125323438541 0.1688560511078882 0.17056935305372206 0.2652953651998931 0.2703514688908345 0.16645931112902615 0.1723396213403826 0.6722421013012647 0.27035146817346606 0.3068659185904586 0.19606126921066225 0.14173097205770682 0.29610349033245925 0.2911189938410771 0.5046860669427163
15 0.10420349762865706 0.5958827212378082 0.12327980423637784 0.4513393741704335 0.1822939078976185 0.41520710482811973 0.5144068071140447 0.5575025417023934 0.10089494328855915 0.03688218310612559 0.01080508655027763 0.12327980440702434 0.1822939077723976 0.03688218244532914 0.3243854403695384 0.4599366809339713 0.45687440995390843 0.05954360253997576 0.08671834078512913 0.1890397683344956
95 0.56201904494297 0.006294974937247579 0.521966285924068 -0.034442840772611796 0.24712242939582013 0.07540240462434226 0.04226044096995889 0.05565416192737081 0.4954115659583628 0.5658536059616693 0.2679277939393462 0.521966288066485 0.24712242946541016 0.5658536057034805 0.023363716979628107 0.01837572290545177 0.0073435226951792994 0.12504664776079594 0.12147866543972806 0.0742584940157384
203 0.29890943297275707 0.03978778257126066 0.31575544134635397 -0.022452896528310895 0.2703514686051518 0.017194166553999832 0.05618470931645434 0.03787487398997666 0.33170687677750504 0.7544305325152378 0.3520311452710787 0.3157554409247138 0.2703514686518759 0.7544305323311216 0.021732509069365233 0.03528284838929686 -0.00027943166909364216 0.21473331967871245 0.26603584591948937 0.25924368474500675
36 0.09562935752315474 0.4646648909492488 0.01422204956954654 0.4735960090074636 0.1504312533830752 0.5969616637709516 0.47386380909389864 0.49288565801472234 0.08988465809341803 0.017194166890254048 0.0030104737280741848 0.01422204964504058 0.15043125310996308 0.0171941662243932 0.2959815760700899 0.47683136954001304 0.5621871781605471 0.1122040049264605 0.10489643610031797 0.13355917227018715
195 0.044484354012064915 0.05873740973962197 -0.0014597137958363053 0.40072733471465255 0.34872375039022824 0.44905150077611555 0.17944030576901848 0.24121587614076045 0.03624788276110911 -0.08735123766807382 -0.08435287617270577 -0.0014597144656806741 0.3487237504143295 -0.08735123826347589 0.97016122721391 0.1743527911881288 0.2274548339611904 0.23945676973735047 0.091027391801128 0.21228105366786668
31 0.0907867233542764 0.5732861495129102 0.10474866397258144 0.40700637455581296 0.1705693531000123 0.49288565801472073 0.4567866455545691 0.5963885066766174 0.08846836032020508 0.037874874317274806 0.009643232113445551 0.10474866409085341 0.17056935296956596 0.03787487362468614 0.31408063734370145 0.4792549673267672 0.46361608969092133 0.08308709818726051 0.09070851257332865 0.20212034206452312
211 0.2782759099728482 0.1685638899995138 0.17233962127189764 0.16307055520221683 0.6722421010864267 0.15043125323438541 0.1688560511078882 0.17056935305372206 0.2652953651998931 0.2703514688908345 0.16645931112902615 0.1723396213403826 0.6722421013012647 0.27035146817346606 0.3068659185904586 0.19606126921066225 0.14173097205770682 0.29610349033245925 0.2911189938410771 0.5046860669427163
116 0.13132163810290765 0.11229104674487224 0.886675581882985 -0.00903793388498566 0.17233962134318925 0.014222049610442041 0.058664832879805576 0.10474866399818286 0.14557222219889038 0.3157554412003073 0.07999863023019643 0.8866755817040158 0.1723396211800176 0.3157554409323622 0.08909572400380412 0.05926095402251976 -0.0003270167573968131 0.05648331743499003 0.09252113121134037 0.2710422432296594
133 0.3119503675088347 0.2851677173999677 0.09641877374408896 0.39753862176049953 0.308924687451183 0.279550225224221 0.25529475810564417 0.3087348672063849 0.3017183205522042 0.018961927000340696 -0.011758111958642504 0.09641877365387923 0.3089246872692585 0.01896192634294963 0.8396520745467899 0.44103730329551566 0.2733248575814256 0.20748600166970516 0.2592819583346733 0.19610157214789303
59 0.1716989889145291 0.4454184272735974 0.03643685888226314 0.587887933713167 0.20279304244203972 0.3810091230488088 0.6662315707276641 0.35643664135649644 0.19027162864298286 0.04027097150740773 0.013707922789523493 0.03643685906248212 0.20279304216765115 0.04027097087796237 0.35155627741096496 0.4515238169295708 0.4672146779729904 0.07909414932046725 0.12385034111916447 0.13198697899884215
150 0.5637505253841573 0.08825319184927204 0.12589783495429793 0.10771677186822959 0.26591627527606 0.09301796304746199 0.12189140154387935 0.0894138321160131 0.7380687792350663 0.34722326604543974 0.24135723005595883 0.1258978343407371 0.2659162753357972 0.34722326572692147 0.29701986774620986 0.18151848343545296 0.07953369667255798 0.4148939312295217 0.5478671128807339 0.11936141871018326
110 0.464941841614338 0.0676593567214876 0.17113564008478427 0.040126752458437984 0.4741112427085743 0.01840157005600115 0.17914870477143052 0.0637129356443462 0.2604561789992717 0.47908364716228735 0.5391062420259406 0.17113564050653413 0.47411124310244385 0.479083646807841 0.11899807647523003 0.11331838997675348 0.13357602275491454 0.30086830923632485 0.37223613523407983 0.2575429862123724
145 0.29890943297275707 0.03978778257126066 0.31575544134635397 -0.022452896528310895 0.2703514686051518 0.017194166553999832 0.05618470931645434 0.03787487398997666 0.33170687677750504 0.7544305325152378 0.3520311452710787 0.3157554409247138 0.2703514686518759 0.7544305323311216 0.021732509069365233 0.03528284838929686 -0.00027943166909364216 0.21473331967871245 0.26603584591948937 0.25924368474500675
143 0.1890292986875703 0.07393411717599069 0.016117839773255226 0.24818928506309973 0.4484083924426976 0.483985805558511 0.21825943519799593 0.2879430612714649 0.09444898188213331 -0.009908169663472764 -0.020593263318872283 0.01611783978743367 0.44840839250220693 -0.009908170368025352 0.7130275778774018 0.29555755026300545 0.25402620992881125 0.48930068897654083 0.26928528856828304 0.2581750773925306
160 0.2782759099728482 0.1685638899995138 0.17233962127189764 0.16307055520221683 0.6722421010864267 0.15043125323438541 0.1688560511078882 0.17056935305372206 0.2652953651998931 0.2703514688908345 0.16645931112902615 0.1723396213403826 0.6722421013012647 0.27035146817346606 0.3068659185904586 0.19606126921066225 0.14173097205770682 0.29610349033245925 0.2911189938410771 0.5046860669427163
175 0.13132163810290765 0.11229104674487224 0.886675581882985 -0.00903793388498566 0.17233962134318925 0.014222049610442041 0.058664832879805576 0.10474866399818286 0.14557222219889038 0.3157554412003073 0.07999863023019643 0.8866755817040158 0.1723396211800176 0.3157554409323622 0.08909572400380412 0.05926095402251976 -0.0003270167573968131 0.05648331743499003 0.09252113121134037 0.2710422432296594
207 0.0881886027508676 0.1849805345866996 0.2710422433793366 0.12346958860962054 0.5046860669780102 0.13355917227018055 0.1489697738855343 0.202120342064539 0.09264887005545962 0.2592436850573047 0.07304715811405471 0.27104224326341725 0.5046860671645916 0.2592436844434236 0.21459829417681436 0.19491084741315368 0.11451659922397633 0.12697889684031063 0.11035651673585856 0.9652670672767112
13 0.0805852721326244 0.5727852243254756 0.029389240222360263 0.48591495020454567 0.14388602037011103 0.5057982121547411 0.43195189927522243 0.509733035111312 0.07859913818080767 -0.0073986259560951525 0.000376423260251964 0.029389240280372295 0.14388602016999544 -0.007398626607078955 0.2970481639292734 0.4378203590462282 0.6123816458518367 0.05706906149199613 0.058991224431773 0.12558335716835717
42 0.08799601603853308 0.6202713934834756 0.1122910467637339 0.4134425717007737 0.16856389008759431 0.46466489094927477 0.5007483990060381 0.573286149512876 0.09505368907923109 0.03978778291462283 0.016340007324700246 0.11229104682344525 0.16856389004146216 0.03978778222266054 0.2709530100258961 0.44595061508941625 0.4795092666389263 0.06846740053313002 0.07502827682933377 0.18498053458671238
4 0.09136241233667744 0.583010504969313 0.06845277102052852 0.5105113219360304 0.18394880804676078 0.43856194507340246 0.4842341617160155 0.507431007972469 0.10823925896549977 0.004888623522346396 0.00136948654740817 0.06845277114018825 0.18394880784583867 0.004888622843868208 0.32361442165354665 0.4551677009830591 0.5218150215433204 0.045153726476147585 0.07270001937981366 0.16030959431529979
64 0.2782759099728482 0.1685638899995138 0.17233962127189764 0.16307055520221683 0.6722421010864267 0.15043125323438541 0.1688560511078882 0.17056935305372206 0.2652953651998931 0.2703514688908345 0.16645931112902615 0.1723396213403826 0.6722421013012647 0.27035146817346606 0.3068659185904586 0.19606126921066225 0.14173097205770682 0.29610349033245925 0.2911189938410771 0.5046860669427163
121 0.13132163810290765 0.11229104674487224 0.886675581882985 -0.00903793388498566 0.17233962134318925 0.014222049610442041 0.058664832879805576 0.10474866399818286 0.14557222219889038 0.3157554412003073 0.07999863023019643 0.8866755817040158 0.1723396211800176 0.3157554409323622 0.08909572400380412 0.05926095402251976 -0.0003270167573968131 0.05648331743499003 0.09252113121134037 0.2710422432296594
69 0.30338039640154296 0.016340007324683575 0.07999863034459152 -0.01917358949944009 0.16645931127530297 0.0030104737280671656 0.02206114424423157 0.009643232113457821 0.24168311220344152 0.35203114536495944 1.048247204950048 0.07999863015888962 0.16645931108026646 0.35203114508323297 -0.014740321870965809 0.004930890527083436 -0.0018625530124049764 0.520180531306075 0.39656838164177227 0.07304715811405488
20 0.12186062184603254 0.6619279989961646 0.22317261405559777 0.2625366895301066 0.19523758121753246 0.40142155823663467 0.4371785092974498 0.6341704926821956 0.11097502202255949 0.0770160688805132 0.0382973476723937 0.22317261417416898 0.19523758092535337 0.07701606818347516 0.3405021327045493 0.4586495714463819 0.3580597279740303 0.06542680695897951 0.1012377100982114 0.2229631848624675
167 0.13132163810290765 0.11229104674487224 0.886675581882985 -0.00903793388498566 0.17233962134318925 0.014222049610442041 0.058664832879805576 0.10474866399818286 0.14557222219889038 0.3157554412003073 0.07999863023019643 0.8866755817040158 0.1723396211800176 0.3157554409323622 0.08909572400380412 0.05926095402251976 -0.0003270167573968131 0.05648331743499003 0.09252113121134037 0.2710422432296594
108 0.30338039640154296 0.016340007324683575 0.07999863034459152 -0.01917358949944009 0.16645931127530297 0.0030104737280671656 0.02206114424423157 0.009643232113457821 0.24168311220344152 0.35203114536495944 1.048247204950048 0.07999863015888962 0.16645931108026646 0.35203114508323297 -0.014740321870965809 0.004930890527083436 -0.0018625530124049764 0.520180531306075 0.39656838164177227 0.07304715811405488
171 0.6280859629777854 0.1038037856049327 0.1619200834491687 0.10583361903038578 0.25304152996035567 0.08398880405619112 0.14373745521252018 0.08456397557316958 0.796324303027682 0.3496132633770868 0.20070695591833526 0.1619200834938892 0.25304152990868845 0.3496132632059301 0.31491427157230006 0.16082138901981524 0.08981778198292557 0.3261781665255797 0.4493401102471855 0.08885184043469702
109 0.3266910794502998 0.10435129767093727 0.014060544996526992 0.1927396644358195 0.3244456891392851 0.406466863092521 0.22137555489080335 0.20942366681112246 0.3106014870903651 0.0918066261647724 0.10329489403203246 0.014060544391739612 0.32444568934134116 0.09180662545713307 0.5880895407030902 0.4161963776322978 0.2028020777232653 0.6066163381561536 0.5076543965778156 0.2181419736278793
76 0.13132163810290765 0.11229104674487224 0.886675581882985 -0.00903793388498566 0.17233962134318925 0.014222049610442041 0.058664832879805576 0.10474866399818286 0.14557222219889038 0.3157554412003073 0.07999863023019643 0.8866755817040158 0.1723396211800176 0.3157554409323622 0.08909572400380412 0.05926095402251976 -0.0003270167573968131 0.05648331743499003 0.09252113121134037 0.2710422432296594
83 0.29890943297275707 0.03978778257126066 0.31575544134635397 -0.022452896528310895 0.2703514686051518 0.017194166553999832 0.05618470931645434 0.03787487398997666 0.33170687677750504 0.7544305325152378 0.3520311452710787 0.3157554409247138 0.2703514686518759 0.7544305323311216 0.021732509069365233 0.03528284838929686 -0.00027943166909364216 0.21473331967871245 0.26603584591948937 0.25924368474500675
72 0.13132163810290765 0.11229104674487224 0.886675581882985 -0.00903793388498566 0.17233962134318925 0.014222049610442041 0.058664832879805576 0.10474866399818286 0.14557222219889038 0.3157554412003073 0.07999863023019643 0.8866755817040158 0.1723396211800176 0.3157554409323622 0.08909572400380412 0.05926095402251976 -0.0003270167573968131 0.05648331743499003 0.09252113121134037 0.2710422432296594
177 0.13132163810290765 0.11229104674487224 0.886675581882985 -0.00903793388498566 0.17233962134318925 0.014222049610442041 0.058664832879805576 0.10474866399818286 0.14557222219889038 0.3157554412003073 0.07999863023019643 0.8866755817040158 0.1723396211800176 0.3157554409323622 0.08909572400380412 0.05926095402251976 -0.0003270167573968131 0.05648331743499003 0.09252113121134037 0.2710422432296594
44 0.17610714691754925 0.43715531843223154 0.039084764027912784 0.6017820768183254 0.20032540308209126 0.3630381786797764 0.641482106957235 0.35230672049129685 0.2071788767726172 0.03816266366942193 0.008592441333123913 0.03908476421243316 0.20032540294732154 0.03816266302000259 0.39849030914392136 0.46552343310392524 0.4473512816383024 0.08147569526297106 0.12801464065531157 0.13887809030715667
32 0.15362514439607308 0.3351155021268295 -0.0002996413922758268 0.6623233621601856 0.21747584260515707 0.41808500803886234 0.6755105353542886 0.3130527862433683 0.194902422328906 0.027922515329214612 -0.00544833035977227 -0.00029964143985544505 0.21747584242981727 0.02792251465580067 0.35882130756217434 0.44478644818932284 0.4238630838288971 0.10776978896242034 0.1500867496272474 0.14033342307266822
120 0.13132163810290765 0.11229104674487224 0.886675581882985 -0.00903793388498566 0.17233962134318925 0.014222049610442041 0.058664832879805576 0.10474866399818286 0.14557222219889038 0.3157554412003073 0.07999863023019643 0.8866755817040158 0.1723396211800176 0.3157554409323622 0.08909572400380412 0.05926095402251976 -0.0003270167573968131 0.05648331743499003 0.09252113121134037 0.2710422432296594
157 0.2702611303397954 0.21312635060619942 0.06887797355460135 0.3802360048529329 0.325357533859414 0.35935226185398506 0.23420583141686968 0.3273163454235089 0.2602264715155599 0.018606666250122132 -0.021150233510306645 0.06887797336473218 0.3253575338254104 0.018606665621191835 0.8114457168360464 0.46432716170603583 0.2567199008934256 0.2794461911083103 0.2840924269944208 0.23278418428161615
103 0.30338039640154296 0.016340007324683575 0.07999863034459152 -0.01917358949944009 0.16645931127530297 0.0030104737280671656 0.02206114424423157 0.009643232113457821 0.24168311220344152 0.35203114536495944 1.048247204950048 0.07999863015888962 0.16645931108026646 0.35203114508323297 -0.014740321870965809 0.004930890527083436 -0.0018625530124049764 0.520180531306075 0.39656838164177227 0.07304715811405488
155 0.30338039640154296 0.016340007324683575 0.07999863034459152 -0.01917358949944009 0.16645931127530297 0.0030104737280671656 0.02206114424423157 0.009643232113457821 0.24168311220344152 0.35203114536495944 1.048247204950048 0.07999863015888962 0.16645931108026646 0.35203114508323297 -0.014740321870965809 0.004930890527083436 -0.0018625530124049764 0.520180531306075 0.39656838164177227 0.07304715811405488
55 0.18995764606230583 0.48361696256834585 0.024758894350722857 0.4207472150026861 0.17194643325815848 0.49631255702098237 0.6422848552772401 0.35823360362513834 0.2022549962739574 0.07316558895831206 0.052815485359769376 0.024758894606880345 0.1719464332549424 0.0731655882772338 0.2835261034451585 0.4930715361618575 0.5346121697809544 0.11401205941627045 0.12782465801922738 0.09727009318861356
196 0.13132163810290765 0.11229104674487224 0.886675581882985 -0.00903793388498566 0.17233962134318925 0.014222049610442041 0.058664832879805576 0.10474866399818286 0.14557222219889038 0.3157554412003073 0.07999863023019643 0.8866755817040158 0.1723396211800176 0.3157554409323622 0.08909572400380412 0.05926095402251976 -0.0003270167573968131 0.05648331743499003 0.09252113121134037 0.2710422432296594
186 0.5724592433772793 0.07502827682936272 0.09252113135605405 0.08976683974982978 0.291118993833205 0.10489643610032512 0.10504371879906316 0.09070851257333193 0.5185085383353389 0.2660358462705454 0.3965683816417738 0.09252113105458183 0.29111899380838574 0.2660358456231762 0.2627632671118847 0.14722618546950042 0.0815692136554355 0.6065026880265184 0.6298026121961475 0.11035651673586834
158 0.29890943297275707 0.03978778257126066 0.31575544134635397 -0.022452896528310895 0.2703514686051518 0.017194166553999832 0.05618470931645434 0.03787487398997666 0.33170687677750504 0.7544305325152378 0.3520311452710787 0.3157554409247138 0.2703514686518759 0.7544305323311216 0.021732509069365233 0.03528284838929686 -0.00027943166909364216 0.21473331967871245 0.26603584591948937 0.25924368474500675
74 0.13132163810290765 0.11229104674487224 0.886675581882985 -0.00903793388498566 0.17233962134318925 0.014222049610442041 0.058664832879805576 0.10474866399818286 0.14557222219889038 0.3157554412003073 0.07999863023019643 0.8866755817040158 0.1723396211800176 0.3157554409323622 0.08909572400380412 0.05926095402251976 -0.0003270167573968131 0.05648331743499003 0.09252113121134037 0.2710422432296594
182 0.5585696513944883 0.07874891190651415 0.10504760756873945 0.10176001405613543 0.27912492501360747 0.10054967268210556 0.10993087215693646 0.0918677514286203 0.6408268729955207 0.31696784258125543 0.30617145816326385 0.10504760682152535 0.27912492519644005 0.31696784218441126 0.2815258408834966 0.17509419349582195 0.07712712154144906 0.5036080578552461 0.6107864125890156 0.12258341551345348
19 0.14111356110188017 0.42981340518201405 0.06066062713494314 0.5588512419628543 0.20761446678209644 0.4425129982313829 0.6485447657675228 0.43709060456730786 0.1409110526749349 0.05165852503400262 0.0028174075258971666 0.06066062725510542 0.20761446645170567 0.0516585243645191 0.3261761923419494 0.460045500728588 0.42543774206442636 0.10045617948418153 0.14028681303489562 0.16491787325270316
14 0.12661901029899503 0.3964707719629093 0.015658429649990317 0.47132556282038235 0.1781659135892781 0.5727330957071908 0.36966429311715115 0.4871601226612583 0.0893546306914833 0.0019833301738465333 -0.010775784657854875 0.01565842976226685 0.17816591323836964 0.0019833294775974024 0.4755738899011025 0.537445236625938 0.5032112733650328 0.13067675376966487 0.13185668073602538 0.15976866466965645
176 0.13132163810290765 0.11229104674487224 0.886675581882985 -0.00903793388498566 0.17233962134318925 0.014222049610442041 0.058664832879805576 0.10474866399818286 0.14557222219889038 0.3157554412003073 0.07999863023019643 0.8866755817040158 0.1723396211800176 0.3157554409323622 0.08909572400380412 0.05926095402251976 -0.0003270167573968131 0.05648331743499003 0.09252113121134037 0.2710422432296594
5 0.14706858904590034 0.36514798455037895 0.0074515992928101075 0.6754908542020588 0.20923986513549667 0.34738387113545355 0.7767339731723593 0.28672822000107634 0.19968013698543932 0.03345284013272342 0.008001093886274497 0.00745159929155436 0.20923986492203447 0.03345283952416811 0.2777411419487675 0.36543555409061956 0.4488798968050361 0.08393013612257674 0.1151111319185951 0.13184518871388728
66 0.6750140846479566 0.10811966958197793 0.17512278414278323 0.10179810511519333 0.251969428574048 0.08315179336712844 0.1516037897932677 0.08353471270950358 0.7838394658804635 0.3367340521639117 0.20329584713244414 0.17512278458082498 0.2519694281479438 0.3367340517991403 0.3206001228013168 0.1456971561405238 0.09450111666689916 0.3079065555457277 0.42657801639582105 0.0698511915216508
43 0.08923459150264153 0.5435873515372481 0.0612622429947747 0.5066599348156421 0.17012034945066754 0.4732580148104261 0.4683926947249016 0.5294663499461298 0.09214909228530137 0.007619356592902817 -0.00231155073890047 0.06126224316482675 0.17012034950799818 0.007619355892934707 0.33301303016342004 0.4727904767133631 0.5181081111976682 0.06446174352754559 0.07964015915284639 0.16912907065995775
88 0.13132163810290765 0.11229104674487224 0.886675581882985 -0.00903793388498566 0.17233962134318925 0.014222049610442041 0.058664832879805576 0.10474866399818286 0.14557222219889038 0.3157554412003073 0.07999863023019643 0.8866755817040158 0.1723396211800176 0.3157554409323622 0.08909572400380412 0.05926095402251976 -0.0003270167573968131 0.05648331743499003 0.09252113121134037 0.2710422432296594
104 0.30338039640154296 0.016340007324683575 0.07999863034459152 -0.01917358949944009 0.16645931127530297 0.0030104737280671656 0.02206114424423157 0.009643232113457821 0.24168311220344152 0.35203114536495944 1.048247204950048 0.07999863015888962 0.16645931108026646 0.35203114508323297 -0.014740321870965809 0.004930890527083436 -0.0018625530124049764 0.520180531306075 0.39656838164177227 0.07304715811405488
111 0.464941841614338 0.0676593567214876 0.17113564008478427 0.040126752458437984 0.4741112427085743 0.01840157005600115 0.17914870477143052 0.0637129356443462 0.2604561789992717 0.47908364716228735 0.5391062420259406 0.17113564050653413 0.47411124310244385 0.479083646807841 0.11899807647523003 0.11331838997675348 0.13357602275491454 0.30086830923632485 0.37223613523407983 0.2575429862123724
113 0.2901361252319461 0.12246756442126731 0.06413993259065673 0.09519401735678498 0.6461504411085868 0.18452425000494393 0.19560079719297102 0.14105290503276957 0.15682473543830416 0.09323569889430941 0.20928263722371918 0.06413993344625754 0.6461504411646293 0.09323569829755876 0.42640246837171353 0.16444300940372938 0.2503254835705476 0.5308612631397003 0.2573349670696787 0.38184790486266557
73 0.13132163810290765 0.11229104674487224 0.886675581882985 -0.00903793388498566 0.17233962134318925 0.014222049610442041 0.058664832879805576 0.10474866399818286 0.14557222219889038 0.3157554412003073 0.07999863023019643 0.8866755817040158 0.1723396211800176 0.3157554409323622 0.08909572400380412 0.05926095402251976 -0.0003270167573968131 0.05648331743499003 0.09252113121134037 0.2710422432296594
22 0.0795805596897998 0.5553121186466337 0.05734893435180101 0.49024365105924433 0.15328746117669367 0.5043183367635365 0.4941452574641115 0.5394139761296942 0.07671201923331901 0.013443890821125404 0.0007555639319169396 0.05734893442983764 0.15328746098111937 0.013443890127286598 0.2759424872875273 0.4369343562420822 0.5431516364145901 0.0714405387840305 0.07474877869034079 0.15094114701453157
17 0.1091248849864493 0.4379845372526976 0.23120451207594173 0.5110918957615423 0.33911199214441495 0.18756275856329485 0.5782482499430663 0.4276743987182271 0.18646783634673758 0.10806351501145604 -0.021562160528247016 0.2312045122946775 0.3391119920648359 0.10806351433809609 0.3618551759002695 0.44302913128424076 0.18665098072759906 0.053795473576884655 0.13024693774624949 0.4238813349342158
16 0.17772628124100265 0.2624761099186033 0.07261003110917512 0.3298518590214145 0.2958339308148725 0.4842983937898178 0.4106864200402014 0.4935125367291266 0.15847654746296236 0.08962900967366516 0.012093349812762957 0.07261003096120373 0.29583393048912554 0.0896290089331833 0.47849584830356756 0.5901537103777991 0.29408817905981544 0.23471945374551406 0.2702832716463684 0.3440707930539119
219 0.7278475267774236 0.12054662476880765 0.20431243672366106 0.09376786210318427 0.23965863589070935 0.07935441029482293 0.1740437282645091 0.07775319159629976 0.8071245575241012 0.32703410438124936 0.18460450750290883 0.20431243782481234 0.23965863575365784 0.3270341038758716 0.33203556365204756 0.11796834812345022 0.10548926273326163 0.24413968712173065 0.33146261224359874 0.04037582079482011
128 0.56201904494297 0.006294974937247579 0.521966285924068 -0.034442840772611796 0.24712242939582013 0.07540240462434226 0.04226044096995889 0.05565416192737081 0.4954115659583628 0.5658536059616693 0.2679277939393462 0.521966288066485 0.24712242946541016 0.5658536057034805 0.023363716979628107 0.01837572290545177 0.0073435226951792994 0.12504664776079594 0.12147866543972806 0.0742584940157384
