id,x_0,x_1,x_2,x_3,x_4,x_5,x_6,x_7,x_8,x_9,x_10,x_11,x_12,x_13,x_14,x_15,x_16,x_17,x_18
0.0,0.5145698711061185,0.3914945092674329,0.3814796133094025,2.220446049250313e-16,2.220446049250313e-16,2.220446049250313e-16,0.4844410978748597,0.39149450928368973,2.220446049250313e-16,0.011605949696483523,0.000678062899445052,2.220446049250313e-16,2.220446049250313e-16,0.40151485947597637,2.220446049250313e-16,2.220446049250313e-16,2.220446049250313e-16,0.22841333061889385,2.220446049250313e-16
1.0,2.220446049250313e-16,2.220446049250313e-16,0.3814796133094025,2.220446049250313e-16,0.4374928859588239,0.3942246221337505,0.48467893972785725,0.3914945092836894,2.220446049250313e-16,2.220446049250313e-16,2.220446049250313e-16,2.220446049250313e-16,2.220446049250313e-16,0.4015148594759765,2.220446049250313e-16,0.4000062638436853,2.220446049250313e-16,2.220446049250313e-16,0.05678052919323318
2.0,6.071946883721919e-18,0.39149450926743323,1.1467729450183297e-16,2.9539390152310166e-16,2.220446049250313e-16,2.220446049250313e-16,2.220446049250313e-16,0.3914945092836894,2.220446049250313e-16,1.0151582494328596e-18,0.5053743413016524,2.220446049250313e-16,2.220446049250313e-16,0.40151485947597654,0.48302827875891985,0.4000062638436853,0.4046369456225347,2.220446049250313e-16,0.0014426349215415524
3.0,0.5224024078398553,2.220446049250313e-16,2.220446049250313e-16,2.220446049250313e-16,2.220446049250313e-16,2.220446049250313e-16,0.49750707958271495,2.220446049250313e-16,2.220446049250313e-16,0.2411391779828496,2.220446049250313e-16,0.29250982916518187,2.220446049250313e-16,0.4015148594759767,2.220446049250313e-16,2.220446049250313e-16,2.220446049250313e-16,0.0010863472824641388,2.220446049250313e-16
4.0,0.4804449074596746,2.220446049250313e-16,0.38147961330940255,2.220446049250313e-16,2.220446049250313e-16,2.220446049250313e-16,0.48455851524423565,0.39149450928368945,2.220446049250313e-16,0.49315415321144224,0.0006767430844882813,2.220446049250313e-16,2.220446049250313e-16,2.220446049250313e-16,2.220446049250313e-16,2.220446049250313e-16,2.220446049250313e-16,0.22907545658688316,2.220446049250313e-16
5.0,0.5082868902989984,0.3914945092674329,0.38147961330940217,2.220446049250313e-16,2.220446049250313e-16,6.938893903907228e-17,0.49718499103969016,2.220446049250313e-16,2.220446049250313e-16,0.011966073951893655,2.220446049250313e-16,2.220446049250313e-16,2.220446049250313e-16,2.220446049250313e-16,3.1554436208840472e-30,2.220446049250313e-16,2.220446049250313e-16,0.47501014413001474,0.20445937167007977
6.0,2.220446049250313e-16,2.220446049250313e-16,2.220446049250313e-16,2.220446049250313e-16,0.5405632255489049,0.3942246221337505,0.4958432060250565,2.220446049250313e-16,2.220446049250313e-16,2.220446049250313e-16,2.220446049250313e-16,2.220446049250313e-16,2.220446049250313e-16,2.220446049250313e-16,2.220446049250313e-16,0.4000062638436853,0.40463694562253466,2.220446049250313e-16,0.3189582654584472
7.0,2.220446049250313e-16,2.220446049250313e-16,0.3814796133094025,2.220446049250313e-16,0.49615393447348355,2.220446049250313e-16,0.48935194858822717,2.220446049250313e-16,2.220446049250313e-16,2.220446049250313e-16,2.220446049250313e-16,2.220446049250313e-16,2.220446049250313e-16,2.220446049250313e-16,2.220446049250313e-16,0.4000062638436853,2.220446049250313e-16,2.220446049250313e-16,0.55943500171393
8.0,2.220446049250313e-16,2.220446049250313e-16,2.220446049250313e-16,0.09233786301114225,0.5536195707846672,2.220446049250313e-16,2.220446049250313e-16,2.220446049250313e-16,2.220446049250313e-16,0.012353502730019693,2.220446049250313e-16,0.16970054742339008,2.220446049250313e-16,2.220446049250313e-16,2.220446049250313e-16,2.220446049250313e-16,0.40463694562253466,2.220446049250313e-16,0.5891822283434771
9.0,2.220446049250313e-16,2.220446049250313e-16,0.3814796133094025,2.220446049250313e-16,0.16219820610669014,2.220446049250313e-16,2.220446049250313e-16,2.220446049250313e-16,2.7755575615628914e-17,2.220446049250313e-16,0.2314834481461077,0.1680109790443181,2.220446049250313e-16,2.220446049250313e-16,2.220446049250313e-16,2.220446049250313e-16,2.220446049250313e-16,0.22678117595890465,0.6546607640933501
10.0,2.220446049250313e-16,2.220446049250313e-16,0.38147961330940255,2.220446049250313e-16,0.4887968448396394,2.220446049250313e-16,2.220446049250313e-16,2.7755575615628914e-17,2.220446049250313e-16,2.220446049250313e-16,2.220446049250313e-16,0.16944015289351858,2.220446049250313e-16,2.220446049250313e-16,2.220446049250313e-16,0.4000062638436854,2.220446049250313e-16,2.220446049250313e-16,0.5992737125026497
11.0,2.220446049250313e-16,2.220446049250313e-16,2.220446049250313e-16,2.220446049250313e-16,0.4961539344734836,2.220446049250313e-16,0.4893519485882274,2.220446049250313e-16,2.220446049250313e-16,2.220446049250313e-16,2.220446049250313e-16,2.220446049250313e-16,2.220446049250313e-16,2.220446049250313e-16,2.220446049250313e-16,0.4000062638436853,0.40463694562253466,2.220446049250313e-16,0.5594350017139298
12.0,2.220446049250313e-16,2.220446049250313e-16,0.3814796133094025,2.220446049250313e-16,0.49615393447348355,2.220446049250313e-16,0.48935194858822717,2.220446049250313e-16,2.220446049250313e-16,2.220446049250313e-16,2.220446049250313e-16,2.220446049250313e-16,2.220446049250313e-16,2.220446049250313e-16,2.220446049250313e-16,0.4000062638436853,2.220446049250313e-16,2.220446049250313e-16,0.55943500171393
13.0,0.3042932059103144,2.220446049250313e-16,2.220446049250313e-16,2.220446049250313e-16,2.220446049250313e-16,2.220446049250313e-16,0.5083114243062009,1.942890293094024e-16,2.220446049250313e-16,2.220446049250313e-16,0.2616424906019621,0.19006049137390651,2.220446049250313e-16,2.220446049250313e-16,2.220446049250313e-16,2.220446049250313e-16,2.220446049250313e-16,0.2513455975691593,0.4250442176660579
14.0,2.220446049250313e-16,2.220446049250313e-16,2.220446049250313e-16,2.220446049250313e-16,0.4348260922078781,0.3942246221337504,2.220446049250313e-16,0.3914945092836894,2.220446049250313e-16,2.220446049250313e-16,2.220446049250313e-16,2.220446049250313e-16,2.220446049250313e-16,0.40151485947597654,0.48302827875891985,0.4000062638436853,0.4046369456225347,2.220446049250313e-16,0.07122124288093473
15.0,2.220446049250313e-16,2.220446049250313e-16,0.38147961330940255,2.220446049250313e-16,0.019156414393903733,2.220446049250313e-16,0.24699638045793626,0.3914945092836893,2.220446049250313e-16,2.220446049250313e-16,0.23201058428149715,0.0733891070689077,2.220446049250313e-16,2.220446049250313e-16,2.220446049250313e-16,2.220446049250313e-16,2.220446049250313e-16,0.226780276483412,0.6089288236760318
16.0,2.220446049250313e-16,2.220446049250313e-16,2.220446049250313e-16,2.220446049250313e-16,0.4961539344734836,2.220446049250313e-16,0.4893519485882274,2.220446049250313e-16,2.220446049250313e-16,2.220446049250313e-16,2.220446049250313e-16,2.220446049250313e-16,2.220446049250313e-16,2.220446049250313e-16,2.220446049250313e-16,0.4000062638436853,0.40463694562253466,2.220446049250313e-16,0.5594350017139298
17.0,2.220446049250313e-16,2.220446049250313e-16,2.220446049250313e-16,0.09201087054607095,0.5609892164348645,2.220446049250313e-16,0.48962426419779526,2.220446049250313e-16,2.220446049250313e-16,0.01230975575366429,2.220446049250313e-16,2.220446049250313e-16,2.220446049250313e-16,2.220446049250313e-16,2.220446049250313e-16,2.220446049250313e-16,0.40463694562253466,2.220446049250313e-16,0.5493467299641689
18.0,0.28165104411105946,1.1102230246251565e-16,0.3814796133094031,2.220446049250313e-16,2.220446049250313e-16,0.394224622133748,0.49804640603300854,0.39149450928368923,2.220446049250313e-16,2.220446049250313e-16,0.2653908952292334,2.220446049250313e-16,2.220446049250313e-16,2.220446049250313e-16,2.220446049250313e-16,2.220446049250313e-16,2.220446049250313e-16,0.23248094335031425,0.20143620951130342
19.0,0.5083402917402313,0.39149450926743323,0.3814796133094029,2.220446049250313e-16,2.220446049250313e-16,2.220446049250313e-16,0.4844625326470407,2.220446049250313e-16,5.551115123125783e-17,0.011963013119009968,0.00018652444483922186,2.220446049250313e-16,2.220446049250313e-16,0.40151485947597654,2.220446049250313e-16,2.220446049250313e-16,2.220446049250313e-16,0.4750087897116374,2.220446049250313e-16
20.0,0.4804449074596746,2.220446049250313e-16,0.38147961330940255,2.220446049250313e-16,2.220446049250313e-16,2.220446049250313e-16,0.48455851524423565,0.39149450928368945,2.220446049250313e-16,0.49315415321144224,0.0006767430844882813,2.220446049250313e-16,2.220446049250313e-16,2.220446049250313e-16,2.220446049250313e-16,2.220446049250313e-16,2.220446049250313e-16,0.22907545658688316,2.220446049250313e-16
21.0,0.504624368792653,2.220446049250313e-16,2.220446049250313e-16,2.220446049250313e-16,2.220446049250313e-16,2.220446049250313e-16,0.49755629484910224,2.220446049250313e-16,2.220446049250313e-16,0.4917682488491533,2.220446049250313e-16,0.2928825827595317,1.6653345369377348e-16,2.220446049250313e-16,2.220446049250313e-16,2.220446049250313e-16,2.220446049250313e-16,0.001431293035311257,2.220446049250313e-16
22.0,2.220446049250313e-16,0.3914945092674329,0.3814796133094025,2.220446049250313e-16,2.220446049250313e-16,2.220446049250313e-16,0.48621163281963875,0.39149450928368945,2.220446049250313e-16,0.2496100795195096,0.5060732202158155,2.220446049250313e-16,2.220446049250313e-16,2.220446049250313e-16,2.220446049250313e-16,2.220446049250313e-16,2.220446049250313e-16,0.2263126313953359,2.220446049250313e-16
23.0,2.220446049250313e-16,2.220446049250313e-16,0.3814796133094025,2.220446049250313e-16,0.16219820610669014,2.220446049250313e-16,2.220446049250313e-16,2.220446049250313e-16,2.7755575615628914e-17,2.220446049250313e-16,0.2314834481461077,0.1680109790443181,2.220446049250313e-16,2.220446049250313e-16,2.220446049250313e-16,2.220446049250313e-16,2.220446049250313e-16,0.22678117595890465,0.6546607640933501
24.0,2.220446049250313e-16,2.220446049250313e-16,2.220446049250313e-16,0.4750874731329103,0.5429184829795386,2.220446049250313e-16,0.002956627801167344,3.2959746043559335e-17,1.1102230246251565e-16,0.008651936416456384,2.220446049250313e-16,2.220446049250313e-16,2.220446049250313e-16,2.220446049250313e-16,0.48302827875891985,2.220446049250313e-16,2.220446049250313e-16,2.220446049250313e-16,0.5662399518063648
25.0,0.30921897218118216,2.220446049250313e-16,0.3814796133094025,2.220446049250313e-16,0.026687714518129235,2.220446049250313e-16,0.5034096146568579,2.220446049250313e-16,2.220446049250313e-16,2.220446049250313e-16,2.220446049250313e-16,0.0837186455879487,2.220446049250313e-16,2.220446049250313e-16,2.220446049250313e-16,2.220446049250313e-16,2.220446049250313e-16,0.25169647540226797,0.5681467614143695
26.0,2.220446049250313e-16,2.220446049250313e-16,2.220446049250313e-16,2.220446049250313e-16,0.4961539344734836,2.220446049250313e-16,0.4893519485882274,2.220446049250313e-16,2.220446049250313e-16,2.220446049250313e-16,2.220446049250313e-16,2.220446049250313e-16,2.220446049250313e-16,2.220446049250313e-16,2.220446049250313e-16,0.4000062638436853,0.40463694562253466,2.220446049250313e-16,0.5594350017139298
27.0,2.220446049250313e-16,2.220446049250313e-16,0.3814796133094025,2.220446049250313e-16,0.49615393447348355,2.220446049250313e-16,0.48935194858822717,2.220446049250313e-16,2.220446049250313e-16,2.220446049250313e-16,2.220446049250313e-16,2.220446049250313e-16,2.220446049250313e-16,2.220446049250313e-16,2.220446049250313e-16,0.4000062638436853,2.220446049250313e-16,2.220446049250313e-16,0.5594350017139299
28.0,2.220446049250313e-16,2.220446049250313e-16,2.220446049250313e-16,2.220446049250313e-16,0.39045251723924285,2.220446049250313e-16,2.220446049250313e-16,0.3914945092836894,2.220446049250313e-16,2.220446049250313e-16,2.220446049250313e-16,2.220446049250313e-16,0.3942246221282132,2.220446049250313e-16,0.48302827875891985,0.4000062638436853,0.4046369456225347,2.220446049250313e-16,0.3115045760762988
29.0,0.2977740444469259,2.220446049250313e-16,5.551115123125783e-17,2.220446049250313e-16,0.020483652725608134,2.220446049250313e-16,0.011396938849262262,2.220446049250313e-16,2.220446049250313e-16,2.220446049250313e-16,2.220446049250313e-16,0.3757475941850668,2.220446049250313e-16,2.220446049250313e-16,2.220446049250313e-16,2.220446049250313e-16,2.220446049250313e-16,0.2519185403444754,0.601741815405639
30.0,2.220446049250313e-16,2.220446049250313e-16,2.220446049250313e-16,0.47496845867260157,0.5456007906576552,2.220446049250313e-16,0.4895596310471553,2.220446049250313e-16,2.220446049250313e-16,0.00863601396154578,2.220446049250313e-16,2.220446049250313e-16,2.220446049250313e-16,1.6653345369377348e-16,2.220446049250313e-16,2.220446049250313e-16,2.220446049250313e-16,2.220446049250313e-16,0.5517411457258526
31.0,2.220446049250313e-16,2.220446049250313e-16,2.220446049250313e-16,2.220446049250313e-16,0.4961539344734836,2.220446049250313e-16,0.4893519485882274,2.220446049250313e-16,2.220446049250313e-16,2.220446049250313e-16,2.220446049250313e-16,2.220446049250313e-16,2.220446049250313e-16,2.220446049250313e-16,2.220446049250313e-16,0.4000062638436853,0.40463694562253466,2.220446049250313e-16,0.5594350017139298
32.0,2.220446049250313e-16,2.220446049250313e-16,2.220446049250313e-16,2.220446049250313e-16,0.4961539344734836,2.220446049250313e-16,0.4893519485882275,2.220446049250313e-16,2.220446049250313e-16,2.220446049250313e-16,2.220446049250313e-16,2.220446049250313e-16,2.220446049250313e-16,2.220446049250313e-16,2.220446049250313e-16,0.4000062638436853,0.40463694562253466,2.220446049250313e-16,0.5594350017139298
33.0,2.220446049250313e-16,2.220446049250313e-16,0.38147961330940255,2.220446049250313e-16,0.019156414393903733,2.220446049250313e-16,0.24699638045793626,0.3914945092836893,2.220446049250313e-16,2.220446049250313e-16,0.23201058428149715,0.0733891070689077,2.220446049250313e-16,2.220446049250313e-16,2.220446049250313e-16,2.220446049250313e-16,2.220446049250313e-16,0.226780276483412,0.6089288236760318
34.0,2.220446049250313e-16,2.220446049250313e-16,2.220446049250313e-16,0.47496845867260157,0.5456007906576552,2.220446049250313e-16,0.4895596310471553,2.220446049250313e-16,2.220446049250313e-16,0.00863601396154578,2.220446049250313e-16,2.220446049250313e-16,2.220446049250313e-16,1.6653345369377348e-16,2.220446049250313e-16,2.220446049250313e-16,2.220446049250313e-16,2.220446049250313e-16,0.5517411457258526
35.0,0.28165104411105946,1.1102230246251565e-16,0.3814796133094031,2.220446049250313e-16,2.220446049250313e-16,0.394224622133748,0.49804640603300854,0.39149450928368923,2.220446049250313e-16,2.220446049250313e-16,0.2653908952292334,2.220446049250313e-16,2.220446049250313e-16,2.220446049250313e-16,2.220446049250313e-16,2.220446049250313e-16,2.220446049250313e-16,0.23248094335031425,0.20143620951130342
36.0,0.47421532809378614,3.3306690738754696e-16,0.3814796133094027,2.220446049250313e-16,2.220446049250313e-16,2.220446049250313e-16,0.48457995001641696,1.6653345369377348e-16,2.220446049250313e-16,0.49351121663396874,0.00018520462988349745,2.220446049250313e-16,2.220446049250313e-16,2.220446049250313e-16,2.220446049250313e-16,2.220446049250313e-16,2.220446049250313e-16,0.4756709156796266,2.220446049250313e-16
37.0,0.5224024078398553,2.220446049250313e-16,2.220446049250313e-16,2.220446049250313e-16,2.220446049250313e-16,2.220446049250313e-16,0.49750707958271495,2.220446049250313e-16,2.220446049250313e-16,0.2411391779828496,2.220446049250313e-16,0.29250982916518187,2.220446049250313e-16,0.4015148594759767,2.220446049250313e-16,2.220446049250313e-16,2.220446049250313e-16,0.0010863472824641388,2.220446049250313e-16
38.0,0.21189105292791413,0.3914945092674327,0.3814796133094027,2.220446049250313e-16,0.1440760606752857,3.3306690738754696e-16,0.4847344849664259,2.220446049250313e-16,2.7755575615628914e-17,0.2776465854996485,0.2380287126496317,2.220446049250313e-16,2.220446049250313e-16,2.220446049250313e-16,2.220446049250313e-16,0.4000062638436853,2.220446049250313e-16,2.220446049250313e-16,0.027713257924707344
39.0,2.220446049250313e-16,2.220446049250313e-16,0.38147961330940255,2.220446049250313e-16,2.220446049250313e-16,0.39422462213375037,0.498895791880799,0.3914945092836894,2.220446049250313e-16,2.220446049250313e-16,0.5037002122241223,2.220446049250313e-16,1.1102230246251565e-16,2.220446049250313e-16,2.220446049250313e-16,2.220446049250313e-16,2.220446049250313e-16,0.2263166805628853,0.20587141119758312
40.0,2.220446049250313e-16,2.220446049250313e-16,2.220446049250313e-16,2.220446049250313e-16,0.4348260922078781,0.3942246221337504,2.220446049250313e-16,0.3914945092836894,2.220446049250313e-16,2.220446049250313e-16,2.220446049250313e-16,2.220446049250313e-16,0.3942246221282132,2.220446049250313e-16,0.48302827875891985,0.4000062638436853,0.4046369456225347,2.220446049250313e-16,0.07122124288093473
41.0,2.220446049250313e-16,2.220446049250313e-16,0.3814796133094026,2.220446049250313e-16,2.220446049250313e-16,2.220446049250313e-16,0.25063980818353826,0.39149450928368945,2.220446049250313e-16,2.220446049250313e-16,0.5006584212440615,0.0769155197008483,2.220446049250313e-16,2.220446049250313e-16,2.220446049250313e-16,2.220446049250313e-16,2.220446049250313e-16,0.22632187090415629,0.4697634013743784
42.0,0.26509277229871686,0.391494509267433,0.3814796133094026,2.220446049250313e-16,2.220446049250313e-16,2.220446049250313e-16,0.48529950009808187,0.39149450928368934,2.220446049250313e-16,0.23441564551287655,0.26771213979048214,2.220446049250313e-16,2.220446049250313e-16,2.220446049250313e-16,2.220446049250313e-16,2.220446049250313e-16,2.220446049250313e-16,0.2327982612237441,2.220446049250313e-16
43.0,0.5373470247909038,2.220446049250313e-16,2.220446049250313e-16,2.220446049250313e-16,2.220446049250313e-16,0.3942246221337503,0.5138150600726069,2.220446049250313e-16,2.220446049250313e-16,0.010300421991894024,2.220446049250313e-16,0.18741703313359825,2.220446049250313e-16,2.220446049250313e-16,2.220446049250313e-16,2.220446049250313e-16,2.220446049250313e-16,0.24727012654320193,0.19458899972746782
44.0,2.220446049250313e-16,0.3914945092674329,2.220446049250313e-16,0.08830851155052027,0.6444317320335814,2.220446049250313e-16,2.220446049250313e-16,2.220446049250313e-16,2.7755575615628914e-17,0.011814432378532457,2.220446049250313e-16,2.220446049250313e-16,2.220446049250313e-16,0.4015148594759765,0.48302827875891985,2.220446049250313e-16,0.40463694562253466,2.220446049250313e-16,0.09831090644292703
45.0,0.5373470247909038,2.220446049250313e-16,2.220446049250313e-16,2.220446049250313e-16,2.220446049250313e-16,0.3942246221337503,0.5138150600726069,2.220446049250313e-16,2.220446049250313e-16,0.010300421991894024,2.220446049250313e-16,0.18741703313359825,2.220446049250313e-16,2.220446049250313e-16,2.220446049250313e-16,2.220446049250313e-16,2.220446049250313e-16,0.24727012654320193,0.19458899972746782
46.0,2.220446049250313e-16,0.39149450926743284,2.220446049250313e-16,2.220446049250313e-16,2.220446049250313e-16,2.220446049250313e-16,2.220446049250313e-16,0.39149450928368945,2.220446049250313e-16,0.24961007951950956,0.5053743413016524,2.220446049250313e-16,2.220446049250313e-16,2.220446049250313e-16,0.48302827875891985,0.4000062638436853,0.4046369456225346,2.220446049250313e-16,0.0014426349215414557
47.0,0.5083402917402313,0.39149450926743323,0.3814796133094029,2.220446049250313e-16,2.220446049250313e-16,2.220446049250313e-16,0.4844625326470407,2.220446049250313e-16,5.551115123125783e-17,0.011963013119009968,0.00018652444483922186,2.220446049250313e-16,2.220446049250313e-16,0.40151485947597654,2.220446049250313e-16,2.220446049250313e-16,2.220446049250313e-16,0.4750087897116374,2.220446049250313e-16
48.0,0.47421532809378614,3.3306690738754696e-16,0.3814796133094027,2.220446049250313e-16,2.220446049250313e-16,2.220446049250313e-16,0.48457995001641696,1.6653345369377348e-16,2.220446049250313e-16,0.49351121663396874,0.00018520462988349745,2.220446049250313e-16,2.220446049250313e-16,2.220446049250313e-16,2.220446049250313e-16,2.220446049250313e-16,2.220446049250313e-16,0.4756709156796266,2.220446049250313e-16
49.0,2.220446049250313e-16,0.3914945092674329,0.3814796133094025,2.220446049250313e-16,2.220446049250313e-16,2.220446049250313e-16,0.48621163281963875,2.220446049250313e-16,2.220446049250313e-16,2.220446049250313e-16,0.5055819226960316,2.220446049250313e-16,0.39422462212821324,2.220446049250313e-16,2.220446049250313e-16,2.220446049250313e-16,2.220446049250313e-16,0.4727872180877294,2.220446049250313e-16
50.0,2.220446049250313e-16,2.220446049250313e-16,0.38147961330940255,2.220446049250313e-16,0.053700533550609275,2.220446049250313e-16,2.220446049250313e-16,1.1102230246251565e-16,2.220446049250313e-16,2.220446049250313e-16,0.4992874477674631,0.17124014607212423,2.220446049250313e-16,2.220446049250313e-16,2.220446049250313e-16,0.4000062638436853,2.220446049250313e-16,2.220446049250313e-16,0.5295157085326689
51.0,2.220446049250313e-16,0.3914945092674329,0.3814796133094025,2.220446049250313e-16,0.5405632255489049,2.220446049250313e-16,0.4958432060250571,2.220446049250313e-16,2.220446049250313e-16,2.220446049250313e-16,2.220446049250313e-16,2.220446049250313e-16,2.220446049250313e-16,2.220446049250313e-16,2.220446049250313e-16,0.4000062638436853,2.220446049250313e-16,2.220446049250313e-16,0.3189582654584471
52.0,0.4742153280937892,3.3306690738754696e-16,0.3814796133094027,2.220446049250313e-16,2.220446049250313e-16,2.220446049250313e-16,0.4845799500164166,2.220446049250313e-16,5.551115123125783e-17,0.49351121663396763,0.00018520462988298663,2.220446049250313e-16,2.220446049250313e-16,2.220446049250313e-16,2.220446049250313e-16,2.220446049250313e-16,2.220446049250313e-16,0.47567091567962644,2.220446049250313e-16
53.0,0.504624368792653,2.220446049250313e-16,2.220446049250313e-16,2.220446049250313e-16,2.220446049250313e-16,2.220446049250313e-16,0.49755629484910224,2.220446049250313e-16,2.220446049250313e-16,0.4917682488491533,2.220446049250313e-16,0.2928825827595317,1.6653345369377348e-16,2.220446049250313e-16,2.220446049250313e-16,2.220446049250313e-16,2.220446049250313e-16,0.001431293035311257,2.220446049250313e-16
54.0,0.2588631929328284,0.3914945092674328,0.3814796133094026,2.220446049250313e-16,2.220446049250313e-16,5.551115123125783e-17,0.4853209348702634,2.220446049250313e-16,5.551115123125783e-17,0.23477270893540345,0.26722060133587716,2.220446049250313e-16,2.220446049250313e-16,2.220446049250313e-16,2.220446049250313e-16,2.220446049250313e-16,2.220446049250313e-16,0.4793937203164879,2.220446049250313e-16
55.0,2.220446049250313e-16,2.220446049250313e-16,0.38147961330940255,2.220446049250313e-16,0.019156414393904263,2.220446049250313e-16,0.24699638045793648,0.39149450928368945,2.220446049250313e-16,2.220446049250313e-16,0.23201058428149746,0.0733891070689076,2.220446049250313e-16,2.220446049250313e-16,2.220446049250313e-16,2.220446049250313e-16,5.551115123125783e-17,0.22678027648341226,0.6089288236760315
56.0,2.220446049250313e-16,2.220446049250313e-16,2.220446049250313e-16,0.47496845867260157,0.5456007906576552,2.220446049250313e-16,0.4895596310471553,2.220446049250313e-16,2.220446049250313e-16,0.008636013961545891,2.220446049250313e-16,2.220446049250313e-16,2.220446049250313e-16,1.6653345369377348e-16,2.220446049250313e-16,2.220446049250313e-16,2.220446049250313e-16,2.220446049250313e-16,0.5517411457258526
57.0,0.2977740444469259,2.220446049250313e-16,5.551115123125783e-17,2.220446049250313e-16,0.020483652725608134,2.220446049250313e-16,0.011396938849262262,2.220446049250313e-16,2.220446049250313e-16,2.220446049250313e-16,2.220446049250313e-16,0.3757475941850668,2.220446049250313e-16,2.220446049250313e-16,2.220446049250313e-16,2.220446049250313e-16,2.220446049250313e-16,0.2519185403444754,0.601741815405639
58.0,2.220446049250313e-16,2.220446049250313e-16,2.220446049250313e-16,2.220446049250313e-16,0.4348260922078781,0.3942246221337504,2.220446049250313e-16,0.3914945092836894,2.220446049250313e-16,2.220446049250313e-16,2.220446049250313e-16,2.220446049250313e-16,2.220446049250313e-16,0.40151485947597654,0.48302827875891985,0.4000062638436853,0.4046369456225347,2.220446049250313e-16,0.07122124288093473
59.0,2.220446049250313e-16,0.3914945092674329,0.3814796133094025,2.220446049250313e-16,2.220446049250313e-16,2.220446049250313e-16,0.48621163281963875,2.220446049250313e-16,2.220446049250313e-16,0.2496100795195096,0.5055819226960316,2.220446049250313e-16,2.220446049250313e-16,2.220446049250313e-16,2.220446049250313e-16,2.220446049250313e-16,2.220446049250313e-16,0.4727872180877293,2.220446049250313e-16
60.0,0.19680550959294127,2.220446049250313e-16,2.220446049250313e-16,0.4758042236843693,0.36014626323556803,2.220446049250313e-16,2.220446049250313e-16,0.3914945092836894,2.220446049250313e-16,0.5192213368884375,2.220446049250313e-16,2.220446049250313e-16,2.220446049250313e-16,2.220446049250313e-16,0.48302827875891985,2.220446049250313e-16,2.220446049250313e-16,2.220446049250313e-16,2.220446049250313e-16
61.0,2.220446049250313e-16,2.220446049250313e-16,0.3814796133094026,2.220446049250313e-16,2.220446049250313e-16,2.220446049250313e-16,0.007884437155801477,2.220446049250313e-16,2.220446049250313e-16,0.47959224861053584,2.220446049250313e-16,0.3166944916366304,2.220446049250313e-16,2.220446049250313e-16,0.48302827875891985,2.220446049250313e-16,2.220446049250313e-16,0.2464737483699013,2.220446049250313e-16
62.0,2.220446049250313e-16,2.220446049250313e-16,0.3814796133094026,2.220446049250313e-16,2.220446049250313e-16,2.220446049250313e-16,0.007884437155801477,2.220446049250313e-16,2.220446049250313e-16,0.47959224861053584,2.220446049250313e-16,0.3166944916366304,2.220446049250313e-16,2.220446049250313e-16,0.48302827875891985,2.220446049250313e-16,2.220446049250313e-16,0.2464737483699013,2.220446049250313e-16
63.0,0.47624900499115014,2.220446049250313e-16,0.3814796133094028,2.220446049250313e-16,2.220446049250313e-16,2.220446049250313e-16,2.220446049250313e-16,2.220446049250313e-16,2.220446049250313e-16,0.4933946515192741,0.00018528328424208818,2.220446049250313e-16,2.220446049250313e-16,2.220446049250313e-16,0.48302827875891985,2.220446049250313e-16,2.220446049250313e-16,0.4756314562886016,2.220446049250313e-16
64.0,0.47624900499115014,2.220446049250313e-16,0.3814796133094028,2.220446049250313e-16,2.220446049250313e-16,2.220446049250313e-16,2.220446049250313e-16,2.220446049250313e-16,2.220446049250313e-16,0.4933946515192741,0.00018528328424208818,2.220446049250313e-16,2.220446049250313e-16,2.220446049250313e-16,0.48302827875891985,2.220446049250313e-16,2.220446049250313e-16,0.4756314562886016,2.220446049250313e-16
65.0,2.220446049250313e-16,2.220446049250313e-16,2.220446049250313e-16,2.220446049250313e-16,2.220446049250313e-16,2.220446049250313e-16,0.4923219586237043,2.220446049250313e-16,2.220446049250313e-16,0.47959224861053584,2.220446049250313e-16,0.5102162400390425,2.220446049250313e-16,2.220446049250313e-16,2.220446049250313e-16,2.220446049250313e-16,2.220446049250313e-16,2.220446049250313e-16,2.220446049250313e-16
66.0,2.220446049250313e-16,0.39149450926743284,2.220446049250313e-16,0.38222016758200844,2.220446049250313e-16,2.220446049250313e-16,2.220446049250313e-16,0.39149450928368945,0.48121086884457676,2.220446049250313e-16,0.5053743413016524,2.220446049250313e-16,2.220446049250313e-16,0.4015148594759765,2.220446049250313e-16,0.40000626384368526,2.220446049250313e-16,2.220446049250313e-16,0.0014426349215415524
67.0,2.220446049250313e-16,0.39149450926743284,2.220446049250313e-16,0.38222016758200844,2.220446049250313e-16,2.220446049250313e-16,2.220446049250313e-16,0.39149450928368945,0.48121086884457676,2.220446049250313e-16,0.5053743413016524,2.220446049250313e-16,2.220446049250313e-16,0.4015148594759765,2.220446049250313e-16,0.40000626384368526,2.220446049250313e-16,2.220446049250313e-16,0.0014426349215415524
68.0,2.220446049250313e-16,0.3914945092674329,2.220446049250313e-16,2.220446049250313e-16,2.220446049250313e-16,2.220446049250313e-16,2.220446049250313e-16,2.220446049250313e-16,0.48121086884457676,2.220446049250313e-16,0.5055653188155571,2.220446049250313e-16,0.3942246221282133,1.6653345369377348e-16,2.220446049250313e-16,2.220446049250313e-16,0.4046369456225345,0.4727872464196577,0.0014404773674028914
69.0,2.220446049250313e-16,0.3914945092674329,2.220446049250313e-16,2.220446049250313e-16,2.220446049250313e-16,2.220446049250313e-16,2.220446049250313e-16,2.220446049250313e-16,0.48121086884457676,2.220446049250313e-16,0.5055653188155571,2.220446049250313e-16,0.3942246221282133,1.6653345369377348e-16,2.220446049250313e-16,2.220446049250313e-16,0.4046369456225345,0.4727872464196577,0.0014404773674028914
70.0,0.19680550959294135,2.220446049250313e-16,2.220446049250313e-16,0.4758042236843689,0.36014626323556787,2.220446049250313e-16,2.220446049250313e-16,0.39149450928368945,0.48121086884457676,0.5192213368884372,2.220446049250313e-16,2.220446049250313e-16,2.220446049250313e-16,2.220446049250313e-16,2.220446049250313e-16,2.220446049250313e-16,2.220446049250313e-16,2.220446049250313e-16,2.220446049250313e-16
71.0,2.220446049250313e-16,0.3914945092674328,2.220446049250313e-16,2.220446049250313e-16,2.220446049250313e-16,2.220446049250313e-16,1.546689131549862e-05,2.220446049250313e-16,2.220446049250313e-16,2.220446049250313e-16,2.220446049250313e-16,0.7002441224540342,2.220446049250313e-16,0.4015148594759764,2.220446049250313e-16,2.220446049250313e-16,2.220446049250313e-16,2.220446049250313e-16,2.220446049250313e-16
72.0,2.220446049250313e-16,0.3914945092674328,2.220446049250313e-16,2.220446049250313e-16,2.220446049250313e-16,2.220446049250313e-16,1.546689131549862e-05,2.220446049250313e-16,2.220446049250313e-16,2.220446049250313e-16,2.220446049250313e-16,0.7002441224540342,2.220446049250313e-16,0.4015148594759764,2.220446049250313e-16,2.220446049250313e-16,2.220446049250313e-16,2.220446049250313e-16,2.220446049250313e-16
73.0,2.220446049250313e-16,0.3914945092674328,2.220446049250313e-16,2.220446049250313e-16,2.220446049250313e-16,2.220446049250313e-16,1.546689131549862e-05,2.220446049250313e-16,2.220446049250313e-16,2.220446049250313e-16,2.220446049250313e-16,0.7002441224540342,2.220446049250313e-16,0.4015148594759764,2.220446049250313e-16,2.220446049250313e-16,2.220446049250313e-16,2.220446049250313e-16,2.220446049250313e-16
74.0,2.220446049250313e-16,0.3914945092674328,2.220446049250313e-16,2.220446049250313e-16,2.220446049250313e-16,2.220446049250313e-16,1.546689131549862e-05,2.220446049250313e-16,2.220446049250313e-16,2.220446049250313e-16,2.220446049250313e-16,0.7002441224540342,2.220446049250313e-16,0.4015148594759764,2.220446049250313e-16,2.220446049250313e-16,2.220446049250313e-16,2.220446049250313e-16,2.220446049250313e-16
75.0,2.220446049250313e-16,0.3914945092674328,2.220446049250313e-16,2.220446049250313e-16,2.220446049250313e-16,2.220446049250313e-16,1.546689131549862e-05,2.220446049250313e-16,2.220446049250313e-16,2.220446049250313e-16,2.220446049250313e-16,0.7002441224540342,2.220446049250313e-16,0.4015148594759764,2.220446049250313e-16,2.220446049250313e-16,2.220446049250313e-16,2.220446049250313e-16,2.220446049250313e-16
76.0,2.220446049250313e-16,0.3914945092674328,2.220446049250313e-16,2.220446049250313e-16,2.220446049250313e-16,2.220446049250313e-16,1.546689131549862e-05,2.220446049250313e-16,2.220446049250313e-16,2.220446049250313e-16,2.220446049250313e-16,0.7002441224540342,2.220446049250313e-16,0.4015148594759764,2.220446049250313e-16,2.220446049250313e-16,2.220446049250313e-16,2.220446049250313e-16,2.220446049250313e-16
77.0,2.220446049250313e-16,2.220446049250313e-16,2.220446049250313e-16,0.38222016758200844,2.220446049250313e-16,0.3942246221337505,2.220446049250313e-16,0.39149450928368945,0.48121086884457676,2.220446049250313e-16,0.5053743413016524,2.220446049250313e-16,2.220446049250313e-16,0.4015148594759765,2.220446049250313e-16,0.4000062638436853,2.220446049250313e-16,2.220446049250313e-16,0.0014426349215414557
78.0,2.220446049250313e-16,2.220446049250313e-16,2.220446049250313e-16,0.38222016758200844,2.220446049250313e-16,0.3942246221337505,2.220446049250313e-16,0.39149450928368945,0.48121086884457676,2.220446049250313e-16,0.5053743413016524,2.220446049250313e-16,2.220446049250313e-16,0.4015148594759765,2.220446049250313e-16,0.4000062638436853,2.220446049250313e-16,2.220446049250313e-16,0.0014426349215414557
79.0,2.220446049250313e-16,2.220446049250313e-16,2.220446049250313e-16,2.220446049250313e-16,2.220446049250313e-16,0.3942246221337504,2.220446049250313e-16,2.220446049250313e-16,0.48121086884457676,2.220446049250313e-16,0.5055653188155571,2.220446049250313e-16,0.3942246221282133,1.6653345369377348e-16,2.220446049250313e-16,2.220446049250313e-16,0.4046369456225345,0.4727872464196577,0.0014404773674028914
80.0,2.220446049250313e-16,2.220446049250313e-16,2.220446049250313e-16,2.220446049250313e-16,2.220446049250313e-16,0.3942246221337504,2.220446049250313e-16,2.220446049250313e-16,0.48121086884457676,2.220446049250313e-16,0.5055653188155571,2.220446049250313e-16,0.3942246221282133,1.6653345369377348e-16,2.220446049250313e-16,2.220446049250313e-16,0.4046369456225345,0.4727872464196577,0.0014404773674028914
81.0,2.220446049250313e-16,2.220446049250313e-16,2.220446049250313e-16,0.4732385705806317,0.5845884237510057,2.220446049250313e-16,2.220446049250313e-16,1.3877787807814457e-16,2.220446049250313e-16,0.008404579352058737,2.220446049250313e-16,2.220446049250313e-16,0.39422462212821324,2.220446049250313e-16,0.48302827875891985,2.220446049250313e-16,2.220446049250313e-16,2.220446049250313e-16,0.34099942643289727
82.0,0.30905338469043064,2.220446049250313e-16,0.38147961330940183,2.220446049250313e-16,2.220446049250313e-16,2.220446049250313e-16,0.5070206935991066,1.942890293094024e-16,5.551115123125783e-17,2.220446049250313e-16,0.26158284868720455,0.08721677658451286,2.220446049250313e-16,2.220446049250313e-16,2.220446049250313e-16,2.220446049250313e-16,2.220446049250313e-16,0.2512533380019207,0.4302344517605216
83.0,0.30905338469043064,2.220446049250313e-16,0.38147961330940183,2.220446049250313e-16,2.220446049250313e-16,2.220446049250313e-16,0.5070206935991066,1.942890293094024e-16,5.551115123125783e-17,2.220446049250313e-16,0.26158284868720455,0.08721677658451286,2.220446049250313e-16,2.220446049250313e-16,2.220446049250313e-16,2.220446049250313e-16,2.220446049250313e-16,0.2512533380019207,0.4302344517605216
84.0,2.220446049250313e-16,2.220446049250313e-16,2.220446049250313e-16,0.36009415133434675,0.4182575287747761,0.39422462213375065,2.220446049250313e-16,0.3914945092836854,0.48121086884457687,0.2433978491503101,2.220446049250313e-16,2.220446049250313e-16,2.220446049250313e-16,2.220446049250313e-16,2.220446049250313e-16,0.4000062638436853,2.220446049250313e-16,2.220446049250313e-16,0.07379727241978783
85.0,2.220446049250313e-16,2.220446049250313e-16,2.220446049250313e-16,0.36009415133434675,0.4182575287747761,0.39422462213375065,2.220446049250313e-16,0.3914945092836854,0.48121086884457687,0.2433978491503101,2.220446049250313e-16,2.220446049250313e-16,2.220446049250313e-16,2.220446049250313e-16,2.220446049250313e-16,0.4000062638436853,2.220446049250313e-16,2.220446049250313e-16,0.07379727241978783
86.0,0.5435744187205507,2.220446049250313e-16,0.38147961330940283,2.220446049250313e-16,2.220446049250313e-16,0.39422462213375037,0.013010947254936503,2.220446049250313e-16,2.220446049250313e-16,0.009943483832936346,2.220446049250313e-16,0.09854416548423783,0.3942246221282132,2.220446049250313e-16,0.48302827875891985,2.220446049250313e-16,2.220446049250313e-16,0.24714929695780005,2.220446049250313e-16
87.0,2.220446049250313e-16,2.220446049250313e-16,2.220446049250313e-16,0.4709033765914019,0.4803532212938849,3.608224830031759e-16,2.220446049250313e-16,0.39149450928368534,0.48121086884457664,0.4886841303479695,2.220446049250313e-16,2.220446049250313e-16,2.220446049250313e-16,2.220446049250313e-16,2.220446049250313e-16,2.220446049250313e-16,2.220446049250313e-16,2.220446049250313e-16,0.06414282417443344
88.0,2.220446049250313e-16,2.220446049250313e-16,2.220446049250313e-16,2.220446049250313e-16,2.220446049250313e-16,2.220446049250313e-16,2.220446049250313e-16,2.220446049250313e-16,2.220446049250313e-16,2.220446049250313e-16,2.220446049250313e-16,0.6978669582250623,0.3942246221282132,2.220446049250313e-16,2.220446049250313e-16,2.220446049250313e-16,2.220446049250313e-16,2.220446049250313e-16,0.23144496210741458
89.0,2.220446049250313e-16,2.220446049250313e-16,2.220446049250313e-16,2.220446049250313e-16,2.220446049250313e-16,2.220446049250313e-16,2.220446049250313e-16,2.220446049250313e-16,2.220446049250313e-16,2.220446049250313e-16,2.220446049250313e-16,0.6978669582250623,0.3942246221282132,2.220446049250313e-16,2.220446049250313e-16,2.220446049250313e-16,2.220446049250313e-16,2.220446049250313e-16,0.23144496210741458
90.0,2.220446049250313e-16,2.220446049250313e-16,2.220446049250313e-16,2.220446049250313e-16,2.220446049250313e-16,2.220446049250313e-16,2.220446049250313e-16,2.220446049250313e-16,2.220446049250313e-16,2.220446049250313e-16,2.220446049250313e-16,0.6978669582250623,0.3942246221282132,2.220446049250313e-16,2.220446049250313e-16,2.220446049250313e-16,2.220446049250313e-16,2.220446049250313e-16,0.23144496210741458
91.0,2.220446049250313e-16,2.220446049250313e-16,2.220446049250313e-16,2.220446049250313e-16,2.220446049250313e-16,2.220446049250313e-16,2.220446049250313e-16,2.220446049250313e-16,2.220446049250313e-16,2.220446049250313e-16,2.220446049250313e-16,0.6978669582250623,0.3942246221282132,2.220446049250313e-16,2.220446049250313e-16,2.220446049250313e-16,2.220446049250313e-16,2.220446049250313e-16,0.23144496210741458
92.0,2.220446049250313e-16,2.220446049250313e-16,2.220446049250313e-16,2.220446049250313e-16,2.220446049250313e-16,2.220446049250313e-16,2.220446049250313e-16,2.220446049250313e-16,2.220446049250313e-16,2.220446049250313e-16,2.220446049250313e-16,0.6978669582250623,0.3942246221282132,2.220446049250313e-16,2.220446049250313e-16,2.220446049250313e-16,2.220446049250313e-16,2.220446049250313e-16,0.23144496210741458
93.0,2.220446049250313e-16,2.220446049250313e-16,2.220446049250313e-16,2.220446049250313e-16,2.220446049250313e-16,2.220446049250313e-16,2.220446049250313e-16,2.220446049250313e-16,2.220446049250313e-16,2.220446049250313e-16,2.220446049250313e-16,0.6978669582250623,0.3942246221282132,2.220446049250313e-16,2.220446049250313e-16,2.220446049250313e-16,2.220446049250313e-16,2.220446049250313e-16,0.23144496210741458
94.0,2.220446049250313e-16,2.220446049250313e-16,2.220446049250313e-16,0.4709033765914019,0.4803532212938849,3.608224830031759e-16,2.220446049250313e-16,0.39149450928368534,0.48121086884457664,0.4886841303479695,2.220446049250313e-16,2.220446049250313e-16,2.220446049250313e-16,2.220446049250313e-16,2.220446049250313e-16,2.220446049250313e-16,2.220446049250313e-16,2.220446049250313e-16,0.06414282417443344
95.0,2.220446049250313e-16,2.220446049250313e-16,2.220446049250313e-16,2.220446049250313e-16,2.220446049250313e-16,0.3942246221337505,1.546689131549862e-05,2.220446049250313e-16,2.220446049250313e-16,2.220446049250313e-16,2.220446049250313e-16,0.7002441224540342,0.39422462212821324,2.220446049250313e-16,2.220446049250313e-16,2.220446049250313e-16,2.220446049250313e-16,2.220446049250313e-16,2.220446049250313e-16
96.0,2.220446049250313e-16,2.220446049250313e-16,2.220446049250313e-16,2.220446049250313e-16,2.220446049250313e-16,0.3942246221337505,1.546689131549862e-05,2.220446049250313e-16,2.220446049250313e-16,2.220446049250313e-16,2.220446049250313e-16,0.7002441224540342,0.39422462212821324,2.220446049250313e-16,2.220446049250313e-16,2.220446049250313e-16,2.220446049250313e-16,2.220446049250313e-16,2.220446049250313e-16
97.0,2.220446049250313e-16,2.220446049250313e-16,2.220446049250313e-16,2.220446049250313e-16,2.220446049250313e-16,0.3942246221337505,1.546689131549862e-05,2.220446049250313e-16,2.220446049250313e-16,2.220446049250313e-16,2.220446049250313e-16,0.7002441224540342,0.39422462212821324,2.220446049250313e-16,2.220446049250313e-16,2.220446049250313e-16,2.220446049250313e-16,2.220446049250313e-16,2.220446049250313e-16
98.0,2.220446049250313e-16,2.220446049250313e-16,2.220446049250313e-16,2.220446049250313e-16,2.220446049250313e-16,0.3942246221337505,1.546689131549862e-05,2.220446049250313e-16,2.220446049250313e-16,2.220446049250313e-16,2.220446049250313e-16,0.7002441224540342,0.39422462212821324,2.220446049250313e-16,2.220446049250313e-16,2.220446049250313e-16,2.220446049250313e-16,2.220446049250313e-16,2.220446049250313e-16
99.0,2.220446049250313e-16,2.220446049250313e-16,2.220446049250313e-16,2.220446049250313e-16,2.220446049250313e-16,0.3942246221337505,1.546689131549862e-05,2.220446049250313e-16,2.220446049250313e-16,2.220446049250313e-16,2.220446049250313e-16,0.7002441224540342,0.39422462212821324,2.220446049250313e-16,2.220446049250313e-16,2.220446049250313e-16,2.220446049250313e-16,2.220446049250313e-16,2.220446049250313e-16
100.0,2.220446049250313e-16,2.220446049250313e-16,2.220446049250313e-16,2.220446049250313e-16,2.220446049250313e-16,0.3942246221337505,1.546689131549862e-05,2.220446049250313e-16,2.220446049250313e-16,2.220446049250313e-16,2.220446049250313e-16,0.7002441224540342,0.39422462212821324,2.220446049250313e-16,2.220446049250313e-16,2.220446049250313e-16,2.220446049250313e-16,2.220446049250313e-16,2.220446049250313e-16
101.0,2.220446049250313e-16,2.220446049250313e-16,2.220446049250313e-16,0.38222016758200844,2.220446049250313e-16,0.3942246221337505,2.220446049250313e-16,0.39149450928368945,0.48121086884457676,2.220446049250313e-16,0.5053743413016524,2.220446049250313e-16,2.220446049250313e-16,0.4015148594759765,2.220446049250313e-16,0.4000062638436853,2.220446049250313e-16,2.220446049250313e-16,0.0014426349215414557
102.0,2.220446049250313e-16,2.220446049250313e-16,2.220446049250313e-16,0.38222016758200844,2.220446049250313e-16,0.3942246221337505,2.220446049250313e-16,0.39149450928368945,0.48121086884457676,2.220446049250313e-16,0.5053743413016524,2.220446049250313e-16,2.220446049250313e-16,0.4015148594759765,2.220446049250313e-16,0.4000062638436853,2.220446049250313e-16,2.220446049250313e-16,0.0014426349215414557
103.0,0.2775286598963228,0.39149450926743296,5.551115123125783e-17,2.220446049250313e-16,2.220446049250313e-16,2.220446049250313e-16,2.220446049250313e-16,2.220446049250313e-16,0.4812108688445768,2.220446049250313e-16,0.26722132324030773,2.220446049250313e-16,0.39422462212821324,2.220446049250313e-16,2.220446049250313e-16,2.220446049250313e-16,0.4046369456225346,0.4790315546447753,2.220446049250313e-16
104.0,0.2775286598963228,0.39149450926743296,5.551115123125783e-17,2.220446049250313e-16,2.220446049250313e-16,2.220446049250313e-16,2.220446049250313e-16,2.220446049250313e-16,0.4812108688445768,2.220446049250313e-16,0.26722132324030773,2.220446049250313e-16,0.39422462212821324,2.220446049250313e-16,2.220446049250313e-16,2.220446049250313e-16,0.4046369456225346,0.4790315546447753,2.220446049250313e-16
105.0,2.220446049250313e-16,2.220446049250313e-16,2.220446049250313e-16,0.36354013260907764,0.42018860078765147,0.39422462213375054,2.220446049250313e-16,0.39149450928368945,0.48121086884457676,2.220446049250313e-16,2.220446049250313e-16,2.220446049250313e-16,2.220446049250313e-16,0.4015148594759765,2.220446049250313e-16,0.4000062638436853,2.220446049250313e-16,2.220446049250313e-16,0.07349703525276337
106.0,2.220446049250313e-16,2.220446049250313e-16,2.220446049250313e-16,0.36354013260907764,0.42018860078765147,0.39422462213375054,2.220446049250313e-16,0.39149450928368945,0.48121086884457676,2.220446049250313e-16,2.220446049250313e-16,2.220446049250313e-16,2.220446049250313e-16,0.4015148594759765,2.220446049250313e-16,0.4000062638436853,2.220446049250313e-16,2.220446049250313e-16,0.07349703525276337
107.0,2.220446049250313e-16,2.220446049250313e-16,2.220446049250313e-16,2.220446049250313e-16,2.220446049250313e-16,0.3942246221337504,2.220446049250313e-16,2.220446049250313e-16,0.48121086884457676,2.220446049250313e-16,0.5055653188155571,2.220446049250313e-16,0.3942246221282133,1.6653345369377348e-16,2.220446049250313e-16,2.220446049250313e-16,0.4046369456225345,0.4727872464196577,0.0014404773674028914
108.0,2.220446049250313e-16,2.220446049250313e-16,2.220446049250313e-16,2.220446049250313e-16,2.220446049250313e-16,0.3942246221337504,2.220446049250313e-16,2.220446049250313e-16,0.48121086884457676,2.220446049250313e-16,0.5055653188155571,2.220446049250313e-16,0.3942246221282133,1.6653345369377348e-16,2.220446049250313e-16,2.220446049250313e-16,0.4046369456225345,0.4727872464196577,0.0014404773674028914
109.0,0.19680550959294127,2.220446049250313e-16,2.220446049250313e-16,0.4758042236843693,0.36014626323556803,2.220446049250313e-16,2.220446049250313e-16,0.3914945092836894,2.220446049250313e-16,0.5192213368884375,2.220446049250313e-16,2.220446049250313e-16,2.220446049250313e-16,2.220446049250313e-16,0.48302827875891985,2.220446049250313e-16,2.220446049250313e-16,2.220446049250313e-16,2.220446049250313e-16
110.0,2.220446049250313e-16,2.220446049250313e-16,0.3814796133094026,2.220446049250313e-16,2.220446049250313e-16,2.220446049250313e-16,0.007884437155801477,2.220446049250313e-16,2.220446049250313e-16,0.47959224861053584,2.220446049250313e-16,0.3166944916366304,2.220446049250313e-16,2.220446049250313e-16,0.48302827875891985,2.220446049250313e-16,2.220446049250313e-16,0.2464737483699013,2.220446049250313e-16
111.0,2.220446049250313e-16,2.220446049250313e-16,0.3814796133094026,2.220446049250313e-16,2.220446049250313e-16,2.220446049250313e-16,0.007884437155801477,2.220446049250313e-16,2.220446049250313e-16,0.47959224861053584,2.220446049250313e-16,0.3166944916366304,2.220446049250313e-16,2.220446049250313e-16,0.48302827875891985,2.220446049250313e-16,2.220446049250313e-16,0.2464737483699013,2.220446049250313e-16
112.0,0.47624900499115014,2.220446049250313e-16,0.3814796133094028,2.220446049250313e-16,2.220446049250313e-16,2.220446049250313e-16,2.220446049250313e-16,2.220446049250313e-16,2.220446049250313e-16,0.4933946515192741,0.00018528328424208818,2.220446049250313e-16,2.220446049250313e-16,2.220446049250313e-16,0.48302827875891985,2.220446049250313e-16,2.220446049250313e-16,0.4756314562886016,2.220446049250313e-16
113.0,0.47624900499115014,2.220446049250313e-16,0.3814796133094028,2.220446049250313e-16,2.220446049250313e-16,2.220446049250313e-16,2.220446049250313e-16,2.220446049250313e-16,2.220446049250313e-16,0.4933946515192741,0.00018528328424208818,2.220446049250313e-16,2.220446049250313e-16,2.220446049250313e-16,0.48302827875891985,2.220446049250313e-16,2.220446049250313e-16,0.4756314562886016,2.220446049250313e-16
114.0,2.220446049250313e-16,2.220446049250313e-16,2.220446049250313e-16,2.220446049250313e-16,2.220446049250313e-16,2.220446049250313e-16,0.4923219586237043,2.220446049250313e-16,2.220446049250313e-16,0.47959224861053584,2.220446049250313e-16,0.5102162400390425,2.220446049250313e-16,2.220446049250313e-16,2.220446049250313e-16,2.220446049250313e-16,2.220446049250313e-16,2.220446049250313e-16,2.220446049250313e-16
115.0,0.19680550959294135,2.220446049250313e-16,2.220446049250313e-16,0.4758042236843689,0.36014626323556787,2.220446049250313e-16,2.220446049250313e-16,0.39149450928368945,0.48121086884457676,0.5192213368884372,2.220446049250313e-16,2.220446049250313e-16,2.220446049250313e-16,2.220446049250313e-16,2.220446049250313e-16,2.220446049250313e-16,2.220446049250313e-16,2.220446049250313e-16,2.220446049250313e-16
116.0,2.220446049250313e-16,0.3914945092674328,2.220446049250313e-16,2.220446049250313e-16,2.220446049250313e-16,2.220446049250313e-16,1.546689131549862e-05,2.220446049250313e-16,2.220446049250313e-16,2.220446049250313e-16,2.220446049250313e-16,0.7002441224540342,2.220446049250313e-16,0.4015148594759764,2.220446049250313e-16,2.220446049250313e-16,2.220446049250313e-16,2.220446049250313e-16,2.220446049250313e-16
117.0,2.220446049250313e-16,0.3914945092674328,2.220446049250313e-16,2.220446049250313e-16,2.220446049250313e-16,2.220446049250313e-16,1.546689131549862e-05,2.220446049250313e-16,2.220446049250313e-16,2.220446049250313e-16,2.220446049250313e-16,0.7002441224540342,2.220446049250313e-16,0.4015148594759764,2.220446049250313e-16,2.220446049250313e-16,2.220446049250313e-16,2.220446049250313e-16,2.220446049250313e-16
118.0,2.220446049250313e-16,0.3914945092674328,2.220446049250313e-16,2.220446049250313e-16,2.220446049250313e-16,2.220446049250313e-16,1.546689131549862e-05,2.220446049250313e-16,2.220446049250313e-16,2.220446049250313e-16,2.220446049250313e-16,0.7002441224540342,2.220446049250313e-16,0.4015148594759764,2.220446049250313e-16,2.220446049250313e-16,2.220446049250313e-16,2.220446049250313e-16,2.220446049250313e-16
119.0,2.220446049250313e-16,0.3914945092674328,2.220446049250313e-16,2.220446049250313e-16,2.220446049250313e-16,2.220446049250313e-16,1.546689131549862e-05,2.220446049250313e-16,2.220446049250313e-16,2.220446049250313e-16,2.220446049250313e-16,0.7002441224540342,2.220446049250313e-16,0.4015148594759764,2.220446049250313e-16,2.220446049250313e-16,2.220446049250313e-16,2.220446049250313e-16,2.220446049250313e-16
120.0,2.220446049250313e-16,0.3914945092674328,2.220446049250313e-16,2.220446049250313e-16,2.220446049250313e-16,2.220446049250313e-16,1.546689131549862e-05,2.220446049250313e-16,2.220446049250313e-16,2.220446049250313e-16,2.220446049250313e-16,0.7002441224540342,2.220446049250313e-16,0.4015148594759764,2.220446049250313e-16,2.220446049250313e-16,2.220446049250313e-16,2.220446049250313e-16,2.220446049250313e-16
121.0,2.220446049250313e-16,0.3914945092674328,2.220446049250313e-16,2.220446049250313e-16,2.220446049250313e-16,2.220446049250313e-16,1.546689131549862e-05,2.220446049250313e-16,2.220446049250313e-16,2.220446049250313e-16,2.220446049250313e-16,0.7002441224540342,2.220446049250313e-16,0.4015148594759764,2.220446049250313e-16,2.220446049250313e-16,2.220446049250313e-16,2.220446049250313e-16,2.220446049250313e-16
122.0,2.220446049250313e-16,2.220446049250313e-16,2.220446049250313e-16,0.47622678316677713,0.3603760832752796,2.220446049250313e-16,2.220446049250313e-16,0.3914945092836894,0.4812108688445768,0.48939632700833574,0.2670428173683398,2.220446049250313e-16,2.220446049250313e-16,2.220446049250313e-16,2.220446049250313e-16,2.220446049250313e-16,2.220446049250313e-16,2.220446049250313e-16,2.220446049250313e-16
123.0,2.220446049250313e-16,2.220446049250313e-16,2.220446049250313e-16,2.220446049250313e-16,2.220446049250313e-16,0.3942246221337504,0.01259339898675751,1.1102230246251565e-16,2.220446049250313e-16,2.220446049250313e-16,2.220446049250313e-16,0.6944293552005962,2.220446049250313e-16,2.220446049250313e-16,2.220446049250313e-16,2.220446049250313e-16,2.220446049250313e-16,2.220446049250313e-16,0.21671584438094776
124.0,2.220446049250313e-16,2.220446049250313e-16,2.220446049250313e-16,2.220446049250313e-16,2.220446049250313e-16,0.3942246221337504,0.01259339898675751,1.1102230246251565e-16,2.220446049250313e-16,2.220446049250313e-16,2.220446049250313e-16,0.6944293552005962,2.220446049250313e-16,2.220446049250313e-16,2.220446049250313e-16,2.220446049250313e-16,2.220446049250313e-16,2.220446049250313e-16,0.21671584438094776
125.0,0.5077729707147132,2.220446049250313e-16,0.3814796133094025,2.220446049250313e-16,2.220446049250313e-16,2.220446049250313e-16,0.4995980355148668,2.220446049250313e-16,2.220446049250313e-16,0.4915877791075494,2.220446049250313e-16,0.09067880531297812,2.220446049250313e-16,2.220446049250313e-16,2.220446049250313e-16,2.220446049250313e-16,2.220446049250313e-16,0.2478439493546477,2.220446049250313e-16
126.0,2.220446049250313e-16,2.220446049250313e-16,2.220446049250313e-16,2.220446049250313e-16,2.220446049250313e-16,0.3942246221337504,0.01259339898675751,1.1102230246251565e-16,2.220446049250313e-16,2.220446049250313e-16,2.220446049250313e-16,0.6944293552005962,2.220446049250313e-16,2.220446049250313e-16,2.220446049250313e-16,2.220446049250313e-16,2.220446049250313e-16,2.220446049250313e-16,0.21671584438094776
127.0,2.220446049250313e-16,2.220446049250313e-16,2.220446049250313e-16,2.220446049250313e-16,2.220446049250313e-16,0.3942246221337504,0.01259339898675751,1.1102230246251565e-16,2.220446049250313e-16,2.220446049250313e-16,2.220446049250313e-16,0.6944293552005962,2.220446049250313e-16,2.220446049250313e-16,2.220446049250313e-16,2.220446049250313e-16,2.220446049250313e-16,2.220446049250313e-16,0.21671584438094776
128.0,0.5077729707147132,2.220446049250313e-16,0.3814796133094025,2.220446049250313e-16,2.220446049250313e-16,2.220446049250313e-16,0.4995980355148668,2.220446049250313e-16,2.220446049250313e-16,0.4915877791075494,2.220446049250313e-16,0.09067880531297812,2.220446049250313e-16,2.220446049250313e-16,2.220446049250313e-16,2.220446049250313e-16,2.220446049250313e-16,0.2478439493546477,2.220446049250313e-16
129.0,2.220446049250313e-16,2.220446049250313e-16,2.220446049250313e-16,0.36092808887624483,0.4789438977067052,2.220446049250313e-16,0.002687927216263321,2.220446049250313e-16,2.220446049250313e-16,2.220446049250313e-16,2.220446049250313e-16,2.220446049250313e-16,2.220446049250313e-16,2.220446049250313e-16,0.48302827875891985,0.4000062638436853,2.220446049250313e-16,2.220446049250313e-16,0.5761943004539906
130.0,2.220446049250313e-16,2.220446049250313e-16,2.220446049250313e-16,0.36092808887624483,0.4789438977067052,2.220446049250313e-16,0.002687927216263321,2.220446049250313e-16,2.220446049250313e-16,2.220446049250313e-16,2.220446049250313e-16,2.220446049250313e-16,2.220446049250313e-16,2.220446049250313e-16,0.48302827875891985,0.4000062638436853,2.220446049250313e-16,2.220446049250313e-16,0.5761943004539906
131.0,2.220446049250313e-16,2.220446049250313e-16,2.220446049250313e-16,2.220446049250313e-16,0.02227075696516344,2.220446049250313e-16,0.0022595348953247107,2.220446049250313e-16,0.4812108688445771,2.220446049250313e-16,0.23171367445683255,2.220446049250313e-16,2.220446049250313e-16,1.1102230246251565e-16,2.220446049250313e-16,2.220446049250313e-16,0.40463694562253455,0.4732545314835661,0.592064628842432
132.0,2.220446049250313e-16,2.220446049250313e-16,2.220446049250313e-16,2.220446049250313e-16,0.02227075696516344,2.220446049250313e-16,0.0022595348953247107,2.220446049250313e-16,0.4812108688445771,2.220446049250313e-16,0.23171367445683255,2.220446049250313e-16,2.220446049250313e-16,1.1102230246251565e-16,2.220446049250313e-16,2.220446049250313e-16,0.40463694562253455,0.4732545314835661,0.592064628842432
133.0,2.220446049250313e-16,0.3914945092674328,2.220446049250313e-16,0.4762893804388597,0.5158303023776951,2.220446049250313e-16,2.220446049250313e-16,2.220446049250313e-16,2.220446049250313e-16,0.008812734649174989,0.2670428173683398,2.220446049250313e-16,2.220446049250313e-16,0.4015148594759764,0.48302827875891985,2.220446049250313e-16,2.220446049250313e-16,2.220446049250313e-16,2.220446049250313e-16
134.0,0.5166029652711756,0.39149450926743273,2.220446049250313e-16,2.220446049250313e-16,2.220446049250313e-16,2.220446049250313e-16,2.220446049250313e-16,0.39149450928368934,2.220446049250313e-16,0.01148941798250159,0.0006781415312668702,2.220446049250313e-16,0.3942246221282132,2.220446049250313e-16,0.48302827875891985,2.220446049250313e-16,0.4046369456225346,0.22837388253461147,2.220446049250313e-16
135.0,0.5421266379374842,2.220446049250313e-16,0.3814796133094023,2.220446049250313e-16,2.220446049250313e-16,0.39422462213375054,0.512524292664922,2.220446049250313e-16,2.220446049250313e-16,0.01002646689344593,2.220446049250313e-16,0.08457292741297949,2.220446049250313e-16,2.220446049250313e-16,2.220446049250313e-16,2.220446049250313e-16,2.220446049250313e-16,0.2471773881230204,0.19977858066860532
136.0,0.49261294717909143,0.3914945092674327,0.38147961330940233,2.220446049250313e-16,2.220446049250313e-16,2.220446049250313e-16,2.220446049250313e-16,2.220446049250313e-16,2.220446049250313e-16,0.26247454346632487,0.00018591617504663742,2.220446049250313e-16,2.220446049250313e-16,2.220446049250313e-16,0.4830282787589198,2.220446049250313e-16,2.220446049250313e-16,0.47531394705478724,2.220446049250313e-16
137.0,2.220446049250313e-16,2.220446049250313e-16,2.220446049250313e-16,2.220446049250313e-16,2.220446049250313e-16,2.220446049250313e-16,2.220446049250313e-16,0.3914945092836894,2.220446049250313e-16,0.47959224861053595,0.5053743413016524,2.220446049250313e-16,2.220446049250313e-16,2.220446049250313e-16,0.48302827875891985,0.4000062638436853,0.4046369456225347,2.220446049250313e-16,0.0014426349215414542
138.0,0.5210044444295461,0.39149450926743273,2.220446049250313e-16,2.220446049250313e-16,2.220446049250313e-16,2.220446049250313e-16,0.49751094959005704,2.220446049250313e-16,2.220446049250313e-16,0.2608472160685204,2.220446049250313e-16,0.29253914037799783,2.220446049250313e-16,2.220446049250313e-16,2.220446049250313e-16,2.220446049250313e-16,2.220446049250313e-16,0.001113471845513265,2.220446049250313e-16
139.0,2.220446049250313e-16,2.220446049250313e-16,2.220446049250313e-16,0.38222016758200844,2.220446049250313e-16,0.3942246221337505,2.220446049250313e-16,0.39149450928368945,0.48121086884457676,2.220446049250313e-16,0.5053743413016524,2.220446049250313e-16,2.220446049250313e-16,0.4015148594759765,2.220446049250313e-16,0.4000062638436853,2.220446049250313e-16,2.220446049250313e-16,0.0014426349215414557
140.0,2.220446049250313e-16,2.220446049250313e-16,2.220446049250313e-16,0.38222016758200844,2.220446049250313e-16,0.3942246221337505,2.220446049250313e-16,0.39149450928368945,0.48121086884457676,2.220446049250313e-16,0.5053743413016524,2.220446049250313e-16,2.220446049250313e-16,0.4015148594759765,2.220446049250313e-16,0.4000062638436853,2.220446049250313e-16,2.220446049250313e-16,0.0014426349215414557
141.0,2.220446049250313e-16,0.3914945092674329,2.220446049250313e-16,2.220446049250313e-16,2.220446049250313e-16,2.220446049250313e-16,2.220446049250313e-16,2.220446049250313e-16,0.48121086884457676,2.220446049250313e-16,0.5055653188155571,2.220446049250313e-16,0.3942246221282133,1.6653345369377348e-16,2.220446049250313e-16,2.220446049250313e-16,0.4046369456225345,0.4727872464196577,0.0014404773674028914
142.0,2.220446049250313e-16,0.3914945092674329,2.220446049250313e-16,2.220446049250313e-16,2.220446049250313e-16,2.220446049250313e-16,2.220446049250313e-16,2.220446049250313e-16,0.48121086884457676,2.220446049250313e-16,0.5055653188155571,2.220446049250313e-16,0.3942246221282133,1.6653345369377348e-16,2.220446049250313e-16,2.220446049250313e-16,0.4046369456225345,0.4727872464196577,0.0014404773674028914
143.0,2.220446049250313e-16,2.220446049250313e-16,2.220446049250313e-16,0.4732385705806317,0.5845884237510057,2.220446049250313e-16,2.220446049250313e-16,1.3877787807814457e-16,2.220446049250313e-16,0.008404579352058737,2.220446049250313e-16,2.220446049250313e-16,0.39422462212821324,2.220446049250313e-16,0.48302827875891985,2.220446049250313e-16,2.220446049250313e-16,2.220446049250313e-16,0.34099942643289727
144.0,0.5422608484515379,2.220446049250313e-16,0.3814796133094025,2.220446049250313e-16,2.220446049250313e-16,2.220446049250313e-16,0.5062906585680547,2.220446049250313e-16,2.220446049250313e-16,0.010018774292923114,2.220446049250313e-16,0.08224536609872046,2.220446049250313e-16,2.220446049250313e-16,2.220446049250313e-16,2.220446049250313e-16,2.220446049250313e-16,0.2471747840480319,0.433459845795637
145.0,0.516602965271175,2.7755575615628914e-17,2.220446049250313e-16,2.220446049250313e-16,2.220446049250313e-16,0.3942246221337503,2.220446049250313e-16,0.39149450928368934,2.220446049250313e-16,0.011489417982501384,0.0006781415312667672,2.220446049250313e-16,0.3942246221282132,2.220446049250313e-16,0.48302827875891985,2.220446049250313e-16,0.4046369456225346,0.22837388253461136,2.220446049250313e-16
146.0,2.220446049250313e-16,0.3914945092674328,2.220446049250313e-16,2.220446049250313e-16,0.3143250516796758,2.220446049250313e-16,2.220446049250313e-16,0.3914945092836894,2.220446049250313e-16,0.24760685062263094,0.2670428173683398,2.220446049250313e-16,2.220446049250313e-16,2.220446049250313e-16,0.48302827875891985,0.4000062638436853,0.40463694562253466,2.220446049250313e-16,2.220446049250313e-16
147.0,2.220446049250313e-16,0.3914945092674329,0.38147961330940255,2.220446049250313e-16,2.220446049250313e-16,2.220446049250313e-16,2.220446049250313e-16,2.220446049250313e-16,2.220446049250313e-16,2.220446049250313e-16,0.5055653188155572,2.220446049250313e-16,2.220446049250313e-16,0.4015148594759766,0.4830282787589196,2.220446049250313e-16,2.220446049250313e-16,0.47278724641965825,0.0014404773674027492
148.0,0.5210044444295462,2.220446049250313e-16,2.220446049250313e-16,2.220446049250313e-16,2.220446049250313e-16,0.3942246221337503,0.4975109495900568,2.220446049250313e-16,2.220446049250313e-16,0.2608472160685208,2.220446049250313e-16,0.29253914037799783,2.220446049250313e-16,2.220446049250313e-16,2.220446049250313e-16,2.220446049250313e-16,2.220446049250313e-16,0.0011134718455128973,2.220446049250313e-16
149.0,2.220446049250313e-16,2.220446049250313e-16,2.220446049250313e-16,0.36879669931976494,0.3019474189958957,0.3942246221337505,2.220446049250313e-16,0.39149450928368945,0.48121086884457676,2.220446049250313e-16,0.26704281736833974,2.220446049250313e-16,2.220446049250313e-16,0.4015148594759765,2.220446049250313e-16,0.4000062638436853,2.220446049250313e-16,2.220446049250313e-16,2.220446049250313e-16
150.0,2.220446049250313e-16,2.220446049250313e-16,2.220446049250313e-16,0.36879669931976494,0.3019474189958957,0.3942246221337505,2.220446049250313e-16,0.39149450928368945,0.48121086884457676,2.220446049250313e-16,0.26704281736833974,2.220446049250313e-16,2.220446049250313e-16,0.4015148594759765,2.220446049250313e-16,0.4000062638436853,2.220446049250313e-16,2.220446049250313e-16,2.220446049250313e-16
151.0,2.220446049250313e-16,2.220446049250313e-16,2.220446049250313e-16,2.220446049250313e-16,2.220446049250313e-16,0.3942246221337504,2.220446049250313e-16,2.220446049250313e-16,0.48121086884457676,2.220446049250313e-16,0.5055653188155571,2.220446049250313e-16,0.3942246221282133,1.6653345369377348e-16,2.220446049250313e-16,2.220446049250313e-16,0.4046369456225345,0.4727872464196577,0.0014404773674028914
152.0,2.220446049250313e-16,2.220446049250313e-16,2.220446049250313e-16,2.220446049250313e-16,2.220446049250313e-16,0.3942246221337504,2.220446049250313e-16,2.220446049250313e-16,0.48121086884457676,2.220446049250313e-16,0.5055653188155571,2.220446049250313e-16,0.3942246221282133,1.6653345369377348e-16,2.220446049250313e-16,2.220446049250313e-16,0.4046369456225345,0.4727872464196577,0.0014404773674028914
153.0,2.220446049250313e-16,2.220446049250313e-16,2.220446049250313e-16,0.36092808887624483,0.4789438977067052,2.220446049250313e-16,0.002687927216263321,2.220446049250313e-16,2.220446049250313e-16,2.220446049250313e-16,2.220446049250313e-16,2.220446049250313e-16,2.220446049250313e-16,2.220446049250313e-16,0.48302827875891985,0.4000062638436853,2.220446049250313e-16,2.220446049250313e-16,0.5761943004539906
154.0,2.220446049250313e-16,2.220446049250313e-16,2.220446049250313e-16,0.36092808887624483,0.4789438977067052,2.220446049250313e-16,0.002687927216263321,2.220446049250313e-16,2.220446049250313e-16,2.220446049250313e-16,2.220446049250313e-16,2.220446049250313e-16,2.220446049250313e-16,2.220446049250313e-16,0.48302827875891985,0.4000062638436853,2.220446049250313e-16,2.220446049250313e-16,0.5761943004539906
155.0,2.220446049250313e-16,2.220446049250313e-16,2.220446049250313e-16,2.220446049250313e-16,0.02227075696516344,2.220446049250313e-16,0.0022595348953247107,2.220446049250313e-16,0.4812108688445771,2.220446049250313e-16,0.23171367445683255,2.220446049250313e-16,2.220446049250313e-16,1.1102230246251565e-16,2.220446049250313e-16,2.220446049250313e-16,0.40463694562253455,0.4732545314835661,0.592064628842432
156.0,2.220446049250313e-16,2.220446049250313e-16,2.220446049250313e-16,2.220446049250313e-16,0.02227075696516344,2.220446049250313e-16,0.0022595348953247107,2.220446049250313e-16,0.4812108688445771,2.220446049250313e-16,0.23171367445683255,2.220446049250313e-16,2.220446049250313e-16,1.1102230246251565e-16,2.220446049250313e-16,2.220446049250313e-16,0.40463694562253455,0.4732545314835661,0.592064628842432
157.0,0.19680550959294127,2.220446049250313e-16,2.220446049250313e-16,0.4758042236843693,0.36014626323556803,2.220446049250313e-16,2.220446049250313e-16,0.3914945092836894,2.220446049250313e-16,0.5192213368884375,2.220446049250313e-16,2.220446049250313e-16,2.220446049250313e-16,2.220446049250313e-16,0.48302827875891985,2.220446049250313e-16,2.220446049250313e-16,2.220446049250313e-16,2.220446049250313e-16
158.0,2.220446049250313e-16,2.220446049250313e-16,0.3814796133094026,2.220446049250313e-16,2.220446049250313e-16,2.220446049250313e-16,0.007884437155801477,2.220446049250313e-16,2.220446049250313e-16,0.47959224861053584,2.220446049250313e-16,0.3166944916366304,2.220446049250313e-16,2.220446049250313e-16,0.48302827875891985,2.220446049250313e-16,2.220446049250313e-16,0.2464737483699013,2.220446049250313e-16
159.0,2.220446049250313e-16,2.220446049250313e-16,0.3814796133094026,2.220446049250313e-16,2.220446049250313e-16,2.220446049250313e-16,0.007884437155801477,2.220446049250313e-16,2.220446049250313e-16,0.47959224861053584,2.220446049250313e-16,0.3166944916366304,2.220446049250313e-16,2.220446049250313e-16,0.48302827875891985,2.220446049250313e-16,2.220446049250313e-16,0.2464737483699013,2.220446049250313e-16
160.0,0.47624900499115014,2.220446049250313e-16,0.3814796133094028,2.220446049250313e-16,2.220446049250313e-16,2.220446049250313e-16,2.220446049250313e-16,2.220446049250313e-16,2.220446049250313e-16,0.4933946515192741,0.00018528328424208818,2.220446049250313e-16,2.220446049250313e-16,2.220446049250313e-16,0.48302827875891985,2.220446049250313e-16,2.220446049250313e-16,0.4756314562886016,2.220446049250313e-16
161.0,0.47624900499115014,2.220446049250313e-16,0.3814796133094028,2.220446049250313e-16,2.220446049250313e-16,2.220446049250313e-16,2.220446049250313e-16,2.220446049250313e-16,2.220446049250313e-16,0.4933946515192741,0.00018528328424208818,2.220446049250313e-16,2.220446049250313e-16,2.220446049250313e-16,0.48302827875891985,2.220446049250313e-16,2.220446049250313e-16,0.4756314562886016,2.220446049250313e-16
162.0,2.220446049250313e-16,2.220446049250313e-16,2.220446049250313e-16,2.220446049250313e-16,2.220446049250313e-16,2.220446049250313e-16,0.4923219586237043,2.220446049250313e-16,2.220446049250313e-16,0.47959224861053584,2.220446049250313e-16,0.5102162400390425,2.220446049250313e-16,2.220446049250313e-16,2.220446049250313e-16,2.220446049250313e-16,2.220446049250313e-16,2.220446049250313e-16,2.220446049250313e-16
163.0,2.220446049250313e-16,2.220446049250313e-16,2.220446049250313e-16,0.47622678316677713,0.3603760832752796,2.220446049250313e-16,2.220446049250313e-16,0.3914945092836894,0.4812108688445768,0.48939632700833574,0.2670428173683398,2.220446049250313e-16,2.220446049250313e-16,2.220446049250313e-16,2.220446049250313e-16,2.220446049250313e-16,2.220446049250313e-16,2.220446049250313e-16,2.220446049250313e-16
164.0,2.220446049250313e-16,2.220446049250313e-16,2.220446049250313e-16,2.220446049250313e-16,2.220446049250313e-16,0.3942246221337505,1.546689131549862e-05,2.220446049250313e-16,2.220446049250313e-16,2.220446049250313e-16,2.220446049250313e-16,0.7002441224540342,0.39422462212821324,2.220446049250313e-16,2.220446049250313e-16,2.220446049250313e-16,2.220446049250313e-16,2.220446049250313e-16,2.220446049250313e-16
165.0,2.220446049250313e-16,2.220446049250313e-16,2.220446049250313e-16,2.220446049250313e-16,2.220446049250313e-16,0.3942246221337505,1.546689131549862e-05,2.220446049250313e-16,2.220446049250313e-16,2.220446049250313e-16,2.220446049250313e-16,0.7002441224540342,0.39422462212821324,2.220446049250313e-16,2.220446049250313e-16,2.220446049250313e-16,2.220446049250313e-16,2.220446049250313e-16,2.220446049250313e-16
166.0,2.220446049250313e-16,2.220446049250313e-16,2.220446049250313e-16,2.220446049250313e-16,2.220446049250313e-16,0.3942246221337505,1.546689131549862e-05,2.220446049250313e-16,2.220446049250313e-16,2.220446049250313e-16,2.220446049250313e-16,0.7002441224540342,0.39422462212821324,2.220446049250313e-16,2.220446049250313e-16,2.220446049250313e-16,2.220446049250313e-16,2.220446049250313e-16,2.220446049250313e-16
167.0,2.220446049250313e-16,2.220446049250313e-16,2.220446049250313e-16,2.220446049250313e-16,2.220446049250313e-16,0.3942246221337505,1.546689131549862e-05,2.220446049250313e-16,2.220446049250313e-16,2.220446049250313e-16,2.220446049250313e-16,0.7002441224540342,0.39422462212821324,2.220446049250313e-16,2.220446049250313e-16,2.220446049250313e-16,2.220446049250313e-16,2.220446049250313e-16,2.220446049250313e-16
168.0,2.220446049250313e-16,2.220446049250313e-16,2.220446049250313e-16,2.220446049250313e-16,2.220446049250313e-16,0.3942246221337505,1.546689131549862e-05,2.220446049250313e-16,2.220446049250313e-16,2.220446049250313e-16,2.220446049250313e-16,0.7002441224540342,0.39422462212821324,2.220446049250313e-16,2.220446049250313e-16,2.220446049250313e-16,2.220446049250313e-16,2.220446049250313e-16,2.220446049250313e-16
169.0,2.220446049250313e-16,2.220446049250313e-16,2.220446049250313e-16,2.220446049250313e-16,2.220446049250313e-16,0.3942246221337505,1.546689131549862e-05,2.220446049250313e-16,2.220446049250313e-16,2.220446049250313e-16,2.220446049250313e-16,0.7002441224540342,0.39422462212821324,2.220446049250313e-16,2.220446049250313e-16,2.220446049250313e-16,2.220446049250313e-16,2.220446049250313e-16,2.220446049250313e-16
170.0,2.220446049250313e-16,2.220446049250313e-16,2.220446049250313e-16,0.38222016758200844,2.220446049250313e-16,0.3942246221337505,2.220446049250313e-16,0.39149450928368945,0.48121086884457676,2.220446049250313e-16,0.5053743413016524,2.220446049250313e-16,2.220446049250313e-16,0.4015148594759765,2.220446049250313e-16,0.4000062638436853,2.220446049250313e-16,2.220446049250313e-16,0.0014426349215414557
171.0,2.220446049250313e-16,2.220446049250313e-16,2.220446049250313e-16,0.38222016758200844,2.220446049250313e-16,0.3942246221337505,2.220446049250313e-16,0.39149450928368945,0.48121086884457676,2.220446049250313e-16,0.5053743413016524,2.220446049250313e-16,2.220446049250313e-16,0.4015148594759765,2.220446049250313e-16,0.4000062638436853,2.220446049250313e-16,2.220446049250313e-16,0.0014426349215414557
172.0,2.220446049250313e-16,0.3914945092674329,2.220446049250313e-16,2.220446049250313e-16,2.220446049250313e-16,2.220446049250313e-16,2.220446049250313e-16,2.220446049250313e-16,0.48121086884457676,2.220446049250313e-16,0.5055653188155571,2.220446049250313e-16,0.3942246221282133,1.6653345369377348e-16,2.220446049250313e-16,2.220446049250313e-16,0.4046369456225345,0.4727872464196577,0.0014404773674028914
173.0,2.220446049250313e-16,0.3914945092674329,2.220446049250313e-16,2.220446049250313e-16,2.220446049250313e-16,2.220446049250313e-16,2.220446049250313e-16,2.220446049250313e-16,0.48121086884457676,2.220446049250313e-16,0.5055653188155571,2.220446049250313e-16,0.3942246221282133,1.6653345369377348e-16,2.220446049250313e-16,2.220446049250313e-16,0.4046369456225345,0.4727872464196577,0.0014404773674028914
174.0,0.1968055095929413,2.220446049250313e-16,2.220446049250313e-16,0.4758042236843694,0.36014626323556836,2.220446049250313e-16,2.220446049250313e-16,0.39149450928368945,0.48121086884457676,0.5192213368884371,2.220446049250313e-16,2.220446049250313e-16,2.220446049250313e-16,2.220446049250313e-16,2.220446049250313e-16,2.220446049250313e-16,2.220446049250313e-16,2.220446049250313e-16,2.220446049250313e-16
175.0,2.220446049250313e-16,0.3914945092674328,2.220446049250313e-16,2.220446049250313e-16,2.220446049250313e-16,2.220446049250313e-16,1.546689131549862e-05,2.220446049250313e-16,2.220446049250313e-16,2.220446049250313e-16,2.220446049250313e-16,0.7002441224540342,2.220446049250313e-16,0.4015148594759764,2.220446049250313e-16,2.220446049250313e-16,2.220446049250313e-16,2.220446049250313e-16,2.220446049250313e-16
176.0,2.220446049250313e-16,0.3914945092674328,2.220446049250313e-16,2.220446049250313e-16,2.220446049250313e-16,2.220446049250313e-16,1.546689131549862e-05,2.220446049250313e-16,2.220446049250313e-16,2.220446049250313e-16,2.220446049250313e-16,0.7002441224540342,2.220446049250313e-16,0.4015148594759764,2.220446049250313e-16,2.220446049250313e-16,2.220446049250313e-16,2.220446049250313e-16,2.220446049250313e-16
177.0,2.220446049250313e-16,0.3914945092674328,2.220446049250313e-16,2.220446049250313e-16,2.220446049250313e-16,2.220446049250313e-16,1.546689131549862e-05,2.220446049250313e-16,2.220446049250313e-16,2.220446049250313e-16,2.220446049250313e-16,0.7002441224540342,2.220446049250313e-16,0.4015148594759764,2.220446049250313e-16,2.220446049250313e-16,2.220446049250313e-16,2.220446049250313e-16,2.220446049250313e-16
178.0,2.220446049250313e-16,0.3914945092674328,2.220446049250313e-16,2.220446049250313e-16,2.220446049250313e-16,2.220446049250313e-16,1.546689131549862e-05,2.220446049250313e-16,2.220446049250313e-16,2.220446049250313e-16,2.220446049250313e-16,0.7002441224540342,2.220446049250313e-16,0.4015148594759764,2.220446049250313e-16,2.220446049250313e-16,2.220446049250313e-16,2.220446049250313e-16,2.220446049250313e-16
179.0,2.220446049250313e-16,0.3914945092674328,2.220446049250313e-16,2.220446049250313e-16,2.220446049250313e-16,2.220446049250313e-16,1.546689131549862e-05,2.220446049250313e-16,2.220446049250313e-16,2.220446049250313e-16,2.220446049250313e-16,0.7002441224540342,2.220446049250313e-16,0.4015148594759764,2.220446049250313e-16,2.220446049250313e-16,2.220446049250313e-16,2.220446049250313e-16,2.220446049250313e-16
180.0,2.220446049250313e-16,0.3914945092674328,2.220446049250313e-16,2.220446049250313e-16,2.220446049250313e-16,2.220446049250313e-16,1.546689131549862e-05,2.220446049250313e-16,2.220446049250313e-16,2.220446049250313e-16,2.220446049250313e-16,0.7002441224540342,2.220446049250313e-16,0.4015148594759764,2.220446049250313e-16,2.220446049250313e-16,2.220446049250313e-16,2.220446049250313e-16,2.220446049250313e-16
181.0,2.220446049250313e-16,2.220446049250313e-16,2.220446049250313e-16,0.362050408519152,0.45369844602148096,0.3942246221337504,2.220446049250313e-16,2.220446049250313e-16,0.48121086884457676,2.220446049250313e-16,0.26704281736833974,2.220446049250313e-16,0.3942246221282132,2.220446049250313e-16,2.220446049250313e-16,0.4000062638436853,2.220446049250313e-16,2.220446049250313e-16,2.220446049250313e-16
182.0,2.220446049250313e-16,2.220446049250313e-16,2.220446049250313e-16,0.362050408519152,0.45369844602148096,0.3942246221337504,2.220446049250313e-16,2.220446049250313e-16,0.48121086884457676,2.220446049250313e-16,0.26704281736833974,2.220446049250313e-16,0.3942246221282132,2.220446049250313e-16,2.220446049250313e-16,0.4000062638436853,2.220446049250313e-16,2.220446049250313e-16,2.220446049250313e-16
183.0,2.220446049250313e-16,2.220446049250313e-16,2.220446049250313e-16,2.220446049250313e-16,0.1082530887223301,0.39422462213375037,2.220446049250313e-16,2.220446049250313e-16,0.48121086884457737,2.220446049250313e-16,0.23708042744203042,2.220446049250313e-16,0.3942246221282131,1.1102230246251565e-16,2.220446049250313e-16,2.220446049250313e-16,0.40463694562253466,0.4732453739577132,0.12646947936157868
184.0,2.220446049250313e-16,2.220446049250313e-16,2.220446049250313e-16,2.220446049250313e-16,0.1082530887223301,0.39422462213375037,2.220446049250313e-16,2.220446049250313e-16,0.48121086884457737,2.220446049250313e-16,0.23708042744203042,2.220446049250313e-16,0.3942246221282131,1.1102230246251565e-16,2.220446049250313e-16,2.220446049250313e-16,0.40463694562253466,0.4732453739577132,0.12646947936157868
185.0,2.220446049250313e-16,0.39149450926743284,2.220446049250313e-16,0.38222016758200844,2.220446049250313e-16,2.220446049250313e-16,2.220446049250313e-16,0.39149450928368945,0.48121086884457676,2.220446049250313e-16,0.5053743413016524,2.220446049250313e-16,2.220446049250313e-16,0.4015148594759765,2.220446049250313e-16,0.40000626384368526,2.220446049250313e-16,2.220446049250313e-16,0.0014426349215415524
186.0,2.220446049250313e-16,0.39149450926743284,2.220446049250313e-16,0.38222016758200844,2.220446049250313e-16,2.220446049250313e-16,2.220446049250313e-16,0.39149450928368945,0.48121086884457676,2.220446049250313e-16,0.5053743413016524,2.220446049250313e-16,2.220446049250313e-16,0.4015148594759765,2.220446049250313e-16,0.40000626384368526,2.220446049250313e-16,2.220446049250313e-16,0.0014426349215415524
187.0,0.2775286598963228,0.39149450926743296,5.551115123125783e-17,2.220446049250313e-16,2.220446049250313e-16,2.220446049250313e-16,2.220446049250313e-16,2.220446049250313e-16,0.4812108688445768,2.220446049250313e-16,0.26722132324030773,2.220446049250313e-16,0.39422462212821324,2.220446049250313e-16,2.220446049250313e-16,2.220446049250313e-16,0.4046369456225346,0.4790315546447753,2.220446049250313e-16
188.0,0.2775286598963228,0.39149450926743296,5.551115123125783e-17,2.220446049250313e-16,2.220446049250313e-16,2.220446049250313e-16,2.220446049250313e-16,2.220446049250313e-16,0.4812108688445768,2.220446049250313e-16,0.26722132324030773,2.220446049250313e-16,0.39422462212821324,2.220446049250313e-16,2.220446049250313e-16,2.220446049250313e-16,0.4046369456225346,0.4790315546447753,2.220446049250313e-16
189.0,0.19680550959294127,2.220446049250313e-16,2.220446049250313e-16,0.4758042236843693,0.36014626323556803,2.220446049250313e-16,2.220446049250313e-16,0.3914945092836894,2.220446049250313e-16,0.5192213368884375,2.220446049250313e-16,2.220446049250313e-16,2.220446049250313e-16,2.220446049250313e-16,0.48302827875891985,2.220446049250313e-16,2.220446049250313e-16,2.220446049250313e-16,2.220446049250313e-16
190.0,2.220446049250313e-16,2.220446049250313e-16,0.3814796133094026,2.220446049250313e-16,2.220446049250313e-16,2.220446049250313e-16,0.007884437155801477,2.220446049250313e-16,2.220446049250313e-16,0.47959224861053584,2.220446049250313e-16,0.3166944916366304,2.220446049250313e-16,2.220446049250313e-16,0.48302827875891985,2.220446049250313e-16,2.220446049250313e-16,0.2464737483699013,2.220446049250313e-16
191.0,2.220446049250313e-16,2.220446049250313e-16,0.3814796133094026,2.220446049250313e-16,2.220446049250313e-16,2.220446049250313e-16,0.007884437155801477,2.220446049250313e-16,2.220446049250313e-16,0.47959224861053584,2.220446049250313e-16,0.3166944916366304,2.220446049250313e-16,2.220446049250313e-16,0.48302827875891985,2.220446049250313e-16,2.220446049250313e-16,0.2464737483699013,2.220446049250313e-16
192.0,0.47624900499115014,2.220446049250313e-16,0.3814796133094028,2.220446049250313e-16,2.220446049250313e-16,2.220446049250313e-16,2.220446049250313e-16,2.220446049250313e-16,2.220446049250313e-16,0.4933946515192741,0.00018528328424208818,2.220446049250313e-16,2.220446049250313e-16,2.220446049250313e-16,0.48302827875891985,2.220446049250313e-16,2.220446049250313e-16,0.4756314562886016,2.220446049250313e-16
193.0,0.47624900499115014,2.220446049250313e-16,0.3814796133094028,2.220446049250313e-16,2.220446049250313e-16,2.220446049250313e-16,2.220446049250313e-16,2.220446049250313e-16,2.220446049250313e-16,0.4933946515192741,0.00018528328424208818,2.220446049250313e-16,2.220446049250313e-16,2.220446049250313e-16,0.48302827875891985,2.220446049250313e-16,2.220446049250313e-16,0.4756314562886016,2.220446049250313e-16
194.0,2.220446049250313e-16,2.220446049250313e-16,2.220446049250313e-16,2.220446049250313e-16,2.220446049250313e-16,2.220446049250313e-16,0.4923219586237043,2.220446049250313e-16,2.220446049250313e-16,0.47959224861053584,2.220446049250313e-16,0.5102162400390425,2.220446049250313e-16,2.220446049250313e-16,2.220446049250313e-16,2.220446049250313e-16,2.220446049250313e-16,2.220446049250313e-16,2.220446049250313e-16
195.0,2.220446049250313e-16,2.220446049250313e-16,2.220446049250313e-16,0.4709033765914019,0.480353221293885,4.163336342344337e-16,2.220446049250313e-16,0.39149450928368545,0.48121086884457676,0.48868413034796954,2.220446049250313e-16,2.220446049250313e-16,2.220446049250313e-16,2.220446049250313e-16,2.220446049250313e-16,2.220446049250313e-16,2.220446049250313e-16,2.220446049250313e-16,0.06414282417443343
196.0,2.220446049250313e-16,2.220446049250313e-16,2.220446049250313e-16,2.220446049250313e-16,2.220446049250313e-16,2.220446049250313e-16,2.220446049250313e-16,2.220446049250313e-16,2.220446049250313e-16,2.220446049250313e-16,2.220446049250313e-16,0.6978669582250623,0.3942246221282132,2.220446049250313e-16,2.220446049250313e-16,2.220446049250313e-16,2.220446049250313e-16,2.220446049250313e-16,0.23144496210741458
197.0,2.220446049250313e-16,2.220446049250313e-16,2.220446049250313e-16,2.220446049250313e-16,2.220446049250313e-16,2.220446049250313e-16,2.220446049250313e-16,2.220446049250313e-16,2.220446049250313e-16,2.220446049250313e-16,2.220446049250313e-16,0.6978669582250623,0.3942246221282132,2.220446049250313e-16,2.220446049250313e-16,2.220446049250313e-16,2.220446049250313e-16,2.220446049250313e-16,0.23144496210741458
198.0,2.220446049250313e-16,2.220446049250313e-16,2.220446049250313e-16,2.220446049250313e-16,2.220446049250313e-16,2.220446049250313e-16,2.220446049250313e-16,2.220446049250313e-16,2.220446049250313e-16,2.220446049250313e-16,2.220446049250313e-16,0.6978669582250623,0.3942246221282132,2.220446049250313e-16,2.220446049250313e-16,2.220446049250313e-16,2.220446049250313e-16,2.220446049250313e-16,0.23144496210741458
199.0,2.220446049250313e-16,2.220446049250313e-16,2.220446049250313e-16,2.220446049250313e-16,2.220446049250313e-16,2.220446049250313e-16,2.220446049250313e-16,2.220446049250313e-16,2.220446049250313e-16,2.220446049250313e-16,2.220446049250313e-16,0.6978669582250623,0.3942246221282132,2.220446049250313e-16,2.220446049250313e-16,2.220446049250313e-16,2.220446049250313e-16,2.220446049250313e-16,0.23144496210741458
200.0,2.220446049250313e-16,2.220446049250313e-16,2.220446049250313e-16,2.220446049250313e-16,2.220446049250313e-16,2.220446049250313e-16,2.220446049250313e-16,2.220446049250313e-16,2.220446049250313e-16,2.220446049250313e-16,2.220446049250313e-16,0.6978669582250623,0.3942246221282132,2.220446049250313e-16,2.220446049250313e-16,2.220446049250313e-16,2.220446049250313e-16,2.220446049250313e-16,0.23144496210741458
201.0,2.220446049250313e-16,2.220446049250313e-16,2.220446049250313e-16,2.220446049250313e-16,2.220446049250313e-16,2.220446049250313e-16,2.220446049250313e-16,2.220446049250313e-16,2.220446049250313e-16,2.220446049250313e-16,2.220446049250313e-16,0.6978669582250623,0.3942246221282132,2.220446049250313e-16,2.220446049250313e-16,2.220446049250313e-16,2.220446049250313e-16,2.220446049250313e-16,0.23144496210741458
202.0,0.19680550959294127,2.220446049250313e-16,2.220446049250313e-16,0.4758042236843693,0.36014626323556803,2.220446049250313e-16,2.220446049250313e-16,0.3914945092836894,2.220446049250313e-16,0.5192213368884375,2.220446049250313e-16,2.220446049250313e-16,2.220446049250313e-16,2.220446049250313e-16,0.48302827875891985,2.220446049250313e-16,2.220446049250313e-16,2.220446049250313e-16,2.220446049250313e-16
203.0,2.220446049250313e-16,2.220446049250313e-16,0.3814796133094026,2.220446049250313e-16,2.220446049250313e-16,2.220446049250313e-16,0.007884437155801477,2.220446049250313e-16,2.220446049250313e-16,0.47959224861053584,2.220446049250313e-16,0.3166944916366304,2.220446049250313e-16,2.220446049250313e-16,0.48302827875891985,2.220446049250313e-16,2.220446049250313e-16,0.2464737483699013,2.220446049250313e-16
204.0,2.220446049250313e-16,2.220446049250313e-16,0.3814796133094026,2.220446049250313e-16,2.220446049250313e-16,2.220446049250313e-16,0.007884437155801477,2.220446049250313e-16,2.220446049250313e-16,0.47959224861053584,2.220446049250313e-16,0.3166944916366304,2.220446049250313e-16,2.220446049250313e-16,0.48302827875891985,2.220446049250313e-16,2.220446049250313e-16,0.2464737483699013,2.220446049250313e-16
205.0,0.47624900499115014,2.220446049250313e-16,0.3814796133094028,2.220446049250313e-16,2.220446049250313e-16,2.220446049250313e-16,2.220446049250313e-16,2.220446049250313e-16,2.220446049250313e-16,0.4933946515192741,0.00018528328424208818,2.220446049250313e-16,2.220446049250313e-16,2.220446049250313e-16,0.48302827875891985,2.220446049250313e-16,2.220446049250313e-16,0.4756314562886016,2.220446049250313e-16
206.0,0.47624900499115014,2.220446049250313e-16,0.3814796133094028,2.220446049250313e-16,2.220446049250313e-16,2.220446049250313e-16,2.220446049250313e-16,2.220446049250313e-16,2.220446049250313e-16,0.4933946515192741,0.00018528328424208818,2.220446049250313e-16,2.220446049250313e-16,2.220446049250313e-16,0.48302827875891985,2.220446049250313e-16,2.220446049250313e-16,0.4756314562886016,2.220446049250313e-16
207.0,2.220446049250313e-16,2.220446049250313e-16,2.220446049250313e-16,2.220446049250313e-16,2.220446049250313e-16,2.220446049250313e-16,0.4923219586237043,2.220446049250313e-16,2.220446049250313e-16,0.47959224861053584,2.220446049250313e-16,0.5102162400390425,2.220446049250313e-16,2.220446049250313e-16,2.220446049250313e-16,2.220446049250313e-16,2.220446049250313e-16,2.220446049250313e-16,2.220446049250313e-16
208.0,0.19686957655329634,1.1102230246251565e-16,2.220446049250313e-16,0.4690707481387188,0.5119042601731475,2.220446049250313e-16,2.220446049250313e-16,2.220446049250313e-16,2.220446049250313e-16,0.5183168130952494,2.220446049250313e-16,2.220446049250313e-16,2.220446049250313e-16,2.220446049250313e-16,0.48302827875891985,2.220446049250313e-16,2.220446049250313e-16,2.220446049250313e-16,2.220446049250313e-16
209.0,0.5271943430836579,2.220446049250313e-16,0.38147961330940217,2.220446049250313e-16,2.220446049250313e-16,2.220446049250313e-16,0.013056292513982666,2.220446049250313e-16,2.220446049250313e-16,0.24086451661356942,2.220446049250313e-16,0.09888760786577189,2.220446049250313e-16,0.4015148594759764,0.48302827875891985,2.220446049250313e-16,2.220446049250313e-16,0.24746711814759834,2.220446049250313e-16
210.0,0.4762490049911503,2.220446049250313e-16,2.220446049250313e-16,2.220446049250313e-16,2.220446049250313e-16,2.220446049250313e-16,2.220446049250313e-16,2.220446049250313e-16,2.220446049250313e-16,0.49339465151927375,0.00018528328424332943,2.220446049250313e-16,2.220446049250313e-16,2.220446049250313e-16,0.48302827875891985,2.220446049250313e-16,0.4046369456225346,0.47563145628860104,2.220446049250313e-16
211.0,0.47624900499115014,2.220446049250313e-16,0.3814796133094028,2.220446049250313e-16,2.220446049250313e-16,2.220446049250313e-16,2.220446049250313e-16,2.220446049250313e-16,2.220446049250313e-16,0.4933946515192741,0.00018528328424208818,2.220446049250313e-16,2.220446049250313e-16,2.220446049250313e-16,0.48302827875891985,2.220446049250313e-16,2.220446049250313e-16,0.4756314562886016,2.220446049250313e-16
212.0,0.4762490049911503,2.220446049250313e-16,2.220446049250313e-16,2.220446049250313e-16,2.220446049250313e-16,2.220446049250313e-16,2.220446049250313e-16,2.220446049250313e-16,2.220446049250313e-16,0.49339465151927375,0.00018528328424332943,2.220446049250313e-16,2.220446049250313e-16,2.220446049250313e-16,0.48302827875891985,2.220446049250313e-16,0.4046369456225346,0.47563145628860104,2.220446049250313e-16
213.0,0.47624900499115014,2.220446049250313e-16,0.3814796133094028,2.220446049250313e-16,2.220446049250313e-16,2.220446049250313e-16,2.220446049250313e-16,2.220446049250313e-16,2.220446049250313e-16,0.4933946515192741,0.00018528328424208818,2.220446049250313e-16,2.220446049250313e-16,2.220446049250313e-16,0.48302827875891985,2.220446049250313e-16,2.220446049250313e-16,0.4756314562886016,2.220446049250313e-16
214.0,2.220446049250313e-16,2.220446049250313e-16,2.220446049250313e-16,0.36092808887624483,0.4789438977067052,2.220446049250313e-16,0.002687927216263321,2.220446049250313e-16,2.220446049250313e-16,2.220446049250313e-16,2.220446049250313e-16,2.220446049250313e-16,2.220446049250313e-16,2.220446049250313e-16,0.48302827875891985,0.4000062638436853,2.220446049250313e-16,2.220446049250313e-16,0.5761943004539906
215.0,2.220446049250313e-16,2.220446049250313e-16,2.220446049250313e-16,0.36092808887624483,0.4789438977067052,2.220446049250313e-16,0.002687927216263321,2.220446049250313e-16,2.220446049250313e-16,2.220446049250313e-16,2.220446049250313e-16,2.220446049250313e-16,2.220446049250313e-16,2.220446049250313e-16,0.48302827875891985,0.4000062638436853,2.220446049250313e-16,2.220446049250313e-16,0.5761943004539906
216.0,2.220446049250313e-16,2.220446049250313e-16,2.220446049250313e-16,2.220446049250313e-16,0.02227075696516344,2.220446049250313e-16,0.0022595348953247107,2.220446049250313e-16,0.4812108688445771,2.220446049250313e-16,0.23171367445683255,2.220446049250313e-16,2.220446049250313e-16,1.1102230246251565e-16,2.220446049250313e-16,2.220446049250313e-16,0.40463694562253455,0.4732545314835661,0.592064628842432
217.0,2.220446049250313e-16,2.220446049250313e-16,2.220446049250313e-16,2.220446049250313e-16,0.02227075696516344,2.220446049250313e-16,0.0022595348953247107,2.220446049250313e-16,0.4812108688445771,2.220446049250313e-16,0.23171367445683255,2.220446049250313e-16,2.220446049250313e-16,1.1102230246251565e-16,2.220446049250313e-16,2.220446049250313e-16,0.40463694562253455,0.4732545314835661,0.592064628842432
218.0,2.220446049250313e-16,0.39149450926743284,2.220446049250313e-16,0.38222016758200844,2.220446049250313e-16,2.220446049250313e-16,2.220446049250313e-16,0.39149450928368945,0.48121086884457676,2.220446049250313e-16,0.5053743413016524,2.220446049250313e-16,2.220446049250313e-16,0.4015148594759765,2.220446049250313e-16,0.40000626384368526,2.220446049250313e-16,2.220446049250313e-16,0.0014426349215415524
219.0,2.220446049250313e-16,0.39149450926743284,2.220446049250313e-16,0.38222016758200844,2.220446049250313e-16,2.220446049250313e-16,2.220446049250313e-16,0.39149450928368945,0.48121086884457676,2.220446049250313e-16,0.5053743413016524,2.220446049250313e-16,2.220446049250313e-16,0.4015148594759765,2.220446049250313e-16,0.40000626384368526,2.220446049250313e-16,2.220446049250313e-16,0.0014426349215415524
220.0,0.2775286598963228,0.39149450926743296,5.551115123125783e-17,2.220446049250313e-16,2.220446049250313e-16,2.220446049250313e-16,2.220446049250313e-16,2.220446049250313e-16,0.4812108688445768,2.220446049250313e-16,0.26722132324030773,2.220446049250313e-16,0.39422462212821324,2.220446049250313e-16,2.220446049250313e-16,2.220446049250313e-16,0.4046369456225346,0.4790315546447753,2.220446049250313e-16
221.0,0.2775286598963228,0.39149450926743296,5.551115123125783e-17,2.220446049250313e-16,2.220446049250313e-16,2.220446049250313e-16,2.220446049250313e-16,2.220446049250313e-16,0.4812108688445768,2.220446049250313e-16,0.26722132324030773,2.220446049250313e-16,0.39422462212821324,2.220446049250313e-16,2.220446049250313e-16,2.220446049250313e-16,0.4046369456225346,0.4790315546447753,2.220446049250313e-16
