id,x_0,x_1,x_2,x_3,x_4,x_5,x_6,x_7,x_8,x_9,x_10,x_11,x_12,x_13,x_14,x_15,x_16,x_17,x_18
0.0,0.5067097263244815,2.220446049250313e-16,0.5324450236656488,2.220446049250313e-16,2.220446049250313e-16,2.220446049250313e-16,2.220446049250313e-16,2.220446049250313e-16,2.220446049250313e-16,0.0019735856222755873,0.4383562770340859,2.220446049250313e-16,0.5355537074017358,2.220446049250313e-16,0.35950384400853547,2.220446049250313e-16,2.220446049250313e-16,0.3749726469891344,0.11632840785064577
1.0,0.4953434181414048,2.220446049250313e-16,0.2293631210959295,2.220446049250313e-16,2.220446049250313e-16,2.220446049250313e-16,2.220446049250313e-16,2.220446049250313e-16,0.18745532932263587,0.3971125657545829,0.41307371012061356,2.220446049250313e-16,0.004908131155115487,2.220446049250313e-16,2.220446049250313e-16,2.220446049250313e-16,2.220446049250313e-16,0.3749726469891344,0.5325802234323412
2.0,0.4914186676370274,2.220446049250313e-16,2.220446049250313e-16,2.220446049250313e-16,0.09394294626318123,2.220446049250313e-16,2.220446049250313e-16,0.020399829959484923,2.220446049250313e-16,0.3919913239472627,0.40780496701373903,0.34757080821723,0.0005099941851910092,2.220446049250313e-16,2.220446049250313e-16,2.220446049250313e-16,2.220446049250313e-16,2.220446049250313e-16,0.6159473449609424
3.0,0.49260722462953277,0.0059859403708735215,2.220446049250313e-16,0.14988899097446506,0.10317111959649164,0.3928471477410032,2.220446049250313e-16,2.220446049250313e-16,2.220446049250313e-16,2.220446049250313e-16,0.4100885485137681,0.24447821302193815,2.220446049250313e-16,2.220446049250313e-16,2.220446049250313e-16,2.220446049250313e-16,2.220446049250313e-16,2.220446049250313e-16,0.5799922419451528
4.0,0.49503513839581437,0.0018090337057302674,2.220446049250313e-16,2.220446049250313e-16,0.07648283478762744,2.220446049250313e-16,0.006045896657980491,0.18254324642186237,2.220446049250313e-16,2.220446049250313e-16,0.01032042091256,0.5812068517514986,0.0011706877585959457,2.220446049250313e-16,2.220446049250313e-16,2.220446049250313e-16,2.220446049250313e-16,2.220446049250313e-16,0.6375373055678858
5.0,0.49527843874565275,2.220446049250313e-16,2.220446049250313e-16,0.17632393391107815,2.220446049250313e-16,2.220446049250313e-16,0.0060684794130913475,0.18464108498752008,0.0008796396464948494,1.3877787807814457e-17,0.010810358521245261,0.5105445896774105,2.220446049250313e-16,2.220446049250313e-16,2.220446049250313e-16,2.220446049250313e-16,2.220446049250313e-16,2.220446049250313e-16,0.6298619963935729
6.0,0.49141013530562894,2.220446049250313e-16,2.220446049250313e-16,0.17735528204322737,2.220446049250313e-16,2.220446049250313e-16,2.220446049250313e-16,0.015931659951232573,0.0010506348715396885,2.220446049250313e-16,0.40780517123044535,0.5080084126266263,2.220446049250313e-16,2.220446049250313e-16,2.220446049250313e-16,2.220446049250313e-16,2.220446049250313e-16,2.220446049250313e-16,0.6159633211629811
7.0,0.49284677660572895,2.220446049250313e-16,2.220446049250313e-16,0.34027153431349455,2.220446049250313e-16,2.220446049250313e-16,2.220446049250313e-16,2.220446049250313e-16,0.0010214033905073289,2.220446049250313e-16,0.4105635700804279,0.17568055788221468,2.220446049250313e-16,2.220446049250313e-16,2.220446049250313e-16,2.220446049250313e-16,2.220446049250313e-16,0.3365570195420088,0.5725107609113584
8.0,0.00727274923224479,0.009985011846313063,2.220446049250313e-16,2.220446049250313e-16,0.09544155217550082,0.39284714774100316,0.0013705145395641032,0.5750672233325563,2.220446049250313e-16,2.220446049250313e-16,0.014129171081191707,0.28284915897081997,0.0016027299432843976,2.220446049250313e-16,2.220446049250313e-16,2.220446049250313e-16,2.220446049250313e-16,2.220446049250313e-16,0.6678613820098196
9.0,0.4943749940647027,0.009569397100883559,2.220446049250313e-16,2.220446049250313e-16,0.09483892146525766,0.39284714774100316,0.0060867378360717865,0.1878465672076401,2.220446049250313e-16,2.220446049250313e-16,0.008965956181714786,0.29900122661823086,0.0010170452576471055,2.220446049250313e-16,2.220446049250313e-16,2.220446049250313e-16,2.220446049250313e-16,2.220446049250313e-16,0.6588708918431634
10.0,0.49321689561586196,2.220446049250313e-16,2.220446049250313e-16,0.18151198274111235,2.220446049250313e-16,2.220446049250313e-16,2.220446049250313e-16,2.220446049250313e-16,0.0016960805637278842,2.220446049250313e-16,0.4113614825921592,0.4554322540153023,2.220446049250313e-16,2.220446049250313e-16,0.35950384400853547,2.220446049250313e-16,2.220446049250313e-16,2.220446049250313e-16,0.5599497730443707
11.0,0.5091728948617841,0.004276503642884039,0.2340833126682249,2.220446049250313e-16,2.220446049250313e-16,2.220446049250313e-16,0.0059564183305755285,0.19121563208799636,2.220446049250313e-16,0.0049457631191917595,0.038733844419218184,0.5540235475743022,0.5380933939220452,2.220446049250313e-16,2.220446049250313e-16,2.220446049250313e-16,2.220446049250313e-16,2.220446049250313e-16,0.1715386148621753
12.0,0.005500092941576828,2.220446049250313e-16,2.220446049250313e-16,2.220446049250313e-16,0.11953842722840147,0.39284714774100304,2.220446049250313e-16,0.375937318094937,0.0006028257613310196,0.3919911231677938,0.41515926686877175,2.220446049250313e-16,0.0013442226852832405,2.220446049250313e-16,0.3595038440085355,2.220446049250313e-16,2.220446049250313e-16,2.220446049250313e-16,0.5904056519032805
13.0,2.220446049250313e-16,2.220446049250313e-16,2.220446049250313e-16,2.220446049250313e-16,0.33782853018942305,2.220446049250313e-16,0.06728571956756124,0.5870046921199944,2.220446049250313e-16,0.39199144669104485,2.220446049250313e-16,0.3024152001739822,2.220446049250313e-16,2.220446049250313e-16,2.220446049250313e-16,0.2867896804841611,0.5564624535351017,2.220446049250313e-16,0.010297796672612596
14.0,0.4923199399717259,0.0013575221003222504,2.220446049250313e-16,2.220446049250313e-16,0.10269607823779135,2.220446049250313e-16,2.220446049250313e-16,2.220446049250313e-16,2.220446049250313e-16,2.220446049250313e-16,0.40951167849140135,0.24379784179251368,0.0007877466937003592,8.326672684688674e-17,0.3595038440085356,2.220446049250313e-16,2.220446049250313e-16,0.3749213467944738,0.5890499585742031
15.0,0.5108915831046077,2.220446049250313e-16,0.23054241150190333,0.16072635302426197,2.220446049250313e-16,2.220446049250313e-16,0.0065586658259556545,0.16606350079367693,2.220446049250313e-16,0.3969758188645111,0.041980817217272814,2.220446049250313e-16,0.524263430657345,2.220446049250313e-16,2.220446049250313e-16,2.220446049250313e-16,2.220446049250313e-16,0.35682712767270897,0.12086181585604211
16.0,0.49503513839581437,0.0018090337057302674,2.220446049250313e-16,2.220446049250313e-16,0.07648283478762744,2.220446049250313e-16,0.006045896657980491,0.18254324642186237,2.220446049250313e-16,2.220446049250313e-16,0.01032042091256,0.5812068517514986,0.0011706877585959457,2.220446049250313e-16,2.220446049250313e-16,2.220446049250313e-16,2.220446049250313e-16,2.220446049250313e-16,0.6375373055678858
17.0,0.007759874499920325,2.220446049250313e-16,2.220446049250313e-16,0.17462967026381082,2.220446049250313e-16,0.3928471477410035,0.0014641900836136193,0.583201795141918,0.0018400186221116397,0.39199144669104496,0.015101255402775404,2.220446049250313e-16,2.220446049250313e-16,2.220446049250313e-16,2.220446049250313e-16,2.220446049250313e-16,2.220446049250313e-16,2.220446049250313e-16,0.652607156612844
18.0,0.494827174432486,2.220446049250313e-16,2.220446049250313e-16,0.1752129674084174,2.220446049250313e-16,0.39284714774100304,0.006186205168044621,0.19641020775715734,0.0007070510837155627,0.3919914466910448,0.009859485804492113,2.220446049250313e-16,2.220446049250313e-16,2.220446049250313e-16,2.220446049250313e-16,2.220446049250313e-16,2.220446049250313e-16,2.220446049250313e-16,0.644832811799497
19.0,0.4923199399717259,0.0013575221003222504,2.220446049250313e-16,2.220446049250313e-16,0.10269607823779135,2.220446049250313e-16,2.220446049250313e-16,2.220446049250313e-16,2.220446049250313e-16,2.220446049250313e-16,0.40951167849140135,0.24379784179251368,0.0007877466937003592,8.326672684688674e-17,0.3595038440085356,2.220446049250313e-16,2.220446049250313e-16,0.3749213467944738,0.5890499585742031
20.0,0.023745477421770148,2.220446049250313e-16,0.5344235659059724,2.220446049250313e-16,2.220446049250313e-16,0.39284714774100327,0.0018389755273325052,0.5526669745570377,2.220446049250313e-16,0.0020153886928574996,0.04705635715678841,2.220446049250313e-16,0.2799549988414212,2.220446049250313e-16,0.35950384400853547,0.28678968048416104,2.220446049250313e-16,2.220446049250313e-16,0.13968430925115768
21.0,0.23002077626890546,2.220446049250313e-16,2.220446049250313e-16,2.220446049250313e-16,0.35941108386061615,2.220446049250313e-16,2.220446049250313e-16,0.19385264696817653,2.220446049250313e-16,0.3919914466910449,0.3933515681867401,2.220446049250313e-16,2.220446049250313e-16,2.220446049250313e-16,0.3595038440085354,0.47966710670716306,0.3701692577206937,0.3749726469891344,2.220446049250313e-16
22.0,0.019882027631748903,2.220446049250313e-16,0.5344284506723909,2.220446049250313e-16,2.220446049250313e-16,0.3928471477410029,2.220446049250313e-16,0.3838297281447874,2.220446049250313e-16,0.0020154918992659632,0.4440607668624809,2.220446049250313e-16,0.27932395849134,2.220446049250313e-16,0.3595038440085355,0.28678968048416104,2.220446049250313e-16,2.220446049250313e-16,0.12565625792978422
23.0,0.006983151925878258,2.220446049250313e-16,0.2345584968346558,2.220446049250313e-16,2.220446049250313e-16,2.220446049250313e-16,2.220446049250313e-16,0.37673579830593135,2.220446049250313e-16,0.39706067158850866,0.4181360553823412,2.220446049250313e-16,0.005443966711340836,2.220446049250313e-16,0.3595038440085355,2.220446049250313e-16,2.220446049250313e-16,0.3749726469891344,0.5433837765494418
24.0,0.49708319576449983,0.015828055043547562,2.220446049250313e-16,0.28355041796818836,2.220446049250313e-16,2.220446049250313e-16,2.220446049250313e-16,2.220446049250313e-16,0.19245211644113136,0.3919914466910448,0.01403127048148722,2.220446049250313e-16,2.220446049250313e-16,2.7755575615628914e-17,2.220446049250313e-16,2.220446049250313e-16,2.220446049250313e-16,0.47016523738287824,0.5791000822791378
25.0,0.01964962498373067,2.220446049250313e-16,0.5324404240318215,2.220446049250313e-16,2.220446049250313e-16,2.220446049250313e-16,2.220446049250313e-16,0.38385597549483436,2.220446049250313e-16,0.0019734884402117644,0.44359430780590575,2.220446049250313e-16,0.5361479127929955,2.220446049250313e-16,0.35950384400853547,2.220446049250313e-16,2.220446049250313e-16,0.3749726469891344,0.12413945688265055
26.0,0.5067077828821438,2.220446049250313e-16,0.23043838825396853,2.220446049250313e-16,2.220446049250313e-16,2.220446049250313e-16,2.220446049250313e-16,2.220446049250313e-16,2.220446049250313e-16,0.39697362103871386,0.43835237541715993,2.220446049250313e-16,0.5377017122823177,2.220446049250313e-16,0.3595038440085355,2.220446049250313e-16,2.220446049250313e-16,0.3749726469891344,0.11631572609809636
27.0,0.006983151925878506,2.220446049250313e-16,0.23455849683465468,2.220446049250313e-16,2.220446049250313e-16,0.39284714774100304,2.220446049250313e-16,0.37673579830593146,2.220446049250313e-16,0.3970606715885081,0.41813605538234094,2.220446049250313e-16,0.005443966711340917,2.220446049250313e-16,0.35950384400853547,2.220446049250313e-16,2.220446049250313e-16,2.220446049250313e-16,0.5433837765494416
28.0,0.49050693951584157,0.009692695260114514,2.220446049250313e-16,2.220446049250313e-16,0.09581925853234087,0.3928471477410031,2.220446049250313e-16,0.019138763613893526,2.220446049250313e-16,2.220446049250313e-16,0.40596016468966456,0.2963969112237388,0.0003848838872893274,2.220446049250313e-16,2.220446049250313e-16,2.220446049250313e-16,2.220446049250313e-16,2.220446049250313e-16,0.6450034461918064
29.0,0.019650793143942913,2.220446049250313e-16,0.23043485847816642,0.0015789437965224805,2.220446049250313e-16,0.39284714774100316,2.220446049250313e-16,0.3838577862291447,2.220446049250313e-16,0.39697354646084365,0.4435966604298503,2.220446049250313e-16,0.5381577076702669,2.220446049250313e-16,0.35950384400853536,2.220446049250313e-16,2.220446049250313e-16,2.220446049250313e-16,0.12403304966393151
30.0,0.23993875085548697,2.220446049250313e-16,2.220446049250313e-16,0.14447192511171103,2.220446049250313e-16,2.220446049250313e-16,2.220446049250313e-16,0.1840000744184807,0.0022492903119123845,0.39199144669104496,0.41323656144398524,2.220446049250313e-16,2.220446049250313e-16,2.220446049250313e-16,0.35950384400853536,2.220446049250313e-16,2.220446049250313e-16,0.358662203440402,0.5773112917083691
31.0,0.508025022387156,2.220446049250313e-16,0.2253108017201099,2.220446049250313e-16,2.220446049250313e-16,2.220446049250313e-16,2.220446049250313e-16,2.220446049250313e-16,0.18484605733662912,0.39702469720977046,0.4385163600303059,2.220446049250313e-16,0.5377582196979749,2.220446049250313e-16,2.220446049250313e-16,2.220446049250313e-16,2.220446049250313e-16,0.3749726469891344,0.11350333474854712
32.0,0.49232032594396763,0.011368848207933824,2.220446049250313e-16,2.220446049250313e-16,0.10272038239659713,0.39284714774100327,2.220446049250313e-16,2.220446049250313e-16,2.220446049250313e-16,2.220446049250313e-16,0.4095123917688397,0.24345699666264273,0.0007878276036916035,2.220446049250313e-16,0.3595038440085354,2.220446049250313e-16,2.220446049250313e-16,2.220446049250313e-16,0.5890387169800685
33.0,0.022301614361417185,2.220446049250313e-16,0.23043087081453933,2.220446049250313e-16,2.220446049250313e-16,2.220446049250313e-16,0.0013174768242068527,0.5849586341634462,2.220446049250313e-16,0.3969734622086196,0.04434603528894779,0.307934304963787,0.5386728554656808,2.220446049250313e-16,2.220446049250313e-16,2.220446049250313e-16,2.220446049250313e-16,2.220446049250313e-16,0.17345721219631172
34.0,0.49141013530562894,2.220446049250313e-16,2.220446049250313e-16,0.17735528204322737,2.220446049250313e-16,2.220446049250313e-16,2.220446049250313e-16,0.015931659951232573,0.0010506348715396885,2.220446049250313e-16,0.40780517123044535,0.5080084126266263,2.220446049250313e-16,2.220446049250313e-16,2.220446049250313e-16,2.220446049250313e-16,2.220446049250313e-16,2.220446049250313e-16,0.6159633211629811
35.0,0.48280886738981543,2.220446049250313e-16,2.220446049250313e-16,2.220446049250313e-16,0.3594110838606161,0.3928471477410031,2.220446049250313e-16,2.220446049250313e-16,2.220446049250313e-16,0.39199144669104485,0.3903733788737925,2.220446049250313e-16,2.220446049250313e-16,2.220446049250313e-16,0.3595038440085354,0.479667106707163,0.37016925772069376,2.220446049250313e-16,2.220446049250313e-16
36.0,0.49708319576449983,0.015828055043547562,2.220446049250313e-16,0.28355041796818836,2.220446049250313e-16,2.220446049250313e-16,2.220446049250313e-16,2.220446049250313e-16,0.19245211644113136,0.3919914466910448,0.01403127048148722,2.220446049250313e-16,2.220446049250313e-16,2.7755575615628914e-17,2.220446049250313e-16,2.220446049250313e-16,2.220446049250313e-16,0.47016523738287824,0.5791000822791378
37.0,0.508025022387156,2.220446049250313e-16,0.2253108017201099,2.220446049250313e-16,2.220446049250313e-16,2.220446049250313e-16,2.220446049250313e-16,2.220446049250313e-16,0.18484605733662912,0.39702469720977046,0.4385163600303059,2.220446049250313e-16,0.5377582196979749,2.220446049250313e-16,2.220446049250313e-16,2.220446049250313e-16,2.220446049250313e-16,0.3749726469891344,0.11350333474854712
38.0,0.4928469476029772,2.220446049250313e-16,2.220446049250313e-16,0.14480350507423634,2.220446049250313e-16,2.220446049250313e-16,2.220446049250313e-16,2.220446049250313e-16,0.001664893163195489,0.39199144669104496,0.41053628314043417,2.220446049250313e-16,2.220446049250313e-16,2.220446049250313e-16,0.35950384400853547,2.220446049250313e-16,2.220446049250313e-16,0.3586247690651323,0.5729379541593601
39.0,0.49503513839581437,0.0018090337057302674,2.220446049250313e-16,2.220446049250313e-16,0.07648283478762744,2.220446049250313e-16,0.006045896657980491,0.18254324642186237,2.220446049250313e-16,2.220446049250313e-16,0.01032042091256,0.5812068517514986,0.0011706877585959457,2.220446049250313e-16,2.220446049250313e-16,2.220446049250313e-16,2.220446049250313e-16,2.220446049250313e-16,0.6375373055678858
40.0,0.491167079743655,0.0019323324823032895,2.220446049250313e-16,2.220446049250313e-16,0.07746317274903251,2.220446049250313e-16,2.220446049250313e-16,0.013834869802436369,2.220446049250313e-16,2.220446049250313e-16,0.40731462861504975,0.5786025123629744,0.0005385262968714653,2.220446049250313e-16,2.220446049250313e-16,2.220446049250313e-16,2.220446049250313e-16,2.220446049250313e-16,0.6236698732874506
41.0,0.49503513839581437,0.0018090337057302674,2.220446049250313e-16,2.220446049250313e-16,0.07648283478762744,2.220446049250313e-16,0.006045896657980491,0.18254324642186237,2.220446049250313e-16,2.220446049250313e-16,0.01032042091256,0.5812068517514986,0.0011706877585959457,2.220446049250313e-16,2.220446049250313e-16,2.220446049250313e-16,2.220446049250313e-16,2.220446049250313e-16,0.6375373055678858
42.0,0.49551106849833665,2.220446049250313e-16,2.220446049250313e-16,0.17685325543540142,2.220446049250313e-16,2.220446049250313e-16,0.006145813869054866,0.19116979618592989,0.0009618254093810206,0.3919914466910451,0.01126319530392091,0.2804160131052081,2.220446049250313e-16,2.220446049250313e-16,2.220446049250313e-16,2.220446049250313e-16,2.220446049250313e-16,2.220446049250313e-16,0.6227291338288802
43.0,0.49503513839581437,0.0018090337057301564,2.220446049250313e-16,2.220446049250313e-16,0.07648283478762744,2.220446049250313e-16,0.006045896657980504,0.18254324642186232,2.220446049250313e-16,2.220446049250313e-16,0.010320420912559946,0.5812068517514986,0.0011706877585959733,2.220446049250313e-16,2.220446049250313e-16,2.220446049250313e-16,2.220446049250313e-16,2.220446049250313e-16,0.6375373055678857
44.0,0.491167079743655,0.0019323324823032895,2.220446049250313e-16,2.220446049250313e-16,0.07746317274903251,2.220446049250313e-16,2.220446049250313e-16,0.013834869802436369,2.220446049250313e-16,2.220446049250313e-16,0.40731462861504975,0.5786025123629744,0.0005385262968714653,2.220446049250313e-16,2.220446049250313e-16,2.220446049250313e-16,2.220446049250313e-16,2.220446049250313e-16,0.6236698732874506
45.0,0.48280886738981543,2.220446049250313e-16,2.220446049250313e-16,2.220446049250313e-16,0.35941108386061604,2.220446049250313e-16,2.220446049250313e-16,2.220446049250313e-16,2.220446049250313e-16,0.3919914466910449,0.39037337887379253,2.220446049250313e-16,2.220446049250313e-16,2.220446049250313e-16,0.35950384400853547,0.47966710670716306,0.3701692577206937,0.3749726469891344,2.220446049250313e-16
46.0,6.537373982722537e-05,2.220446049250313e-16,0.5223292474096791,2.220446049250313e-16,0.35941108386061604,2.220446049250313e-16,2.220446049250313e-16,2.220446049250313e-16,0.3658478723137502,0.002075367860684709,2.220446049250313e-16,2.220446049250313e-16,0.5314336378442728,0.4908415709341582,2.220446049250313e-16,2.220446049250313e-16,2.220446049250313e-16,0.3749726469891344,2.220446049250313e-16
47.0,0.4827888297586858,2.220446049250313e-16,0.2982073698790685,2.220446049250313e-16,2.220446049250313e-16,2.220446049250313e-16,0.06580179624066523,2.220446049250313e-16,0.003858716976704459,2.220446049250313e-16,0.39037361494448153,2.220446049250313e-16,2.220446049250313e-16,2.220446049250313e-16,0.35950384400853547,0.4329864429629915,0.5571670570997794,0.3749726469891344,2.220446049250313e-16
48.0,0.49708319576449966,0.015828055043547562,2.220446049250313e-16,0.2835504179681882,2.220446049250313e-16,2.220446049250313e-16,2.220446049250313e-16,2.220446049250313e-16,0.19245211644113092,0.3919914466910449,0.014031270481487411,2.220446049250313e-16,2.220446049250313e-16,2.220446049250313e-16,2.220446049250313e-16,2.220446049250313e-16,2.220446049250313e-16,0.47016523738287785,0.5791000822791372
49.0,2.220446049250313e-16,2.220446049250313e-16,0.29817372773358064,2.220446049250313e-16,0.3594110838606161,2.220446049250313e-16,2.220446049250313e-16,0.38600523688715066,0.005071709699428939,2.220446049250313e-16,0.39606152740436934,2.220446049250313e-16,2.220446049250313e-16,2.220446049250313e-16,0.3595038440085354,0.47966710670716306,0.3701692577206937,0.37497264698913446,2.220446049250313e-16
50.0,0.4941311914704208,2.220446049250313e-16,0.2928175141835667,0.1439881653124841,2.220446049250313e-16,2.220446049250313e-16,2.220446049250313e-16,2.220446049250313e-16,0.19819399614285205,2.220446049250313e-16,0.41070876225912395,2.220446049250313e-16,2.220446049250313e-16,2.220446049250313e-16,2.220446049250313e-16,2.220446049250313e-16,2.220446049250313e-16,0.3587168184591361,0.5700006028197491
51.0,2.220446049250313e-16,2.220446049250313e-16,2.220446049250313e-16,2.220446049250313e-16,0.35941108386061604,2.220446049250313e-16,2.220446049250313e-16,0.38600523688715066,2.220446049250313e-16,0.3919914466910449,0.39606152740436934,2.220446049250313e-16,2.220446049250313e-16,2.220446049250313e-16,0.35950384400853547,0.47966710670716295,0.37016925772069376,0.3749726469891344,2.220446049250313e-16
52.0,0.5067077828821438,2.220446049250313e-16,0.23043838825396842,2.220446049250313e-16,2.220446049250313e-16,2.220446049250313e-16,2.220446049250313e-16,2.220446049250313e-16,2.220446049250313e-16,0.39697362103871386,0.43835237541715993,2.220446049250313e-16,0.5377017122823178,2.220446049250313e-16,0.3595038440085355,2.220446049250313e-16,2.220446049250313e-16,0.3749726469891344,0.1163157260980963
53.0,0.006983151925878518,2.220446049250313e-16,0.23455849683465468,2.220446049250313e-16,2.220446049250313e-16,0.39284714774100304,2.220446049250313e-16,0.3767357983059315,2.220446049250313e-16,0.3970606715885081,0.418136055382341,2.220446049250313e-16,0.005443966711340921,2.220446049250313e-16,0.35950384400853547,2.220446049250313e-16,2.220446049250313e-16,2.220446049250313e-16,0.5433837765494417
54.0,0.4866153736806612,0.02356165195063875,0.5272652689924752,0.11357766919815024,0.35941108386061593,2.220446049250313e-16,2.220446049250313e-16,2.220446049250313e-16,0.1908748868562659,0.0020287588913781773,2.220446049250313e-16,2.220446049250313e-16,0.5207466734464062,2.220446049250313e-16,2.220446049250313e-16,2.220446049250313e-16,2.220446049250313e-16,0.4890623974179594,2.220446049250313e-16
55.0,0.48280886738981543,2.220446049250313e-16,2.220446049250313e-16,2.220446049250313e-16,0.35941108386061604,2.220446049250313e-16,2.220446049250313e-16,2.220446049250313e-16,2.220446049250313e-16,0.3919914466910449,0.39037337887379253,2.220446049250313e-16,2.220446049250313e-16,2.220446049250313e-16,0.35950384400853547,0.47966710670716306,0.3701692577206937,0.3749726469891344,2.220446049250313e-16
56.0,0.49291517075012553,2.220446049250313e-16,2.220446049250313e-16,0.18070751542945174,2.220446049250313e-16,0.3928471477410033,2.220446049250313e-16,2.220446049250313e-16,0.0015710436867720989,0.39199144669104485,0.4106726462490407,2.220446049250313e-16,2.220446049250313e-16,2.220446049250313e-16,0.35950384400853547,2.220446049250313e-16,2.220446049250313e-16,2.220446049250313e-16,0.5707903667988328
57.0,0.019647681231906525,2.220446049250313e-16,0.23043378861989533,2.220446049250313e-16,2.220446049250313e-16,2.220446049250313e-16,2.220446049250313e-16,0.38385619502045065,2.220446049250313e-16,0.3969735238566456,0.4435904064706587,2.220446049250313e-16,0.5382959177055315,2.220446049250313e-16,0.3595038440085354,2.220446049250313e-16,2.220446049250313e-16,0.3749726469891344,0.12412677077589927
58.0,0.4854063804563106,0.02352805646704048,0.532560626241116,0.11459674445262619,0.359411083860616,2.220446049250313e-16,2.220446049250313e-16,2.220446049250313e-16,2.220446049250313e-16,0.0019760280986222283,2.220446049250313e-16,2.220446049250313e-16,0.5206195460816379,2.220446049250313e-16,0.3595038440085355,2.220446049250313e-16,2.220446049250313e-16,0.4889486164621313,2.220446049250313e-16
59.0,0.48400416941671115,2.220446049250313e-16,0.2928983899585767,2.220446049250313e-16,0.35941108386061604,2.220446049250313e-16,2.220446049250313e-16,2.220446049250313e-16,0.19527795957295155,2.220446049250313e-16,0.3903592965817571,2.220446049250313e-16,2.220446049250313e-16,2.220446049250313e-16,2.220446049250313e-16,0.47966710670716306,0.3701692577206937,0.3749726469891344,2.220446049250313e-16
60.0,2.220446049250313e-16,0.4742032485655694,0.2811861322170754,0.2216269257282843,0.3475182889299304,2.220446049250313e-16,2.220446049250313e-16,2.220446049250313e-16,0.5523316957626739,2.220446049250313e-16,2.220446049250313e-16,2.220446049250313e-16,0.23370638559038037,2.220446049250313e-16,2.220446049250313e-16,2.220446049250313e-16,2.220446049250313e-16,2.220446049250313e-16,0.20625972183321695
61.0,3.261254913006648e-05,2.220446049250313e-16,2.220446049250313e-16,2.220446049250313e-16,2.220446049250313e-16,2.220446049250313e-16,0.595788080946044,2.220446049250313e-16,0.5399756455879047,2.220446049250313e-16,2.220446049250313e-16,2.220446049250313e-16,2.220446049250313e-16,0.4908415709341582,2.220446049250313e-16,2.220446049250313e-16,0.3055164369729773,2.220446049250313e-16,2.220446049250313e-16
62.0,3.261254913006648e-05,2.220446049250313e-16,2.220446049250313e-16,2.220446049250313e-16,2.220446049250313e-16,2.220446049250313e-16,0.595788080946044,2.220446049250313e-16,0.5399756455879047,2.220446049250313e-16,2.220446049250313e-16,2.220446049250313e-16,2.220446049250313e-16,0.4908415709341582,2.220446049250313e-16,2.220446049250313e-16,0.3055164369729773,2.220446049250313e-16,2.220446049250313e-16
63.0,0.00010041752346667106,2.220446049250313e-16,0.5215873976001031,0.09409337724268378,2.220446049250313e-16,5.551115123125783e-17,2.220446049250313e-16,2.220446049250313e-16,0.5409031781517228,0.002210663196869856,2.220446049250313e-16,2.220446049250313e-16,2.220446049250313e-16,0.4908415709341582,2.220446049250313e-16,0.60439637512501,2.220446049250313e-16,2.220446049250313e-16,2.220446049250313e-16
64.0,0.00010041752346667106,2.220446049250313e-16,0.5215873976001031,0.09409337724268378,2.220446049250313e-16,5.551115123125783e-17,2.220446049250313e-16,2.220446049250313e-16,0.5409031781517228,0.002210663196869856,2.220446049250313e-16,2.220446049250313e-16,2.220446049250313e-16,0.4908415709341582,2.220446049250313e-16,0.60439637512501,2.220446049250313e-16,2.220446049250313e-16,2.220446049250313e-16
65.0,0.4860204006831684,2.220446049250313e-16,2.220446049250313e-16,2.220446049250313e-16,2.220446049250313e-16,2.220446049250313e-16,0.5957399423212955,2.220446049250313e-16,0.5387551964024382,2.220446049250313e-16,2.220446049250313e-16,2.220446049250313e-16,2.220446049250313e-16,2.220446049250313e-16,2.220446049250313e-16,6.162975822039155e-33,0.30553929438480004,1.7791719996439506e-18,2.220446049250313e-16
66.0,2.220446049250313e-16,0.4957710466692431,2.220446049250313e-16,2.220446049250313e-16,0.48310872929180526,0.3928471477410032,2.220446049250313e-16,2.220446049250313e-16,2.220446049250313e-16,2.220446049250313e-16,0.38062671722281566,0.2375614156916462,0.2705830896985347,2.220446049250313e-16,0.35950384400853547,2.220446049250313e-16,2.220446049250313e-16,2.220446049250313e-16,0.23232123474529665
67.0,2.220446049250313e-16,0.4957710466692431,2.220446049250313e-16,2.220446049250313e-16,0.48310872929180526,0.3928471477410032,2.220446049250313e-16,2.220446049250313e-16,2.220446049250313e-16,2.220446049250313e-16,0.38062671722281566,0.2375614156916462,0.2705830896985347,2.220446049250313e-16,0.35950384400853547,2.220446049250313e-16,2.220446049250313e-16,2.220446049250313e-16,0.23232123474529665
68.0,2.220446049250313e-16,0.5014629408381206,2.220446049250313e-16,0.7858290752925853,2.220446049250313e-16,2.220446049250313e-16,2.220446049250313e-16,2.220446049250313e-16,2.220446049250313e-16,2.220446049250313e-16,2.220446049250313e-16,0.49205145803815475,0.18767918239950274,2.220446049250313e-16,2.220446049250313e-16,0.15978653317129027,2.220446049250313e-16,0.020134908540428823,2.220446049250313e-16
69.0,2.220446049250313e-16,0.5014629408381206,2.220446049250313e-16,0.7858290752925853,2.220446049250313e-16,2.220446049250313e-16,2.220446049250313e-16,2.220446049250313e-16,2.220446049250313e-16,2.220446049250313e-16,2.220446049250313e-16,0.49205145803815475,0.18767918239950274,2.220446049250313e-16,2.220446049250313e-16,0.15978653317129027,2.220446049250313e-16,0.020134908540428823,2.220446049250313e-16
70.0,2.220446049250313e-16,0.0072759081906857105,2.220446049250313e-16,0.1873246457079636,0.322412030253502,1.1102230246251565e-16,2.220446049250313e-16,2.220446049250313e-16,0.5443220363907125,2.220446049250313e-16,2.220446049250313e-16,0.16821911610932203,2.220446049250313e-16,0.49084157093415814,2.220446049250313e-16,2.220446049250313e-16,2.220446049250313e-16,2.220446049250313e-16,0.43920036231878185
71.0,0.00023245459692726098,2.220446049250313e-16,2.220446049250313e-16,3.3306690738754696e-16,2.220446049250313e-16,2.220446049250313e-16,0.5978716326728027,0.5414749411492411,2.220446049250313e-16,2.220446049250313e-16,2.220446049250313e-16,0.2670334151492036,2.220446049250313e-16,1.232595164407831e-32,0.35950384400853547,2.220446049250313e-16,0.3045271149862836,2.220446049250313e-16,2.220446049250313e-16
72.0,0.00023245459692726098,2.220446049250313e-16,2.220446049250313e-16,3.3306690738754696e-16,2.220446049250313e-16,2.220446049250313e-16,0.5978716326728027,0.5414749411492411,2.220446049250313e-16,2.220446049250313e-16,2.220446049250313e-16,0.2670334151492036,2.220446049250313e-16,1.232595164407831e-32,0.35950384400853547,2.220446049250313e-16,0.3045271149862836,2.220446049250313e-16,2.220446049250313e-16
73.0,0.00023245459692726098,2.220446049250313e-16,2.220446049250313e-16,3.3306690738754696e-16,2.220446049250313e-16,2.220446049250313e-16,0.5978716326728027,0.5414749411492411,2.220446049250313e-16,2.220446049250313e-16,2.220446049250313e-16,0.2670334151492036,2.220446049250313e-16,1.232595164407831e-32,0.35950384400853547,2.220446049250313e-16,0.3045271149862836,2.220446049250313e-16,2.220446049250313e-16
74.0,0.00023245459692726098,2.220446049250313e-16,2.220446049250313e-16,3.3306690738754696e-16,2.220446049250313e-16,2.220446049250313e-16,0.5978716326728027,0.5414749411492411,2.220446049250313e-16,2.220446049250313e-16,2.220446049250313e-16,0.2670334151492036,2.220446049250313e-16,1.232595164407831e-32,0.35950384400853547,2.220446049250313e-16,0.3045271149862836,2.220446049250313e-16,2.220446049250313e-16
75.0,0.00023245459692726098,2.220446049250313e-16,2.220446049250313e-16,3.3306690738754696e-16,2.220446049250313e-16,2.220446049250313e-16,0.5978716326728027,0.5414749411492411,2.220446049250313e-16,2.220446049250313e-16,2.220446049250313e-16,0.2670334151492036,2.220446049250313e-16,1.232595164407831e-32,0.35950384400853547,2.220446049250313e-16,0.3045271149862836,2.220446049250313e-16,2.220446049250313e-16
76.0,0.00023245459692726098,2.220446049250313e-16,2.220446049250313e-16,3.3306690738754696e-16,2.220446049250313e-16,2.220446049250313e-16,0.5978716326728027,0.5414749411492411,2.220446049250313e-16,2.220446049250313e-16,2.220446049250313e-16,0.2670334151492036,2.220446049250313e-16,1.232595164407831e-32,0.35950384400853547,2.220446049250313e-16,0.3045271149862836,2.220446049250313e-16,2.220446049250313e-16
77.0,2.220446049250313e-16,0.5295746880717715,2.220446049250313e-16,0.12980024501944787,0.4939091740618366,0.39284714774100293,2.220446049250313e-16,2.220446049250313e-16,2.220446049250313e-16,2.220446049250313e-16,2.220446049250313e-16,0.25577610409300117,0.5182128697953416,2.220446049250313e-16,0.3595038440085352,2.220446049250313e-16,2.220446049250313e-16,0.09313624882357896,0.02308159602235535
78.0,2.220446049250313e-16,0.5295746880717715,2.220446049250313e-16,0.12980024501944787,0.4939091740618366,0.39284714774100293,2.220446049250313e-16,2.220446049250313e-16,2.220446049250313e-16,2.220446049250313e-16,2.220446049250313e-16,0.25577610409300117,0.5182128697953416,2.220446049250313e-16,0.3595038440085352,2.220446049250313e-16,2.220446049250313e-16,0.09313624882357896,0.02308159602235535
79.0,2.220446049250313e-16,0.49135667164306823,2.220446049250313e-16,0.6702846716765473,2.220446049250313e-16,2.220446049250313e-16,2.220446049250313e-16,2.220446049250313e-16,0.00033541432254120503,0.3919914466910447,5.551115123125783e-17,0.2618415754512906,2.220446049250313e-16,2.220446049250313e-16,2.220446049250313e-16,0.4729377799111683,2.220446049250313e-16,0.03356143407461591,2.220446049250313e-16
80.0,2.220446049250313e-16,0.49135667164306823,2.220446049250313e-16,0.6702846716765473,2.220446049250313e-16,2.220446049250313e-16,2.220446049250313e-16,2.220446049250313e-16,0.00033541432254120503,0.3919914466910447,5.551115123125783e-17,0.2618415754512906,2.220446049250313e-16,2.220446049250313e-16,2.220446049250313e-16,0.4729377799111683,2.220446049250313e-16,0.03356143407461591,2.220446049250313e-16
81.0,0.01610041400596516,2.220446049250313e-16,0.28120885518173516,0.2299866280528474,2.220446049250313e-16,2.220446049250313e-16,2.220446049250313e-16,2.220446049250313e-16,0.5502581640496145,2.220446049250313e-16,0.03217992174918717,2.220446049250313e-16,0.2381993551230793,0.49084157093415814,2.220446049250313e-16,2.220446049250313e-16,2.220446049250313e-16,2.220446049250313e-16,0.37545209969355964
82.0,5.788132135109058e-05,2.220446049250313e-16,0.2831904700973087,2.220446049250313e-16,2.220446049250313e-16,2.220446049250313e-16,0.2408294430816635,2.220446049250313e-16,0.5453042725105751,2.220446049250313e-16,2.220446049250313e-16,2.220446049250313e-16,2.220446049250313e-16,0.49084157093415814,2.220446049250313e-16,0.2867896804841611,0.47405959349558946,2.220446049250313e-16,2.220446049250313e-16
83.0,5.788132135109058e-05,2.220446049250313e-16,0.2831904700973087,2.220446049250313e-16,2.220446049250313e-16,2.220446049250313e-16,0.2408294430816635,2.220446049250313e-16,0.5453042725105751,2.220446049250313e-16,2.220446049250313e-16,2.220446049250313e-16,2.220446049250313e-16,0.49084157093415814,2.220446049250313e-16,0.2867896804841611,0.47405959349558946,2.220446049250313e-16,2.220446049250313e-16
84.0,0.00010041752346667106,2.220446049250313e-16,0.5215873976001031,0.09409337724268378,2.220446049250313e-16,5.551115123125783e-17,2.220446049250313e-16,2.220446049250313e-16,0.5409031781517228,0.002210663196869856,2.220446049250313e-16,2.220446049250313e-16,2.220446049250313e-16,0.4908415709341582,2.220446049250313e-16,0.60439637512501,2.220446049250313e-16,2.220446049250313e-16,2.220446049250313e-16
85.0,0.00010041752346667106,2.220446049250313e-16,0.5215873976001031,0.09409337724268378,2.220446049250313e-16,5.551115123125783e-17,2.220446049250313e-16,2.220446049250313e-16,0.5409031781517228,0.002210663196869856,2.220446049250313e-16,2.220446049250313e-16,2.220446049250313e-16,0.4908415709341582,2.220446049250313e-16,0.60439637512501,2.220446049250313e-16,2.220446049250313e-16,2.220446049250313e-16
86.0,0.4860204006831684,2.220446049250313e-16,2.220446049250313e-16,2.220446049250313e-16,2.220446049250313e-16,2.220446049250313e-16,0.5957399423212955,2.220446049250313e-16,0.5387551964024382,2.220446049250313e-16,2.220446049250313e-16,2.220446049250313e-16,2.220446049250313e-16,2.220446049250313e-16,2.220446049250313e-16,6.162975822039155e-33,0.30553929438480004,1.7791719996439506e-18,2.220446049250313e-16
87.0,2.220446049250313e-16,0.4914463434416921,2.220446049250313e-16,0.16550233328486585,0.3235200725719084,2.220446049250313e-16,2.220446049250313e-16,2.220446049250313e-16,0.5443853039329625,2.220446049250313e-16,2.220446049250313e-16,0.15161336795452457,2.220446049250313e-16,2.220446049250313e-16,2.220446049250313e-16,2.220446049250313e-16,2.220446049250313e-16,2.220446049250313e-16,0.4399714625698373
88.0,0.0002456650058308997,2.220446049250313e-16,2.220446049250313e-16,2.220446049250313e-16,2.220446049250313e-16,0.39284714774100316,0.5979060611654475,0.5467180974394229,2.220446049250313e-16,2.220446049250313e-16,2.220446049250313e-16,2.220446049250313e-16,2.220446049250313e-16,2.220446049250313e-16,0.35950384400853547,2.220446049250313e-16,0.3045107674848969,2.220446049250313e-16,2.220446049250313e-16
89.0,0.0002456650058308997,2.220446049250313e-16,2.220446049250313e-16,2.220446049250313e-16,2.220446049250313e-16,0.39284714774100316,0.5979060611654475,0.5467180974394229,2.220446049250313e-16,2.220446049250313e-16,2.220446049250313e-16,2.220446049250313e-16,2.220446049250313e-16,2.220446049250313e-16,0.35950384400853547,2.220446049250313e-16,0.3045107674848969,2.220446049250313e-16,2.220446049250313e-16
90.0,0.0002456650058308997,2.220446049250313e-16,2.220446049250313e-16,2.220446049250313e-16,2.220446049250313e-16,0.39284714774100316,0.5979060611654475,0.5467180974394229,2.220446049250313e-16,2.220446049250313e-16,2.220446049250313e-16,2.220446049250313e-16,2.220446049250313e-16,2.220446049250313e-16,0.35950384400853547,2.220446049250313e-16,0.3045107674848969,2.220446049250313e-16,2.220446049250313e-16
91.0,0.0002456650058308997,2.220446049250313e-16,2.220446049250313e-16,2.220446049250313e-16,2.220446049250313e-16,0.39284714774100316,0.5979060611654475,0.5467180974394229,2.220446049250313e-16,2.220446049250313e-16,2.220446049250313e-16,2.220446049250313e-16,2.220446049250313e-16,2.220446049250313e-16,0.35950384400853547,2.220446049250313e-16,0.3045107674848969,2.220446049250313e-16,2.220446049250313e-16
92.0,0.0002456650058308997,2.220446049250313e-16,2.220446049250313e-16,2.220446049250313e-16,2.220446049250313e-16,0.39284714774100316,0.5979060611654475,0.5467180974394229,2.220446049250313e-16,2.220446049250313e-16,2.220446049250313e-16,2.220446049250313e-16,2.220446049250313e-16,2.220446049250313e-16,0.35950384400853547,2.220446049250313e-16,0.3045107674848969,2.220446049250313e-16,2.220446049250313e-16
93.0,0.0002456650058308997,2.220446049250313e-16,2.220446049250313e-16,2.220446049250313e-16,2.220446049250313e-16,0.39284714774100316,0.5979060611654475,0.5467180974394229,2.220446049250313e-16,2.220446049250313e-16,2.220446049250313e-16,2.220446049250313e-16,2.220446049250313e-16,2.220446049250313e-16,0.35950384400853547,2.220446049250313e-16,0.3045107674848969,2.220446049250313e-16,2.220446049250313e-16
94.0,2.220446049250313e-16,2.220446049250313e-16,2.220446049250313e-16,0.18857036735673924,0.33480086990647256,2.220446049250313e-16,2.220446049250313e-16,2.220446049250313e-16,0.5444646004643199,0.39199144669104496,2.220446049250313e-16,2.220446049250313e-16,2.220446049250313e-16,0.49084157093415826,2.220446049250313e-16,2.220446049250313e-16,2.220446049250313e-16,2.220446049250313e-16,0.42682110588995725
95.0,0.0002456650058308997,2.220446049250313e-16,2.220446049250313e-16,2.220446049250313e-16,2.220446049250313e-16,0.39284714774100316,0.5979060611654475,0.5467180974394229,2.220446049250313e-16,2.220446049250313e-16,2.220446049250313e-16,2.220446049250313e-16,2.220446049250313e-16,2.220446049250313e-16,0.35950384400853547,2.220446049250313e-16,0.3045107674848969,2.220446049250313e-16,2.220446049250313e-16
96.0,0.0002456650058308997,2.220446049250313e-16,2.220446049250313e-16,2.220446049250313e-16,2.220446049250313e-16,0.39284714774100316,0.5979060611654475,0.5467180974394229,2.220446049250313e-16,2.220446049250313e-16,2.220446049250313e-16,2.220446049250313e-16,2.220446049250313e-16,2.220446049250313e-16,0.35950384400853547,2.220446049250313e-16,0.3045107674848969,2.220446049250313e-16,2.220446049250313e-16
97.0,0.0002456650058308997,2.220446049250313e-16,2.220446049250313e-16,2.220446049250313e-16,2.220446049250313e-16,0.39284714774100316,0.5979060611654475,0.5467180974394229,2.220446049250313e-16,2.220446049250313e-16,2.220446049250313e-16,2.220446049250313e-16,2.220446049250313e-16,2.220446049250313e-16,0.35950384400853547,2.220446049250313e-16,0.3045107674848969,2.220446049250313e-16,2.220446049250313e-16
98.0,0.0002456650058308997,2.220446049250313e-16,2.220446049250313e-16,2.220446049250313e-16,2.220446049250313e-16,0.39284714774100316,0.5979060611654475,0.5467180974394229,2.220446049250313e-16,2.220446049250313e-16,2.220446049250313e-16,2.220446049250313e-16,2.220446049250313e-16,2.220446049250313e-16,0.35950384400853547,2.220446049250313e-16,0.3045107674848969,2.220446049250313e-16,2.220446049250313e-16
99.0,0.0002456650058308997,2.220446049250313e-16,2.220446049250313e-16,2.220446049250313e-16,2.220446049250313e-16,0.39284714774100316,0.5979060611654475,0.5467180974394229,2.220446049250313e-16,2.220446049250313e-16,2.220446049250313e-16,2.220446049250313e-16,2.220446049250313e-16,2.220446049250313e-16,0.35950384400853547,2.220446049250313e-16,0.3045107674848969,2.220446049250313e-16,2.220446049250313e-16
100.0,0.0002456650058308997,2.220446049250313e-16,2.220446049250313e-16,2.220446049250313e-16,2.220446049250313e-16,0.39284714774100316,0.5979060611654475,0.5467180974394229,2.220446049250313e-16,2.220446049250313e-16,2.220446049250313e-16,2.220446049250313e-16,2.220446049250313e-16,2.220446049250313e-16,0.35950384400853547,2.220446049250313e-16,0.3045107674848969,2.220446049250313e-16,2.220446049250313e-16
101.0,2.220446049250313e-16,2.220446049250313e-16,2.220446049250313e-16,0.20647045844367984,0.49049108963864413,2.220446049250313e-16,2.220446049250313e-16,2.220446049250313e-16,2.220446049250313e-16,0.39186850427904074,0.39493561067087557,0.32420099877078984,0.5108194810232527,0.4908415709341582,2.220446049250313e-16,2.220446049250313e-16,2.220446049250313e-16,2.220446049250313e-16,2.220446049250313e-16
102.0,2.220446049250313e-16,2.220446049250313e-16,2.220446049250313e-16,0.20647045844367984,0.49049108963864413,2.220446049250313e-16,2.220446049250313e-16,2.220446049250313e-16,2.220446049250313e-16,0.39186850427904074,0.39493561067087557,0.32420099877078984,0.5108194810232527,0.4908415709341582,2.220446049250313e-16,2.220446049250313e-16,2.220446049250313e-16,2.220446049250313e-16,2.220446049250313e-16
103.0,2.220446049250313e-16,0.5092338088887768,2.220446049250313e-16,0.7851292063145379,2.220446049250313e-16,0.39284714774100304,2.220446049250313e-16,2.220446049250313e-16,2.220446049250313e-16,2.220446049250313e-16,2.220446049250313e-16,0.21280966885560648,0.1877077879310408,2.7755575615628914e-17,2.220446049250313e-16,0.159946208948373,2.220446049250313e-16,0.019920263765585738,0.004475777251964383
104.0,2.220446049250313e-16,0.5092338088887768,2.220446049250313e-16,0.7851292063145379,2.220446049250313e-16,0.39284714774100304,2.220446049250313e-16,2.220446049250313e-16,2.220446049250313e-16,2.220446049250313e-16,2.220446049250313e-16,0.21280966885560648,0.1877077879310408,2.7755575615628914e-17,2.220446049250313e-16,0.159946208948373,2.220446049250313e-16,0.019920263765585738,0.004475777251964383
105.0,2.220446049250313e-16,2.220446049250313e-16,2.220446049250313e-16,0.15520785813439658,0.4640619500938387,2.220446049250313e-16,2.220446049250313e-16,2.220446049250313e-16,2.220446049250313e-16,2.220446049250313e-16,0.38258157636598233,0.5370376467020593,0.2571500377149852,0.4908415709341582,2.220446049250313e-16,2.220446049250313e-16,2.220446049250313e-16,2.220446049250313e-16,0.20217806421590023
106.0,2.220446049250313e-16,2.220446049250313e-16,2.220446049250313e-16,0.15520785813439658,0.4640619500938387,2.220446049250313e-16,2.220446049250313e-16,2.220446049250313e-16,2.220446049250313e-16,2.220446049250313e-16,0.38258157636598233,0.5370376467020593,0.2571500377149852,0.4908415709341582,2.220446049250313e-16,2.220446049250313e-16,2.220446049250313e-16,2.220446049250313e-16,0.20217806421590023
107.0,2.220446049250313e-16,0.5014629408381206,2.220446049250313e-16,0.7858290752925853,2.220446049250313e-16,2.220446049250313e-16,2.220446049250313e-16,2.220446049250313e-16,2.220446049250313e-16,2.220446049250313e-16,2.220446049250313e-16,0.49205145803815475,0.18767918239950274,2.220446049250313e-16,2.220446049250313e-16,0.15978653317129027,2.220446049250313e-16,0.020134908540428823,2.220446049250313e-16
108.0,2.220446049250313e-16,0.5014629408381206,2.220446049250313e-16,0.7858290752925853,2.220446049250313e-16,2.220446049250313e-16,2.220446049250313e-16,2.220446049250313e-16,2.220446049250313e-16,2.220446049250313e-16,2.220446049250313e-16,0.49205145803815475,0.18767918239950274,2.220446049250313e-16,2.220446049250313e-16,0.15978653317129027,2.220446049250313e-16,0.020134908540428823,2.220446049250313e-16
109.0,2.220446049250313e-16,2.220446049250313e-16,0.2812029089886412,0.24307717569913956,0.3474903664640272,2.220446049250313e-16,2.220446049250313e-16,2.220446049250313e-16,0.5522544985517163,2.220446049250313e-16,2.220446049250313e-16,2.220446049250313e-16,0.2318160363432383,0.49084157093415814,2.220446049250313e-16,2.220446049250313e-16,2.220446049250313e-16,2.220446049250313e-16,0.2067439881544404
110.0,3.261254913006648e-05,2.220446049250313e-16,2.220446049250313e-16,2.220446049250313e-16,2.220446049250313e-16,2.220446049250313e-16,0.595788080946044,2.220446049250313e-16,0.5399756455879047,2.220446049250313e-16,2.220446049250313e-16,2.220446049250313e-16,2.220446049250313e-16,0.4908415709341582,2.220446049250313e-16,2.220446049250313e-16,0.3055164369729773,2.220446049250313e-16,2.220446049250313e-16
111.0,3.261254913006648e-05,2.220446049250313e-16,2.220446049250313e-16,2.220446049250313e-16,2.220446049250313e-16,2.220446049250313e-16,0.595788080946044,2.220446049250313e-16,0.5399756455879047,2.220446049250313e-16,2.220446049250313e-16,2.220446049250313e-16,2.220446049250313e-16,0.4908415709341582,2.220446049250313e-16,2.220446049250313e-16,0.3055164369729773,2.220446049250313e-16,2.220446049250313e-16
112.0,0.00010041752346667106,2.220446049250313e-16,0.5215873976001031,0.09409337724268378,2.220446049250313e-16,5.551115123125783e-17,2.220446049250313e-16,2.220446049250313e-16,0.5409031781517228,0.002210663196869856,2.220446049250313e-16,2.220446049250313e-16,2.220446049250313e-16,0.4908415709341582,2.220446049250313e-16,0.60439637512501,2.220446049250313e-16,2.220446049250313e-16,2.220446049250313e-16
113.0,0.00010041752346667106,2.220446049250313e-16,0.5215873976001031,0.09409337724268378,2.220446049250313e-16,5.551115123125783e-17,2.220446049250313e-16,2.220446049250313e-16,0.5409031781517228,0.002210663196869856,2.220446049250313e-16,2.220446049250313e-16,2.220446049250313e-16,0.4908415709341582,2.220446049250313e-16,0.60439637512501,2.220446049250313e-16,2.220446049250313e-16,2.220446049250313e-16
114.0,0.4860204006831684,2.220446049250313e-16,2.220446049250313e-16,2.220446049250313e-16,2.220446049250313e-16,2.220446049250313e-16,0.5957399423212955,2.220446049250313e-16,0.5387551964024382,2.220446049250313e-16,2.220446049250313e-16,2.220446049250313e-16,2.220446049250313e-16,2.220446049250313e-16,2.220446049250313e-16,6.162975822039155e-33,0.30553929438480004,1.7791719996439506e-18,2.220446049250313e-16
115.0,2.220446049250313e-16,0.49553699940368895,2.220446049250313e-16,2.220446049250313e-16,0.4722512266593132,2.220446049250313e-16,2.220446049250313e-16,2.220446049250313e-16,0.5423246138038944,1.942890293094024e-16,2.220446049250313e-16,0.21795348518305685,2.220446049250313e-16,2.220446049250313e-16,2.220446049250313e-16,2.220446049250313e-16,2.220446049250313e-16,2.220446049250313e-16,0.4442274724170013
116.0,0.2523487120296486,0.022437010080857998,0.2982049096371667,0.14769221606238922,2.7755575615628914e-17,2.220446049250313e-16,0.06582462206185963,2.220446049250313e-16,0.003947422838953199,2.220446049250313e-16,2.220446049250313e-16,2.220446049250313e-16,2.220446049250313e-16,0.2581686306011589,0.35950384400853547,0.39929032253365143,0.5571562188342924,0.4852534679666592,2.220446049250313e-16
117.0,0.2523487120296486,0.022437010080857998,0.2982049096371667,0.14769221606238922,2.7755575615628914e-17,2.220446049250313e-16,0.06582462206185963,2.220446049250313e-16,0.003947422838953199,2.220446049250313e-16,2.220446049250313e-16,2.220446049250313e-16,2.220446049250313e-16,0.2581686306011589,0.35950384400853547,0.39929032253365143,0.5571562188342924,0.4852534679666592,2.220446049250313e-16
118.0,0.2523487120296486,0.022437010080857998,0.2982049096371667,0.14769221606238922,2.7755575615628914e-17,2.220446049250313e-16,0.06582462206185963,2.220446049250313e-16,0.003947422838953199,2.220446049250313e-16,2.220446049250313e-16,2.220446049250313e-16,2.220446049250313e-16,0.2581686306011589,0.35950384400853547,0.39929032253365143,0.5571562188342924,0.4852534679666592,2.220446049250313e-16
119.0,2.220446049250313e-16,2.220446049250313e-16,2.220446049250313e-16,2.220446049250313e-16,2.220446049250313e-16,0.39284714774100316,0.5973660236888758,0.5840531448903814,2.220446049250313e-16,2.220446049250313e-16,2.220446049250313e-16,0.04104507749817847,2.220446049250313e-16,2.220446049250313e-16,2.220446049250313e-16,2.220446049250313e-16,0.3047671906599726,2.220446049250313e-16,0.04518520875291199
120.0,2.220446049250313e-16,2.220446049250313e-16,2.220446049250313e-16,2.220446049250313e-16,2.220446049250313e-16,0.39284714774100316,0.5973660236888758,0.5840531448903814,2.220446049250313e-16,2.220446049250313e-16,2.220446049250313e-16,0.04104507749817847,2.220446049250313e-16,2.220446049250313e-16,2.220446049250313e-16,2.220446049250313e-16,0.3047671906599726,2.220446049250313e-16,0.04518520875291199
121.0,0.2523487120296486,0.022437010080857998,0.2982049096371667,0.14769221606238922,2.7755575615628914e-17,2.220446049250313e-16,0.06582462206185963,2.220446049250313e-16,0.003947422838953199,2.220446049250313e-16,2.220446049250313e-16,2.220446049250313e-16,2.220446049250313e-16,0.2581686306011589,0.35950384400853547,0.39929032253365143,0.5571562188342924,0.4852534679666592,2.220446049250313e-16
122.0,2.220446049250313e-16,0.47534955915412186,2.220446049250313e-16,0.167237731722933,0.3348287845663687,2.220446049250313e-16,1.3877787807814457e-17,2.220446049250313e-16,0.5445411180912676,0.3919914466910449,2.220446049250313e-16,2.220446049250313e-16,2.220446049250313e-16,2.220446049250313e-16,2.220446049250313e-16,2.220446049250313e-16,2.220446049250313e-16,2.220446049250313e-16,0.42633697495026945
123.0,0.0002456650058308997,2.220446049250313e-16,2.220446049250313e-16,2.220446049250313e-16,2.220446049250313e-16,0.39284714774100316,0.5979060611654475,0.5467180974394229,2.220446049250313e-16,2.220446049250313e-16,2.220446049250313e-16,2.220446049250313e-16,2.220446049250313e-16,2.220446049250313e-16,0.35950384400853547,2.220446049250313e-16,0.3045107674848969,2.220446049250313e-16,2.220446049250313e-16
124.0,0.0002456650058308997,2.220446049250313e-16,2.220446049250313e-16,2.220446049250313e-16,2.220446049250313e-16,0.39284714774100316,0.5979060611654475,0.5467180974394229,2.220446049250313e-16,2.220446049250313e-16,2.220446049250313e-16,2.220446049250313e-16,2.220446049250313e-16,2.220446049250313e-16,0.35950384400853547,2.220446049250313e-16,0.3045107674848969,2.220446049250313e-16,2.220446049250313e-16
125.0,0.0002456650058308997,2.220446049250313e-16,2.220446049250313e-16,2.220446049250313e-16,2.220446049250313e-16,0.39284714774100316,0.5979060611654475,0.5467180974394229,2.220446049250313e-16,2.220446049250313e-16,2.220446049250313e-16,2.220446049250313e-16,2.220446049250313e-16,2.220446049250313e-16,0.35950384400853547,2.220446049250313e-16,0.3045107674848969,2.220446049250313e-16,2.220446049250313e-16
126.0,0.0002456650058308997,2.220446049250313e-16,2.220446049250313e-16,2.220446049250313e-16,2.220446049250313e-16,0.39284714774100316,0.5979060611654475,0.5467180974394229,2.220446049250313e-16,2.220446049250313e-16,2.220446049250313e-16,2.220446049250313e-16,2.220446049250313e-16,2.220446049250313e-16,0.35950384400853547,2.220446049250313e-16,0.3045107674848969,2.220446049250313e-16,2.220446049250313e-16
127.0,0.00024566500583076474,2.220446049250313e-16,2.220446049250313e-16,2.220446049250313e-16,1.3877787807814457e-17,0.39284714774100327,0.5979060611654474,0.5467180974394222,2.220446049250313e-16,2.220446049250313e-16,2.220446049250313e-16,2.220446049250313e-16,2.220446049250313e-16,2.220446049250313e-16,0.35950384400853547,2.220446049250313e-16,0.30451076748489675,2.220446049250313e-16,2.220446049250313e-16
128.0,0.00024566500583076474,2.220446049250313e-16,2.220446049250313e-16,2.220446049250313e-16,1.3877787807814457e-17,0.39284714774100327,0.5979060611654474,0.5467180974394222,2.220446049250313e-16,2.220446049250313e-16,2.220446049250313e-16,2.220446049250313e-16,2.220446049250313e-16,2.220446049250313e-16,0.35950384400853547,2.220446049250313e-16,0.30451076748489675,2.220446049250313e-16,2.220446049250313e-16
129.0,2.220446049250313e-16,0.5156534264947389,2.220446049250313e-16,0.13096559097454735,0.5103380781210793,0.39284714774100316,2.220446049250313e-16,2.220446049250313e-16,2.220446049250313e-16,0.39186675624040046,2.220446049250313e-16,0.02540643279108291,0.518082492851353,2.220446049250313e-16,0.35950384400853536,2.220446049250313e-16,2.220446049250313e-16,0.09353076346429387,0.015444427769238408
130.0,2.220446049250313e-16,0.5156534264947389,2.220446049250313e-16,0.13096559097454735,0.5103380781210793,0.39284714774100316,2.220446049250313e-16,2.220446049250313e-16,2.220446049250313e-16,0.39186675624040046,2.220446049250313e-16,0.02540643279108291,0.518082492851353,2.220446049250313e-16,0.35950384400853536,2.220446049250313e-16,2.220446049250313e-16,0.09353076346429387,0.015444427769238408
131.0,2.220446049250313e-16,0.48993117805716146,2.220446049250313e-16,0.6298893550911362,2.220446049250313e-16,2.220446049250313e-16,1.6653345369377348e-16,2.220446049250313e-16,0.00039096268211967993,0.3919914466910449,2.220446049250313e-16,2.220446049250313e-16,2.220446049250313e-16,2.220446049250313e-16,2.220446049250313e-16,0.4821540100466026,2.220446049250313e-16,0.4131484589838396,0.006622741489789617
132.0,2.220446049250313e-16,0.48993117805716146,2.220446049250313e-16,0.6298893550911362,2.220446049250313e-16,2.220446049250313e-16,1.6653345369377348e-16,2.220446049250313e-16,0.00039096268211967993,0.3919914466910449,2.220446049250313e-16,2.220446049250313e-16,2.220446049250313e-16,2.220446049250313e-16,2.220446049250313e-16,0.4821540100466026,2.220446049250313e-16,0.4131484589838396,0.006622741489789617
133.0,2.220446049250313e-16,0.4742032485655694,0.2811861322170754,0.2216269257282843,0.3475182889299304,2.220446049250313e-16,2.220446049250313e-16,2.220446049250313e-16,0.5523316957626739,2.220446049250313e-16,2.220446049250313e-16,2.220446049250313e-16,0.23370638559038037,2.220446049250313e-16,2.220446049250313e-16,2.220446049250313e-16,2.220446049250313e-16,2.220446049250313e-16,0.20625972183321695
134.0,3.261254913006648e-05,2.220446049250313e-16,2.220446049250313e-16,2.220446049250313e-16,2.220446049250313e-16,2.220446049250313e-16,0.595788080946044,2.220446049250313e-16,0.5399756455879047,2.220446049250313e-16,2.220446049250313e-16,2.220446049250313e-16,2.220446049250313e-16,0.4908415709341582,2.220446049250313e-16,2.220446049250313e-16,0.3055164369729773,2.220446049250313e-16,2.220446049250313e-16
135.0,3.261254913006648e-05,2.220446049250313e-16,2.220446049250313e-16,2.220446049250313e-16,2.220446049250313e-16,2.220446049250313e-16,0.595788080946044,2.220446049250313e-16,0.5399756455879047,2.220446049250313e-16,2.220446049250313e-16,2.220446049250313e-16,2.220446049250313e-16,0.4908415709341582,2.220446049250313e-16,2.220446049250313e-16,0.3055164369729773,2.220446049250313e-16,2.220446049250313e-16
136.0,0.00010041752346667106,2.220446049250313e-16,0.5215873976001031,0.09409337724268378,2.220446049250313e-16,5.551115123125783e-17,2.220446049250313e-16,2.220446049250313e-16,0.5409031781517228,0.002210663196869856,2.220446049250313e-16,2.220446049250313e-16,2.220446049250313e-16,0.4908415709341582,2.220446049250313e-16,0.60439637512501,2.220446049250313e-16,2.220446049250313e-16,2.220446049250313e-16
137.0,0.00010041752346667106,2.220446049250313e-16,0.5215873976001031,0.09409337724268378,2.220446049250313e-16,5.551115123125783e-17,2.220446049250313e-16,2.220446049250313e-16,0.5409031781517228,0.002210663196869856,2.220446049250313e-16,2.220446049250313e-16,2.220446049250313e-16,0.4908415709341582,2.220446049250313e-16,0.60439637512501,2.220446049250313e-16,2.220446049250313e-16,2.220446049250313e-16
138.0,0.4860204006831684,2.220446049250313e-16,2.220446049250313e-16,2.220446049250313e-16,2.220446049250313e-16,2.220446049250313e-16,0.5957399423212955,2.220446049250313e-16,0.5387551964024382,2.220446049250313e-16,2.220446049250313e-16,2.220446049250313e-16,2.220446049250313e-16,2.220446049250313e-16,2.220446049250313e-16,6.162975822039155e-33,0.30553929438480004,1.7791719996439506e-18,2.220446049250313e-16
139.0,0.010786887613852022,0.0021429040591636195,2.220446049250313e-16,2.220446049250313e-16,0.08712311114346577,2.220446049250313e-16,2.220446049250313e-16,0.017402472726283223,2.220446049250313e-16,2.220446049250313e-16,0.42440196765953675,0.5959475510287828,0.2755486962614772,0.49084157093415826,2.220446049250313e-16,2.220446049250313e-16,2.220446049250313e-16,2.220446049250313e-16,0.43525711014068685
140.0,0.010786887613852022,0.0021429040591636195,2.220446049250313e-16,2.220446049250313e-16,0.08712311114346577,2.220446049250313e-16,2.220446049250313e-16,0.017402472726283223,2.220446049250313e-16,2.220446049250313e-16,0.42440196765953675,0.5959475510287828,0.2755486962614772,0.49084157093415826,2.220446049250313e-16,2.220446049250313e-16,2.220446049250313e-16,2.220446049250313e-16,0.43525711014068685
141.0,2.220446049250313e-16,0.5014629408381206,2.220446049250313e-16,0.7858290752925853,2.220446049250313e-16,2.220446049250313e-16,2.220446049250313e-16,2.220446049250313e-16,2.220446049250313e-16,2.220446049250313e-16,2.220446049250313e-16,0.49205145803815475,0.18767918239950274,2.220446049250313e-16,2.220446049250313e-16,0.15978653317129027,2.220446049250313e-16,0.020134908540428823,2.220446049250313e-16
142.0,2.220446049250313e-16,0.5014629408381206,2.220446049250313e-16,0.7858290752925853,2.220446049250313e-16,2.220446049250313e-16,2.220446049250313e-16,2.220446049250313e-16,2.220446049250313e-16,2.220446049250313e-16,2.220446049250313e-16,0.49205145803815475,0.18767918239950274,2.220446049250313e-16,2.220446049250313e-16,0.15978653317129027,2.220446049250313e-16,0.020134908540428823,2.220446049250313e-16
143.0,0.009071157830412967,2.220446049250313e-16,0.28317922687433617,2.220446049250313e-16,0.11787400362568981,2.220446049250313e-16,2.220446049250313e-16,2.220446049250313e-16,0.5457096553257421,2.220446049250313e-16,0.018040969203640154,0.01074467822783938,2.220446049250313e-16,0.4908415709341582,2.220446049250313e-16,2.220446049250313e-16,2.220446049250313e-16,2.220446049250313e-16,0.6063389168267701
144.0,0.25234871202964854,0.022437010080857855,0.29820490963716717,0.14769221606238883,2.220446049250313e-16,2.220446049250313e-16,0.06582462206185952,2.220446049250313e-16,0.0039474228389529895,2.220446049250313e-16,2.220446049250313e-16,2.220446049250313e-16,2.220446049250313e-16,0.25816863060115885,0.3595038440085357,0.39929032253365104,0.5571562188342923,0.48525346796665975,2.220446049250313e-16
145.0,2.220446049250313e-16,0.024163982452003862,0.5365721539688121,0.09530675765847164,0.359411083860616,2.220446049250313e-16,2.1371793224034263e-15,2.220446049250313e-16,0.0006666705238129156,0.00206135947131873,8.500145032286355e-17,2.220446049250313e-16,2.220446049250313e-16,0.490841570934158,0.35950384400853536,0.4579227787431677,2.220446049250313e-16,0.49110236627178944,2.220446049250313e-16
146.0,2.220446049250313e-16,0.4752918099410559,0.279197469060796,0.21190122989784838,0.359113377868189,2.220446049250313e-16,1.1102230246251565e-16,2.220446049250313e-16,0.5471680237430032,2.220446049250313e-16,2.220446049250313e-16,2.220446049250313e-16,0.5090595289255673,2.220446049250313e-16,2.220446049250313e-16,2.220446049250313e-16,2.220446049250313e-16,2.220446049250313e-16,0.00516318960714593
147.0,0.00010041752346667106,2.220446049250313e-16,0.5215873976001031,0.09409337724268378,2.220446049250313e-16,5.551115123125783e-17,2.220446049250313e-16,2.220446049250313e-16,0.5409031781517228,0.002210663196869856,2.220446049250313e-16,2.220446049250313e-16,2.220446049250313e-16,0.4908415709341582,2.220446049250313e-16,0.60439637512501,2.220446049250313e-16,2.220446049250313e-16,2.220446049250313e-16
148.0,0.4866013776637778,2.220446049250313e-16,0.2880901256611717,2.220446049250313e-16,1.6653345369377348e-16,2.220446049250313e-16,0.24078124941226212,2.220446049250313e-16,0.36864352580153836,2.220446049250313e-16,2.220446049250313e-16,2.220446049250313e-16,2.220446049250313e-16,2.220446049250313e-16,2.220446049250313e-16,0.2867896804841611,0.47408247704397755,0.3749726469891344,2.220446049250313e-16
149.0,2.220446049250313e-16,0.48824956574532763,2.220446049250313e-16,2.220446049250313e-16,0.47557769564803076,2.220446049250313e-16,2.220446049250313e-16,2.220446049250313e-16,2.220446049250313e-16,2.220446049250313e-16,0.3948953976669603,0.5390793736379704,0.5290638015661356,2.220446049250313e-16,0.35950384400853547,2.220446049250313e-16,2.220446049250313e-16,2.220446049250313e-16,2.220446049250313e-16
150.0,2.220446049250313e-16,0.48824956574532763,2.220446049250313e-16,2.220446049250313e-16,0.47557769564803076,2.220446049250313e-16,2.220446049250313e-16,2.220446049250313e-16,2.220446049250313e-16,2.220446049250313e-16,0.3948953976669603,0.5390793736379704,0.5290638015661356,2.220446049250313e-16,0.35950384400853547,2.220446049250313e-16,2.220446049250313e-16,2.220446049250313e-16,2.220446049250313e-16
151.0,2.220446049250313e-16,0.5092338088887768,2.220446049250313e-16,0.7851292063145379,2.220446049250313e-16,0.39284714774100304,2.220446049250313e-16,2.220446049250313e-16,2.220446049250313e-16,2.220446049250313e-16,2.220446049250313e-16,0.21280966885560648,0.1877077879310408,2.7755575615628914e-17,2.220446049250313e-16,0.159946208948373,2.220446049250313e-16,0.019920263765585738,0.004475777251964383
152.0,2.220446049250313e-16,0.5092338088887768,2.220446049250313e-16,0.7851292063145379,2.220446049250313e-16,0.39284714774100304,2.220446049250313e-16,2.220446049250313e-16,2.220446049250313e-16,2.220446049250313e-16,2.220446049250313e-16,0.21280966885560648,0.1877077879310408,2.7755575615628914e-17,2.220446049250313e-16,0.159946208948373,2.220446049250313e-16,0.019920263765585738,0.004475777251964383
153.0,2.220446049250313e-16,0.48824956574532763,2.220446049250313e-16,2.220446049250313e-16,0.47557769564803076,2.220446049250313e-16,2.220446049250313e-16,2.220446049250313e-16,2.220446049250313e-16,2.220446049250313e-16,0.3948953976669603,0.5390793736379704,0.5290638015661356,2.220446049250313e-16,0.35950384400853547,2.220446049250313e-16,2.220446049250313e-16,2.220446049250313e-16,2.220446049250313e-16
154.0,2.220446049250313e-16,0.48824956574532763,2.220446049250313e-16,2.220446049250313e-16,0.47557769564803076,2.220446049250313e-16,2.220446049250313e-16,2.220446049250313e-16,2.220446049250313e-16,2.220446049250313e-16,0.3948953976669603,0.5390793736379704,0.5290638015661356,2.220446049250313e-16,0.35950384400853547,2.220446049250313e-16,2.220446049250313e-16,2.220446049250313e-16,2.220446049250313e-16
155.0,2.220446049250313e-16,0.49135667164306823,2.220446049250313e-16,0.6702846716765473,2.220446049250313e-16,2.220446049250313e-16,2.220446049250313e-16,2.220446049250313e-16,0.00033541432254120503,0.3919914466910447,5.551115123125783e-17,0.2618415754512906,2.220446049250313e-16,2.220446049250313e-16,2.220446049250313e-16,0.4729377799111683,2.220446049250313e-16,0.03356143407461591,2.220446049250313e-16
156.0,2.220446049250313e-16,0.49135667164306823,2.220446049250313e-16,0.6702846716765473,2.220446049250313e-16,2.220446049250313e-16,2.220446049250313e-16,2.220446049250313e-16,0.00033541432254120503,0.3919914466910447,5.551115123125783e-17,0.2618415754512906,2.220446049250313e-16,2.220446049250313e-16,2.220446049250313e-16,0.4729377799111683,2.220446049250313e-16,0.03356143407461591,2.220446049250313e-16
157.0,2.220446049250313e-16,2.220446049250313e-16,0.2812029089886412,0.24307717569913956,0.3474903664640272,2.220446049250313e-16,2.220446049250313e-16,2.220446049250313e-16,0.5522544985517163,2.220446049250313e-16,2.220446049250313e-16,2.220446049250313e-16,0.2318160363432383,0.49084157093415814,2.220446049250313e-16,2.220446049250313e-16,2.220446049250313e-16,2.220446049250313e-16,0.2067439881544404
158.0,3.261254913006648e-05,2.220446049250313e-16,2.220446049250313e-16,2.220446049250313e-16,2.220446049250313e-16,2.220446049250313e-16,0.595788080946044,2.220446049250313e-16,0.5399756455879047,2.220446049250313e-16,2.220446049250313e-16,2.220446049250313e-16,2.220446049250313e-16,0.4908415709341582,2.220446049250313e-16,2.220446049250313e-16,0.3055164369729773,2.220446049250313e-16,2.220446049250313e-16
159.0,3.261254913006648e-05,2.220446049250313e-16,2.220446049250313e-16,2.220446049250313e-16,2.220446049250313e-16,2.220446049250313e-16,0.595788080946044,2.220446049250313e-16,0.5399756455879047,2.220446049250313e-16,2.220446049250313e-16,2.220446049250313e-16,2.220446049250313e-16,0.4908415709341582,2.220446049250313e-16,2.220446049250313e-16,0.3055164369729773,2.220446049250313e-16,2.220446049250313e-16
160.0,0.00010041752346667106,2.220446049250313e-16,0.5215873976001031,0.09409337724268378,2.220446049250313e-16,5.551115123125783e-17,2.220446049250313e-16,2.220446049250313e-16,0.5409031781517228,0.002210663196869856,2.220446049250313e-16,2.220446049250313e-16,2.220446049250313e-16,0.4908415709341582,2.220446049250313e-16,0.60439637512501,2.220446049250313e-16,2.220446049250313e-16,2.220446049250313e-16
161.0,0.00010041752346667106,2.220446049250313e-16,0.5215873976001031,0.09409337724268378,2.220446049250313e-16,5.551115123125783e-17,2.220446049250313e-16,2.220446049250313e-16,0.5409031781517228,0.002210663196869856,2.220446049250313e-16,2.220446049250313e-16,2.220446049250313e-16,0.4908415709341582,2.220446049250313e-16,0.60439637512501,2.220446049250313e-16,2.220446049250313e-16,2.220446049250313e-16
162.0,0.4860204006831684,2.220446049250313e-16,2.220446049250313e-16,2.220446049250313e-16,2.220446049250313e-16,2.220446049250313e-16,0.5957399423212955,2.220446049250313e-16,0.5387551964024382,2.220446049250313e-16,2.220446049250313e-16,2.220446049250313e-16,2.220446049250313e-16,2.220446049250313e-16,2.220446049250313e-16,6.162975822039155e-33,0.30553929438480004,1.7791719996439506e-18,2.220446049250313e-16
163.0,2.220446049250313e-16,0.49553699940368895,2.220446049250313e-16,2.220446049250313e-16,0.4722512266593132,2.220446049250313e-16,2.220446049250313e-16,2.220446049250313e-16,0.5423246138038944,1.942890293094024e-16,2.220446049250313e-16,0.21795348518305685,2.220446049250313e-16,2.220446049250313e-16,2.220446049250313e-16,2.220446049250313e-16,2.220446049250313e-16,2.220446049250313e-16,0.4442274724170013
164.0,2.220446049250313e-16,2.220446049250313e-16,2.220446049250313e-16,2.220446049250313e-16,2.220446049250313e-16,0.39284714774100316,0.5973660236888758,0.5840531448903814,2.220446049250313e-16,2.220446049250313e-16,2.220446049250313e-16,0.04104507749817847,2.220446049250313e-16,2.220446049250313e-16,2.220446049250313e-16,2.220446049250313e-16,0.3047671906599726,2.220446049250313e-16,0.04518520875291199
165.0,2.220446049250313e-16,2.220446049250313e-16,2.220446049250313e-16,2.220446049250313e-16,2.220446049250313e-16,0.39284714774100316,0.5973660236888758,0.5840531448903814,2.220446049250313e-16,2.220446049250313e-16,2.220446049250313e-16,0.04104507749817847,2.220446049250313e-16,2.220446049250313e-16,2.220446049250313e-16,2.220446049250313e-16,0.3047671906599726,2.220446049250313e-16,0.04518520875291199
166.0,0.2529760251289823,0.028870552530844307,2.220446049250313e-16,0.2562789036689327,1.3877787807814457e-17,5.551115123125783e-17,0.42078319528594493,2.220446049250313e-16,0.365200494123985,4.163336342344337e-17,2.220446049250313e-16,2.220446049250313e-16,2.220446049250313e-16,0.2581686306011588,2.220446049250313e-16,0.08772648535955585,0.38861309300449315,0.09777859135858108,2.220446049250313e-16
167.0,2.220446049250313e-16,2.220446049250313e-16,2.220446049250313e-16,2.220446049250313e-16,2.220446049250313e-16,0.39284714774100316,0.5973660236888758,0.5840531448903814,2.220446049250313e-16,2.220446049250313e-16,2.220446049250313e-16,0.04104507749817847,2.220446049250313e-16,2.220446049250313e-16,2.220446049250313e-16,2.220446049250313e-16,0.3047671906599726,2.220446049250313e-16,0.04518520875291199
168.0,0.2529760251289823,0.028870552530844307,2.220446049250313e-16,0.2562789036689327,1.3877787807814457e-17,5.551115123125783e-17,0.42078319528594493,2.220446049250313e-16,0.365200494123985,4.163336342344337e-17,2.220446049250313e-16,2.220446049250313e-16,2.220446049250313e-16,0.2581686306011588,2.220446049250313e-16,0.08772648535955585,0.38861309300449315,0.09777859135858108,2.220446049250313e-16
169.0,2.220446049250313e-16,2.220446049250313e-16,2.220446049250313e-16,2.220446049250313e-16,2.220446049250313e-16,0.39284714774100316,0.5973660236888758,0.5840531448903814,2.220446049250313e-16,2.220446049250313e-16,2.220446049250313e-16,0.04104507749817847,2.220446049250313e-16,2.220446049250313e-16,2.220446049250313e-16,2.220446049250313e-16,0.3047671906599726,2.220446049250313e-16,0.04518520875291199
170.0,0.010786887613852022,0.0021429040591636195,2.220446049250313e-16,2.220446049250313e-16,0.08712311114346577,2.220446049250313e-16,2.220446049250313e-16,0.017402472726283223,2.220446049250313e-16,2.220446049250313e-16,0.42440196765953675,0.5959475510287828,0.2755486962614772,0.49084157093415826,2.220446049250313e-16,2.220446049250313e-16,2.220446049250313e-16,2.220446049250313e-16,0.43525711014068685
171.0,0.010786887613852022,0.0021429040591636195,2.220446049250313e-16,2.220446049250313e-16,0.08712311114346577,2.220446049250313e-16,2.220446049250313e-16,0.017402472726283223,2.220446049250313e-16,2.220446049250313e-16,0.42440196765953675,0.5959475510287828,0.2755486962614772,0.49084157093415826,2.220446049250313e-16,2.220446049250313e-16,2.220446049250313e-16,2.220446049250313e-16,0.43525711014068685
172.0,2.220446049250313e-16,0.5014629408381206,2.220446049250313e-16,0.7858290752925853,2.220446049250313e-16,2.220446049250313e-16,2.220446049250313e-16,2.220446049250313e-16,2.220446049250313e-16,2.220446049250313e-16,2.220446049250313e-16,0.49205145803815475,0.18767918239950274,2.220446049250313e-16,2.220446049250313e-16,0.15978653317129027,2.220446049250313e-16,0.020134908540428823,2.220446049250313e-16
173.0,2.220446049250313e-16,0.5014629408381206,2.220446049250313e-16,0.7858290752925853,2.220446049250313e-16,2.220446049250313e-16,2.220446049250313e-16,2.220446049250313e-16,2.220446049250313e-16,2.220446049250313e-16,2.220446049250313e-16,0.49205145803815475,0.18767918239950274,2.220446049250313e-16,2.220446049250313e-16,0.15978653317129027,2.220446049250313e-16,0.020134908540428823,2.220446049250313e-16
174.0,2.220446049250313e-16,0.4914463434416921,2.220446049250313e-16,0.16550233328486585,0.3235200725719084,2.220446049250313e-16,2.220446049250313e-16,2.220446049250313e-16,0.5443853039329625,2.220446049250313e-16,2.220446049250313e-16,0.15161336795452457,2.220446049250313e-16,2.220446049250313e-16,2.220446049250313e-16,2.220446049250313e-16,2.220446049250313e-16,2.220446049250313e-16,0.4399714625698373
175.0,0.00023245459692726098,2.220446049250313e-16,2.220446049250313e-16,3.3306690738754696e-16,2.220446049250313e-16,2.220446049250313e-16,0.5978716326728027,0.5414749411492411,2.220446049250313e-16,2.220446049250313e-16,2.220446049250313e-16,0.2670334151492036,2.220446049250313e-16,1.232595164407831e-32,0.35950384400853547,2.220446049250313e-16,0.3045271149862836,2.220446049250313e-16,2.220446049250313e-16
176.0,0.00023245459692726098,2.220446049250313e-16,2.220446049250313e-16,3.3306690738754696e-16,2.220446049250313e-16,2.220446049250313e-16,0.5978716326728027,0.5414749411492411,2.220446049250313e-16,2.220446049250313e-16,2.220446049250313e-16,0.2670334151492036,2.220446049250313e-16,1.232595164407831e-32,0.35950384400853547,2.220446049250313e-16,0.3045271149862836,2.220446049250313e-16,2.220446049250313e-16
177.0,0.00023245459692726098,2.220446049250313e-16,2.220446049250313e-16,3.3306690738754696e-16,2.220446049250313e-16,2.220446049250313e-16,0.5978716326728027,0.5414749411492411,2.220446049250313e-16,2.220446049250313e-16,2.220446049250313e-16,0.2670334151492036,2.220446049250313e-16,1.232595164407831e-32,0.35950384400853547,2.220446049250313e-16,0.3045271149862836,2.220446049250313e-16,2.220446049250313e-16
178.0,0.00023245459692726098,2.220446049250313e-16,2.220446049250313e-16,3.3306690738754696e-16,2.220446049250313e-16,2.220446049250313e-16,0.5978716326728027,0.5414749411492411,2.220446049250313e-16,2.220446049250313e-16,2.220446049250313e-16,0.2670334151492036,2.220446049250313e-16,1.232595164407831e-32,0.35950384400853547,2.220446049250313e-16,0.3045271149862836,2.220446049250313e-16,2.220446049250313e-16
179.0,0.00023245459692726098,2.220446049250313e-16,2.220446049250313e-16,3.3306690738754696e-16,2.220446049250313e-16,2.220446049250313e-16,0.5978716326728027,0.5414749411492411,2.220446049250313e-16,2.220446049250313e-16,2.220446049250313e-16,0.2670334151492036,2.220446049250313e-16,1.232595164407831e-32,0.35950384400853547,2.220446049250313e-16,0.3045271149862836,2.220446049250313e-16,2.220446049250313e-16
180.0,0.00023245459692726098,2.220446049250313e-16,2.220446049250313e-16,3.3306690738754696e-16,2.220446049250313e-16,2.220446049250313e-16,0.5978716326728027,0.5414749411492411,2.220446049250313e-16,2.220446049250313e-16,2.220446049250313e-16,0.2670334151492036,2.220446049250313e-16,1.232595164407831e-32,0.35950384400853547,2.220446049250313e-16,0.3045271149862836,2.220446049250313e-16,2.220446049250313e-16
181.0,2.220446049250313e-16,0.5232643058213657,2.220446049250313e-16,0.07837882691168951,0.46422507025202564,2.220446049250313e-16,2.220446049250313e-16,2.220446049250313e-16,2.220446049250313e-16,2.220446049250313e-16,2.220446049250313e-16,0.5172221868862587,0.26446543574010173,2.220446049250313e-16,0.3595038440085353,2.220446049250313e-16,1.5265566588595902e-16,0.09918003817693569,0.22320068070910976
182.0,2.220446049250313e-16,0.5232643058213657,2.220446049250313e-16,0.07837882691168951,0.46422507025202564,2.220446049250313e-16,2.220446049250313e-16,2.220446049250313e-16,2.220446049250313e-16,2.220446049250313e-16,2.220446049250313e-16,0.5172221868862587,0.26446543574010173,2.220446049250313e-16,0.3595038440085353,2.220446049250313e-16,1.5265566588595902e-16,0.09918003817693569,0.22320068070910976
183.0,2.220446049250313e-16,0.5014629408381206,2.220446049250313e-16,0.7858290752925853,2.220446049250313e-16,2.220446049250313e-16,2.220446049250313e-16,2.220446049250313e-16,2.220446049250313e-16,2.220446049250313e-16,2.220446049250313e-16,0.49205145803815475,0.18767918239950274,2.220446049250313e-16,2.220446049250313e-16,0.15978653317129027,2.220446049250313e-16,0.020134908540428823,2.220446049250313e-16
184.0,2.220446049250313e-16,0.5014629408381206,2.220446049250313e-16,0.7858290752925853,2.220446049250313e-16,2.220446049250313e-16,2.220446049250313e-16,2.220446049250313e-16,2.220446049250313e-16,2.220446049250313e-16,2.220446049250313e-16,0.49205145803815475,0.18767918239950274,2.220446049250313e-16,2.220446049250313e-16,0.15978653317129027,2.220446049250313e-16,0.020134908540428823,2.220446049250313e-16
185.0,2.220446049250313e-16,0.5068788743448115,2.220446049250313e-16,0.09306155474501043,0.5102009144822028,2.220446049250313e-16,2.220446049250313e-16,2.220446049250313e-16,2.220446049250313e-16,0.39186595788311585,2.220446049250313e-16,0.025495835731257698,0.5213996268310264,1.1102230246251565e-16,0.35950384400853547,2.220446049250313e-16,2.1917146916794472e-16,0.47311424821517145,0.017715677787858736
186.0,2.220446049250313e-16,0.5068788743448115,2.220446049250313e-16,0.09306155474501043,0.5102009144822028,2.220446049250313e-16,2.220446049250313e-16,2.220446049250313e-16,2.220446049250313e-16,0.39186595788311585,2.220446049250313e-16,0.025495835731257698,0.5213996268310264,1.1102230246251565e-16,0.35950384400853547,2.220446049250313e-16,2.1917146916794472e-16,0.47311424821517145,0.017715677787858736
187.0,2.220446049250313e-16,0.48993117805716146,2.220446049250313e-16,0.6298893550911362,2.220446049250313e-16,2.220446049250313e-16,1.6653345369377348e-16,2.220446049250313e-16,0.00039096268211967993,0.3919914466910449,2.220446049250313e-16,2.220446049250313e-16,2.220446049250313e-16,2.220446049250313e-16,2.220446049250313e-16,0.4821540100466026,2.220446049250313e-16,0.4131484589838396,0.006622741489789617
188.0,2.220446049250313e-16,0.48993117805716146,2.220446049250313e-16,0.6298893550911362,2.220446049250313e-16,2.220446049250313e-16,1.6653345369377348e-16,2.220446049250313e-16,0.00039096268211967993,0.3919914466910449,2.220446049250313e-16,2.220446049250313e-16,2.220446049250313e-16,2.220446049250313e-16,2.220446049250313e-16,0.4821540100466026,2.220446049250313e-16,0.4131484589838396,0.006622741489789617
189.0,2.220446049250313e-16,2.220446049250313e-16,0.2812029089886412,0.24307717569913956,0.3474903664640272,2.220446049250313e-16,2.220446049250313e-16,2.220446049250313e-16,0.5522544985517163,2.220446049250313e-16,2.220446049250313e-16,2.220446049250313e-16,0.2318160363432383,0.49084157093415814,2.220446049250313e-16,2.220446049250313e-16,2.220446049250313e-16,2.220446049250313e-16,0.2067439881544404
190.0,3.261254913006648e-05,2.220446049250313e-16,2.220446049250313e-16,2.220446049250313e-16,2.220446049250313e-16,2.220446049250313e-16,0.595788080946044,2.220446049250313e-16,0.5399756455879047,2.220446049250313e-16,2.220446049250313e-16,2.220446049250313e-16,2.220446049250313e-16,0.4908415709341582,2.220446049250313e-16,2.220446049250313e-16,0.3055164369729773,2.220446049250313e-16,2.220446049250313e-16
191.0,3.261254913006648e-05,2.220446049250313e-16,2.220446049250313e-16,2.220446049250313e-16,2.220446049250313e-16,2.220446049250313e-16,0.595788080946044,2.220446049250313e-16,0.5399756455879047,2.220446049250313e-16,2.220446049250313e-16,2.220446049250313e-16,2.220446049250313e-16,0.4908415709341582,2.220446049250313e-16,2.220446049250313e-16,0.3055164369729773,2.220446049250313e-16,2.220446049250313e-16
192.0,0.00010041752346667106,2.220446049250313e-16,0.5215873976001031,0.09409337724268378,2.220446049250313e-16,5.551115123125783e-17,2.220446049250313e-16,2.220446049250313e-16,0.5409031781517228,0.002210663196869856,2.220446049250313e-16,2.220446049250313e-16,2.220446049250313e-16,0.4908415709341582,2.220446049250313e-16,0.60439637512501,2.220446049250313e-16,2.220446049250313e-16,2.220446049250313e-16
193.0,0.00010041752346667106,2.220446049250313e-16,0.5215873976001031,0.09409337724268378,2.220446049250313e-16,5.551115123125783e-17,2.220446049250313e-16,2.220446049250313e-16,0.5409031781517228,0.002210663196869856,2.220446049250313e-16,2.220446049250313e-16,2.220446049250313e-16,0.4908415709341582,2.220446049250313e-16,0.60439637512501,2.220446049250313e-16,2.220446049250313e-16,2.220446049250313e-16
194.0,0.4860204006831684,2.220446049250313e-16,2.220446049250313e-16,2.220446049250313e-16,2.220446049250313e-16,2.220446049250313e-16,0.5957399423212955,2.220446049250313e-16,0.5387551964024382,2.220446049250313e-16,2.220446049250313e-16,2.220446049250313e-16,2.220446049250313e-16,2.220446049250313e-16,2.220446049250313e-16,6.162975822039155e-33,0.30553929438480004,1.7791719996439506e-18,2.220446049250313e-16
195.0,2.220446049250313e-16,0.4813264755512178,2.220446049250313e-16,2.220446049250313e-16,0.4878687054491151,2.220446049250313e-16,2.220446049250313e-16,2.220446049250313e-16,0.5424254552170097,0.3919914466910449,2.220446049250313e-16,2.220446049250313e-16,2.220446049250313e-16,2.220446049250313e-16,2.220446049250313e-16,2.220446049250313e-16,2.220446049250313e-16,2.220446049250313e-16,0.4357178297040254
196.0,0.2529760251289823,0.028870552530844307,2.220446049250313e-16,0.2562789036689327,1.3877787807814457e-17,5.551115123125783e-17,0.42078319528594493,2.220446049250313e-16,0.365200494123985,4.163336342344337e-17,2.220446049250313e-16,2.220446049250313e-16,2.220446049250313e-16,0.2581686306011588,2.220446049250313e-16,0.08772648535955585,0.38861309300449315,0.09777859135858108,2.220446049250313e-16
197.0,0.2529760251289823,0.028870552530844307,2.220446049250313e-16,0.2562789036689327,1.3877787807814457e-17,5.551115123125783e-17,0.42078319528594493,2.220446049250313e-16,0.365200494123985,4.163336342344337e-17,2.220446049250313e-16,2.220446049250313e-16,2.220446049250313e-16,0.2581686306011588,2.220446049250313e-16,0.08772648535955585,0.38861309300449315,0.09777859135858108,2.220446049250313e-16
198.0,2.220446049250313e-16,2.220446049250313e-16,2.220446049250313e-16,2.220446049250313e-16,2.220446049250313e-16,0.39284714774100316,0.5973660236888758,0.5840531448903814,2.220446049250313e-16,2.220446049250313e-16,2.220446049250313e-16,0.04104507749817847,2.220446049250313e-16,2.220446049250313e-16,2.220446049250313e-16,2.220446049250313e-16,0.3047671906599726,2.220446049250313e-16,0.04518520875291199
199.0,2.220446049250313e-16,2.220446049250313e-16,2.220446049250313e-16,2.220446049250313e-16,2.220446049250313e-16,0.39284714774100316,0.5973660236888758,0.5840531448903814,2.220446049250313e-16,2.220446049250313e-16,2.220446049250313e-16,0.04104507749817847,2.220446049250313e-16,2.220446049250313e-16,2.220446049250313e-16,2.220446049250313e-16,0.3047671906599726,2.220446049250313e-16,0.04518520875291199
200.0,2.220446049250313e-16,2.220446049250313e-16,2.220446049250313e-16,2.220446049250313e-16,2.220446049250313e-16,0.39284714774100316,0.5973660236888758,0.5840531448903814,2.220446049250313e-16,2.220446049250313e-16,2.220446049250313e-16,0.04104507749817847,2.220446049250313e-16,2.220446049250313e-16,2.220446049250313e-16,2.220446049250313e-16,0.3047671906599726,2.220446049250313e-16,0.04518520875291199
201.0,2.220446049250313e-16,2.220446049250313e-16,2.220446049250313e-16,2.220446049250313e-16,2.220446049250313e-16,0.39284714774100316,0.5973660236888758,0.5840531448903814,2.220446049250313e-16,2.220446049250313e-16,2.220446049250313e-16,0.04104507749817847,2.220446049250313e-16,2.220446049250313e-16,2.220446049250313e-16,2.220446049250313e-16,0.3047671906599726,2.220446049250313e-16,0.04518520875291199
202.0,2.220446049250313e-16,0.481326769026618,0.28312246468914404,2.220446049250313e-16,0.4878733103385447,2.220446049250313e-16,2.220446049250313e-16,2.220446049250313e-16,0.5477562583757175,2.220446049250313e-16,2.220446049250313e-16,2.220446049250313e-16,2.220446049250313e-16,2.220446049250313e-16,2.220446049250313e-16,2.220446049250313e-16,2.220446049250313e-16,2.220446049250313e-16,0.4356379659530313
203.0,0.25234871202964854,0.022437010080857855,0.29820490963716717,0.14769221606238883,2.220446049250313e-16,2.220446049250313e-16,0.06582462206185952,2.220446049250313e-16,0.0039474228389529895,2.220446049250313e-16,2.220446049250313e-16,2.220446049250313e-16,2.220446049250313e-16,0.25816863060115885,0.3595038440085357,0.39929032253365104,0.5571562188342923,0.48525346796665975,2.220446049250313e-16
204.0,2.220446049250313e-16,0.024163982452003862,0.5365721539688121,0.09530675765847164,0.359411083860616,2.220446049250313e-16,2.1371793224034263e-15,2.220446049250313e-16,0.0006666705238129156,0.00206135947131873,8.500145032286355e-17,2.220446049250313e-16,2.220446049250313e-16,0.490841570934158,0.35950384400853536,0.4579227787431677,2.220446049250313e-16,0.49110236627178944,2.220446049250313e-16
205.0,2.220446049250313e-16,0.4752918099410559,0.279197469060796,0.21190122989784838,0.359113377868189,2.220446049250313e-16,1.1102230246251565e-16,2.220446049250313e-16,0.5471680237430032,2.220446049250313e-16,2.220446049250313e-16,2.220446049250313e-16,0.5090595289255673,2.220446049250313e-16,2.220446049250313e-16,2.220446049250313e-16,2.220446049250313e-16,2.220446049250313e-16,0.00516318960714593
206.0,0.00010041752346667106,2.220446049250313e-16,0.5215873976001031,0.09409337724268378,2.220446049250313e-16,5.551115123125783e-17,2.220446049250313e-16,2.220446049250313e-16,0.5409031781517228,0.002210663196869856,2.220446049250313e-16,2.220446049250313e-16,2.220446049250313e-16,0.4908415709341582,2.220446049250313e-16,0.60439637512501,2.220446049250313e-16,2.220446049250313e-16,2.220446049250313e-16
207.0,0.486045671295174,2.220446049250313e-16,0.28322433515575235,2.220446049250313e-16,4.163336342344337e-17,2.220446049250313e-16,0.2407813044567323,2.220446049250313e-16,0.5440832424944779,2.220446049250313e-16,2.220446049250313e-16,2.220446049250313e-16,2.220446049250313e-16,2.220446049250313e-16,2.220446049250313e-16,0.28678968048416104,0.4740824509074991,2.220446049250313e-16,2.220446049250313e-16
208.0,0.00957451806332403,0.4711650908792939,0.28804556913888846,2.220446049250313e-16,0.1185223345608253,2.220446049250313e-16,2.220446049250313e-16,2.220446049250313e-16,0.37025004454449395,2.220446049250313e-16,0.017927156721986158,2.220446049250313e-16,2.220446049250313e-16,2.220446049250313e-16,2.220446049250313e-16,5.551115123125783e-17,2.220446049250313e-16,0.35716751448066786,0.6080280015858046
209.0,2.220446049250313e-16,0.024163982452003862,0.5365721539688121,0.09530675765847164,0.359411083860616,2.220446049250313e-16,2.1371793224034263e-15,2.220446049250313e-16,0.0006666705238129156,0.00206135947131873,8.500145032286355e-17,2.220446049250313e-16,2.220446049250313e-16,0.490841570934158,0.35950384400853536,0.4579227787431677,2.220446049250313e-16,0.49110236627178944,2.220446049250313e-16
210.0,2.220446049250313e-16,0.024163982452003862,0.5365721539688121,0.09530675765847164,0.359411083860616,2.220446049250313e-16,2.1371793224034263e-15,2.220446049250313e-16,0.0006666705238129156,0.00206135947131873,8.500145032286355e-17,2.220446049250313e-16,2.220446049250313e-16,0.490841570934158,0.35950384400853536,0.4579227787431677,2.220446049250313e-16,0.49110236627178944,2.220446049250313e-16
211.0,2.220446049250313e-16,2.220446049250313e-16,2.220446049250313e-16,0.23324468987498492,0.3590808840705246,6.938893903907228e-18,2.220446049250313e-16,2.220446049250313e-16,0.541693353994344,0.39186890414399633,2.220446049250313e-16,2.220446049250313e-16,0.5091580624332219,0.4908415709341582,2.220446049250313e-16,2.220446049250313e-16,2.220446049250313e-16,2.220446049250313e-16,0.0057267376803059695
212.0,2.220446049250313e-16,2.220446049250313e-16,2.220446049250313e-16,0.23324468987498492,0.3590808840705246,6.938893903907228e-18,2.220446049250313e-16,2.220446049250313e-16,0.541693353994344,0.39186890414399633,2.220446049250313e-16,2.220446049250313e-16,0.5091580624332219,0.4908415709341582,2.220446049250313e-16,2.220446049250313e-16,2.220446049250313e-16,2.220446049250313e-16,0.0057267376803059695
213.0,0.48594351592067914,0.026093560207837867,0.29821097550054076,0.036775528697170615,1.6653345369377348e-16,2.220446049250313e-16,0.24078131457554494,2.220446049250313e-16,0.003728713597219552,2.220446049250313e-16,2.220446049250313e-16,2.220446049250313e-16,2.220446049250313e-16,2.220446049250313e-16,0.3595038440085358,0.27839930841939975,0.47408244610283656,0.4976374471186409,2.220446049250313e-16
214.0,2.220446049250313e-16,0.5068788743448115,2.220446049250313e-16,0.09306155474501043,0.5102009144822028,2.220446049250313e-16,2.220446049250313e-16,2.220446049250313e-16,2.220446049250313e-16,0.39186595788311585,2.220446049250313e-16,0.025495835731257698,0.5213996268310264,1.1102230246251565e-16,0.35950384400853547,2.220446049250313e-16,2.1917146916794472e-16,0.47311424821517145,0.017715677787858736
215.0,2.220446049250313e-16,0.5068788743448115,2.220446049250313e-16,0.09306155474501043,0.5102009144822028,2.220446049250313e-16,2.220446049250313e-16,2.220446049250313e-16,2.220446049250313e-16,0.39186595788311585,2.220446049250313e-16,0.025495835731257698,0.5213996268310264,1.1102230246251565e-16,0.35950384400853547,2.220446049250313e-16,2.1917146916794472e-16,0.47311424821517145,0.017715677787858736
216.0,2.220446049250313e-16,0.49864319772080806,2.220446049250313e-16,0.6696292049587509,2.220446049250313e-16,0.39284714774100293,3.9898639947466563e-17,2.220446049250313e-16,0.0002875497009752471,0.391991446691045,2.220446049250313e-16,2.220446049250313e-16,2.220446049250313e-16,2.220446049250313e-16,2.220446049250313e-16,0.47308732527008485,2.220446049250313e-16,0.033360079500228554,0.004222646412889756
217.0,2.220446049250313e-16,0.49864319772080806,2.220446049250313e-16,0.6696292049587509,2.220446049250313e-16,0.39284714774100293,3.9898639947466563e-17,2.220446049250313e-16,0.0002875497009752471,0.391991446691045,2.220446049250313e-16,2.220446049250313e-16,2.220446049250313e-16,2.220446049250313e-16,2.220446049250313e-16,0.47308732527008485,2.220446049250313e-16,0.033360079500228554,0.004222646412889756
218.0,2.220446049250313e-16,0.5068788743448115,2.220446049250313e-16,0.09306155474501043,0.5102009144822028,2.220446049250313e-16,2.220446049250313e-16,2.220446049250313e-16,2.220446049250313e-16,0.39186595788311585,2.220446049250313e-16,0.025495835731257698,0.5213996268310264,1.1102230246251565e-16,0.35950384400853547,2.220446049250313e-16,2.1917146916794472e-16,0.47311424821517145,0.017715677787858736
219.0,2.220446049250313e-16,0.5068788743448115,2.220446049250313e-16,0.09306155474501043,0.5102009144822028,2.220446049250313e-16,2.220446049250313e-16,2.220446049250313e-16,2.220446049250313e-16,0.39186595788311585,2.220446049250313e-16,0.025495835731257698,0.5213996268310264,1.1102230246251565e-16,0.35950384400853547,2.220446049250313e-16,2.1917146916794472e-16,0.47311424821517145,0.017715677787858736
220.0,2.220446049250313e-16,0.48993117805716135,2.220446049250313e-16,0.6298893550911359,2.220446049250313e-16,2.220446049250313e-16,2.220446049250313e-16,2.220446049250313e-16,0.0003909626821193038,0.39199144669104485,2.220446049250313e-16,2.220446049250313e-16,2.220446049250313e-16,2.220446049250313e-16,2.220446049250313e-16,0.4821540100466026,2.220446049250313e-16,0.41314845898383895,0.006622741489789478
221.0,2.220446049250313e-16,0.48993117805716135,2.220446049250313e-16,0.6298893550911359,2.220446049250313e-16,2.220446049250313e-16,2.220446049250313e-16,2.220446049250313e-16,0.0003909626821193038,0.39199144669104485,2.220446049250313e-16,2.220446049250313e-16,2.220446049250313e-16,2.220446049250313e-16,2.220446049250313e-16,0.4821540100466026,2.220446049250313e-16,0.41314845898383895,0.006622741489789478
