id,x_0,x_1,x_2,x_3,x_4,x_5,x_6,x_7,x_8,x_9,x_10,x_11,x_12,x_13,x_14,x_15,x_16
0.0,2.220446049250313e-16,2.220446049250313e-16,2.220446049250313e-16,2.220446049250313e-16,2.220446049250313e-16,0.45513721244108496,2.220446049250313e-16,0.007238429793697931,2.220446049250313e-16,2.220446049250313e-16,1.1102230246251565e-16,0.0029386096267922162,0.4154022385499747,0.052689630195637716,0.6461815773631305,0.5403188234980308,2.220446049250313e-16
1.0,2.220446049250313e-16,2.220446049250313e-16,0.13855711621867292,2.220446049250313e-16,0.2611641506218045,0.5107557767134051,2.220446049250313e-16,0.00847404916949944,0.12879971624797273,2.220446049250313e-16,2.220446049250313e-16,0.005533709819175315,0.4380465375774002,2.220446049250313e-16,0.5257907370650374,0.06520300624273959,2.220446049250313e-16
2.0,2.220446049250313e-16,0.05825835252730898,2.220446049250313e-16,2.220446049250313e-16,2.220446049250313e-16,0.45410425572886415,2.220446049250313e-16,0.015194367781170745,8.881784197001252e-16,2.220446049250313e-16,2.7755575615628914e-17,0.0024231800273029425,0.019885449018032426,0.045368551801994485,0.6680626895835401,0.5491427490872149,0.14247689059430635
3.0,2.220446049250313e-16,2.220446049250313e-16,0.12423268981430628,2.220446049250313e-16,2.220446049250313e-16,0.5157338759087294,0.31064181531589496,2.220446049250313e-16,0.23663511765003323,0.2541873080910169,2.220446049250313e-16,2.220446049250313e-16,0.3930999793576587,0.382622789714458,2.220446049250313e-16,0.022678110131007564,2.220446049250313e-16
4.0,2.220446049250313e-16,2.220446049250313e-16,2.220446049250313e-16,2.220446049250313e-16,0.2617533542621221,0.4543208948399481,2.220446049250313e-16,2.220446049250313e-16,2.220446049250313e-16,2.220446049250313e-16,2.220446049250313e-16,0.006091250714544305,0.4227726554793438,2.220446049250313e-16,0.5020892526476164,0.547292131947795,2.220446049250313e-16
5.0,2.220446049250313e-16,0.132839677370299,0.3623499489846437,2.220446049250313e-16,0.346922581619359,2.220446049250313e-16,2.220446049250313e-16,0.0009478628625373194,0.11204171241605344,0.0005339429869576878,2.220446049250313e-16,0.005552945773038728,0.43932654334904736,2.220446049250313e-16,0.5267297549531185,0.03222802861548272,2.220446049250313e-16
6.0,2.220446049250313e-16,0.05821947333401899,0.2215667660990564,0.38607747268108006,2.220446049250313e-16,0.2868479960084167,2.220446049250313e-16,0.025393406860961382,2.220446049250313e-16,2.220446049250313e-16,2.220446049250313e-16,0.002048408932710222,0.0292023847128081,0.04272565008297065,0.6828796636336096,0.25095486915695053,0.14150620048797696
7.0,2.220446049250313e-16,0.11482985533357332,0.2215667660990568,2.220446049250313e-16,0.5602726926097623,2.220446049250313e-16,2.220446049250313e-16,0.42988951138726744,2.220446049250313e-16,2.220446049250313e-16,1.1102230246251565e-16,2.220446049250313e-16,0.4365529559246472,0.007184600057448069,0.04752221655571454,0.5201279098711498,2.220446049250313e-16
8.0,2.220446049250313e-16,2.220446049250313e-16,2.220446049250313e-16,2.220446049250313e-16,0.4728578504479724,0.45295657125968664,2.220446049250313e-16,0.4373999048106416,1.1102230246251565e-16,2.220446049250313e-16,1.1102230246251565e-16,2.220446049250313e-16,0.4350909414002854,0.006855325158032413,0.046193436256471036,0.5589467246421163,2.220446049250313e-16
9.0,2.220446049250313e-16,2.220446049250313e-16,2.220446049250313e-16,2.220446049250313e-16,0.1973652236879664,0.45344515559451254,0.03139165203001547,0.6348874064451371,2.220446049250313e-16,0.014162320907658945,2.220446049250313e-16,0.003021387260338764,0.43067958208644436,2.220446049250313e-16,0.04001650841899901,0.5547730436315373,2.220446049250313e-16
10.0,2.220446049250313e-16,2.220446049250313e-16,0.4716043658392386,2.220446049250313e-16,2.220446049250313e-16,2.220446049250313e-16,2.220446049250313e-16,0.008564760225763881,2.220446049250313e-16,2.220446049250313e-16,2.220446049250313e-16,0.002890025556990028,0.4166158277315214,0.052343461903574126,0.648101370046565,0.5014947243316522,2.220446049250313e-16
11.0,2.220446049250313e-16,0.11482985533357332,0.2215667660990568,2.220446049250313e-16,0.5602726926097623,2.220446049250313e-16,2.220446049250313e-16,0.42988951138726744,2.220446049250313e-16,2.220446049250313e-16,1.1102230246251565e-16,2.220446049250313e-16,0.4365529559246472,0.007184600057448069,0.04752221655571454,0.5201279098711498,2.220446049250313e-16
12.0,2.220446049250313e-16,2.220446049250313e-16,0.1386771240345566,2.220446049250313e-16,0.19617549798275252,0.5099012582093446,0.01838182475163376,0.6519991705943607,0.1278962880315914,0.01405234975424373,2.220446049250313e-16,0.002459206089448675,0.445761865092099,2.220446049250313e-16,0.06342089747476758,0.07250264194402005,2.220446049250313e-16
13.0,2.220446049250313e-16,2.220446049250313e-16,0.6148996599771417,2.220446049250313e-16,0.2610861774901486,2.220446049250313e-16,2.220446049250313e-16,0.009595474948873417,0.09313034259131851,2.220446049250313e-16,2.220446049250313e-16,0.0054928474564263745,0.4390860988347556,2.220446049250313e-16,0.5274039479443318,0.032003309829339036,2.220446049250313e-16
14.0,2.220446049250313e-16,2.220446049250313e-16,2.220446049250313e-16,2.220446049250313e-16,2.220446049250313e-16,0.45513721244108496,2.220446049250313e-16,0.007238429793697931,2.220446049250313e-16,2.220446049250313e-16,1.1102230246251565e-16,0.0029386096267922162,0.4154022385499747,0.052689630195637716,0.6461815773631305,0.5403188234980308,2.220446049250313e-16
15.0,2.220446049250313e-16,2.220446049250313e-16,2.220446049250313e-16,2.220446049250313e-16,0.1973652236879664,0.45344515559451254,0.03139165203001547,0.6348874064451371,2.220446049250313e-16,0.014162320907658945,2.220446049250313e-16,0.003021387260338764,0.43067958208644436,2.220446049250313e-16,0.04001650841899901,0.5547730436315373,2.220446049250313e-16
16.0,0.3914947058090832,2.220446049250313e-16,2.220446049250313e-16,0.38607747268108006,0.4787607944279613,0.5166669632139168,2.220446049250313e-16,0.3525025380797319,2.220446049250313e-16,2.220446049250313e-16,2.220446049250313e-16,2.220446049250313e-16,0.38467526517636574,0.4013836290119119,2.220446049250313e-16,0.014707308594235332,2.220446049250313e-16
17.0,2.220446049250313e-16,2.220446049250313e-16,2.220446049250313e-16,2.220446049250313e-16,2.220446049250313e-16,0.1394515468790896,0.3222963853221579,2.220446049250313e-16,0.10619566286562832,0.2535668138677783,2.220446049250313e-16,0.3912759569227353,0.3753220823186711,0.38262278971445784,2.220446049250313e-16,0.5357067558309287,2.220446049250313e-16
18.0,2.220446049250313e-16,2.220446049250313e-16,2.220446049250313e-16,2.220446049250313e-16,2.220446049250313e-16,0.13958217909472584,0.5410179732086754,0.4596049802118256,2.220446049250313e-16,0.008363892176252802,0.01170767054741486,0.3959549088708893,2.220446049250313e-16,0.39415476260585397,2.220446049250313e-16,0.5345908436763432,2.220446049250313e-16
19.0,2.220446049250313e-16,2.220446049250313e-16,2.220446049250313e-16,2.220446049250313e-16,2.220446049250313e-16,2.220446049250313e-16,0.5269313852748685,2.220446049250313e-16,0.09175364436650663,0.488296236066251,0.4026110319173836,0.3904005389654805,2.220446049250313e-16,2.220446049250313e-16,2.220446049250313e-16,0.47469084814931733,2.220446049250313e-16
20.0,2.220446049250313e-16,2.220446049250313e-16,2.220446049250313e-16,2.220446049250313e-16,2.220446049250313e-16,0.13833284701211673,0.31227373914781076,2.220446049250313e-16,0.21049006712773305,0.2537430453513508,2.220446049250313e-16,0.3913026780683562,2.220446049250313e-16,0.38262278971445773,2.220446049250313e-16,0.5452631334274038,2.220446049250313e-16
21.0,2.220446049250313e-16,2.220446049250313e-16,0.3783386810261728,2.220446049250313e-16,2.220446049250313e-16,0.19456451647279124,0.5477222910820038,2.220446049250313e-16,0.20600794871319608,0.2500179728596326,0.0056697620811227,2.220446049250313e-16,2.220446049250313e-16,0.38262278971445784,2.220446049250313e-16,0.06490992868397091,2.220446049250313e-16
22.0,2.220446049250313e-16,2.220446049250313e-16,2.220446049250313e-16,2.220446049250313e-16,2.220446049250313e-16,0.13958217909472584,0.5410179732086754,0.4596049802118256,2.220446049250313e-16,0.008363892176252802,0.01170767054741486,0.3959549088708893,2.220446049250313e-16,0.39415476260585397,2.220446049250313e-16,0.5345908436763432,2.220446049250313e-16
23.0,2.220446049250313e-16,2.220446049250313e-16,0.05822934674198168,2.220446049250313e-16,2.220446049250313e-16,0.4873936014451232,0.5520746269982788,2.220446049250313e-16,0.16011466747014377,0.24994143198288643,0.006545179681411259,2.220446049250313e-16,2.220446049250313e-16,0.3826227897144579,2.220446049250313e-16,0.2647719656481726,2.220446049250313e-16
24.0,2.220446049250313e-16,2.220446049250313e-16,2.220446049250313e-16,2.220446049250313e-16,2.220446049250313e-16,0.45513721244108496,2.220446049250313e-16,0.007238429793697931,2.220446049250313e-16,2.220446049250313e-16,1.1102230246251565e-16,0.0029386096267922162,0.4154022385499747,0.052689630195637716,0.6461815773631305,0.5403188234980308,2.220446049250313e-16
25.0,2.220446049250313e-16,2.220446049250313e-16,0.1386771240345566,2.220446049250313e-16,0.19617549798275252,0.5099012582093446,0.01838182475163376,0.6519991705943607,0.1278962880315914,0.01405234975424373,2.220446049250313e-16,0.002459206089448675,0.445761865092099,2.220446049250313e-16,0.06342089747476758,0.07250264194402005,2.220446049250313e-16
26.0,2.220446049250313e-16,2.220446049250313e-16,2.220446049250313e-16,2.220446049250313e-16,0.2617533542621221,0.4543208948399481,2.220446049250313e-16,2.220446049250313e-16,2.220446049250313e-16,2.220446049250313e-16,2.220446049250313e-16,0.006091250714544305,0.4227726554793438,2.220446049250313e-16,0.5020892526476164,0.547292131947795,2.220446049250313e-16
27.0,2.220446049250313e-16,2.220446049250313e-16,0.12423268981430628,2.220446049250313e-16,2.220446049250313e-16,0.5157338759087294,0.31064181531589496,2.220446049250313e-16,0.23663511765003323,0.2541873080910169,2.220446049250313e-16,2.220446049250313e-16,0.3930999793576587,0.382622789714458,2.220446049250313e-16,0.022678110131007564,2.220446049250313e-16
28.0,2.220446049250313e-16,2.220446049250313e-16,2.220446049250313e-16,2.220446049250313e-16,2.220446049250313e-16,0.45513721244108496,2.220446049250313e-16,0.007238429793697931,2.220446049250313e-16,2.220446049250313e-16,1.1102230246251565e-16,0.0029386096267922162,0.4154022385499747,0.052689630195637716,0.6461815773631305,0.5403188234980308,2.220446049250313e-16
29.0,2.220446049250313e-16,2.220446049250313e-16,2.220446049250313e-16,2.220446049250313e-16,0.19765406051029827,0.45234454506024435,0.26383024237151936,0.6307654117326984,2.220446049250313e-16,0.010157354001782987,0.033977639548332994,0.0020901537339973945,0.035773629408512295,2.220446049250313e-16,0.05544762717766413,0.564174894979374,2.220446049250313e-16
30.0,2.220446049250313e-16,2.220446049250313e-16,2.220446049250313e-16,2.220446049250313e-16,2.220446049250313e-16,0.13833284701211676,0.5573974830942025,2.220446049250313e-16,0.09466826732393391,0.24943295395402787,0.00786458274211829,0.3906491593126061,2.220446049250313e-16,0.38262278971445784,2.220446049250313e-16,0.5452631334274038,2.220446049250313e-16
31.0,2.220446049250313e-16,2.220446049250313e-16,2.220446049250313e-16,2.220446049250313e-16,2.220446049250313e-16,0.13833284701211676,0.5573974830942025,2.220446049250313e-16,0.09466826732393391,0.24943295395402787,0.00786458274211829,0.3906491593126061,2.220446049250313e-16,0.38262278971445784,2.220446049250313e-16,0.5452631334274038,2.220446049250313e-16
32.0,2.220446049250313e-16,2.220446049250313e-16,2.220446049250313e-16,2.220446049250313e-16,2.220446049250313e-16,0.45513721244108496,2.220446049250313e-16,0.007238429793697931,2.220446049250313e-16,2.220446049250313e-16,1.1102230246251565e-16,0.0029386096267922162,0.4154022385499747,0.052689630195637716,0.6461815773631305,0.5403188234980308,2.220446049250313e-16
33.0,2.220446049250313e-16,2.220446049250313e-16,0.4716043658392386,2.220446049250313e-16,0.2617533542621221,2.220446049250313e-16,2.220446049250313e-16,2.220446049250313e-16,2.220446049250313e-16,2.220446049250313e-16,2.220446049250313e-16,0.00604942251380515,0.424020019634325,2.220446049250313e-16,0.5040247988736658,0.5084146618551789,2.220446049250313e-16
34.0,2.220446049250313e-16,2.220446049250313e-16,0.4716043658392386,2.220446049250313e-16,0.2617533542621221,2.220446049250313e-16,2.220446049250313e-16,2.220446049250313e-16,2.220446049250313e-16,2.220446049250313e-16,2.220446049250313e-16,0.00604942251380515,0.424020019634325,2.220446049250313e-16,0.5040247988736658,0.5084146618551789,2.220446049250313e-16
35.0,2.220446049250313e-16,2.220446049250313e-16,2.220446049250313e-16,2.220446049250313e-16,0.4728578504479724,0.45295657125968664,2.220446049250313e-16,0.4373999048106416,1.1102230246251565e-16,2.220446049250313e-16,1.1102230246251565e-16,2.220446049250313e-16,0.4350909414002854,0.006855325158032413,0.046193436256471036,0.5589467246421163,2.220446049250313e-16
36.0,2.220446049250313e-16,2.220446049250313e-16,2.220446049250313e-16,2.220446049250313e-16,0.2617533542621221,0.4543208948399481,2.220446049250313e-16,2.220446049250313e-16,2.220446049250313e-16,2.220446049250313e-16,2.220446049250313e-16,0.006091250714544305,0.4227726554793438,2.220446049250313e-16,0.5020892526476164,0.547292131947795,2.220446049250313e-16
37.0,2.220446049250313e-16,2.220446049250313e-16,2.220446049250313e-16,2.220446049250313e-16,2.220446049250313e-16,0.1394515468790896,0.3222963853221579,2.220446049250313e-16,0.10619566286562832,0.2535668138677783,2.220446049250313e-16,0.3912759569227353,0.3753220823186711,0.38262278971445784,2.220446049250313e-16,0.5357067558309287,2.220446049250313e-16
38.0,2.220446049250313e-16,2.220446049250313e-16,2.220446049250313e-16,2.220446049250313e-16,0.5003831752484396,0.1319488437781947,0.22932244236101682,0.041524964798571394,2.220446049250313e-16,2.220446049250313e-16,0.03675008418072222,0.402847308511366,0.03821972394122913,2.220446049250313e-16,0.2660378393733962,0.5997978189866079,2.220446049250313e-16
39.0,2.220446049250313e-16,0.132839677370299,0.3623499489846437,2.220446049250313e-16,0.346922581619359,2.220446049250313e-16,2.220446049250313e-16,0.0009478628625373194,0.11204171241605344,0.0005339429869576878,2.220446049250313e-16,0.005552945773038728,0.43932654334904736,2.220446049250313e-16,0.5267297549531185,0.03222802861548272,2.220446049250313e-16
40.0,2.220446049250313e-16,2.220446049250313e-16,2.220446049250313e-16,2.220446049250313e-16,2.220446049250313e-16,0.45513721244108496,2.220446049250313e-16,0.007238429793697931,2.220446049250313e-16,2.220446049250313e-16,1.1102230246251565e-16,0.0029386096267922162,0.4154022385499747,0.052689630195637716,0.6461815773631305,0.5403188234980308,2.220446049250313e-16
41.0,2.220446049250313e-16,2.220446049250313e-16,0.2500375997401819,2.220446049250313e-16,0.2617533542621221,0.1343109897658931,2.220446049250313e-16,2.220446049250313e-16,2.220446049250313e-16,2.220446049250313e-16,2.220446049250313e-16,0.006126031598867709,0.4217354502538147,2.220446049250313e-16,0.5004798119306505,0.5796194318580461,2.220446049250313e-16
42.0,2.220446049250313e-16,2.220446049250313e-16,0.28203308610215416,2.220446049250313e-16,2.220446049250313e-16,0.29282908497233223,0.5536716758807334,2.220446049250313e-16,0.14327455794474078,0.2499133460253636,0.0068664059670465166,2.220446049250313e-16,2.220446049250313e-16,0.38262278971445784,2.220446049250313e-16,0.19986203696420166,2.220446049250313e-16
43.0,2.220446049250313e-16,2.220446049250313e-16,2.220446049250313e-16,2.220446049250313e-16,0.1973652236879664,0.45344515559451254,0.03139165203001547,0.6348874064451371,2.220446049250313e-16,0.014162320907658945,2.220446049250313e-16,0.003021387260338764,0.43067958208644436,2.220446049250313e-16,0.04001650841899901,0.5547730436315373,2.220446049250313e-16
44.0,2.220446049250313e-16,0.5674577135495122,2.220446049250313e-16,2.220446049250313e-16,0.044368310872940325,2.220446049250313e-16,2.220446049250313e-16,0.012581065933720352,2.220446049250313e-16,0.00011408302498249278,3.3306690738754696e-16,0.0024227427553140985,0.0212597929488153,0.046328305389067244,0.6687226184855687,0.5103614128913901,0.11029641049277182
45.0,2.220446049250313e-16,0.1148298553335738,0.2215667660990588,2.220446049250313e-16,0.5602726926097626,2.220446049250313e-16,2.220446049250313e-16,0.4298895113872672,2.220446049250313e-16,2.220446049250313e-16,2.220446049250313e-16,2.220446049250313e-16,0.436552955924649,0.007184600057447818,0.04752221655571441,0.5201279098711492,2.220446049250313e-16
46.0,2.220446049250313e-16,0.033711875621749106,2.220446049250313e-16,2.220446049250313e-16,0.25864100497040066,0.45327062540136137,2.220446049250313e-16,0.00014785446160622595,2.220446049250313e-16,2.220446049250313e-16,2.220446049250313e-16,0.0056044892415010525,0.02741218012135063,2.220446049250313e-16,0.5245769083745098,0.5562639497065079,0.13097257430055192
47.0,2.220446049250313e-16,2.220446049250313e-16,2.220446049250313e-16,2.220446049250313e-16,2.220446049250313e-16,0.13833284701211676,0.5573974830942025,2.220446049250313e-16,0.09466826732393392,0.24943295395402787,0.00786458274211829,0.3906491593126061,2.220446049250313e-16,0.38262278971445784,2.220446049250313e-16,0.5452631334274038,2.220446049250313e-16
48.0,2.220446049250313e-16,2.220446049250313e-16,2.220446049250313e-16,2.220446049250313e-16,2.220446049250313e-16,2.220446049250313e-16,0.28382840645815743,2.220446049250313e-16,0.20782105062963424,0.49257079568578216,0.3638697569551356,0.3910486702059621,2.220446049250313e-16,2.220446049250313e-16,2.220446049250313e-16,0.47469084814931733,2.220446049250313e-16
49.0,2.220446049250313e-16,2.220446049250313e-16,2.220446049250313e-16,0.012318184213694827,3.3306690738754696e-16,2.220446049250313e-16,0.507969471950367,2.220446049250313e-16,0.3287686112234639,2.220446049250313e-16,0.4165731041280454,0.3911273561709629,2.220446049250313e-16,2.220446049250313e-16,2.220446049250313e-16,0.47469084814931733,2.220446049250313e-16
50.0,2.220446049250313e-16,2.220446049250313e-16,2.220446049250313e-16,2.220446049250313e-16,2.220446049250313e-16,0.1321280871426728,0.5366753380738963,0.5622961651142625,2.220446049250313e-16,0.006401807602474111,0.012056568925931979,0.3943552797114403,0.0366013607867735,2.220446049250313e-16,0.049262809696021315,0.598266651134381,2.220446049250313e-16
51.0,2.220446049250313e-16,2.220446049250313e-16,2.220446049250313e-16,2.220446049250313e-16,0.2617533542621221,0.1342726049929825,2.220446049250313e-16,2.220446049250313e-16,2.220446049250313e-16,2.220446049250313e-16,2.220446049250313e-16,0.39876997642692324,0.4220820209754267,2.220446049250313e-16,0.4935414676470965,0.5799473297998613,2.220446049250313e-16
52.0,2.220446049250313e-16,2.220446049250313e-16,2.220446049250313e-16,2.220446049250313e-16,2.220446049250313e-16,0.45218442016779364,0.5374252527160764,0.5655694403202783,2.220446049250313e-16,0.00674063320154167,0.011996318871630158,0.0016589813453400384,0.03721937456516538,2.220446049250313e-16,0.05769828940845589,0.5655427452670457,2.220446049250313e-16
53.0,2.220446049250313e-16,2.220446049250313e-16,2.220446049250313e-16,2.220446049250313e-16,0.19759463993426127,0.1333887647737596,0.030646718810252,0.6315906093019553,2.220446049250313e-16,0.013823759925701685,2.220446049250313e-16,0.39571778025587934,0.4300620901366791,2.220446049250313e-16,0.03158183629784977,0.5874974432120518,2.220446049250313e-16
54.0,2.220446049250313e-16,2.220446049250313e-16,2.220446049250313e-16,2.220446049250313e-16,0.2617533542621221,0.1331821230182738,0.23110684281734906,2.220446049250313e-16,2.220446049250313e-16,2.220446049250313e-16,0.036606720898633094,0.3978177856370693,0.027084618956281944,2.220446049250313e-16,0.5088311410487723,0.5892626589780684,2.220446049250313e-16
55.0,2.220446049250313e-16,2.220446049250313e-16,0.1386771240345566,2.220446049250313e-16,0.19617549798275252,0.5099012582093446,0.01838182475163376,0.6519991705943607,0.1278962880315914,0.01405234975424373,2.220446049250313e-16,0.002459206089448675,0.445761865092099,2.220446049250313e-16,0.06342089747476758,0.07250264194402005,2.220446049250313e-16
56.0,2.220446049250313e-16,2.220446049250313e-16,2.220446049250313e-16,2.220446049250313e-16,0.2617533542621221,0.4543208948399481,2.220446049250313e-16,2.220446049250313e-16,2.220446049250313e-16,2.220446049250313e-16,2.220446049250313e-16,0.006091250714544305,0.4227726554793438,2.220446049250313e-16,0.5020892526476164,0.547292131947795,2.220446049250313e-16
57.0,2.220446049250313e-16,2.220446049250313e-16,0.2215667660990566,2.220446049250313e-16,0.19721169558777912,0.25891071182889347,0.03129885988071841,0.6370958169300152,2.220446049250313e-16,0.014120240373048194,2.220446049250313e-16,0.0029414546089506135,0.43271994573228356,2.220446049250313e-16,0.04318277831614133,0.4896062219653026,2.220446049250313e-16
58.0,2.220446049250313e-16,2.220446049250313e-16,2.220446049250313e-16,2.220446049250313e-16,2.220446049250313e-16,0.45513721244108496,2.220446049250313e-16,0.007238429793697931,2.220446049250313e-16,2.220446049250313e-16,1.1102230246251565e-16,0.0029386096267922162,0.4154022385499747,0.052689630195637716,0.6461815773631305,0.5403188234980308,2.220446049250313e-16
59.0,2.220446049250313e-16,2.220446049250313e-16,0.1386771240345566,2.220446049250313e-16,0.19617549798275252,0.5099012582093446,0.01838182475163376,0.6519991705943607,0.1278962880315914,0.01405234975424373,2.220446049250313e-16,0.002459206089448675,0.445761865092099,2.220446049250313e-16,0.06342089747476758,0.07250264194402005,2.220446049250313e-16
60.0,0.3914947058090832,2.220446049250313e-16,2.220446049250313e-16,0.38607747268108006,0.23628851797240252,2.220446049250313e-16,0.2017942667028964,0.07519807117978361,2.220446049250313e-16,2.220446049250313e-16,0.4311826889764684,0.3991080721999378,0.04794754561611959,0.0764473019407317,0.4341565409880448,0.04481164513636653,2.220446049250313e-16
61.0,0.3914947058090832,2.220446049250313e-16,2.220446049250313e-16,0.39861330902094433,1.1102230246251565e-16,0.31622556882906183,0.5094455759105738,2.220446049250313e-16,0.32261452781877153,2.220446049250313e-16,0.4166187899721871,2.220446049250313e-16,2.220446049250313e-16,2.220446049250313e-16,2.220446049250313e-16,2.220446049250313e-16,2.220446049250313e-16
62.0,0.3914947058090832,2.220446049250313e-16,2.220446049250313e-16,0.39861330902094433,1.1102230246251565e-16,0.31622556882906183,0.5094455759105738,2.220446049250313e-16,0.32261452781877153,2.220446049250313e-16,0.4166187899721871,2.220446049250313e-16,2.220446049250313e-16,2.220446049250313e-16,2.220446049250313e-16,2.220446049250313e-16,2.220446049250313e-16
63.0,0.3914947058090832,2.220446049250313e-16,2.220446049250313e-16,0.38607747268108006,2.220446049250313e-16,2.220446049250313e-16,0.5243631891269316,0.1192734968975182,2.220446049250313e-16,0.5133944134664334,0.40526667934160104,0.397121642338022,2.220446049250313e-16,2.220446049250313e-16,2.220446049250313e-16,2.220446049250313e-16,2.220446049250313e-16
64.0,0.3914947058090832,2.220446049250313e-16,2.220446049250313e-16,0.38607747268108006,2.220446049250313e-16,2.220446049250313e-16,0.5243631891269316,0.1192734968975182,2.220446049250313e-16,0.5133944134664334,0.40526667934160104,0.397121642338022,2.220446049250313e-16,2.220446049250313e-16,2.220446049250313e-16,2.220446049250313e-16,2.220446049250313e-16
65.0,2.220446049250313e-16,2.220446049250313e-16,2.220446049250313e-16,0.3986117928907534,2.220446049250313e-16,2.220446049250313e-16,0.5085488406322116,2.220446049250313e-16,0.3226573961877106,2.220446049250313e-16,0.4166896916236962,0.3911257974303699,2.220446049250313e-16,2.220446049250313e-16,2.220446049250313e-16,0.24534182073747215,2.220446049250313e-16
66.0,0.3914947058090832,0.5708421017145267,2.7755575615628914e-17,0.3860774726810804,0.016108891592588465,2.220446049250313e-16,2.220446049250313e-16,0.41453589035822574,2.220446049250313e-16,2.220446049250313e-16,2.220446049250313e-16,2.220446049250313e-16,0.03781468931160519,0.08734484125987249,0.4745740549845302,0.03534150531792565,0.12363643970463682
67.0,0.3914947058090832,0.5708421017145267,2.7755575615628914e-17,0.3860774726810804,0.016108891592588465,2.220446049250313e-16,2.220446049250313e-16,0.41453589035822574,2.220446049250313e-16,2.220446049250313e-16,2.220446049250313e-16,2.220446049250313e-16,0.03781468931160519,0.08734484125987249,0.4745740549845302,0.03534150531792565,0.12363643970463682
68.0,2.220446049250313e-16,0.48056541796861435,2.220446049250313e-16,2.220446049250313e-16,0.556231378407851,2.220446049250313e-16,2.220446049250313e-16,2.220446049250313e-16,2.220446049250313e-16,0.49815631023892565,1.6653345369377348e-16,2.220446049250313e-16,2.220446049250313e-16,2.220446049250313e-16,2.220446049250313e-16,2.220446049250313e-16,0.538353393724542
69.0,2.220446049250313e-16,0.48056541796861435,2.220446049250313e-16,2.220446049250313e-16,0.556231378407851,2.220446049250313e-16,2.220446049250313e-16,2.220446049250313e-16,2.220446049250313e-16,0.49815631023892565,1.6653345369377348e-16,2.220446049250313e-16,2.220446049250313e-16,2.220446049250313e-16,2.220446049250313e-16,2.220446049250313e-16,0.538353393724542
70.0,2.220446049250313e-16,0.020922224528529015,2.220446049250313e-16,2.220446049250313e-16,2.220446049250313e-16,8.326672684688674e-17,2.220446049250313e-16,2.220446049250313e-16,2.220446049250313e-16,2.220446049250313e-16,0.3922209209787655,0.3983781581776849,2.220446049250313e-16,0.4384402549473616,0.511672353512884,2.220446049250313e-16,0.5664721735865729
71.0,2.220446049250313e-16,2.220446049250313e-16,0.5384352920393333,0.00029366956381826625,2.220446049250313e-16,2.220446049250313e-16,2.220446049250313e-16,2.220446049250313e-16,0.6687600799897269,2.220446049250313e-16,0.0009134304677922138,2.220446049250313e-16,2.220446049250313e-16,2.220446049250313e-16,2.220446049250313e-16,2.220446049250313e-16,2.220446049250313e-16
72.0,2.220446049250313e-16,2.220446049250313e-16,0.5384352920393333,0.00029366956381826625,2.220446049250313e-16,2.220446049250313e-16,2.220446049250313e-16,2.220446049250313e-16,0.6687600799897269,2.220446049250313e-16,0.0009134304677922138,2.220446049250313e-16,2.220446049250313e-16,2.220446049250313e-16,2.220446049250313e-16,2.220446049250313e-16,2.220446049250313e-16
73.0,2.220446049250313e-16,2.220446049250313e-16,0.5384352920393333,0.00029366956381826625,2.220446049250313e-16,2.220446049250313e-16,2.220446049250313e-16,2.220446049250313e-16,0.6687600799897269,2.220446049250313e-16,0.0009134304677922138,2.220446049250313e-16,2.220446049250313e-16,2.220446049250313e-16,2.220446049250313e-16,2.220446049250313e-16,2.220446049250313e-16
74.0,2.220446049250313e-16,2.220446049250313e-16,0.5384352920393333,0.00029366956381826625,2.220446049250313e-16,2.220446049250313e-16,2.220446049250313e-16,2.220446049250313e-16,0.6687600799897269,2.220446049250313e-16,0.0009134304677922138,2.220446049250313e-16,2.220446049250313e-16,2.220446049250313e-16,2.220446049250313e-16,2.220446049250313e-16,2.220446049250313e-16
75.0,2.220446049250313e-16,2.220446049250313e-16,0.5384352920393333,0.00029366956381826625,2.220446049250313e-16,2.220446049250313e-16,2.220446049250313e-16,2.220446049250313e-16,0.6687600799897269,2.220446049250313e-16,0.0009134304677922138,2.220446049250313e-16,2.220446049250313e-16,2.220446049250313e-16,2.220446049250313e-16,2.220446049250313e-16,2.220446049250313e-16
76.0,2.220446049250313e-16,2.220446049250313e-16,0.5384352920393333,0.00029366956381826625,2.220446049250313e-16,2.220446049250313e-16,2.220446049250313e-16,2.220446049250313e-16,0.6687600799897269,2.220446049250313e-16,0.0009134304677922138,2.220446049250313e-16,2.220446049250313e-16,2.220446049250313e-16,2.220446049250313e-16,2.220446049250313e-16,2.220446049250313e-16
77.0,0.3914947058090832,0.5708421017145267,2.7755575615628914e-17,0.3860774726810804,0.016108891592588465,2.220446049250313e-16,2.220446049250313e-16,0.41453589035822574,2.220446049250313e-16,2.220446049250313e-16,2.220446049250313e-16,2.220446049250313e-16,0.03781468931160519,0.08734484125987249,0.4745740549845302,0.03534150531792565,0.12363643970463682
78.0,0.3914947058090832,0.5708421017145267,2.7755575615628914e-17,0.3860774726810804,0.016108891592588465,2.220446049250313e-16,2.220446049250313e-16,0.41453589035822574,2.220446049250313e-16,2.220446049250313e-16,2.220446049250313e-16,2.220446049250313e-16,0.03781468931160519,0.08734484125987249,0.4745740549845302,0.03534150531792565,0.12363643970463682
79.0,2.220446049250313e-16,0.48056541796861435,2.220446049250313e-16,2.220446049250313e-16,0.556231378407851,2.220446049250313e-16,2.220446049250313e-16,2.220446049250313e-16,2.220446049250313e-16,0.49815631023892565,1.6653345369377348e-16,2.220446049250313e-16,2.220446049250313e-16,2.220446049250313e-16,2.220446049250313e-16,2.220446049250313e-16,0.538353393724542
80.0,2.220446049250313e-16,0.48056541796861435,2.220446049250313e-16,2.220446049250313e-16,0.556231378407851,2.220446049250313e-16,2.220446049250313e-16,2.220446049250313e-16,2.220446049250313e-16,0.49815631023892565,1.6653345369377348e-16,2.220446049250313e-16,2.220446049250313e-16,2.220446049250313e-16,2.220446049250313e-16,2.220446049250313e-16,0.538353393724542
81.0,0.3914947058090832,2.220446049250313e-16,2.220446049250313e-16,0.38607747268108006,0.24151706649716942,2.220446049250313e-16,0.20499699985846154,2.220446049250313e-16,2.220446049250313e-16,2.220446049250313e-16,0.4309253732292056,0.40255733440971303,2.220446049250313e-16,0.4830475037964648,0.29276516801956093,2.220446049250313e-16,2.220446049250313e-16
82.0,0.3914947058090832,2.220446049250313e-16,2.220446049250313e-16,0.39432055116267123,5.551115123125783e-17,0.3162255688290617,0.22719455237928562,2.220446049250313e-16,0.44399165544422226,2.220446049250313e-16,0.4360554625734063,2.220446049250313e-16,2.220446049250313e-16,2.220446049250313e-16,2.220446049250313e-16,2.220446049250313e-16,2.220446049250313e-16
83.0,0.3914947058090832,2.220446049250313e-16,2.220446049250313e-16,0.39432055116267123,5.551115123125783e-17,0.3162255688290617,0.22719455237928562,2.220446049250313e-16,0.44399165544422226,2.220446049250313e-16,0.4360554625734063,2.220446049250313e-16,2.220446049250313e-16,2.220446049250313e-16,2.220446049250313e-16,2.220446049250313e-16,2.220446049250313e-16
84.0,0.3914947058090832,2.220446049250313e-16,2.220446049250313e-16,0.38607747268108006,2.220446049250313e-16,2.220446049250313e-16,0.5243631891269316,0.1192734968975182,2.220446049250313e-16,0.5133944134664334,0.40526667934160104,0.397121642338022,2.220446049250313e-16,2.220446049250313e-16,2.220446049250313e-16,2.220446049250313e-16,2.220446049250313e-16
85.0,0.3914947058090832,2.220446049250313e-16,2.220446049250313e-16,0.38607747268108006,2.220446049250313e-16,2.220446049250313e-16,0.5243631891269316,0.1192734968975182,2.220446049250313e-16,0.5133944134664334,0.40526667934160104,0.397121642338022,2.220446049250313e-16,2.220446049250313e-16,2.220446049250313e-16,2.220446049250313e-16,2.220446049250313e-16
86.0,2.220446049250313e-16,2.220446049250313e-16,2.220446049250313e-16,0.3986117928907534,2.220446049250313e-16,2.220446049250313e-16,0.5085488406322116,2.220446049250313e-16,0.3226573961877106,2.220446049250313e-16,0.4166896916236962,0.3911257974303699,2.220446049250313e-16,2.220446049250313e-16,2.220446049250313e-16,0.24534182073747215,2.220446049250313e-16
87.0,0.3914947058090833,0.05920969992032488,2.220446049250313e-16,0.38607747268108017,2.220446049250313e-16,2.220446049250313e-16,2.220446049250313e-16,2.220446049250313e-16,2.220446049250313e-16,2.220446049250313e-16,0.3922209209787651,0.3977072783205551,2.220446049250313e-16,0.4457361960372352,0.5427164565960576,2.220446049250313e-16,0.1438658000333896
88.0,2.220446049250313e-16,0.3375134729208102,0.31464116998340547,2.220446049250313e-16,2.220446049250313e-16,2.220446049250313e-16,2.220446049250313e-16,2.220446049250313e-16,0.6855277896971977,2.220446049250313e-16,0.0004658258756482959,2.220446049250313e-16,2.220446049250313e-16,2.220446049250313e-16,2.220446049250313e-16,2.220446049250313e-16,2.220446049250313e-16
89.0,2.220446049250313e-16,0.3375134729208102,0.31464116998340547,2.220446049250313e-16,2.220446049250313e-16,2.220446049250313e-16,2.220446049250313e-16,2.220446049250313e-16,0.6855277896971977,2.220446049250313e-16,0.0004658258756482959,2.220446049250313e-16,2.220446049250313e-16,2.220446049250313e-16,2.220446049250313e-16,2.220446049250313e-16,2.220446049250313e-16
90.0,2.220446049250313e-16,0.3375134729208102,0.31464116998340547,2.220446049250313e-16,2.220446049250313e-16,2.220446049250313e-16,2.220446049250313e-16,2.220446049250313e-16,0.6855277896971977,2.220446049250313e-16,0.0004658258756482959,2.220446049250313e-16,2.220446049250313e-16,2.220446049250313e-16,2.220446049250313e-16,2.220446049250313e-16,2.220446049250313e-16
91.0,2.220446049250313e-16,0.3375134729208102,0.31464116998340547,2.220446049250313e-16,2.220446049250313e-16,2.220446049250313e-16,2.220446049250313e-16,2.220446049250313e-16,0.6855277896971977,2.220446049250313e-16,0.0004658258756482959,2.220446049250313e-16,2.220446049250313e-16,2.220446049250313e-16,2.220446049250313e-16,2.220446049250313e-16,2.220446049250313e-16
92.0,2.220446049250313e-16,0.3375134729208102,0.31464116998340547,2.220446049250313e-16,2.220446049250313e-16,2.220446049250313e-16,2.220446049250313e-16,2.220446049250313e-16,0.6855277896971977,2.220446049250313e-16,0.0004658258756482959,2.220446049250313e-16,2.220446049250313e-16,2.220446049250313e-16,2.220446049250313e-16,2.220446049250313e-16,2.220446049250313e-16
93.0,2.220446049250313e-16,0.3375134729208102,0.31464116998340547,2.220446049250313e-16,2.220446049250313e-16,2.220446049250313e-16,2.220446049250313e-16,2.220446049250313e-16,0.6855277896971977,2.220446049250313e-16,0.0004658258756482959,2.220446049250313e-16,2.220446049250313e-16,2.220446049250313e-16,2.220446049250313e-16,2.220446049250313e-16,2.220446049250313e-16
94.0,2.220446049250313e-16,0.020922224528529015,2.220446049250313e-16,2.220446049250313e-16,2.220446049250313e-16,8.326672684688674e-17,2.220446049250313e-16,2.220446049250313e-16,2.220446049250313e-16,2.220446049250313e-16,0.3922209209787655,0.3983781581776849,2.220446049250313e-16,0.4384402549473616,0.511672353512884,2.220446049250313e-16,0.5664721735865729
95.0,0.39149470580908324,2.220446049250313e-16,2.220446049250313e-16,0.3942178063055764,2.220446049250313e-16,0.5145621865375697,0.016740942895806885,2.220446049250313e-16,0.44689675189833966,0.23803282749596727,2.220446049250313e-16,2.220446049250313e-16,2.220446049250313e-16,2.220446049250313e-16,2.220446049250313e-16,0.03268714507161283,2.220446049250313e-16
96.0,2.220446049250313e-16,0.5055876085080145,0.06209076280284921,2.220446049250313e-16,0.05093601803647103,2.220446049250313e-16,2.220446049250313e-16,2.220446049250313e-16,0.7044444004800399,0.0004122399152585433,2.220446049250313e-16,2.220446049250313e-16,2.220446049250313e-16,2.220446049250313e-16,2.220446049250313e-16,2.220446049250313e-16,2.220446049250313e-16
97.0,2.220446049250313e-16,0.5055876085080145,0.06209076280284921,2.220446049250313e-16,0.05093601803647103,2.220446049250313e-16,2.220446049250313e-16,2.220446049250313e-16,0.7044444004800399,0.0004122399152585433,2.220446049250313e-16,2.220446049250313e-16,2.220446049250313e-16,2.220446049250313e-16,2.220446049250313e-16,2.220446049250313e-16,2.220446049250313e-16
98.0,2.220446049250313e-16,0.5055876085080145,0.06209076280284921,2.220446049250313e-16,0.05093601803647103,2.220446049250313e-16,2.220446049250313e-16,2.220446049250313e-16,0.7044444004800399,0.0004122399152585433,2.220446049250313e-16,2.220446049250313e-16,2.220446049250313e-16,2.220446049250313e-16,2.220446049250313e-16,2.220446049250313e-16,2.220446049250313e-16
99.0,2.220446049250313e-16,0.5055876085080145,0.06209076280284921,2.220446049250313e-16,0.05093601803647103,2.220446049250313e-16,2.220446049250313e-16,2.220446049250313e-16,0.7044444004800399,0.0004122399152585433,2.220446049250313e-16,2.220446049250313e-16,2.220446049250313e-16,2.220446049250313e-16,2.220446049250313e-16,2.220446049250313e-16,2.220446049250313e-16
100.0,0.39149470580908324,2.220446049250313e-16,2.220446049250313e-16,0.3942178063055764,2.220446049250313e-16,0.5145621865375697,0.016740942895806885,2.220446049250313e-16,0.44689675189833966,0.23803282749596727,2.220446049250313e-16,2.220446049250313e-16,2.220446049250313e-16,2.220446049250313e-16,2.220446049250313e-16,0.03268714507161283,2.220446049250313e-16
101.0,2.220446049250313e-16,0.021332265824070162,0.4716043658392386,2.220446049250313e-16,2.220446049250313e-16,2.220446049250313e-16,2.220446049250313e-16,0.3109698871358087,2.220446049250313e-16,2.220446049250313e-16,2.220446049250313e-16,2.220446049250313e-16,2.220446049250313e-16,0.4874481891272633,0.30331616218601504,2.220446049250313e-16,0.581620173539736
102.0,2.220446049250313e-16,0.021332265824070162,0.4716043658392386,2.220446049250313e-16,2.220446049250313e-16,2.220446049250313e-16,2.220446049250313e-16,0.3109698871358087,2.220446049250313e-16,2.220446049250313e-16,2.220446049250313e-16,2.220446049250313e-16,2.220446049250313e-16,0.4874481891272633,0.30331616218601504,2.220446049250313e-16,0.581620173539736
103.0,2.220446049250313e-16,0.48056541796861435,2.220446049250313e-16,2.220446049250313e-16,0.556231378407851,2.220446049250313e-16,2.220446049250313e-16,2.220446049250313e-16,2.220446049250313e-16,0.49815631023892565,1.6653345369377348e-16,2.220446049250313e-16,2.220446049250313e-16,2.220446049250313e-16,2.220446049250313e-16,2.220446049250313e-16,0.538353393724542
104.0,2.220446049250313e-16,0.48056541796861435,2.220446049250313e-16,2.220446049250313e-16,0.556231378407851,2.220446049250313e-16,2.220446049250313e-16,2.220446049250313e-16,2.220446049250313e-16,0.49815631023892565,1.6653345369377348e-16,2.220446049250313e-16,2.220446049250313e-16,2.220446049250313e-16,2.220446049250313e-16,2.220446049250313e-16,0.538353393724542
105.0,2.220446049250313e-16,2.220446049250313e-16,0.2215667660990566,2.220446049250313e-16,0.21643857275806141,0.3162255688290616,2.220446049250313e-16,0.36068410732773376,2.220446049250313e-16,2.220446049250313e-16,1.249000902703301e-16,2.220446049250313e-16,0.3830968236141213,0.5237839603847485,0.03656187250648987,2.220446049250313e-16,0.4328214017699921
106.0,2.220446049250313e-16,2.220446049250313e-16,0.2215667660990566,2.220446049250313e-16,0.21643857275806141,0.3162255688290616,2.220446049250313e-16,0.36068410732773376,2.220446049250313e-16,2.220446049250313e-16,1.249000902703301e-16,2.220446049250313e-16,0.3830968236141213,0.5237839603847485,0.03656187250648987,2.220446049250313e-16,0.4328214017699921
107.0,2.220446049250313e-16,0.09900187587078424,0.22156676609905646,2.220446049250313e-16,0.3498270485406413,2.220446049250313e-16,0.2644627211519765,2.220446049250313e-16,2.220446049250313e-16,0.4939106331820858,2.220446049250313e-16,2.220446049250313e-16,0.3938858401674346,2.220446049250313e-16,2.220446049250313e-16,2.220446049250313e-16,0.41189624022737564
108.0,2.220446049250313e-16,0.09900187587078424,0.22156676609905646,2.220446049250313e-16,0.3498270485406413,2.220446049250313e-16,0.2644627211519765,2.220446049250313e-16,2.220446049250313e-16,0.4939106331820858,2.220446049250313e-16,2.220446049250313e-16,0.3938858401674346,2.220446049250313e-16,2.220446049250313e-16,2.220446049250313e-16,0.41189624022737564
109.0,2.220446049250313e-16,2.220446049250313e-16,2.220446049250313e-16,2.220446049250313e-16,2.220446049250313e-16,0.5114097603188436,2.220446049250313e-16,0.018440913990297653,2.220446049250313e-16,2.220446049250313e-16,2.220446049250313e-16,0.0030288036182321647,0.43214181148753694,0.04160671880142432,0.6392344568936712,0.0596164191160441,0.41557102392226186
110.0,0.3914947058090832,2.220446049250313e-16,0.2500375997401819,0.38607747268108006,0.2616112913816706,0.1957328746903936,0.2690870174274719,2.220446049250313e-16,2.220446049250313e-16,0.25478697507556064,2.220446049250313e-16,2.220446049250313e-16,0.391982382469815,0.38262278971445784,2.220446049250313e-16,0.054929349777166916,2.220446049250313e-16
111.0,0.3914947058090832,2.220446049250313e-16,0.2500375997401819,0.38607747268108006,0.2616112913816706,0.1957328746903936,0.2690870174274719,2.220446049250313e-16,2.220446049250313e-16,0.25478697507556064,2.220446049250313e-16,2.220446049250313e-16,0.391982382469815,0.38262278971445784,2.220446049250313e-16,0.054929349777166916,2.220446049250313e-16
112.0,0.3914947058090832,2.220446049250313e-16,2.220446049250313e-16,0.38607747268108006,0.4787607944279613,0.5166669632139168,2.220446049250313e-16,0.3525025380797319,2.220446049250313e-16,2.220446049250313e-16,2.220446049250313e-16,2.220446049250313e-16,0.38467526517636574,0.4013836290119119,2.220446049250313e-16,0.014707308594235332,2.220446049250313e-16
113.0,0.3914947058090832,2.220446049250313e-16,2.220446049250313e-16,0.38607747268108006,0.4787607944279613,0.5166669632139168,2.220446049250313e-16,0.3525025380797319,2.220446049250313e-16,2.220446049250313e-16,2.220446049250313e-16,2.220446049250313e-16,0.38467526517636585,0.401383629011912,2.220446049250313e-16,0.014707308594235394,2.220446049250313e-16
114.0,2.220446049250313e-16,2.220446049250313e-16,0.177713491410685,0.012270004746534446,5.551115123125783e-17,0.26489474193689244,0.3018657109286002,2.220446049250313e-16,0.33013087891420057,2.220446049250313e-16,2.220446049250313e-16,2.220446049250313e-16,0.37869097863365775,2.220446049250313e-16,2.220446049250313e-16,0.4384882653542422,2.220446049250313e-16
115.0,2.220446049250313e-16,2.220446049250313e-16,2.220446049250313e-16,2.220446049250313e-16,2.220446049250313e-16,2.220446049250313e-16,2.220446049250313e-16,2.220446049250313e-16,2.220446049250313e-16,2.220446049250313e-16,0.3922209209787655,0.3988396270495331,0.368591431328087,0.4453038327378729,0.490318474610347,2.220446049250313e-16,0.41845824849270813
116.0,2.220446049250313e-16,2.220446049250313e-16,0.5384352920393333,0.00029366956381826625,2.220446049250313e-16,2.220446049250313e-16,2.220446049250313e-16,2.220446049250313e-16,0.6687600799897269,2.220446049250313e-16,0.0009134304677922138,2.220446049250313e-16,2.220446049250313e-16,2.220446049250313e-16,2.220446049250313e-16,2.220446049250313e-16,2.220446049250313e-16
117.0,2.220446049250313e-16,2.220446049250313e-16,0.5384352920393333,0.00029366956381826625,2.220446049250313e-16,2.220446049250313e-16,2.220446049250313e-16,2.220446049250313e-16,0.6687600799897269,2.220446049250313e-16,0.0009134304677922138,2.220446049250313e-16,2.220446049250313e-16,2.220446049250313e-16,2.220446049250313e-16,2.220446049250313e-16,2.220446049250313e-16
118.0,2.220446049250313e-16,2.220446049250313e-16,0.5384352920393333,0.00029366956381826625,2.220446049250313e-16,2.220446049250313e-16,2.220446049250313e-16,2.220446049250313e-16,0.6687600799897269,2.220446049250313e-16,0.0009134304677922138,2.220446049250313e-16,2.220446049250313e-16,2.220446049250313e-16,2.220446049250313e-16,2.220446049250313e-16,2.220446049250313e-16
119.0,2.220446049250313e-16,2.220446049250313e-16,0.5384352920393333,0.00029366956381826625,2.220446049250313e-16,2.220446049250313e-16,2.220446049250313e-16,2.220446049250313e-16,0.6687600799897269,2.220446049250313e-16,0.0009134304677922138,2.220446049250313e-16,2.220446049250313e-16,2.220446049250313e-16,2.220446049250313e-16,2.220446049250313e-16,2.220446049250313e-16
120.0,2.220446049250313e-16,2.220446049250313e-16,0.5384352920393333,0.00029366956381826625,2.220446049250313e-16,2.220446049250313e-16,2.220446049250313e-16,2.220446049250313e-16,0.6687600799897269,2.220446049250313e-16,0.0009134304677922138,2.220446049250313e-16,2.220446049250313e-16,2.220446049250313e-16,2.220446049250313e-16,2.220446049250313e-16,2.220446049250313e-16
121.0,2.220446049250313e-16,2.220446049250313e-16,0.5384352920393333,0.00029366956381826625,2.220446049250313e-16,2.220446049250313e-16,2.220446049250313e-16,2.220446049250313e-16,0.6687600799897269,2.220446049250313e-16,0.0009134304677922138,2.220446049250313e-16,2.220446049250313e-16,2.220446049250313e-16,2.220446049250313e-16,2.220446049250313e-16,2.220446049250313e-16
122.0,2.220446049250313e-16,0.020922224528529015,2.220446049250313e-16,2.220446049250313e-16,2.220446049250313e-16,8.326672684688674e-17,2.220446049250313e-16,2.220446049250313e-16,2.220446049250313e-16,2.220446049250313e-16,0.3922209209787655,0.3983781581776849,2.220446049250313e-16,0.4384402549473616,0.511672353512884,2.220446049250313e-16,0.5664721735865729
123.0,2.220446049250313e-16,0.16482115310634488,0.28588420582148816,2.220446049250313e-16,0.08229221641286513,2.220446049250313e-16,2.220446049250313e-16,2.220446049250313e-16,0.687681802618343,0.0006660146911195474,0.00040832571063691283,2.220446049250313e-16,2.220446049250313e-16,2.220446049250313e-16,2.220446049250313e-16,2.220446049250313e-16,2.220446049250313e-16
124.0,2.220446049250313e-16,0.16482115310634488,0.28588420582148816,2.220446049250313e-16,0.08229221641286513,2.220446049250313e-16,2.220446049250313e-16,2.220446049250313e-16,0.687681802618343,0.0006660146911195474,0.00040832571063691283,2.220446049250313e-16,2.220446049250313e-16,2.220446049250313e-16,2.220446049250313e-16,2.220446049250313e-16,2.220446049250313e-16
125.0,2.220446049250313e-16,0.16482115310634488,0.28588420582148816,2.220446049250313e-16,0.08229221641286513,2.220446049250313e-16,2.220446049250313e-16,2.220446049250313e-16,0.687681802618343,0.0006660146911195474,0.00040832571063691283,2.220446049250313e-16,2.220446049250313e-16,2.220446049250313e-16,2.220446049250313e-16,2.220446049250313e-16,2.220446049250313e-16
126.0,2.220446049250313e-16,0.16482115310634488,0.28588420582148816,2.220446049250313e-16,0.08229221641286513,2.220446049250313e-16,2.220446049250313e-16,2.220446049250313e-16,0.687681802618343,0.0006660146911195474,0.00040832571063691283,2.220446049250313e-16,2.220446049250313e-16,2.220446049250313e-16,2.220446049250313e-16,2.220446049250313e-16,2.220446049250313e-16
127.0,0.39149470580908324,2.220446049250313e-16,2.220446049250313e-16,0.3942178063055764,2.220446049250313e-16,0.5145621865375697,0.016740942895806885,2.220446049250313e-16,0.44689675189833966,0.23803282749596727,2.220446049250313e-16,2.220446049250313e-16,2.220446049250313e-16,2.220446049250313e-16,2.220446049250313e-16,0.03268714507161283,2.220446049250313e-16
128.0,0.39149470580908324,2.220446049250313e-16,2.220446049250313e-16,0.3942178063055764,2.220446049250313e-16,0.5145621865375697,0.016740942895806885,2.220446049250313e-16,0.44689675189833966,0.23803282749596727,2.220446049250313e-16,2.220446049250313e-16,2.220446049250313e-16,2.220446049250313e-16,2.220446049250313e-16,0.03268714507161283,2.220446049250313e-16
129.0,2.220446049250313e-16,2.220446049250313e-16,0.4716043658392386,2.220446049250313e-16,0.2164385727580613,2.220446049250313e-16,2.220446049250313e-16,0.36068410732773376,2.220446049250313e-16,2.220446049250313e-16,1.1102230246251565e-16,2.220446049250313e-16,0.38309682361412123,0.5237839603847484,0.036561872506489894,2.220446049250313e-16,0.4328214017699921
130.0,2.220446049250313e-16,2.220446049250313e-16,0.4716043658392386,2.220446049250313e-16,0.2164385727580613,2.220446049250313e-16,2.220446049250313e-16,0.36068410732773376,2.220446049250313e-16,2.220446049250313e-16,1.1102230246251565e-16,2.220446049250313e-16,0.38309682361412123,0.5237839603847484,0.036561872506489894,2.220446049250313e-16,0.4328214017699921
131.0,2.220446049250313e-16,0.48056541796861435,2.220446049250313e-16,2.220446049250313e-16,0.556231378407851,2.220446049250313e-16,2.220446049250313e-16,2.220446049250313e-16,2.220446049250313e-16,0.49815631023892565,1.6653345369377348e-16,2.220446049250313e-16,2.220446049250313e-16,2.220446049250313e-16,2.220446049250313e-16,2.220446049250313e-16,0.538353393724542
132.0,2.220446049250313e-16,0.48056541796861435,2.220446049250313e-16,2.220446049250313e-16,0.556231378407851,2.220446049250313e-16,2.220446049250313e-16,2.220446049250313e-16,2.220446049250313e-16,0.49815631023892565,1.6653345369377348e-16,2.220446049250313e-16,2.220446049250313e-16,2.220446049250313e-16,2.220446049250313e-16,2.220446049250313e-16,0.538353393724542
133.0,0.3914947058090832,2.220446049250313e-16,2.220446049250313e-16,0.38607747268108006,0.23613670301124867,2.220446049250313e-16,2.220446049250313e-16,0.07738150549256433,2.220446049250313e-16,2.220446049250313e-16,0.3922209209787654,0.3999755153112075,0.44290234048912697,0.07837979661133776,0.4185986031676291,0.03556995885324292,2.220446049250313e-16
134.0,0.3914947058090832,2.220446049250313e-16,2.220446049250313e-16,0.3985022831091887,2.220446049250313e-16,0.5145621865375691,0.5352469903169206,2.220446049250313e-16,0.32575376993438443,2.220446049250313e-16,0.022241117272930648,2.220446049250313e-16,2.220446049250313e-16,2.220446049250313e-16,2.220446049250313e-16,0.03268714507161274,2.220446049250313e-16
135.0,0.3914947058090832,2.220446049250313e-16,2.220446049250313e-16,0.3985022831091887,2.220446049250313e-16,0.5145621865375691,0.5352469903169206,2.220446049250313e-16,0.32575376993438443,2.220446049250313e-16,0.022241117272930648,2.220446049250313e-16,2.220446049250313e-16,2.220446049250313e-16,2.220446049250313e-16,0.03268714507161274,2.220446049250313e-16
136.0,0.3914947058090832,2.220446049250313e-16,2.220446049250313e-16,0.38607747268108006,2.220446049250313e-16,2.220446049250313e-16,0.5243631891269316,0.1192734968975182,2.220446049250313e-16,0.5133944134664334,0.40526667934160104,0.397121642338022,2.220446049250313e-16,2.220446049250313e-16,2.220446049250313e-16,2.220446049250313e-16,2.220446049250313e-16
137.0,0.3914947058090832,2.220446049250313e-16,2.220446049250313e-16,0.38607747268108006,2.220446049250313e-16,2.220446049250313e-16,0.5243631891269316,0.1192734968975182,2.220446049250313e-16,0.5133944134664334,0.40526667934160104,0.397121642338022,2.220446049250313e-16,2.220446049250313e-16,2.220446049250313e-16,2.220446049250313e-16,2.220446049250313e-16
138.0,2.220446049250313e-16,2.220446049250313e-16,2.220446049250313e-16,0.3986117928907534,2.220446049250313e-16,2.220446049250313e-16,0.5085488406322116,2.220446049250313e-16,0.3226573961877106,2.220446049250313e-16,0.4166896916236962,0.3911257974303699,2.220446049250313e-16,2.220446049250313e-16,2.220446049250313e-16,0.24534182073747215,2.220446049250313e-16
139.0,0.3914947058090833,0.37855567079275076,0.2500375997401818,2.220446049250313e-16,2.220446049250313e-16,2.220446049250313e-16,2.220446049250313e-16,0.4132308572555586,2.220446049250313e-16,2.220446049250313e-16,2.220446049250313e-16,2.220446049250313e-16,0.038618077681627956,0.08334385513355962,0.4591208648055097,0.03609234989362892,0.35088576174892877
140.0,0.3914947058090833,0.37855567079275076,0.2500375997401818,2.220446049250313e-16,2.220446049250313e-16,2.220446049250313e-16,2.220446049250313e-16,0.4132308572555586,2.220446049250313e-16,2.220446049250313e-16,2.220446049250313e-16,2.220446049250313e-16,0.038618077681627956,0.08334385513355962,0.4591208648055097,0.03609234989362892,0.35088576174892877
141.0,2.220446049250313e-16,0.48056541796861435,2.220446049250313e-16,2.220446049250313e-16,0.556231378407851,2.220446049250313e-16,2.220446049250313e-16,2.220446049250313e-16,2.220446049250313e-16,0.49815631023892565,1.6653345369377348e-16,2.220446049250313e-16,2.220446049250313e-16,2.220446049250313e-16,2.220446049250313e-16,2.220446049250313e-16,0.538353393724542
142.0,2.220446049250313e-16,0.48056541796861435,2.220446049250313e-16,2.220446049250313e-16,0.556231378407851,2.220446049250313e-16,2.220446049250313e-16,2.220446049250313e-16,2.220446049250313e-16,0.49815631023892565,1.6653345369377348e-16,2.220446049250313e-16,2.220446049250313e-16,2.220446049250313e-16,2.220446049250313e-16,2.220446049250313e-16,0.538353393724542
143.0,2.220446049250313e-16,2.220446049250313e-16,2.220446049250313e-16,2.220446049250313e-16,0.24151706649716942,2.220446049250313e-16,0.2049954750631831,2.220446049250313e-16,2.220446049250313e-16,2.220446049250313e-16,0.43092549573514505,0.40322542672313894,2.220446049250313e-16,0.4758846602209103,0.26185024476835606,2.220446049250313e-16,0.4170545999235553
144.0,0.3914947058090833,2.220446049250313e-16,2.220446049250313e-16,0.39024019186600073,2.220446049250313e-16,0.31622556882906194,2.220446049250313e-16,5.551115123125783e-17,0.5593632434677941,8.673617379884035e-19,0.39605463854881867,2.220446049250313e-16,2.220446049250313e-16,2.220446049250313e-16,2.220446049250313e-16,2.220446049250313e-16,2.220446049250313e-16
145.0,0.3914947058090833,2.220446049250313e-16,2.220446049250313e-16,0.39024019186600073,2.220446049250313e-16,0.31622556882906194,2.220446049250313e-16,5.551115123125783e-17,0.5593632434677941,8.673617379884035e-19,0.39605463854881867,2.220446049250313e-16,2.220446049250313e-16,2.220446049250313e-16,2.220446049250313e-16,2.220446049250313e-16,2.220446049250313e-16
146.0,0.3914947058090832,2.220446049250313e-16,2.220446049250313e-16,0.38607747268108006,2.220446049250313e-16,2.220446049250313e-16,0.5243631891269316,0.1192734968975182,2.220446049250313e-16,0.5133944134664334,0.40526667934160104,0.397121642338022,2.220446049250313e-16,2.220446049250313e-16,2.220446049250313e-16,2.220446049250313e-16,2.220446049250313e-16
147.0,0.3914947058090832,2.220446049250313e-16,2.220446049250313e-16,0.38607747268108006,2.220446049250313e-16,2.220446049250313e-16,0.5243631891269316,0.1192734968975182,2.220446049250313e-16,0.5133944134664334,0.40526667934160104,0.397121642338022,2.220446049250313e-16,2.220446049250313e-16,2.220446049250313e-16,2.220446049250313e-16,2.220446049250313e-16
148.0,2.220446049250313e-16,2.220446049250313e-16,2.220446049250313e-16,0.3986117928907534,2.220446049250313e-16,2.220446049250313e-16,0.5085488406322116,2.220446049250313e-16,0.3226573961877106,2.220446049250313e-16,0.4166896916236962,0.3911257974303699,2.220446049250313e-16,2.220446049250313e-16,2.220446049250313e-16,0.24534182073747215,2.220446049250313e-16
149.0,2.220446049250313e-16,0.36080515140261027,0.25003759974018186,2.220446049250313e-16,2.220446049250313e-16,2.220446049250313e-16,2.220446049250313e-16,0.31134995433962526,2.220446049250313e-16,2.220446049250313e-16,2.220446049250313e-16,2.220446049250313e-16,2.220446049250313e-16,0.4881260719863442,0.3023871442792013,2.220446049250313e-16,0.5602300859086583
150.0,2.220446049250313e-16,0.36080515140261027,0.25003759974018186,2.220446049250313e-16,2.220446049250313e-16,2.220446049250313e-16,2.220446049250313e-16,0.31134995433962526,2.220446049250313e-16,2.220446049250313e-16,2.220446049250313e-16,2.220446049250313e-16,2.220446049250313e-16,0.4881260719863442,0.3023871442792013,2.220446049250313e-16,0.5602300859086583
151.0,2.220446049250313e-16,0.48056541796861435,2.220446049250313e-16,2.220446049250313e-16,0.556231378407851,2.220446049250313e-16,2.220446049250313e-16,2.220446049250313e-16,2.220446049250313e-16,0.49815631023892565,1.6653345369377348e-16,2.220446049250313e-16,2.220446049250313e-16,2.220446049250313e-16,2.220446049250313e-16,2.220446049250313e-16,0.538353393724542
152.0,2.220446049250313e-16,0.48056541796861435,2.220446049250313e-16,2.220446049250313e-16,0.556231378407851,2.220446049250313e-16,2.220446049250313e-16,2.220446049250313e-16,2.220446049250313e-16,0.49815631023892565,1.6653345369377348e-16,2.220446049250313e-16,2.220446049250313e-16,2.220446049250313e-16,2.220446049250313e-16,2.220446049250313e-16,0.538353393724542
153.0,2.220446049250313e-16,0.021332265824070162,0.4716043658392386,2.220446049250313e-16,2.220446049250313e-16,2.220446049250313e-16,2.220446049250313e-16,0.3109698871358087,2.220446049250313e-16,2.220446049250313e-16,2.220446049250313e-16,2.220446049250313e-16,2.220446049250313e-16,0.4874481891272633,0.30331616218601504,2.220446049250313e-16,0.581620173539736
154.0,2.220446049250313e-16,0.021332265824070162,0.4716043658392386,2.220446049250313e-16,2.220446049250313e-16,2.220446049250313e-16,2.220446049250313e-16,0.3109698871358087,2.220446049250313e-16,2.220446049250313e-16,2.220446049250313e-16,2.220446049250313e-16,2.220446049250313e-16,0.4874481891272633,0.30331616218601504,2.220446049250313e-16,0.581620173539736
155.0,2.220446049250313e-16,0.48056541796861435,2.220446049250313e-16,2.220446049250313e-16,0.556231378407851,2.220446049250313e-16,2.220446049250313e-16,2.220446049250313e-16,2.220446049250313e-16,0.49815631023892565,1.6653345369377348e-16,2.220446049250313e-16,2.220446049250313e-16,2.220446049250313e-16,2.220446049250313e-16,2.220446049250313e-16,0.538353393724542
156.0,2.220446049250313e-16,0.48056541796861435,2.220446049250313e-16,2.220446049250313e-16,0.556231378407851,2.220446049250313e-16,2.220446049250313e-16,2.220446049250313e-16,2.220446049250313e-16,0.49815631023892565,1.6653345369377348e-16,2.220446049250313e-16,2.220446049250313e-16,2.220446049250313e-16,2.220446049250313e-16,2.220446049250313e-16,0.538353393724542
157.0,0.3914947058090832,2.220446049250313e-16,2.220446049250313e-16,0.38607747268108006,0.24151706649716942,2.220446049250313e-16,0.20499699985846154,2.220446049250313e-16,2.220446049250313e-16,2.220446049250313e-16,0.4309253732292056,0.40255733440971303,2.220446049250313e-16,0.4830475037964648,0.29276516801956093,2.220446049250313e-16,2.220446049250313e-16
158.0,0.3914947058090832,2.220446049250313e-16,2.220446049250313e-16,0.39432055116267123,5.551115123125783e-17,0.3162255688290617,0.22719455237928562,2.220446049250313e-16,0.44399165544422226,2.220446049250313e-16,0.4360554625734063,2.220446049250313e-16,2.220446049250313e-16,2.220446049250313e-16,2.220446049250313e-16,2.220446049250313e-16,2.220446049250313e-16
159.0,0.3914947058090832,2.220446049250313e-16,2.220446049250313e-16,0.39432055116267123,5.551115123125783e-17,0.3162255688290617,0.22719455237928562,2.220446049250313e-16,0.44399165544422226,2.220446049250313e-16,0.4360554625734063,2.220446049250313e-16,2.220446049250313e-16,2.220446049250313e-16,2.220446049250313e-16,2.220446049250313e-16,2.220446049250313e-16
160.0,0.3914947058090832,2.220446049250313e-16,2.220446049250313e-16,0.38607747268108006,2.220446049250313e-16,2.220446049250313e-16,0.5243631891269316,0.1192734968975182,2.220446049250313e-16,0.5133944134664334,0.40526667934160104,0.397121642338022,2.220446049250313e-16,2.220446049250313e-16,2.220446049250313e-16,2.220446049250313e-16,2.220446049250313e-16
161.0,0.3914947058090832,2.220446049250313e-16,2.220446049250313e-16,0.38607747268108006,2.220446049250313e-16,2.220446049250313e-16,0.5243631891269316,0.1192734968975182,2.220446049250313e-16,0.5133944134664334,0.40526667934160104,0.397121642338022,2.220446049250313e-16,2.220446049250313e-16,2.220446049250313e-16,2.220446049250313e-16,2.220446049250313e-16
162.0,2.220446049250313e-16,2.220446049250313e-16,2.220446049250313e-16,0.3986117928907534,2.220446049250313e-16,2.220446049250313e-16,0.5085488406322116,2.220446049250313e-16,0.3226573961877106,2.220446049250313e-16,0.4166896916236962,0.3911257974303699,2.220446049250313e-16,2.220446049250313e-16,2.220446049250313e-16,0.24534182073747215,2.220446049250313e-16
163.0,2.220446049250313e-16,0.020922224528529015,2.220446049250313e-16,2.220446049250313e-16,2.220446049250313e-16,8.326672684688674e-17,2.220446049250313e-16,2.220446049250313e-16,2.220446049250313e-16,2.220446049250313e-16,0.3922209209787655,0.3983781581776849,2.220446049250313e-16,0.4384402549473616,0.511672353512884,2.220446049250313e-16,0.5664721735865729
164.0,2.220446049250313e-16,2.220446049250313e-16,0.5384352920393333,0.00029366956381826625,2.220446049250313e-16,2.220446049250313e-16,2.220446049250313e-16,2.220446049250313e-16,0.6687600799897269,2.220446049250313e-16,0.0009134304677922138,2.220446049250313e-16,2.220446049250313e-16,2.220446049250313e-16,2.220446049250313e-16,2.220446049250313e-16,2.220446049250313e-16
165.0,2.220446049250313e-16,2.220446049250313e-16,0.5384352920393333,0.00029366956381826625,2.220446049250313e-16,2.220446049250313e-16,2.220446049250313e-16,2.220446049250313e-16,0.6687600799897269,2.220446049250313e-16,0.0009134304677922138,2.220446049250313e-16,2.220446049250313e-16,2.220446049250313e-16,2.220446049250313e-16,2.220446049250313e-16,2.220446049250313e-16
166.0,2.220446049250313e-16,2.220446049250313e-16,0.5384352920393333,0.00029366956381826625,2.220446049250313e-16,2.220446049250313e-16,2.220446049250313e-16,2.220446049250313e-16,0.6687600799897269,2.220446049250313e-16,0.0009134304677922138,2.220446049250313e-16,2.220446049250313e-16,2.220446049250313e-16,2.220446049250313e-16,2.220446049250313e-16,2.220446049250313e-16
167.0,2.220446049250313e-16,2.220446049250313e-16,0.5384352920393333,0.00029366956381826625,2.220446049250313e-16,2.220446049250313e-16,2.220446049250313e-16,2.220446049250313e-16,0.6687600799897269,2.220446049250313e-16,0.0009134304677922138,2.220446049250313e-16,2.220446049250313e-16,2.220446049250313e-16,2.220446049250313e-16,2.220446049250313e-16,2.220446049250313e-16
168.0,2.220446049250313e-16,2.220446049250313e-16,0.5384352920393333,0.00029366956381826625,2.220446049250313e-16,2.220446049250313e-16,2.220446049250313e-16,2.220446049250313e-16,0.6687600799897269,2.220446049250313e-16,0.0009134304677922138,2.220446049250313e-16,2.220446049250313e-16,2.220446049250313e-16,2.220446049250313e-16,2.220446049250313e-16,2.220446049250313e-16
169.0,2.220446049250313e-16,2.220446049250313e-16,0.5384352920393333,0.00029366956381826625,2.220446049250313e-16,2.220446049250313e-16,2.220446049250313e-16,2.220446049250313e-16,0.6687600799897269,2.220446049250313e-16,0.0009134304677922138,2.220446049250313e-16,2.220446049250313e-16,2.220446049250313e-16,2.220446049250313e-16,2.220446049250313e-16,2.220446049250313e-16
170.0,0.3914947058090833,0.37855567079275076,0.2500375997401818,2.220446049250313e-16,2.220446049250313e-16,2.220446049250313e-16,2.220446049250313e-16,0.4132308572555586,2.220446049250313e-16,2.220446049250313e-16,2.220446049250313e-16,2.220446049250313e-16,0.038618077681627956,0.08334385513355962,0.4591208648055097,0.03609234989362892,0.35088576174892877
171.0,0.3914947058090833,0.37855567079275076,0.2500375997401818,2.220446049250313e-16,2.220446049250313e-16,2.220446049250313e-16,2.220446049250313e-16,0.4132308572555586,2.220446049250313e-16,2.220446049250313e-16,2.220446049250313e-16,2.220446049250313e-16,0.038618077681627956,0.08334385513355962,0.4591208648055097,0.03609234989362892,0.35088576174892877
172.0,2.220446049250313e-16,0.48056541796861435,2.220446049250313e-16,2.220446049250313e-16,0.556231378407851,2.220446049250313e-16,2.220446049250313e-16,2.220446049250313e-16,2.220446049250313e-16,0.49815631023892565,1.6653345369377348e-16,2.220446049250313e-16,2.220446049250313e-16,2.220446049250313e-16,2.220446049250313e-16,2.220446049250313e-16,0.538353393724542
173.0,2.220446049250313e-16,0.48056541796861435,2.220446049250313e-16,2.220446049250313e-16,0.556231378407851,2.220446049250313e-16,2.220446049250313e-16,2.220446049250313e-16,2.220446049250313e-16,0.49815631023892565,1.6653345369377348e-16,2.220446049250313e-16,2.220446049250313e-16,2.220446049250313e-16,2.220446049250313e-16,2.220446049250313e-16,0.538353393724542
174.0,2.220446049250313e-16,0.02092222452852902,2.220446049250313e-16,2.220446049250313e-16,2.220446049250313e-16,1.1102230246251565e-16,2.220446049250313e-16,2.220446049250313e-16,2.220446049250313e-16,2.220446049250313e-16,0.3922209209787655,0.39837815817768485,2.220446049250313e-16,0.4384402549473616,0.511672353512884,2.220446049250313e-16,0.5664721735865729
175.0,2.220446049250313e-16,0.3375134729208102,0.31464116998340547,2.220446049250313e-16,2.220446049250313e-16,2.220446049250313e-16,2.220446049250313e-16,2.220446049250313e-16,0.6855277896971977,2.220446049250313e-16,0.0004658258756482959,2.220446049250313e-16,2.220446049250313e-16,2.220446049250313e-16,2.220446049250313e-16,2.220446049250313e-16,2.220446049250313e-16
176.0,2.220446049250313e-16,0.3375134729208102,0.31464116998340547,2.220446049250313e-16,2.220446049250313e-16,2.220446049250313e-16,2.220446049250313e-16,2.220446049250313e-16,0.6855277896971977,2.220446049250313e-16,0.0004658258756482959,2.220446049250313e-16,2.220446049250313e-16,2.220446049250313e-16,2.220446049250313e-16,2.220446049250313e-16,2.220446049250313e-16
177.0,2.220446049250313e-16,0.3375134729208102,0.31464116998340547,2.220446049250313e-16,2.220446049250313e-16,2.220446049250313e-16,2.220446049250313e-16,2.220446049250313e-16,0.6855277896971977,2.220446049250313e-16,0.0004658258756482959,2.220446049250313e-16,2.220446049250313e-16,2.220446049250313e-16,2.220446049250313e-16,2.220446049250313e-16,2.220446049250313e-16
178.0,2.220446049250313e-16,0.3375134729208102,0.31464116998340547,2.220446049250313e-16,2.220446049250313e-16,2.220446049250313e-16,2.220446049250313e-16,2.220446049250313e-16,0.6855277896971977,2.220446049250313e-16,0.0004658258756482959,2.220446049250313e-16,2.220446049250313e-16,2.220446049250313e-16,2.220446049250313e-16,2.220446049250313e-16,2.220446049250313e-16
179.0,2.220446049250313e-16,0.3375134729208102,0.31464116998340547,2.220446049250313e-16,2.220446049250313e-16,2.220446049250313e-16,2.220446049250313e-16,2.220446049250313e-16,0.6855277896971977,2.220446049250313e-16,0.0004658258756482959,2.220446049250313e-16,2.220446049250313e-16,2.220446049250313e-16,2.220446049250313e-16,2.220446049250313e-16,2.220446049250313e-16
180.0,2.220446049250313e-16,0.3375134729208102,0.31464116998340547,2.220446049250313e-16,2.220446049250313e-16,2.220446049250313e-16,2.220446049250313e-16,2.220446049250313e-16,0.6855277896971977,2.220446049250313e-16,0.0004658258756482959,2.220446049250313e-16,2.220446049250313e-16,2.220446049250313e-16,2.220446049250313e-16,2.220446049250313e-16,2.220446049250313e-16
181.0,2.220446049250313e-16,0.36080515140261027,0.25003759974018186,2.220446049250313e-16,2.220446049250313e-16,2.220446049250313e-16,2.220446049250313e-16,0.31134995433962526,2.220446049250313e-16,2.220446049250313e-16,2.220446049250313e-16,2.220446049250313e-16,2.220446049250313e-16,0.4881260719863442,0.3023871442792013,2.220446049250313e-16,0.5602300859086583
182.0,2.220446049250313e-16,0.36080515140261027,0.25003759974018186,2.220446049250313e-16,2.220446049250313e-16,2.220446049250313e-16,2.220446049250313e-16,0.31134995433962526,2.220446049250313e-16,2.220446049250313e-16,2.220446049250313e-16,2.220446049250313e-16,2.220446049250313e-16,0.4881260719863442,0.3023871442792013,2.220446049250313e-16,0.5602300859086583
183.0,2.220446049250313e-16,0.48056541796861435,2.220446049250313e-16,2.220446049250313e-16,0.556231378407851,2.220446049250313e-16,2.220446049250313e-16,2.220446049250313e-16,2.220446049250313e-16,0.49815631023892565,1.6653345369377348e-16,2.220446049250313e-16,2.220446049250313e-16,2.220446049250313e-16,2.220446049250313e-16,2.220446049250313e-16,0.538353393724542
184.0,2.220446049250313e-16,0.48056541796861435,2.220446049250313e-16,2.220446049250313e-16,0.556231378407851,2.220446049250313e-16,2.220446049250313e-16,2.220446049250313e-16,2.220446049250313e-16,0.49815631023892565,1.6653345369377348e-16,2.220446049250313e-16,2.220446049250313e-16,2.220446049250313e-16,2.220446049250313e-16,2.220446049250313e-16,0.538353393724542
185.0,2.220446049250313e-16,0.36080515140261027,0.25003759974018186,2.220446049250313e-16,2.220446049250313e-16,2.220446049250313e-16,2.220446049250313e-16,0.31134995433962526,2.220446049250313e-16,2.220446049250313e-16,2.220446049250313e-16,2.220446049250313e-16,2.220446049250313e-16,0.4881260719863442,0.3023871442792013,2.220446049250313e-16,0.5602300859086583
186.0,2.220446049250313e-16,0.36080515140261027,0.25003759974018186,2.220446049250313e-16,2.220446049250313e-16,2.220446049250313e-16,2.220446049250313e-16,0.31134995433962526,2.220446049250313e-16,2.220446049250313e-16,2.220446049250313e-16,2.220446049250313e-16,2.220446049250313e-16,0.4881260719863442,0.3023871442792013,2.220446049250313e-16,0.5602300859086583
187.0,2.220446049250313e-16,0.48056541796861435,2.220446049250313e-16,2.220446049250313e-16,0.556231378407851,2.220446049250313e-16,2.220446049250313e-16,2.220446049250313e-16,2.220446049250313e-16,0.49815631023892565,1.6653345369377348e-16,2.220446049250313e-16,2.220446049250313e-16,2.220446049250313e-16,2.220446049250313e-16,2.220446049250313e-16,0.538353393724542
188.0,2.220446049250313e-16,0.48056541796861435,2.220446049250313e-16,2.220446049250313e-16,0.556231378407851,2.220446049250313e-16,2.220446049250313e-16,2.220446049250313e-16,2.220446049250313e-16,0.49815631023892565,1.6653345369377348e-16,2.220446049250313e-16,2.220446049250313e-16,2.220446049250313e-16,2.220446049250313e-16,2.220446049250313e-16,0.538353393724542
189.0,2.220446049250313e-16,2.220446049250313e-16,2.220446049250313e-16,2.220446049250313e-16,0.24151706649716942,2.220446049250313e-16,0.2049954750631831,2.220446049250313e-16,2.220446049250313e-16,2.220446049250313e-16,0.43092549573514505,0.40322542672313894,2.220446049250313e-16,0.4758846602209103,0.26185024476835606,2.220446049250313e-16,0.4170545999235553
190.0,0.3914947058090833,2.220446049250313e-16,2.220446049250313e-16,0.39024019186600073,2.220446049250313e-16,0.31622556882906194,2.220446049250313e-16,5.551115123125783e-17,0.5593632434677941,8.673617379884035e-19,0.39605463854881867,2.220446049250313e-16,2.220446049250313e-16,2.220446049250313e-16,2.220446049250313e-16,2.220446049250313e-16,2.220446049250313e-16
191.0,0.3914947058090833,2.220446049250313e-16,2.220446049250313e-16,0.39024019186600073,2.220446049250313e-16,0.31622556882906194,2.220446049250313e-16,5.551115123125783e-17,0.5593632434677941,8.673617379884035e-19,0.39605463854881867,2.220446049250313e-16,2.220446049250313e-16,2.220446049250313e-16,2.220446049250313e-16,2.220446049250313e-16,2.220446049250313e-16
192.0,0.3914947058090832,2.220446049250313e-16,2.220446049250313e-16,0.38607747268108006,2.220446049250313e-16,2.220446049250313e-16,0.5243631891269316,0.1192734968975182,2.220446049250313e-16,0.5133944134664334,0.40526667934160104,0.397121642338022,2.220446049250313e-16,2.220446049250313e-16,2.220446049250313e-16,2.220446049250313e-16,2.220446049250313e-16
193.0,0.3914947058090832,2.220446049250313e-16,2.220446049250313e-16,0.38607747268108006,2.220446049250313e-16,2.220446049250313e-16,0.5243631891269316,0.1192734968975182,2.220446049250313e-16,0.5133944134664334,0.40526667934160104,0.397121642338022,2.220446049250313e-16,2.220446049250313e-16,2.220446049250313e-16,2.220446049250313e-16,2.220446049250313e-16
194.0,2.220446049250313e-16,2.220446049250313e-16,2.220446049250313e-16,0.3986117928907534,2.220446049250313e-16,2.220446049250313e-16,0.5085488406322116,2.220446049250313e-16,0.3226573961877106,2.220446049250313e-16,0.4166896916236962,0.3911257974303699,2.220446049250313e-16,2.220446049250313e-16,2.220446049250313e-16,0.24534182073747215,2.220446049250313e-16
195.0,2.220446049250313e-16,2.220446049250313e-16,2.220446049250313e-16,2.220446049250313e-16,2.220446049250313e-16,2.220446049250313e-16,2.220446049250313e-16,2.220446049250313e-16,2.220446049250313e-16,2.220446049250313e-16,0.3922209209787655,0.3988396270495331,0.368591431328087,0.4453038327378729,0.490318474610347,2.220446049250313e-16,0.41845824849270813
196.0,2.220446049250313e-16,2.220446049250313e-16,0.5384352920393333,0.00029366956381826625,2.220446049250313e-16,2.220446049250313e-16,2.220446049250313e-16,2.220446049250313e-16,0.6687600799897269,2.220446049250313e-16,0.0009134304677922138,2.220446049250313e-16,2.220446049250313e-16,2.220446049250313e-16,2.220446049250313e-16,2.220446049250313e-16,2.220446049250313e-16
197.0,2.220446049250313e-16,2.220446049250313e-16,0.5384352920393333,0.00029366956381826625,2.220446049250313e-16,2.220446049250313e-16,2.220446049250313e-16,2.220446049250313e-16,0.6687600799897269,2.220446049250313e-16,0.0009134304677922138,2.220446049250313e-16,2.220446049250313e-16,2.220446049250313e-16,2.220446049250313e-16,2.220446049250313e-16,2.220446049250313e-16
198.0,2.220446049250313e-16,2.220446049250313e-16,0.5384352920393333,0.00029366956381826625,2.220446049250313e-16,2.220446049250313e-16,2.220446049250313e-16,2.220446049250313e-16,0.6687600799897269,2.220446049250313e-16,0.0009134304677922138,2.220446049250313e-16,2.220446049250313e-16,2.220446049250313e-16,2.220446049250313e-16,2.220446049250313e-16,2.220446049250313e-16
199.0,2.220446049250313e-16,2.220446049250313e-16,0.5384352920393333,0.00029366956381826625,2.220446049250313e-16,2.220446049250313e-16,2.220446049250313e-16,2.220446049250313e-16,0.6687600799897269,2.220446049250313e-16,0.0009134304677922138,2.220446049250313e-16,2.220446049250313e-16,2.220446049250313e-16,2.220446049250313e-16,2.220446049250313e-16,2.220446049250313e-16
200.0,2.220446049250313e-16,2.220446049250313e-16,0.5384352920393333,0.00029366956381826625,2.220446049250313e-16,2.220446049250313e-16,2.220446049250313e-16,2.220446049250313e-16,0.6687600799897269,2.220446049250313e-16,0.0009134304677922138,2.220446049250313e-16,2.220446049250313e-16,2.220446049250313e-16,2.220446049250313e-16,2.220446049250313e-16,2.220446049250313e-16
201.0,2.220446049250313e-16,2.220446049250313e-16,0.5384352920393333,0.00029366956381826625,2.220446049250313e-16,2.220446049250313e-16,2.220446049250313e-16,2.220446049250313e-16,0.6687600799897269,2.220446049250313e-16,0.0009134304677922138,2.220446049250313e-16,2.220446049250313e-16,2.220446049250313e-16,2.220446049250313e-16,2.220446049250313e-16,2.220446049250313e-16
202.0,0.3914947058090832,2.220446049250313e-16,2.220446049250313e-16,0.38607747268108006,0.24151706649716942,2.220446049250313e-16,2.220446049250313e-16,2.220446049250313e-16,2.220446049250313e-16,2.220446049250313e-16,0.3922209209787655,0.4034405612677302,0.37957457500522634,0.4850994386367278,0.27741615740639736,2.220446049250313e-16,2.220446049250313e-16
203.0,0.3914947058090833,2.220446049250313e-16,2.220446049250313e-16,0.39024019186600073,2.220446049250313e-16,0.31622556882906194,2.220446049250313e-16,5.551115123125783e-17,0.5593632434677941,8.673617379884035e-19,0.39605463854881867,2.220446049250313e-16,2.220446049250313e-16,2.220446049250313e-16,2.220446049250313e-16,2.220446049250313e-16,2.220446049250313e-16
204.0,0.3914947058090833,2.220446049250313e-16,2.220446049250313e-16,0.39024019186600073,2.220446049250313e-16,0.31622556882906194,2.220446049250313e-16,5.551115123125783e-17,0.5593632434677941,8.673617379884035e-19,0.39605463854881867,2.220446049250313e-16,2.220446049250313e-16,2.220446049250313e-16,2.220446049250313e-16,2.220446049250313e-16,2.220446049250313e-16
205.0,0.3914947058090832,2.220446049250313e-16,2.220446049250313e-16,0.38607747268108006,2.220446049250313e-16,2.220446049250313e-16,0.5243631891269316,0.1192734968975182,2.220446049250313e-16,0.5133944134664334,0.40526667934160104,0.397121642338022,2.220446049250313e-16,2.220446049250313e-16,2.220446049250313e-16,2.220446049250313e-16,2.220446049250313e-16
206.0,0.3914947058090832,2.220446049250313e-16,2.220446049250313e-16,0.38607747268108006,2.220446049250313e-16,2.220446049250313e-16,0.5243631891269316,0.1192734968975182,2.220446049250313e-16,0.5133944134664334,0.40526667934160104,0.397121642338022,2.220446049250313e-16,2.220446049250313e-16,2.220446049250313e-16,2.220446049250313e-16,2.220446049250313e-16
207.0,2.220446049250313e-16,2.220446049250313e-16,2.220446049250313e-16,0.3986117928907534,2.220446049250313e-16,2.220446049250313e-16,0.5085488406322116,2.220446049250313e-16,0.3226573961877106,2.220446049250313e-16,0.4166896916236962,0.3911257974303699,2.220446049250313e-16,2.220446049250313e-16,2.220446049250313e-16,0.24534182073747215,2.220446049250313e-16
208.0,0.3914947058090832,2.220446049250313e-16,2.220446049250313e-16,0.38607747268108006,0.23628851797240252,2.220446049250313e-16,0.2017942667028964,0.07519807117978361,2.220446049250313e-16,2.220446049250313e-16,0.4311826889764684,0.3991080721999378,0.04794754561611959,0.0764473019407317,0.4341565409880448,0.04481164513636653,2.220446049250313e-16
209.0,0.3914947058090832,2.220446049250313e-16,2.220446049250313e-16,0.39861330902094433,1.1102230246251565e-16,0.31622556882906183,0.5094455759105738,2.220446049250313e-16,0.32261452781877153,2.220446049250313e-16,0.4166187899721871,2.220446049250313e-16,2.220446049250313e-16,2.220446049250313e-16,2.220446049250313e-16,2.220446049250313e-16,2.220446049250313e-16
210.0,0.3914947058090832,2.220446049250313e-16,2.220446049250313e-16,0.39861330902094433,1.1102230246251565e-16,0.31622556882906183,0.5094455759105738,2.220446049250313e-16,0.32261452781877153,2.220446049250313e-16,0.4166187899721871,2.220446049250313e-16,2.220446049250313e-16,2.220446049250313e-16,2.220446049250313e-16,2.220446049250313e-16,2.220446049250313e-16
211.0,0.3914947058090832,2.220446049250313e-16,2.220446049250313e-16,0.38607747268108006,2.220446049250313e-16,2.220446049250313e-16,0.5243631891269316,0.1192734968975182,2.220446049250313e-16,0.5133944134664334,0.40526667934160104,0.397121642338022,2.220446049250313e-16,2.220446049250313e-16,2.220446049250313e-16,2.220446049250313e-16,2.220446049250313e-16
212.0,0.3914947058090832,2.220446049250313e-16,2.220446049250313e-16,0.38607747268108006,2.220446049250313e-16,2.220446049250313e-16,0.5243631891269316,0.1192734968975182,2.220446049250313e-16,0.5133944134664334,0.40526667934160104,0.397121642338022,2.220446049250313e-16,2.220446049250313e-16,2.220446049250313e-16,2.220446049250313e-16,2.220446049250313e-16
213.0,2.220446049250313e-16,2.220446049250313e-16,2.220446049250313e-16,0.3986117928907534,2.7755575615628914e-16,2.220446049250313e-16,0.5085488406322117,2.220446049250313e-16,0.3226573961877106,2.220446049250313e-16,0.4166896916236961,0.39112579743037,2.220446049250313e-16,2.220446049250313e-16,2.220446049250313e-16,0.24534182073747215,2.220446049250313e-16
214.0,2.220446049250313e-16,0.021332265824070162,0.4716043658392386,2.220446049250313e-16,2.220446049250313e-16,2.220446049250313e-16,2.220446049250313e-16,0.3109698871358087,2.220446049250313e-16,2.220446049250313e-16,2.220446049250313e-16,2.220446049250313e-16,2.220446049250313e-16,0.4874481891272633,0.30331616218601504,2.220446049250313e-16,0.581620173539736
215.0,2.220446049250313e-16,0.021332265824070162,0.4716043658392386,2.220446049250313e-16,2.220446049250313e-16,2.220446049250313e-16,2.220446049250313e-16,0.3109698871358087,2.220446049250313e-16,2.220446049250313e-16,2.220446049250313e-16,2.220446049250313e-16,2.220446049250313e-16,0.4874481891272633,0.30331616218601504,2.220446049250313e-16,0.581620173539736
216.0,2.220446049250313e-16,0.48056541796861435,2.220446049250313e-16,2.220446049250313e-16,0.556231378407851,2.220446049250313e-16,2.220446049250313e-16,2.220446049250313e-16,2.220446049250313e-16,0.49815631023892565,1.6653345369377348e-16,2.220446049250313e-16,2.220446049250313e-16,2.220446049250313e-16,2.220446049250313e-16,2.220446049250313e-16,0.538353393724542
217.0,2.220446049250313e-16,0.48056541796861435,2.220446049250313e-16,2.220446049250313e-16,0.556231378407851,2.220446049250313e-16,2.220446049250313e-16,2.220446049250313e-16,2.220446049250313e-16,0.49815631023892565,1.6653345369377348e-16,2.220446049250313e-16,2.220446049250313e-16,2.220446049250313e-16,2.220446049250313e-16,2.220446049250313e-16,0.538353393724542
218.0,2.220446049250313e-16,0.021332265824070162,0.4716043658392386,2.220446049250313e-16,2.220446049250313e-16,2.220446049250313e-16,2.220446049250313e-16,0.3109698871358087,2.220446049250313e-16,2.220446049250313e-16,2.220446049250313e-16,2.220446049250313e-16,2.220446049250313e-16,0.4874481891272633,0.30331616218601504,2.220446049250313e-16,0.581620173539736
219.0,2.220446049250313e-16,0.021332265824070162,0.4716043658392386,2.220446049250313e-16,2.220446049250313e-16,2.220446049250313e-16,2.220446049250313e-16,0.3109698871358087,2.220446049250313e-16,2.220446049250313e-16,2.220446049250313e-16,2.220446049250313e-16,2.220446049250313e-16,0.4874481891272633,0.30331616218601504,2.220446049250313e-16,0.581620173539736
220.0,2.220446049250313e-16,0.48056541796861435,2.220446049250313e-16,2.220446049250313e-16,0.556231378407851,2.220446049250313e-16,2.220446049250313e-16,2.220446049250313e-16,2.220446049250313e-16,0.49815631023892565,1.6653345369377348e-16,2.220446049250313e-16,2.220446049250313e-16,2.220446049250313e-16,2.220446049250313e-16,2.220446049250313e-16,0.538353393724542
221.0,2.220446049250313e-16,0.48056541796861435,2.220446049250313e-16,2.220446049250313e-16,0.556231378407851,2.220446049250313e-16,2.220446049250313e-16,2.220446049250313e-16,2.220446049250313e-16,0.49815631023892565,1.6653345369377348e-16,2.220446049250313e-16,2.220446049250313e-16,2.220446049250313e-16,2.220446049250313e-16,2.220446049250313e-16,0.538353393724542
