67 0.27595171529479723 0.09454059932403244 0.07761532851995219 0.12225702456809565 0.07761532865432068 0.07761532877762499 0.6634985700927698 0.07761532824960331 0.11762354490423482 0.09454059900558558 0.13613643685010116 0.2759517150409217 0.4773118061141024 0.11762354477113804 0.6634985698286333 0.2844493439065748 0.30521323277648493 0.6634985699842738 0.07761532780783664 0.12637280493641054
25 0.2538405657466179 0.1389737191096063 0.20722317286755015 0.5086925520904582 0.20722317313440045 0.2072231733376948 0.12637280484543903 0.20722317284390096 0.3215129313934004 0.13897371830502364 0.6670501017148034 0.2538405656049187 0.06669442179418343 0.3215129313185139 0.12637280504384024 0.15863927125258315 0.21446011447493452 0.12637280504014817 0.207223172103107 0.7640760992597322
116 0.023901615323134538 0.004080015242977688 0.5810650343009625 0.1569976737437614 0.5810650351742263 0.5810650350502959 0.07761532833373026 0.581065034551701 0.1971693286117433 0.004080015076154403 0.20686325708113087 0.02390161429859192 0.09184967919711472 0.1971693287152602 0.07761532849335122 0.27078596932699156 0.1505783155302603 0.07761532840513886 0.581065034244542 0.20722317279739041
196 0.023901615323134538 0.004080015242977688 0.5810650343009625 0.1569976737437614 0.5810650351742263 0.5810650350502959 0.07761532833373026 0.581065034551701 0.1971693286117433 0.004080015076154403 0.20686325708113087 0.02390161429859192 0.09184967919711472 0.1971693287152602 0.07761532849335122 0.27078596932699156 0.1505783155302603 0.07761532840513886 0.581065034244542 0.20722317279739041
110 0.035257005508153735 -0.04036062446002215 0.27078596922969206 0.033791815540779035 0.27078596961780244 0.27078596969332513 0.28444934403011984 0.270785969270161 0.24519699529098576 -0.040360624769099046 0.1388616331167365 0.03525700504146578 0.39424516762696327 0.24519699517185253 0.2844493439332662 0.976617828499025 0.3314374859671917 0.28444934395147925 0.27078596901237456 0.1586392712525776
160 0.32229815607058815 0.20877162537707705 0.150578315523151 0.26965198612158675 0.1505783158600357 0.15057831606559982 0.30521323274163253 0.15057831573424063 0.4566360480657647 0.20877162474920477 0.24310550350092297 0.32229815552346136 0.17993601752523652 0.45663604814967174 0.3052132329270185 0.3314374859671969 0.7584034270905692 0.3052132329699246 0.15057831481045827 0.21446011447493227
146 0.32229815607058815 0.20877162537707705 0.150578315523151 0.26965198612158675 0.1505783158600357 0.15057831606559982 0.30521323274163253 0.15057831573424063 0.4566360480657647 0.20877162474920477 0.24310550350092297 0.32229815552346136 0.17993601752523652 0.45663604814967174 0.3052132329270185 0.3314374859671969 0.7584034270905692 0.3052132329699246 0.15057831481045827 0.21446011447493227
187 0.02725016865293389 -0.03158051212875367 0.09184967936078607 -0.014092034535325117 0.09184967937633524 0.0918496794743556 0.47731180615344915 0.09184967913256462 0.08875429774373844 -0.03158051227338355 0.07598030211540323 0.027250168420783216 1.0280457623717492 0.08875429778225165 0.4773118060488517 0.3942451676269632 0.17993601752523306 0.4773118061626733 0.09184967873715819 0.06669442179417907
86 0.20803428492238102 0.1700634859642326 0.19716932872450543 0.19979577563215306 0.19716932895801326 0.19716932923236075 0.1176235447242565 0.19716932887601812 0.7422270005079802 0.1700634851131216 0.31322443864828636 0.20803428402960217 0.08875429778194317 0.7422270005443444 0.11762354478184553 0.2451969951610313 0.45663604804050595 0.1176235448695655 0.19716932804223145 0.32151293126400704
29 0.2538405657466179 0.1389737191096063 0.20722317286755015 0.5086925520904582 0.20722317313440045 0.2072231733376948 0.12637280484543903 0.20722317284390096 0.3215129313934004 0.13897371830502364 0.6670501017148034 0.2538405656049187 0.06669442179418343 0.3215129313185139 0.12637280504384024 0.15863927125258315 0.21446011447493452 0.12637280504014817 0.207223172103107 0.7640760992597322
165 0.023901615323134538 0.004080015242977688 0.5810650343009625 0.1569976737437614 0.5810650351742263 0.5810650350502959 0.07761532833373026 0.581065034551701 0.1971693286117433 0.004080015076154403 0.20686325708113087 0.02390161429859192 0.09184967919711472 0.1971693287152602 0.07761532849335122 0.27078596932699156 0.1505783155302603 0.07761532840513886 0.581065034244542 0.20722317279739041
2 0.6256592996322301 0.3454320836348061 0.022632654210086103 0.43002139079113433 0.022632654124952616 0.022632654581128963 0.21959781870274625 0.022632654082889225 0.2679932249009276 0.3454320823900308 0.459149909166772 0.6256593001850391 0.06372471245196844 0.2679932247181276 0.21959781889481128 0.07585477938726236 0.16922797849640672 0.21959781883527357 0.022632653099992014 0.4715523555340343
114 0.20803428492238102 0.1700634859642326 0.19716932872450543 0.19979577563215306 0.19716932895801326 0.19716932923236075 0.1176235447242565 0.19716932887601812 0.7422270005079802 0.1700634851131216 0.31322443864828636 0.20803428402960217 0.08875429778194317 0.7422270005443444 0.11762354478184553 0.2451969951610313 0.45663604804050595 0.1176235448695655 0.19716932804223145 0.32151293126400704
156 0.02725016865293389 -0.03158051212875367 0.09184967936078607 -0.014092034535325117 0.09184967937633524 0.0918496794743556 0.47731180615344915 0.09184967913256462 0.08875429774373844 -0.03158051227338355 0.07598030211540323 0.027250168420783216 1.0280457623717492 0.08875429778225165 0.4773118060488517 0.3942451676269632 0.17993601752523306 0.4773118061626733 0.09184967873715819 0.06669442179417907
192 0.32229815607058815 0.20877162537707705 0.150578315523151 0.26965198612158675 0.1505783158600357 0.15057831606559982 0.30521323274163253 0.15057831573424063 0.4566360480657647 0.20877162474920477 0.24310550350092297 0.32229815552346136 0.17993601752523652 0.45663604814967174 0.3052132329270185 0.3314374859671969 0.7584034270905692 0.3052132329699246 0.15057831481045827 0.21446011447493227
45 0.23103856560986472 0.1321320100454183 0.20070842019908686 0.5263194483620011 0.2007084208575157 0.20070842072912565 0.11562065191964593 0.20070842038444994 0.3078043246926601 0.132132009541982 0.6029668354541705 0.23103856558602212 0.06936332280029328 0.3078043246101696 0.11562065219754543 0.16494681086656657 0.19108443940630618 0.11562065198471226 0.20070841985256851 0.8465082037360329
7 0.2538405657466179 0.1389737191096063 0.20722317286755015 0.5086925520904582 0.20722317313440045 0.2072231733376948 0.12637280484543903 0.20722317284390096 0.3215129313934004 0.13897371830502364 0.6670501017148034 0.2538405656049187 0.06669442179418343 0.3215129313185139 0.12637280504384024 0.15863927125258315 0.21446011447493452 0.12637280504014817 0.207223172103107 0.7640760992597322
51 0.28120251959248665 0.1518217941044835 0.2068632570179627 0.4675230142624493 0.20686325757440943 0.20686325758916824 0.13613643671372816 0.20686325710615622 0.3132244387324659 0.1518217935195039 0.7630731273616725 0.2812025193236971 0.07598030211540771 0.31322443864904953 0.13613643697544967 0.13886163311673935 0.24310550350092133 0.13613643690517532 0.20686325637540148 0.6670501017147992
215 0.27595171529479723 0.09454059932403244 0.07761532851995219 0.12225702456809565 0.07761532865432068 0.07761532877762499 0.6634985700927698 0.07761532824960331 0.11762354490423482 0.09454059900558558 0.13613643685010116 0.2759517150409217 0.4773118061141024 0.11762354477113804 0.6634985698286333 0.2844493439065748 0.30521323277648493 0.6634985699842738 0.07761532780783664 0.12637280493641054
149 0.27595171529479723 0.09454059932403244 0.07761532851995219 0.12225702456809565 0.07761532865432068 0.07761532877762499 0.6634985700927698 0.07761532824960331 0.11762354490423482 0.09454059900558558 0.13613643685010116 0.2759517150409217 0.4773118061141024 0.11762354477113804 0.6634985698286333 0.2844493439065748 0.30521323277648493 0.6634985699842738 0.07761532780783664 0.12637280493641054
121 0.023901615323134538 0.004080015242977688 0.5810650343009625 0.1569976737437614 0.5810650351742263 0.5810650350502959 0.07761532833373026 0.581065034551701 0.1971693286117433 0.004080015076154403 0.20686325708113087 0.02390161429859192 0.09184967919711472 0.1971693287152602 0.07761532849335122 0.27078596932699156 0.1505783155302603 0.07761532840513886 0.581065034244542 0.20722317279739041
213 0.20803428492238102 0.1700634859642326 0.19716932872450543 0.19979577563215306 0.19716932895801326 0.19716932923236075 0.1176235447242565 0.19716932887601812 0.7422270005079802 0.1700634851131216 0.31322443864828636 0.20803428402960217 0.08875429778194317 0.7422270005443444 0.11762354478184553 0.2451969951610313 0.45663604804050595 0.1176235448695655 0.19716932804223145 0.32151293126400704
112 0.32229815607058815 0.20877162537707705 0.150578315523151 0.26965198612158675 0.1505783158600357 0.15057831606559982 0.30521323274163253 0.15057831573424063 0.4566360480657647 0.20877162474920477 0.24310550350092297 0.32229815552346136 0.17993601752523652 0.45663604814967174 0.3052132329270185 0.3314374859671969 0.7584034270905692 0.3052132329699246 0.15057831481045827 0.21446011447493227
119 0.023901615323134538 0.004080015242977688 0.5810650343009625 0.1569976737437614 0.5810650351742263 0.5810650350502959 0.07761532833373026 0.581065034551701 0.1971693286117433 0.004080015076154403 0.20686325708113087 0.02390161429859192 0.09184967919711472 0.1971693287152602 0.07761532849335122 0.27078596932699156 0.1505783155302603 0.07761532840513886 0.581065034244542 0.20722317279739041
128 0.023901615323134538 0.004080015242977688 0.5810650343009625 0.1569976737437614 0.5810650351742263 0.5810650350502959 0.07761532833373026 0.581065034551701 0.1971693286117433 0.004080015076154403 0.20686325708113087 0.02390161429859192 0.09184967919711472 0.1971693287152602 0.07761532849335122 0.27078596932699156 0.1505783155302603 0.07761532840513886 0.581065034244542 0.20722317279739041
214 0.27595171529479723 0.09454059932403244 0.07761532851995219 0.12225702456809565 0.07761532865432068 0.07761532877762499 0.6634985700927698 0.07761532824960331 0.11762354490423482 0.09454059900558558 0.13613643685010116 0.2759517150409217 0.4773118061141024 0.11762354477113804 0.6634985698286333 0.2844493439065748 0.30521323277648493 0.6634985699842738 0.07761532780783664 0.12637280493641054
40 0.6256592996322301 0.3454320836348061 0.022632654210086103 0.43002139079113433 0.022632654124952616 0.022632654581128963 0.21959781870274625 0.022632654082889225 0.2679932249009276 0.3454320823900308 0.459149909166772 0.6256593001850391 0.06372471245196844 0.2679932247181276 0.21959781889481128 0.07585477938726236 0.16922797849640672 0.21959781883527357 0.022632653099992014 0.4715523555340343
171 0.27595171529479723 0.09454059932403244 0.07761532851995219 0.12225702456809565 0.07761532865432068 0.07761532877762499 0.6634985700927698 0.07761532824960331 0.11762354490423482 0.09454059900558558 0.13613643685010116 0.2759517150409217 0.4773118061141024 0.11762354477113804 0.6634985698286333 0.2844493439065748 0.30521323277648493 0.6634985699842738 0.07761532780783664 0.12637280493641054
41 0.2538405657466179 0.1389737191096063 0.20722317286755015 0.5086925520904582 0.20722317313440045 0.2072231733376948 0.12637280484543903 0.20722317284390096 0.3215129313934004 0.13897371830502364 0.6670501017148034 0.2538405656049187 0.06669442179418343 0.3215129313185139 0.12637280504384024 0.15863927125258315 0.21446011447493452 0.12637280504014817 0.207223172103107 0.7640760992597322
90 0.023901615323134538 0.004080015242977688 0.5810650343009625 0.1569976737437614 0.5810650351742263 0.5810650350502959 0.07761532833373026 0.581065034551701 0.1971693286117433 0.004080015076154403 0.20686325708113087 0.02390161429859192 0.09184967919711472 0.1971693287152602 0.07761532849335122 0.27078596932699156 0.1505783155302603 0.07761532840513886 0.581065034244542 0.20722317279739041
97 0.023901615323134538 0.004080015242977688 0.5810650343009625 0.1569976737437614 0.5810650351742263 0.5810650350502959 0.07761532833373026 0.581065034551701 0.1971693286117433 0.004080015076154403 0.20686325708113087 0.02390161429859192 0.09184967919711472 0.1971693287152602 0.07761532849335122 0.27078596932699156 0.1505783155302603 0.07761532840513886 0.581065034244542 0.20722317279739041
79 0.02725016865293389 -0.03158051212875367 0.09184967936078607 -0.014092034535325117 0.09184967937633524 0.0918496794743556 0.47731180615344915 0.09184967913256462 0.08875429774373844 -0.03158051227338355 0.07598030211540323 0.027250168420783216 1.0280457623717492 0.08875429778225165 0.4773118060488517 0.3942451676269632 0.17993601752523306 0.4773118061626733 0.09184967873715819 0.06669442179417907
209 0.035257005508153735 -0.04036062446002215 0.27078596922969206 0.033791815540779035 0.27078596961780244 0.27078596969332513 0.28444934403011984 0.270785969270161 0.24519699529098576 -0.040360624769099046 0.1388616331167365 0.03525700504146578 0.39424516762696327 0.24519699517185253 0.2844493439332662 0.976617828499025 0.3314374859671917 0.28444934395147925 0.27078596901237456 0.1586392712525776
101 0.27595171529479723 0.09454059932403244 0.07761532851995219 0.12225702456809565 0.07761532865432068 0.07761532877762499 0.6634985700927698 0.07761532824960331 0.11762354490423482 0.09454059900558558 0.13613643685010116 0.2759517150409217 0.4773118061141024 0.11762354477113804 0.6634985698286333 0.2844493439065748 0.30521323277648493 0.6634985699842738 0.07761532780783664 0.12637280493641054
133 0.6391079361103847 0.5042038155946134 0.023901615159920234 0.3277292902339023 0.023901615339538104 0.023901615646321834 0.27595171508189514 0.023901615129525104 0.20803428441415953 0.5042038146842804 0.2812025194291352 0.6391079360755978 0.02725016850372876 0.20803428439741894 0.2759517153016634 0.03525700530867445 0.3222981559072951 0.2759517151896249 0.023901614122941915 0.2538405658235747
39 0.2538405657466179 0.1389737191096063 0.20722317286755015 0.5086925520904582 0.20722317313440045 0.2072231733376948 0.12637280484543903 0.20722317284390096 0.3215129313934004 0.13897371830502364 0.6670501017148034 0.2538405656049187 0.06669442179418343 0.3215129313185139 0.12637280504384024 0.15863927125258315 0.21446011447493452 0.12637280504014817 0.207223172103107 0.7640760992597322
5 0.2538405657466179 0.1389737191096063 0.20722317286755015 0.5086925520904582 0.20722317313440045 0.2072231733376948 0.12637280484543903 0.20722317284390096 0.3215129313934004 0.13897371830502364 0.6670501017148034 0.2538405656049187 0.06669442179418343 0.3215129313185139 0.12637280504384024 0.15863927125258315 0.21446011447493452 0.12637280504014817 0.207223172103107 0.7640760992597322
136 0.32229815607058815 0.20877162537707705 0.150578315523151 0.26965198612158675 0.1505783158600357 0.15057831606559982 0.30521323274163253 0.15057831573424063 0.4566360480657647 0.20877162474920477 0.24310550350092297 0.32229815552346136 0.17993601752523652 0.45663604814967174 0.3052132329270185 0.3314374859671969 0.7584034270905692 0.3052132329699246 0.15057831481045827 0.21446011447493227
66 0.27595171529479723 0.09454059932403244 0.07761532851995219 0.12225702456809565 0.07761532865432068 0.07761532877762499 0.6634985700927698 0.07761532824960331 0.11762354490423482 0.09454059900558558 0.13613643685010116 0.2759517150409217 0.4773118061141024 0.11762354477113804 0.6634985698286333 0.2844493439065748 0.30521323277648493 0.6634985699842738 0.07761532780783664 0.12637280493641054
81 0.6391079361103847 0.5042038155946134 0.023901615159920234 0.3277292902339023 0.023901615339538104 0.023901615646321834 0.27595171508189514 0.023901615129525104 0.20803428441415953 0.5042038146842804 0.2812025194291352 0.6391079360755978 0.02725016850372876 0.20803428439741894 0.2759517153016634 0.03525700530867445 0.3222981559072951 0.2759517151896249 0.023901614122941915 0.2538405658235747
68 0.02725016865293389 -0.03158051212875367 0.09184967936078607 -0.014092034535325117 0.09184967937633524 0.0918496794743556 0.47731180615344915 0.09184967913256462 0.08875429774373844 -0.03158051227338355 0.07598030211540323 0.027250168420783216 1.0280457623717492 0.08875429778225165 0.4773118060488517 0.3942451676269632 0.17993601752523306 0.4773118061626733 0.09184967873715819 0.06669442179417907
161 0.32229815607058815 0.20877162537707705 0.150578315523151 0.26965198612158675 0.1505783158600357 0.15057831606559982 0.30521323274163253 0.15057831573424063 0.4566360480657647 0.20877162474920477 0.24310550350092297 0.32229815552346136 0.17993601752523652 0.45663604814967174 0.3052132329270185 0.3314374859671969 0.7584034270905692 0.3052132329699246 0.15057831481045827 0.21446011447493227
216 0.02725016865293389 -0.03158051212875367 0.09184967936078607 -0.014092034535325117 0.09184967937633524 0.0918496794743556 0.47731180615344915 0.09184967913256462 0.08875429774373844 -0.03158051227338355 0.07598030211540323 0.027250168420783216 1.0280457623717492 0.08875429778225165 0.4773118060488517 0.3942451676269632 0.17993601752523306 0.4773118061626733 0.09184967873715819 0.06669442179417907
8 0.44865234221649763 0.25412310916451414 0.08874459375709132 0.7086851586905426 0.08874459390334079 0.08874459404124938 0.12065002996778537 0.08874459378622786 0.27303831950868906 0.2541231077886454 0.5239190375446213 0.44865234220141487 0.011346950721429709 0.2730383194921763 0.12065003024731337 0.06074336821953064 0.1629351198580302 0.12065002996314574 0.08874459280292005 0.6366930125453786
186 0.27595171529479723 0.09454059932403244 0.07761532851995219 0.12225702456809565 0.07761532865432068 0.07761532877762499 0.6634985700927698 0.07761532824960331 0.11762354490423482 0.09454059900558558 0.13613643685010116 0.2759517150409217 0.4773118061141024 0.11762354477113804 0.6634985698286333 0.2844493439065748 0.30521323277648493 0.6634985699842738 0.07761532780783664 0.12637280493641054
75 0.023901615323134538 0.004080015242977688 0.5810650343009625 0.1569976737437614 0.5810650351742263 0.5810650350502959 0.07761532833373026 0.581065034551701 0.1971693286117433 0.004080015076154403 0.20686325708113087 0.02390161429859192 0.09184967919711472 0.1971693287152602 0.07761532849335122 0.27078596932699156 0.1505783155302603 0.07761532840513886 0.581065034244542 0.20722317279739041
42 0.327729290388347 0.24636493589051228 0.15699767386978314 0.9297734791946709 0.15699767410099713 0.15699767427393532 0.12225702449138884 0.15699767373061174 0.1997957756919844 0.2463649352269923 0.4675230142624517 0.32772928986441446 -0.014092034535324462 0.19979577551487124 0.12225702467206075 0.03379181554078214 0.2696519861215862 0.12225702456757624 0.1569976729823548 0.5086925520904546
141 0.02725016865293389 -0.03158051212875367 0.09184967936078607 -0.014092034535325117 0.09184967937633524 0.0918496794743556 0.47731180615344915 0.09184967913256462 0.08875429774373844 -0.03158051227338355 0.07598030211540323 0.027250168420783216 1.0280457623717492 0.08875429778225165 0.4773118060488517 0.3942451676269632 0.17993601752523306 0.4773118061626733 0.09184967873715819 0.06669442179417907
200 0.023901615323134538 0.004080015242977688 0.5810650343009625 0.1569976737437614 0.5810650351742263 0.5810650350502959 0.07761532833373026 0.581065034551701 0.1971693286117433 0.004080015076154403 0.20686325708113087 0.02390161429859192 0.09184967919711472 0.1971693287152602 0.07761532849335122 0.27078596932699156 0.1505783155302603 0.07761532840513886 0.581065034244542 0.20722317279739041
172 0.02725016865293389 -0.03158051212875367 0.09184967936078607 -0.014092034535325117 0.09184967937633524 0.0918496794743556 0.47731180615344915 0.09184967913256462 0.08875429774373844 -0.03158051227338355 0.07598030211540323 0.027250168420783216 1.0280457623717492 0.08875429778225165 0.4773118060488517 0.3942451676269632 0.17993601752523306 0.4773118061626733 0.09184967873715819 0.06669442179417907
126 0.023901615323134538 0.004080015242977688 0.5810650343009625 0.1569976737437614 0.5810650351742263 0.5810650350502959 0.07761532833373026 0.581065034551701 0.1971693286117433 0.004080015076154403 0.20686325708113087 0.02390161429859192 0.09184967919711472 0.1971693287152602 0.07761532849335122 0.27078596932699156 0.1505783155302603 0.07761532840513886 0.581065034244542 0.20722317279739041
96 0.023901615323134538 0.004080015242977688 0.5810650343009625 0.1569976737437614 0.5810650351742263 0.5810650350502959 0.07761532833373026 0.581065034551701 0.1971693286117433 0.004080015076154403 0.20686325708113087 0.02390161429859192 0.09184967919711472 0.1971693287152602 0.07761532849335122 0.27078596932699156 0.1505783155302603 0.07761532840513886 0.581065034244542 0.20722317279739041
208 0.6391079361103847 0.5042038155946134 0.023901615159920234 0.3277292902339023 0.023901615339538104 0.023901615646321834 0.27595171508189514 0.023901615129525104 0.20803428441415953 0.5042038146842804 0.2812025194291352 0.6391079360755978 0.02725016850372876 0.20803428439741894 0.2759517153016634 0.03525700530867445 0.3222981559072951 0.2759517151896249 0.023901614122941915 0.2538405658235747
127 0.023901615323134538 0.004080015242977688 0.5810650343009625 0.1569976737437614 0.5810650351742263 0.5810650350502959 0.07761532833373026 0.581065034551701 0.1971693286117433 0.004080015076154403 0.20686325708113087 0.02390161429859192 0.09184967919711472 0.1971693287152602 0.07761532849335122 0.27078596932699156 0.1505783155302603 0.07761532840513886 0.581065034244542 0.20722317279739041
27 0.2538405657466179 0.1389737191096063 0.20722317286755015 0.5086925520904582 0.20722317313440045 0.2072231733376948 0.12637280484543903 0.20722317284390096 0.3215129313934004 0.13897371830502364 0.6670501017148034 0.2538405656049187 0.06669442179418343 0.3215129313185139 0.12637280504384024 0.15863927125258315 0.21446011447493452 0.12637280504014817 0.207223172103107 0.7640760992597322
105 0.27595171529479723 0.09454059932403244 0.07761532851995219 0.12225702456809565 0.07761532865432068 0.07761532877762499 0.6634985700927698 0.07761532824960331 0.11762354490423482 0.09454059900558558 0.13613643685010116 0.2759517150409217 0.4773118061141024 0.11762354477113804 0.6634985698286333 0.2844493439065748 0.30521323277648493 0.6634985699842738 0.07761532780783664 0.12637280493641054
191 0.035257005508153735 -0.04036062446002215 0.27078596922969206 0.033791815540779035 0.27078596961780244 0.27078596969332513 0.28444934403011984 0.270785969270161 0.24519699529098576 -0.040360624769099046 0.1388616331167365 0.03525700504146578 0.39424516762696327 0.24519699517185253 0.2844493439332662 0.976617828499025 0.3314374859671917 0.28444934395147925 0.27078596901237456 0.1586392712525776
207 0.20803428492238102 0.1700634859642326 0.19716932872450543 0.19979577563215306 0.19716932895801326 0.19716932923236075 0.1176235447242565 0.19716932887601812 0.7422270005079802 0.1700634851131216 0.31322443864828636 0.20803428402960217 0.08875429778194317 0.7422270005443444 0.11762354478184553 0.2451969951610313 0.45663604804050595 0.1176235448695655 0.19716932804223145 0.32151293126400704
49 0.28120251959248665 0.1518217941044835 0.2068632570179627 0.4675230142624493 0.20686325757440943 0.20686325758916824 0.13613643671372816 0.20686325710615622 0.3132244387324659 0.1518217935195039 0.7630731273616725 0.2812025193236971 0.07598030211540771 0.31322443864904953 0.13613643697544967 0.13886163311673935 0.24310550350092133 0.13613643690517532 0.20686325637540148 0.6670501017147992
123 0.023901615323134538 0.004080015242977688 0.5810650343009625 0.1569976737437614 0.5810650351742263 0.5810650350502959 0.07761532833373026 0.581065034551701 0.1971693286117433 0.004080015076154403 0.20686325708113087 0.02390161429859192 0.09184967919711472 0.1971693287152602 0.07761532849335122 0.27078596932699156 0.1505783155302603 0.07761532840513886 0.581065034244542 0.20722317279739041
10 0.327729290388347 0.24636493589051228 0.15699767386978314 0.9297734791946709 0.15699767410099713 0.15699767427393532 0.12225702449138884 0.15699767373061174 0.1997957756919844 0.2463649352269923 0.4675230142624517 0.32772928986441446 -0.014092034535324462 0.19979577551487124 0.12225702467206075 0.03379181554078214 0.2696519861215862 0.12225702456757624 0.1569976729823548 0.5086925520904546
88 0.023901615323134538 0.004080015242977688 0.5810650343009625 0.1569976737437614 0.5810650351742263 0.5810650350502959 0.07761532833373026 0.581065034551701 0.1971693286117433 0.004080015076154403 0.20686325708113087 0.02390161429859192 0.09184967919711472 0.1971693287152602 0.07761532849335122 0.27078596932699156 0.1505783155302603 0.07761532840513886 0.581065034244542 0.20722317279739041
212 0.32229815607058815 0.20877162537707705 0.150578315523151 0.26965198612158675 0.1505783158600357 0.15057831606559982 0.30521323274163253 0.15057831573424063 0.4566360480657647 0.20877162474920477 0.24310550350092297 0.32229815552346136 0.17993601752523652 0.45663604814967174 0.3052132329270185 0.3314374859671969 0.7584034270905692 0.3052132329699246 0.15057831481045827 0.21446011447493227
31 0.2538405657466179 0.1389737191096063 0.20722317286755015 0.5086925520904582 0.20722317313440045 0.2072231733376948 0.12637280484543903 0.20722317284390096 0.3215129313934004 0.13897371830502364 0.6670501017148034 0.2538405656049187 0.06669442179418343 0.3215129313185139 0.12637280504384024 0.15863927125258315 0.21446011447493452 0.12637280504014817 0.207223172103107 0.7640760992597322
108 0.02725016865293389 -0.03158051212875367 0.09184967936078607 -0.014092034535325117 0.09184967937633524 0.0918496794743556 0.47731180615344915 0.09184967913256462 0.08875429774373844 -0.03158051227338355 0.07598030211540323 0.027250168420783216 1.0280457623717492 0.08875429778225165 0.4773118060488517 0.3942451676269632 0.17993601752523306 0.4773118061626733 0.09184967873715819 0.06669442179417907
18 0.44865234221649763 0.25412310916451414 0.08874459375709132 0.7086851586905426 0.08874459390334079 0.08874459404124938 0.12065002996778537 0.08874459378622786 0.27303831950868906 0.2541231077886454 0.5239190375446213 0.44865234220141487 0.011346950721429709 0.2730383194921763 0.12065003024731337 0.06074336821953064 0.1629351198580302 0.12065002996314574 0.08874459280292005 0.6366930125453786
148 0.20803428492238102 0.1700634859642326 0.19716932872450543 0.19979577563215306 0.19716932895801326 0.19716932923236075 0.1176235447242565 0.19716932887601812 0.7422270005079802 0.1700634851131216 0.31322443864828636 0.20803428402960217 0.08875429778194317 0.7422270005443444 0.11762354478184553 0.2451969951610313 0.45663604804050595 0.1176235448695655 0.19716932804223145 0.32151293126400704
46 0.6256592996322301 0.3454320836348061 0.022632654210086103 0.43002139079113433 0.022632654124952616 0.022632654581128963 0.21959781870274625 0.022632654082889225 0.2679932249009276 0.3454320823900308 0.459149909166772 0.6256593001850391 0.06372471245196844 0.2679932247181276 0.21959781889481128 0.07585477938726236 0.16922797849640672 0.21959781883527357 0.022632653099992014 0.4715523555340343
134 0.035257005508153735 -0.04036062446002215 0.27078596922969206 0.033791815540779035 0.27078596961780244 0.27078596969332513 0.28444934403011984 0.270785969270161 0.24519699529098576 -0.040360624769099046 0.1388616331167365 0.03525700504146578 0.39424516762696327 0.24519699517185253 0.2844493439332662 0.976617828499025 0.3314374859671917 0.28444934395147925 0.27078596901237456 0.1586392712525776
180 0.023901615323134538 0.004080015242977688 0.5810650343009625 0.1569976737437614 0.5810650351742263 0.5810650350502959 0.07761532833373026 0.581065034551701 0.1971693286117433 0.004080015076154403 0.20686325708113087 0.02390161429859192 0.09184967919711472 0.1971693287152602 0.07761532849335122 0.27078596932699156 0.1505783155302603 0.07761532840513886 0.581065034244542 0.20722317279739041
43 0.2538405657466179 0.1389737191096063 0.20722317286755015 0.5086925520904582 0.20722317313440045 0.2072231733376948 0.12637280484543903 0.20722317284390096 0.3215129313934004 0.13897371830502364 0.6670501017148034 0.2538405656049187 0.06669442179418343 0.3215129313185139 0.12637280504384024 0.15863927125258315 0.21446011447493452 0.12637280504014817 0.207223172103107 0.7640760992597322
87 0.5042038155110742 0.7929519869081715 0.0040800154546410125 0.24636493547768684 0.004080015243734154 0.004080015767129293 0.09454059909632363 0.004080015260067968 0.17006348551769254 0.7929519866716203 0.15182179385126512 0.5042038149749105 -0.031580512161816815 0.17006348555036452 0.0945405993476874 -0.040360624600936174 0.2087716250475012 0.0945405991447978 0.004080014660622812 0.13897371864600394
24 0.6256592996322301 0.3454320836348061 0.022632654210086103 0.43002139079113433 0.022632654124952616 0.022632654581128963 0.21959781870274625 0.022632654082889225 0.2679932249009276 0.3454320823900308 0.459149909166772 0.6256593001850391 0.06372471245196844 0.2679932247181276 0.21959781889481128 0.07585477938726236 0.16922797849640672 0.21959781883527357 0.022632653099992014 0.4715523555340343
35 0.2538405657466179 0.1389737191096063 0.20722317286755015 0.5086925520904582 0.20722317313440045 0.2072231733376948 0.12637280484543903 0.20722317284390096 0.3215129313934004 0.13897371830502364 0.6670501017148034 0.2538405656049187 0.06669442179418343 0.3215129313185139 0.12637280504384024 0.15863927125258315 0.21446011447493452 0.12637280504014817 0.207223172103107 0.7640760992597322
33 0.23103856560986472 0.1321320100454183 0.20070842019908686 0.5263194483620011 0.2007084208575157 0.20070842072912565 0.11562065191964593 0.20070842038444994 0.3078043246926601 0.132132009541982 0.6029668354541705 0.23103856558602212 0.06936332280029328 0.3078043246101696 0.11562065219754543 0.16494681086656657 0.19108443940630618 0.11562065198471226 0.20070841985256851 0.8465082037360329
154 0.27595171529479723 0.09454059932403244 0.07761532851995219 0.12225702456809565 0.07761532865432068 0.07761532877762499 0.6634985700927698 0.07761532824960331 0.11762354490423482 0.09454059900558558 0.13613643685010116 0.2759517150409217 0.4773118061141024 0.11762354477113804 0.6634985698286333 0.2844493439065748 0.30521323277648493 0.6634985699842738 0.07761532780783664 0.12637280493641054
175 0.023901615323134538 0.004080015242977688 0.5810650343009625 0.1569976737437614 0.5810650351742263 0.5810650350502959 0.07761532833373026 0.581065034551701 0.1971693286117433 0.004080015076154403 0.20686325708113087 0.02390161429859192 0.09184967919711472 0.1971693287152602 0.07761532849335122 0.27078596932699156 0.1505783155302603 0.07761532840513886 0.581065034244542 0.20722317279739041
163 0.5042038155110742 0.7929519869081715 0.0040800154546410125 0.24636493547768684 0.004080015243734154 0.004080015767129293 0.09454059909632363 0.004080015260067968 0.17006348551769254 0.7929519866716203 0.15182179385126512 0.5042038149749105 -0.031580512161816815 0.17006348555036452 0.0945405993476874 -0.040360624600936174 0.2087716250475012 0.0945405991447978 0.004080014660622812 0.13897371864600394
99 0.023901615323134538 0.004080015242977688 0.5810650343009625 0.1569976737437614 0.5810650351742263 0.5810650350502959 0.07761532833373026 0.581065034551701 0.1971693286117433 0.004080015076154403 0.20686325708113087 0.02390161429859192 0.09184967919711472 0.1971693287152602 0.07761532849335122 0.27078596932699156 0.1505783155302603 0.07761532840513886 0.581065034244542 0.20722317279739041
44 0.6256592996322301 0.3454320836348061 0.022632654210086103 0.43002139079113433 0.022632654124952616 0.022632654581128963 0.21959781870274625 0.022632654082889225 0.2679932249009276 0.3454320823900308 0.459149909166772 0.6256593001850391 0.06372471245196844 0.2679932247181276 0.21959781889481128 0.07585477938726236 0.16922797849640672 0.21959781883527357 0.022632653099992014 0.4715523555340343
220 0.02725016865293389 -0.03158051212875367 0.09184967936078607 -0.014092034535325117 0.09184967937633524 0.0918496794743556 0.47731180615344915 0.09184967913256462 0.08875429774373844 -0.03158051227338355 0.07598030211540323 0.027250168420783216 1.0280457623717492 0.08875429778225165 0.4773118060488517 0.3942451676269632 0.17993601752523306 0.4773118061626733 0.09184967873715819 0.06669442179417907
94 0.5042038155110742 0.7929519869081715 0.0040800154546410125 0.24636493547768684 0.004080015243734154 0.004080015767129293 0.09454059909632363 0.004080015260067968 0.17006348551769254 0.7929519866716203 0.15182179385126512 0.5042038149749105 -0.031580512161816815 0.17006348555036452 0.0945405993476874 -0.040360624600936174 0.2087716250475012 0.0945405991447978 0.004080014660622812 0.13897371864600394
14 0.6256592996322301 0.3454320836348061 0.022632654210086103 0.43002139079113433 0.022632654124952616 0.022632654581128963 0.21959781870274625 0.022632654082889225 0.2679932249009276 0.3454320823900308 0.459149909166772 0.6256593001850391 0.06372471245196844 0.2679932247181276 0.21959781889481128 0.07585477938726236 0.16922797849640672 0.21959781883527357 0.022632653099992014 0.4715523555340343
38 0.327729290388347 0.24636493589051228 0.15699767386978314 0.9297734791946709 0.15699767410099713 0.15699767427393532 0.12225702449138884 0.15699767373061174 0.1997957756919844 0.2463649352269923 0.4675230142624517 0.32772928986441446 -0.014092034535324462 0.19979577551487124 0.12225702467206075 0.03379181554078214 0.2696519861215862 0.12225702456757624 0.1569976729823548 0.5086925520904546
147 0.32229815607058815 0.20877162537707705 0.150578315523151 0.26965198612158675 0.1505783158600357 0.15057831606559982 0.30521323274163253 0.15057831573424063 0.4566360480657647 0.20877162474920477 0.24310550350092297 0.32229815552346136 0.17993601752523652 0.45663604814967174 0.3052132329270185 0.3314374859671969 0.7584034270905692 0.3052132329699246 0.15057831481045827 0.21446011447493227
65 0.20803428492238102 0.1700634859642326 0.19716932872450543 0.19979577563215306 0.19716932895801326 0.19716932923236075 0.1176235447242565 0.19716932887601812 0.7422270005079802 0.1700634851131216 0.31322443864828636 0.20803428402960217 0.08875429778194317 0.7422270005443444 0.11762354478184553 0.2451969951610313 0.45663604804050595 0.1176235448695655 0.19716932804223145 0.32151293126400704
155 0.02725016865293389 -0.03158051212875367 0.09184967936078607 -0.014092034535325117 0.09184967937633524 0.0918496794743556 0.47731180615344915 0.09184967913256462 0.08875429774373844 -0.03158051227338355 0.07598030211540323 0.027250168420783216 1.0280457623717492 0.08875429778225165 0.4773118060488517 0.3942451676269632 0.17993601752523306 0.4773118061626733 0.09184967873715819 0.06669442179417907
219 0.27595171529479723 0.09454059932403244 0.07761532851995219 0.12225702456809565 0.07761532865432068 0.07761532877762499 0.6634985700927698 0.07761532824960331 0.11762354490423482 0.09454059900558558 0.13613643685010116 0.2759517150409217 0.4773118061141024 0.11762354477113804 0.6634985698286333 0.2844493439065748 0.30521323277648493 0.6634985699842738 0.07761532780783664 0.12637280493641054
130 0.27595171529479723 0.09454059932403244 0.07761532851995219 0.12225702456809565 0.07761532865432068 0.07761532877762499 0.6634985700927698 0.07761532824960331 0.11762354490423482 0.09454059900558558 0.13613643685010116 0.2759517150409217 0.4773118061141024 0.11762354477113804 0.6634985698286333 0.2844493439065748 0.30521323277648493 0.6634985699842738 0.07761532780783664 0.12637280493641054
176 0.023901615323134538 0.004080015242977688 0.5810650343009625 0.1569976737437614 0.5810650351742263 0.5810650350502959 0.07761532833373026 0.581065034551701 0.1971693286117433 0.004080015076154403 0.20686325708113087 0.02390161429859192 0.09184967919711472 0.1971693287152602 0.07761532849335122 0.27078596932699156 0.1505783155302603 0.07761532840513886 0.581065034244542 0.20722317279739041
150 0.27595171529479723 0.09454059932403244 0.07761532851995219 0.12225702456809565 0.07761532865432068 0.07761532877762499 0.6634985700927698 0.07761532824960331 0.11762354490423482 0.09454059900558558 0.13613643685010116 0.2759517150409217 0.4773118061141024 0.11762354477113804 0.6634985698286333 0.2844493439065748 0.30521323277648493 0.6634985699842738 0.07761532780783664 0.12637280493641054
57 0.23103856560986472 0.1321320100454183 0.20070842019908686 0.5263194483620011 0.2007084208575157 0.20070842072912565 0.11562065191964593 0.20070842038444994 0.3078043246926601 0.132132009541982 0.6029668354541705 0.23103856558602212 0.06936332280029328 0.3078043246101696 0.11562065219754543 0.16494681086656657 0.19108443940630618 0.11562065198471226 0.20070841985256851 0.8465082037360329
98 0.023901615323134538 0.004080015242977688 0.5810650343009625 0.1569976737437614 0.5810650351742263 0.5810650350502959 0.07761532833373026 0.581065034551701 0.1971693286117433 0.004080015076154403 0.20686325708113087 0.02390161429859192 0.09184967919711472 0.1971693287152602 0.07761532849335122 0.27078596932699156 0.1505783155302603 0.07761532840513886 0.581065034244542 0.20722317279739041
198 0.023901615323134538 0.004080015242977688 0.5810650343009625 0.1569976737437614 0.5810650351742263 0.5810650350502959 0.07761532833373026 0.581065034551701 0.1971693286117433 0.004080015076154403 0.20686325708113087 0.02390161429859192 0.09184967919711472 0.1971693287152602 0.07761532849335122 0.27078596932699156 0.1505783155302603 0.07761532840513886 0.581065034244542 0.20722317279739041
30 0.44865234221649763 0.25412310916451414 0.08874459375709132 0.7086851586905426 0.08874459390334079 0.08874459404124938 0.12065002996778537 0.08874459378622786 0.27303831950868906 0.2541231077886454 0.5239190375446213 0.44865234220141487 0.011346950721429709 0.2730383194921763 0.12065003024731337 0.06074336821953064 0.1629351198580302 0.12065002996314574 0.08874459280292005 0.6366930125453786
62 0.035257005508153735 -0.04036062446002215 0.27078596922969206 0.033791815540779035 0.27078596961780244 0.27078596969332513 0.28444934403011984 0.270785969270161 0.24519699529098576 -0.040360624769099046 0.1388616331167365 0.03525700504146578 0.39424516762696327 0.24519699517185253 0.2844493439332662 0.976617828499025 0.3314374859671917 0.28444934395147925 0.27078596901237456 0.1586392712525776
139 0.27595171529479723 0.09454059932403244 0.07761532851995219 0.12225702456809565 0.07761532865432068 0.07761532877762499 0.6634985700927698 0.07761532824960331 0.11762354490423482 0.09454059900558558 0.13613643685010116 0.2759517150409217 0.4773118061141024 0.11762354477113804 0.6634985698286333 0.2844493439065748 0.30521323277648493 0.6634985699842738 0.07761532780783664 0.12637280493641054
89 0.023901615323134538 0.004080015242977688 0.5810650343009625 0.1569976737437614 0.5810650351742263 0.5810650350502959 0.07761532833373026 0.581065034551701 0.1971693286117433 0.004080015076154403 0.20686325708113087 0.02390161429859192 0.09184967919711472 0.1971693287152602 0.07761532849335122 0.27078596932699156 0.1505783155302603 0.07761532840513886 0.581065034244542 0.20722317279739041
16 0.6256592996322301 0.3454320836348061 0.022632654210086103 0.43002139079113433 0.022632654124952616 0.022632654581128963 0.21959781870274625 0.022632654082889225 0.2679932249009276 0.3454320823900308 0.459149909166772 0.6256593001850391 0.06372471245196844 0.2679932247181276 0.21959781889481128 0.07585477938726236 0.16922797849640672 0.21959781883527357 0.022632653099992014 0.4715523555340343
11 0.28120251959248665 0.1518217941044835 0.2068632570179627 0.4675230142624493 0.20686325757440943 0.20686325758916824 0.13613643671372816 0.20686325710615622 0.3132244387324659 0.1518217935195039 0.7630731273616725 0.2812025193236971 0.07598030211540771 0.31322443864904953 0.13613643697544967 0.13886163311673935 0.24310550350092133 0.13613643690517532 0.20686325637540148 0.6670501017147992
21 0.28120251959248665 0.1518217941044835 0.2068632570179627 0.4675230142624493 0.20686325757440943 0.20686325758916824 0.13613643671372816 0.20686325710615622 0.3132244387324659 0.1518217935195039 0.7630731273616725 0.2812025193236971 0.07598030211540771 0.31322443864904953 0.13613643697544967 0.13886163311673935 0.24310550350092133 0.13613643690517532 0.20686325637540148 0.6670501017147992
164 0.023901615323134538 0.004080015242977688 0.5810650343009625 0.1569976737437614 0.5810650351742263 0.5810650350502959 0.07761532833373026 0.581065034551701 0.1971693286117433 0.004080015076154403 0.20686325708113087 0.02390161429859192 0.09184967919711472 0.1971693287152602 0.07761532849335122 0.27078596932699156 0.1505783155302603 0.07761532840513886 0.581065034244542 0.20722317279739041
183 0.02725016865293389 -0.03158051212875367 0.09184967936078607 -0.014092034535325117 0.09184967937633524 0.0918496794743556 0.47731180615344915 0.09184967913256462 0.08875429774373844 -0.03158051227338355 0.07598030211540323 0.027250168420783216 1.0280457623717492 0.08875429778225165 0.4773118060488517 0.3942451676269632 0.17993601752523306 0.4773118061626733 0.09184967873715819 0.06669442179417907
218 0.27595171529479723 0.09454059932403244 0.07761532851995219 0.12225702456809565 0.07761532865432068 0.07761532877762499 0.6634985700927698 0.07761532824960331 0.11762354490423482 0.09454059900558558 0.13613643685010116 0.2759517150409217 0.4773118061141024 0.11762354477113804 0.6634985698286333 0.2844493439065748 0.30521323277648493 0.6634985699842738 0.07761532780783664 0.12637280493641054
193 0.32229815607058815 0.20877162537707705 0.150578315523151 0.26965198612158675 0.1505783158600357 0.15057831606559982 0.30521323274163253 0.15057831573424063 0.4566360480657647 0.20877162474920477 0.24310550350092297 0.32229815552346136 0.17993601752523652 0.45663604814967174 0.3052132329270185 0.3314374859671969 0.7584034270905692 0.3052132329699246 0.15057831481045827 0.21446011447493227
103 0.02725016865293389 -0.03158051212875367 0.09184967936078607 -0.014092034535325117 0.09184967937633524 0.0918496794743556 0.47731180615344915 0.09184967913256462 0.08875429774373844 -0.03158051227338355 0.07598030211540323 0.027250168420783216 1.0280457623717492 0.08875429778225165 0.4773118060488517 0.3942451676269632 0.17993601752523306 0.4773118061626733 0.09184967873715819 0.06669442179417907
48 0.44865234221649763 0.25412310916451414 0.08874459375709132 0.7086851586905426 0.08874459390334079 0.08874459404124938 0.12065002996778537 0.08874459378622786 0.27303831950868906 0.2541231077886454 0.5239190375446213 0.44865234220141487 0.011346950721429709 0.2730383194921763 0.12065003024731337 0.06074336821953064 0.1629351198580302 0.12065002996314574 0.08874459280292005 0.6366930125453786
169 0.023901615323134538 0.004080015242977688 0.5810650343009625 0.1569976737437614 0.5810650351742263 0.5810650350502959 0.07761532833373026 0.581065034551701 0.1971693286117433 0.004080015076154403 0.20686325708113087 0.02390161429859192 0.09184967919711472 0.1971693287152602 0.07761532849335122 0.27078596932699156 0.1505783155302603 0.07761532840513886 0.581065034244542 0.20722317279739041
210 0.035257005508153735 -0.04036062446002215 0.27078596922969206 0.033791815540779035 0.27078596961780244 0.27078596969332513 0.28444934403011984 0.270785969270161 0.24519699529098576 -0.040360624769099046 0.1388616331167365 0.03525700504146578 0.39424516762696327 0.24519699517185253 0.2844493439332662 0.976617828499025 0.3314374859671917 0.28444934395147925 0.27078596901237456 0.1586392712525776
80 0.02725016865293389 -0.03158051212875367 0.09184967936078607 -0.014092034535325117 0.09184967937633524 0.0918496794743556 0.47731180615344915 0.09184967913256462 0.08875429774373844 -0.03158051227338355 0.07598030211540323 0.027250168420783216 1.0280457623717492 0.08875429778225165 0.4773118060488517 0.3942451676269632 0.17993601752523306 0.4773118061626733 0.09184967873715819 0.06669442179417907
199 0.023901615323134538 0.004080015242977688 0.5810650343009625 0.1569976737437614 0.5810650351742263 0.5810650350502959 0.07761532833373026 0.581065034551701 0.1971693286117433 0.004080015076154403 0.20686325708113087 0.02390161429859192 0.09184967919711472 0.1971693287152602 0.07761532849335122 0.27078596932699156 0.1505783155302603 0.07761532840513886 0.581065034244542 0.20722317279739041
71 0.023901615323134538 0.004080015242977688 0.5810650343009625 0.1569976737437614 0.5810650351742263 0.5810650350502959 0.07761532833373026 0.581065034551701 0.1971693286117433 0.004080015076154403 0.20686325708113087 0.02390161429859192 0.09184967919711472 0.1971693287152602 0.07761532849335122 0.27078596932699156 0.1505783155302603 0.07761532840513886 0.581065034244542 0.20722317279739041
125 0.023901615323134538 0.004080015242977688 0.5810650343009625 0.1569976737437614 0.5810650351742263 0.5810650350502959 0.07761532833373026 0.581065034551701 0.1971693286117433 0.004080015076154403 0.20686325708113087 0.02390161429859192 0.09184967919711472 0.1971693287152602 0.07761532849335122 0.27078596932699156 0.1505783155302603 0.07761532840513886 0.581065034244542 0.20722317279739041
91 0.023901615323134538 0.004080015242977688 0.5810650343009625 0.1569976737437614 0.5810650351742263 0.5810650350502959 0.07761532833373026 0.581065034551701 0.1971693286117433 0.004080015076154403 0.20686325708113087 0.02390161429859192 0.09184967919711472 0.1971693287152602 0.07761532849335122 0.27078596932699156 0.1505783155302603 0.07761532840513886 0.581065034244542 0.20722317279739041
13 0.2538405657466179 0.1389737191096063 0.20722317286755015 0.5086925520904582 0.20722317313440045 0.2072231733376948 0.12637280484543903 0.20722317284390096 0.3215129313934004 0.13897371830502364 0.6670501017148034 0.2538405656049187 0.06669442179418343 0.3215129313185139 0.12637280504384024 0.15863927125258315 0.21446011447493452 0.12637280504014817 0.207223172103107 0.7640760992597322
76 0.023901615323134538 0.004080015242977688 0.5810650343009625 0.1569976737437614 0.5810650351742263 0.5810650350502959 0.07761532833373026 0.581065034551701 0.1971693286117433 0.004080015076154403 0.20686325708113087 0.02390161429859192 0.09184967919711472 0.1971693287152602 0.07761532849335122 0.27078596932699156 0.1505783155302603 0.07761532840513886 0.581065034244542 0.20722317279739041
104 0.02725016865293389 -0.03158051212875367 0.09184967936078607 -0.014092034535325117 0.09184967937633524 0.0918496794743556 0.47731180615344915 0.09184967913256462 0.08875429774373844 -0.03158051227338355 0.07598030211540323 0.027250168420783216 1.0280457623717492 0.08875429778225165 0.4773118060488517 0.3942451676269632 0.17993601752523306 0.4773118061626733 0.09184967873715819 0.06669442179417907
188 0.02725016865293389 -0.03158051212875367 0.09184967936078607 -0.014092034535325117 0.09184967937633524 0.0918496794743556 0.47731180615344915 0.09184967913256462 0.08875429774373844 -0.03158051227338355 0.07598030211540323 0.027250168420783216 1.0280457623717492 0.08875429778225165 0.4773118060488517 0.3942451676269632 0.17993601752523306 0.4773118061626733 0.09184967873715819 0.06669442179417907
151 0.02725016865293389 -0.03158051212875367 0.09184967936078607 -0.014092034535325117 0.09184967937633524 0.0918496794743556 0.47731180615344915 0.09184967913256462 0.08875429774373844 -0.03158051227338355 0.07598030211540323 0.027250168420783216 1.0280457623717492 0.08875429778225165 0.4773118060488517 0.3942451676269632 0.17993601752523306 0.4773118061626733 0.09184967873715819 0.06669442179417907
64 0.32229815607058815 0.20877162537707705 0.150578315523151 0.26965198612158675 0.1505783158600357 0.15057831606559982 0.30521323274163253 0.15057831573424063 0.4566360480657647 0.20877162474920477 0.24310550350092297 0.32229815552346136 0.17993601752523652 0.45663604814967174 0.3052132329270185 0.3314374859671969 0.7584034270905692 0.3052132329699246 0.15057831481045827 0.21446011447493227
167 0.023901615323134538 0.004080015242977688 0.5810650343009625 0.1569976737437614 0.5810650351742263 0.5810650350502959 0.07761532833373026 0.581065034551701 0.1971693286117433 0.004080015076154403 0.20686325708113087 0.02390161429859192 0.09184967919711472 0.1971693287152602 0.07761532849335122 0.27078596932699156 0.1505783155302603 0.07761532840513886 0.581065034244542 0.20722317279739041
201 0.023901615323134538 0.004080015242977688 0.5810650343009625 0.1569976737437614 0.5810650351742263 0.5810650350502959 0.07761532833373026 0.581065034551701 0.1971693286117433 0.004080015076154403 0.20686325708113087 0.02390161429859192 0.09184967919711472 0.1971693287152602 0.07761532849335122 0.27078596932699156 0.1505783155302603 0.07761532840513886 0.581065034244542 0.20722317279739041
70 0.5042038155110742 0.7929519869081715 0.0040800154546410125 0.24636493547768684 0.004080015243734154 0.004080015767129293 0.09454059909632363 0.004080015260067968 0.17006348551769254 0.7929519866716203 0.15182179385126512 0.5042038149749105 -0.031580512161816815 0.17006348555036452 0.0945405993476874 -0.040360624600936174 0.2087716250475012 0.0945405991447978 0.004080014660622812 0.13897371864600394
197 0.023901615323134538 0.004080015242977688 0.5810650343009625 0.1569976737437614 0.5810650351742263 0.5810650350502959 0.07761532833373026 0.581065034551701 0.1971693286117433 0.004080015076154403 0.20686325708113087 0.02390161429859192 0.09184967919711472 0.1971693287152602 0.07761532849335122 0.27078596932699156 0.1505783155302603 0.07761532840513886 0.581065034244542 0.20722317279739041
211 0.32229815607058815 0.20877162537707705 0.150578315523151 0.26965198612158675 0.1505783158600357 0.15057831606559982 0.30521323274163253 0.15057831573424063 0.4566360480657647 0.20877162474920477 0.24310550350092297 0.32229815552346136 0.17993601752523652 0.45663604814967174 0.3052132329270185 0.3314374859671969 0.7584034270905692 0.3052132329699246 0.15057831481045827 0.21446011447493227
56 0.6256592996322301 0.3454320836348061 0.022632654210086103 0.43002139079113433 0.022632654124952616 0.022632654581128963 0.21959781870274625 0.022632654082889225 0.2679932249009276 0.3454320823900308 0.459149909166772 0.6256593001850391 0.06372471245196844 0.2679932247181276 0.21959781889481128 0.07585477938726236 0.16922797849640672 0.21959781883527357 0.022632653099992014 0.4715523555340343
84 0.32229815607058815 0.20877162537707705 0.150578315523151 0.26965198612158675 0.1505783158600357 0.15057831606559982 0.30521323274163253 0.15057831573424063 0.4566360480657647 0.20877162474920477 0.24310550350092297 0.32229815552346136 0.17993601752523652 0.45663604814967174 0.3052132329270185 0.3314374859671969 0.7584034270905692 0.3052132329699246 0.15057831481045827 0.21446011447493227
19 0.28120251959248665 0.1518217941044835 0.2068632570179627 0.4675230142624493 0.20686325757440943 0.20686325758916824 0.13613643671372816 0.20686325710615622 0.3132244387324659 0.1518217935195039 0.7630731273616725 0.2812025193236971 0.07598030211540771 0.31322443864904953 0.13613643697544967 0.13886163311673935 0.24310550350092133 0.13613643690517532 0.20686325637540148 0.6670501017147992
120 0.023901615323134538 0.004080015242977688 0.5810650343009625 0.1569976737437614 0.5810650351742263 0.5810650350502959 0.07761532833373026 0.581065034551701 0.1971693286117433 0.004080015076154403 0.20686325708113087 0.02390161429859192 0.09184967919711472 0.1971693287152602 0.07761532849335122 0.27078596932699156 0.1505783155302603 0.07761532840513886 0.581065034244542 0.20722317279739041
131 0.02725016865293389 -0.03158051212875367 0.09184967936078607 -0.014092034535325117 0.09184967937633524 0.0918496794743556 0.47731180615344915 0.09184967913256462 0.08875429774373844 -0.03158051227338355 0.07598030211540323 0.027250168420783216 1.0280457623717492 0.08875429778225165 0.4773118060488517 0.3942451676269632 0.17993601752523306 0.4773118061626733 0.09184967873715819 0.06669442179417907
173 0.02725016865293389 -0.03158051212875367 0.09184967936078607 -0.014092034535325117 0.09184967937633524 0.0918496794743556 0.47731180615344915 0.09184967913256462 0.08875429774373844 -0.03158051227338355 0.07598030211540323 0.027250168420783216 1.0280457623717492 0.08875429778225165 0.4773118060488517 0.3942451676269632 0.17993601752523306 0.4773118061626733 0.09184967873715819 0.06669442179417907
50 0.327729290388347 0.24636493589051228 0.15699767386978314 0.9297734791946709 0.15699767410099713 0.15699767427393532 0.12225702449138884 0.15699767373061174 0.1997957756919844 0.2463649352269923 0.4675230142624517 0.32772928986441446 -0.014092034535324462 0.19979577551487124 0.12225702467206075 0.03379181554078214 0.2696519861215862 0.12225702456757624 0.1569976729823548 0.5086925520904546
122 0.5042038155110742 0.7929519869081715 0.0040800154546410125 0.24636493547768684 0.004080015243734154 0.004080015767129293 0.09454059909632363 0.004080015260067968 0.17006348551769254 0.7929519866716203 0.15182179385126512 0.5042038149749105 -0.031580512161816815 0.17006348555036452 0.0945405993476874 -0.040360624600936174 0.2087716250475012 0.0945405991447978 0.004080014660622812 0.13897371864600394
177 0.023901615323134538 0.004080015242977688 0.5810650343009625 0.1569976737437614 0.5810650351742263 0.5810650350502959 0.07761532833373026 0.581065034551701 0.1971693286117433 0.004080015076154403 0.20686325708113087 0.02390161429859192 0.09184967919711472 0.1971693287152602 0.07761532849335122 0.27078596932699156 0.1505783155302603 0.07761532840513886 0.581065034244542 0.20722317279739041
179 0.023901615323134538 0.004080015242977688 0.5810650343009625 0.1569976737437614 0.5810650351742263 0.5810650350502959 0.07761532833373026 0.581065034551701 0.1971693286117433 0.004080015076154403 0.20686325708113087 0.02390161429859192 0.09184967919711472 0.1971693287152602 0.07761532849335122 0.27078596932699156 0.1505783155302603 0.07761532840513886 0.581065034244542 0.20722317279739041
157 0.6391079361103847 0.5042038155946134 0.023901615159920234 0.3277292902339023 0.023901615339538104 0.023901615646321834 0.27595171508189514 0.023901615129525104 0.20803428441415953 0.5042038146842804 0.2812025194291352 0.6391079360755978 0.02725016850372876 0.20803428439741894 0.2759517153016634 0.03525700530867445 0.3222981559072951 0.2759517151896249 0.023901614122941915 0.2538405658235747
92 0.023901615323134538 0.004080015242977688 0.5810650343009625 0.1569976737437614 0.5810650351742263 0.5810650350502959 0.07761532833373026 0.581065034551701 0.1971693286117433 0.004080015076154403 0.20686325708113087 0.02390161429859192 0.09184967919711472 0.1971693287152602 0.07761532849335122 0.27078596932699156 0.1505783155302603 0.07761532840513886 0.581065034244542 0.20722317279739041
28 0.6256592996322301 0.3454320836348061 0.022632654210086103 0.43002139079113433 0.022632654124952616 0.022632654581128963 0.21959781870274625 0.022632654082889225 0.2679932249009276 0.3454320823900308 0.459149909166772 0.6256593001850391 0.06372471245196844 0.2679932247181276 0.21959781889481128 0.07585477938726236 0.16922797849640672 0.21959781883527357 0.022632653099992014 0.4715523555340343
12 0.327729290388347 0.24636493589051228 0.15699767386978314 0.9297734791946709 0.15699767410099713 0.15699767427393532 0.12225702449138884 0.15699767373061174 0.1997957756919844 0.2463649352269923 0.4675230142624517 0.32772928986441446 -0.014092034535324462 0.19979577551487124 0.12225702467206075 0.03379181554078214 0.2696519861215862 0.12225702456757624 0.1569976729823548 0.5086925520904546
144 0.035257005508153735 -0.04036062446002215 0.27078596922969206 0.033791815540779035 0.27078596961780244 0.27078596969332513 0.28444934403011984 0.270785969270161 0.24519699529098576 -0.040360624769099046 0.1388616331167365 0.03525700504146578 0.39424516762696327 0.24519699517185253 0.2844493439332662 0.976617828499025 0.3314374859671917 0.28444934395147925 0.27078596901237456 0.1586392712525776
221 0.02725016865293389 -0.03158051212875367 0.09184967936078607 -0.014092034535325117 0.09184967937633524 0.0918496794743556 0.47731180615344915 0.09184967913256462 0.08875429774373844 -0.03158051227338355 0.07598030211540323 0.027250168420783216 1.0280457623717492 0.08875429778225165 0.4773118060488517 0.3942451676269632 0.17993601752523306 0.4773118061626733 0.09184967873715819 0.06669442179417907
52 0.44865234221649763 0.25412310916451414 0.08874459375709132 0.7086851586905426 0.08874459390334079 0.08874459404124938 0.12065002996778537 0.08874459378622786 0.27303831950868906 0.2541231077886454 0.5239190375446213 0.44865234220141487 0.011346950721429709 0.2730383194921763 0.12065003024731337 0.06074336821953064 0.1629351198580302 0.12065002996314574 0.08874459280292005 0.6366930125453786
58 0.6256592996322301 0.3454320836348061 0.022632654210086103 0.43002139079113433 0.022632654124952616 0.022632654581128963 0.21959781870274625 0.022632654082889225 0.2679932249009276 0.3454320823900308 0.459149909166772 0.6256593001850391 0.06372471245196844 0.2679932247181276 0.21959781889481128 0.07585477938726236 0.16922797849640672 0.21959781883527357 0.022632653099992014 0.4715523555340343
138 0.20803428492238102 0.1700634859642326 0.19716932872450543 0.19979577563215306 0.19716932895801326 0.19716932923236075 0.1176235447242565 0.19716932887601812 0.7422270005079802 0.1700634851131216 0.31322443864828636 0.20803428402960217 0.08875429778194317 0.7422270005443444 0.11762354478184553 0.2451969951610313 0.45663604804050595 0.1176235448695655 0.19716932804223145 0.32151293126400704
145 0.035257005508153735 -0.04036062446002215 0.27078596922969206 0.033791815540779035 0.27078596961780244 0.27078596969332513 0.28444934403011984 0.270785969270161 0.24519699529098576 -0.040360624769099046 0.1388616331167365 0.03525700504146578 0.39424516762696327 0.24519699517185253 0.2844493439332662 0.976617828499025 0.3314374859671917 0.28444934395147925 0.27078596901237456 0.1586392712525776
47 0.2538405657466179 0.1389737191096063 0.20722317286755015 0.5086925520904582 0.20722317313440045 0.2072231733376948 0.12637280484543903 0.20722317284390096 0.3215129313934004 0.13897371830502364 0.6670501017148034 0.2538405656049187 0.06669442179418343 0.3215129313185139 0.12637280504384024 0.15863927125258315 0.21446011447493452 0.12637280504014817 0.207223172103107 0.7640760992597322
113 0.32229815607058815 0.20877162537707705 0.150578315523151 0.26965198612158675 0.1505783158600357 0.15057831606559982 0.30521323274163253 0.15057831573424063 0.4566360480657647 0.20877162474920477 0.24310550350092297 0.32229815552346136 0.17993601752523652 0.45663604814967174 0.3052132329270185 0.3314374859671969 0.7584034270905692 0.3052132329699246 0.15057831481045827 0.21446011447493227
22 0.327729290388347 0.24636493589051228 0.15699767386978314 0.9297734791946709 0.15699767410099713 0.15699767427393532 0.12225702449138884 0.15699767373061174 0.1997957756919844 0.2463649352269923 0.4675230142624517 0.32772928986441446 -0.014092034535324462 0.19979577551487124 0.12225702467206075 0.03379181554078214 0.2696519861215862 0.12225702456757624 0.1569976729823548 0.5086925520904546
82 0.035257005508153735 -0.04036062446002215 0.27078596922969206 0.033791815540779035 0.27078596961780244 0.27078596969332513 0.28444934403011984 0.270785969270161 0.24519699529098576 -0.040360624769099046 0.1388616331167365 0.03525700504146578 0.39424516762696327 0.24519699517185253 0.2844493439332662 0.976617828499025 0.3314374859671917 0.28444934395147925 0.27078596901237456 0.1586392712525776
0 0.44865234221649763 0.25412310916451414 0.08874459375709132 0.7086851586905426 0.08874459390334079 0.08874459404124938 0.12065002996778537 0.08874459378622786 0.27303831950868906 0.2541231077886454 0.5239190375446213 0.44865234220141487 0.011346950721429709 0.2730383194921763 0.12065003024731337 0.06074336821953064 0.1629351198580302 0.12065002996314574 0.08874459280292005 0.6366930125453786
1 0.2538405657466179 0.1389737191096063 0.20722317286755015 0.5086925520904582 0.20722317313440045 0.2072231733376948 0.12637280484543903 0.20722317284390096 0.3215129313934004 0.13897371830502364 0.6670501017148034 0.2538405656049187 0.06669442179418343 0.3215129313185139 0.12637280504384024 0.15863927125258315 0.21446011447493452 0.12637280504014817 0.207223172103107 0.7640760992597322
178 0.023901615323134538 0.004080015242977688 0.5810650343009625 0.1569976737437614 0.5810650351742263 0.5810650350502959 0.07761532833373026 0.581065034551701 0.1971693286117433 0.004080015076154403 0.20686325708113087 0.02390161429859192 0.09184967919711472 0.1971693287152602 0.07761532849335122 0.27078596932699156 0.1505783155302603 0.07761532840513886 0.581065034244542 0.20722317279739041
217 0.02725016865293389 -0.03158051212875367 0.09184967936078607 -0.014092034535325117 0.09184967937633524 0.0918496794743556 0.47731180615344915 0.09184967913256462 0.08875429774373844 -0.03158051227338355 0.07598030211540323 0.027250168420783216 1.0280457623717492 0.08875429778225165 0.4773118060488517 0.3942451676269632 0.17993601752523306 0.4773118061626733 0.09184967873715819 0.06669442179417907
54 0.44865234221649763 0.25412310916451414 0.08874459375709132 0.7086851586905426 0.08874459390334079 0.08874459404124938 0.12065002996778537 0.08874459378622786 0.27303831950868906 0.2541231077886454 0.5239190375446213 0.44865234220141487 0.011346950721429709 0.2730383194921763 0.12065003024731337 0.06074336821953064 0.1629351198580302 0.12065002996314574 0.08874459280292005 0.6366930125453786
61 0.035257005508153735 -0.04036062446002215 0.27078596922969206 0.033791815540779035 0.27078596961780244 0.27078596969332513 0.28444934403011984 0.270785969270161 0.24519699529098576 -0.040360624769099046 0.1388616331167365 0.03525700504146578 0.39424516762696327 0.24519699517185253 0.2844493439332662 0.976617828499025 0.3314374859671917 0.28444934395147925 0.27078596901237456 0.1586392712525776
37 0.28120251959248665 0.1518217941044835 0.2068632570179627 0.4675230142624493 0.20686325757440943 0.20686325758916824 0.13613643671372816 0.20686325710615622 0.3132244387324659 0.1518217935195039 0.7630731273616725 0.2812025193236971 0.07598030211540771 0.31322443864904953 0.13613643697544967 0.13886163311673935 0.24310550350092133 0.13613643690517532 0.20686325637540148 0.6670501017147992
189 0.6391079361103847 0.5042038155946134 0.023901615159920234 0.3277292902339023 0.023901615339538104 0.023901615646321834 0.27595171508189514 0.023901615129525104 0.20803428441415953 0.5042038146842804 0.2812025194291352 0.6391079360755978 0.02725016850372876 0.20803428439741894 0.2759517153016634 0.03525700530867445 0.3222981559072951 0.2759517151896249 0.023901614122941915 0.2538405658235747
166 0.023901615323134538 0.004080015242977688 0.5810650343009625 0.1569976737437614 0.5810650351742263 0.5810650350502959 0.07761532833373026 0.581065034551701 0.1971693286117433 0.004080015076154403 0.20686325708113087 0.02390161429859192 0.09184967919711472 0.1971693287152602 0.07761532849335122 0.27078596932699156 0.1505783155302603 0.07761532840513886 0.581065034244542 0.20722317279739041
74 0.023901615323134538 0.004080015242977688 0.5810650343009625 0.1569976737437614 0.5810650351742263 0.5810650350502959 0.07761532833373026 0.581065034551701 0.1971693286117433 0.004080015076154403 0.20686325708113087 0.02390161429859192 0.09184967919711472 0.1971693287152602 0.07761532849335122 0.27078596932699156 0.1505783155302603 0.07761532840513886 0.581065034244542 0.20722317279739041
111 0.035257005508153735 -0.04036062446002215 0.27078596922969206 0.033791815540779035 0.27078596961780244 0.27078596969332513 0.28444934403011984 0.270785969270161 0.24519699529098576 -0.040360624769099046 0.1388616331167365 0.03525700504146578 0.39424516762696327 0.24519699517185253 0.2844493439332662 0.976617828499025 0.3314374859671917 0.28444934395147925 0.27078596901237456 0.1586392712525776
4 0.327729290388347 0.24636493589051228 0.15699767386978314 0.9297734791946709 0.15699767410099713 0.15699767427393532 0.12225702449138884 0.15699767373061174 0.1997957756919844 0.2463649352269923 0.4675230142624517 0.32772928986441446 -0.014092034535324462 0.19979577551487124 0.12225702467206075 0.03379181554078214 0.2696519861215862 0.12225702456757624 0.1569976729823548 0.5086925520904546
20 0.327729290388347 0.24636493589051228 0.15699767386978314 0.9297734791946709 0.15699767410099713 0.15699767427393532 0.12225702449138884 0.15699767373061174 0.1997957756919844 0.2463649352269923 0.4675230142624517 0.32772928986441446 -0.014092034535324462 0.19979577551487124 0.12225702467206075 0.03379181554078214 0.2696519861215862 0.12225702456757624 0.1569976729823548 0.5086925520904546
174 0.5042038155110742 0.7929519869081715 0.0040800154546410125 0.24636493547768684 0.004080015243734154 0.004080015767129293 0.09454059909632363 0.004080015260067968 0.17006348551769254 0.7929519866716203 0.15182179385126512 0.5042038149749105 -0.031580512161816815 0.17006348555036452 0.0945405993476874 -0.040360624600936174 0.2087716250475012 0.0945405991447978 0.004080014660622812 0.13897371864600394
15 0.23103856560986472 0.1321320100454183 0.20070842019908686 0.5263194483620011 0.2007084208575157 0.20070842072912565 0.11562065191964593 0.20070842038444994 0.3078043246926601 0.132132009541982 0.6029668354541705 0.23103856558602212 0.06936332280029328 0.3078043246101696 0.11562065219754543 0.16494681086656657 0.19108443940630618 0.11562065198471226 0.20070841985256851 0.8465082037360329
55 0.2538405657466179 0.1389737191096063 0.20722317286755015 0.5086925520904582 0.20722317313440045 0.2072231733376948 0.12637280484543903 0.20722317284390096 0.3215129313934004 0.13897371830502364 0.6670501017148034 0.2538405656049187 0.06669442179418343 0.3215129313185139 0.12637280504384024 0.15863927125258315 0.21446011447493452 0.12637280504014817 0.207223172103107 0.7640760992597322
93 0.023901615323134538 0.004080015242977688 0.5810650343009625 0.1569976737437614 0.5810650351742263 0.5810650350502959 0.07761532833373026 0.581065034551701 0.1971693286117433 0.004080015076154403 0.20686325708113087 0.02390161429859192 0.09184967919711472 0.1971693287152602 0.07761532849335122 0.27078596932699156 0.1505783155302603 0.07761532840513886 0.581065034244542 0.20722317279739041
158 0.035257005508153735 -0.04036062446002215 0.27078596922969206 0.033791815540779035 0.27078596961780244 0.27078596969332513 0.28444934403011984 0.270785969270161 0.24519699529098576 -0.040360624769099046 0.1388616331167365 0.03525700504146578 0.39424516762696327 0.24519699517185253 0.2844493439332662 0.976617828499025 0.3314374859671917 0.28444934395147925 0.27078596901237456 0.1586392712525776
60 0.6391079361103847 0.5042038155946134 0.023901615159920234 0.3277292902339023 0.023901615339538104 0.023901615646321834 0.27595171508189514 0.023901615129525104 0.20803428441415953 0.5042038146842804 0.2812025194291352 0.6391079360755978 0.02725016850372876 0.20803428439741894 0.2759517153016634 0.03525700530867445 0.3222981559072951 0.2759517151896249 0.023901614122941915 0.2538405658235747
77 0.27595171529479723 0.09454059932403244 0.07761532851995219 0.12225702456809565 0.07761532865432068 0.07761532877762499 0.6634985700927698 0.07761532824960331 0.11762354490423482 0.09454059900558558 0.13613643685010116 0.2759517150409217 0.4773118061141024 0.11762354477113804 0.6634985698286333 0.2844493439065748 0.30521323277648493 0.6634985699842738 0.07761532780783664 0.12637280493641054
3 0.2538405657466179 0.1389737191096063 0.20722317286755015 0.5086925520904582 0.20722317313440045 0.2072231733376948 0.12637280484543903 0.20722317284390096 0.3215129313934004 0.13897371830502364 0.6670501017148034 0.2538405656049187 0.06669442179418343 0.3215129313185139 0.12637280504384024 0.15863927125258315 0.21446011447493452 0.12637280504014817 0.207223172103107 0.7640760992597322
137 0.32229815607058815 0.20877162537707705 0.150578315523151 0.26965198612158675 0.1505783158600357 0.15057831606559982 0.30521323274163253 0.15057831573424063 0.4566360480657647 0.20877162474920477 0.24310550350092297 0.32229815552346136 0.17993601752523652 0.45663604814967174 0.3052132329270185 0.3314374859671969 0.7584034270905692 0.3052132329699246 0.15057831481045827 0.21446011447493227
185 0.27595171529479723 0.09454059932403244 0.07761532851995219 0.12225702456809565 0.07761532865432068 0.07761532877762499 0.6634985700927698 0.07761532824960331 0.11762354490423482 0.09454059900558558 0.13613643685010116 0.2759517150409217 0.4773118061141024 0.11762354477113804 0.6634985698286333 0.2844493439065748 0.30521323277648493 0.6634985699842738 0.07761532780783664 0.12637280493641054
135 0.035257005508153735 -0.04036062446002215 0.27078596922969206 0.033791815540779035 0.27078596961780244 0.27078596969332513 0.28444934403011984 0.270785969270161 0.24519699529098576 -0.040360624769099046 0.1388616331167365 0.03525700504146578 0.39424516762696327 0.24519699517185253 0.2844493439332662 0.976617828499025 0.3314374859671917 0.28444934395147925 0.27078596901237456 0.1586392712525776
203 0.035257005508153735 -0.04036062446002215 0.27078596922969206 0.033791815540779035 0.27078596961780244 0.27078596969332513 0.28444934403011984 0.270785969270161 0.24519699529098576 -0.040360624769099046 0.1388616331167365 0.03525700504146578 0.39424516762696327 0.24519699517185253 0.2844493439332662 0.976617828499025 0.3314374859671917 0.28444934395147925 0.27078596901237456 0.1586392712525776
78 0.27595171529479723 0.09454059932403244 0.07761532851995219 0.12225702456809565 0.07761532865432068 0.07761532877762499 0.6634985700927698 0.07761532824960331 0.11762354490423482 0.09454059900558558 0.13613643685010116 0.2759517150409217 0.4773118061141024 0.11762354477113804 0.6634985698286333 0.2844493439065748 0.30521323277648493 0.6634985699842738 0.07761532780783664 0.12637280493641054
124 0.023901615323134538 0.004080015242977688 0.5810650343009625 0.1569976737437614 0.5810650351742263 0.5810650350502959 0.07761532833373026 0.581065034551701 0.1971693286117433 0.004080015076154403 0.20686325708113087 0.02390161429859192 0.09184967919711472 0.1971693287152602 0.07761532849335122 0.27078596932699156 0.1505783155302603 0.07761532840513886 0.581065034244542 0.20722317279739041
107 0.02725016865293389 -0.03158051212875367 0.09184967936078607 -0.014092034535325117 0.09184967937633524 0.0918496794743556 0.47731180615344915 0.09184967913256462 0.08875429774373844 -0.03158051227338355 0.07598030211540323 0.027250168420783216 1.0280457623717492 0.08875429778225165 0.4773118060488517 0.3942451676269632 0.17993601752523306 0.4773118061626733 0.09184967873715819 0.06669442179417907
206 0.32229815607058815 0.20877162537707705 0.150578315523151 0.26965198612158675 0.1505783158600357 0.15057831606559982 0.30521323274163253 0.15057831573424063 0.4566360480657647 0.20877162474920477 0.24310550350092297 0.32229815552346136 0.17993601752523652 0.45663604814967174 0.3052132329270185 0.3314374859671969 0.7584034270905692 0.3052132329699246 0.15057831481045827 0.21446011447493227
129 0.27595171529479723 0.09454059932403244 0.07761532851995219 0.12225702456809565 0.07761532865432068 0.07761532877762499 0.6634985700927698 0.07761532824960331 0.11762354490423482 0.09454059900558558 0.13613643685010116 0.2759517150409217 0.4773118061141024 0.11762354477113804 0.6634985698286333 0.2844493439065748 0.30521323277648493 0.6634985699842738 0.07761532780783664 0.12637280493641054
6 0.6256592996322301 0.3454320836348061 0.022632654210086103 0.43002139079113433 0.022632654124952616 0.022632654581128963 0.21959781870274625 0.022632654082889225 0.2679932249009276 0.3454320823900308 0.459149909166772 0.6256593001850391 0.06372471245196844 0.2679932247181276 0.21959781889481128 0.07585477938726236 0.16922797849640672 0.21959781883527357 0.022632653099992014 0.4715523555340343
204 0.035257005508153735 -0.04036062446002215 0.27078596922969206 0.033791815540779035 0.27078596961780244 0.27078596969332513 0.28444934403011984 0.270785969270161 0.24519699529098576 -0.040360624769099046 0.1388616331167365 0.03525700504146578 0.39424516762696327 0.24519699517185253 0.2844493439332662 0.976617828499025 0.3314374859671917 0.28444934395147925 0.27078596901237456 0.1586392712525776
182 0.27595171529479723 0.09454059932403244 0.07761532851995219 0.12225702456809565 0.07761532865432068 0.07761532877762499 0.6634985700927698 0.07761532824960331 0.11762354490423482 0.09454059900558558 0.13613643685010116 0.2759517150409217 0.4773118061141024 0.11762354477113804 0.6634985698286333 0.2844493439065748 0.30521323277648493 0.6634985699842738 0.07761532780783664 0.12637280493641054
109 0.6391079361103847 0.5042038155946134 0.023901615159920234 0.3277292902339023 0.023901615339538104 0.023901615646321834 0.27595171508189514 0.023901615129525104 0.20803428441415953 0.5042038146842804 0.2812025194291352 0.6391079360755978 0.02725016850372876 0.20803428439741894 0.2759517153016634 0.03525700530867445 0.3222981559072951 0.2759517151896249 0.023901614122941915 0.2538405658235747
115 0.5042038155110742 0.7929519869081715 0.0040800154546410125 0.24636493547768684 0.004080015243734154 0.004080015767129293 0.09454059909632363 0.004080015260067968 0.17006348551769254 0.7929519866716203 0.15182179385126512 0.5042038149749105 -0.031580512161816815 0.17006348555036452 0.0945405993476874 -0.040360624600936174 0.2087716250475012 0.0945405991447978 0.004080014660622812 0.13897371864600394
34 0.6256592996322301 0.3454320836348061 0.022632654210086103 0.43002139079113433 0.022632654124952616 0.022632654581128963 0.21959781870274625 0.022632654082889225 0.2679932249009276 0.3454320823900308 0.459149909166772 0.6256593001850391 0.06372471245196844 0.2679932247181276 0.21959781889481128 0.07585477938726236 0.16922797849640672 0.21959781883527357 0.022632653099992014 0.4715523555340343
153 0.27595171529479723 0.09454059932403244 0.07761532851995219 0.12225702456809565 0.07761532865432068 0.07761532877762499 0.6634985700927698 0.07761532824960331 0.11762354490423482 0.09454059900558558 0.13613643685010116 0.2759517150409217 0.4773118061141024 0.11762354477113804 0.6634985698286333 0.2844493439065748 0.30521323277648493 0.6634985699842738 0.07761532780783664 0.12637280493641054
63 0.32229815607058815 0.20877162537707705 0.150578315523151 0.26965198612158675 0.1505783158600357 0.15057831606559982 0.30521323274163253 0.15057831573424063 0.4566360480657647 0.20877162474920477 0.24310550350092297 0.32229815552346136 0.17993601752523652 0.45663604814967174 0.3052132329270185 0.3314374859671969 0.7584034270905692 0.3052132329699246 0.15057831481045827 0.21446011447493227
26 0.44865234221649763 0.25412310916451414 0.08874459375709132 0.7086851586905426 0.08874459390334079 0.08874459404124938 0.12065002996778537 0.08874459378622786 0.27303831950868906 0.2541231077886454 0.5239190375446213 0.44865234220141487 0.011346950721429709 0.2730383194921763 0.12065003024731337 0.06074336821953064 0.1629351198580302 0.12065002996314574 0.08874459280292005 0.6366930125453786
159 0.035257005508153735 -0.04036062446002215 0.27078596922969206 0.033791815540779035 0.27078596961780244 0.27078596969332513 0.28444934403011984 0.270785969270161 0.24519699529098576 -0.040360624769099046 0.1388616331167365 0.03525700504146578 0.39424516762696327 0.24519699517185253 0.2844493439332662 0.976617828499025 0.3314374859671917 0.28444934395147925 0.27078596901237456 0.1586392712525776
132 0.02725016865293389 -0.03158051212875367 0.09184967936078607 -0.014092034535325117 0.09184967937633524 0.0918496794743556 0.47731180615344915 0.09184967913256462 0.08875429774373844 -0.03158051227338355 0.07598030211540323 0.027250168420783216 1.0280457623717492 0.08875429778225165 0.4773118060488517 0.3942451676269632 0.17993601752523306 0.4773118061626733 0.09184967873715819 0.06669442179417907
184 0.02725016865293389 -0.03158051212875367 0.09184967936078607 -0.014092034535325117 0.09184967937633524 0.0918496794743556 0.47731180615344915 0.09184967913256462 0.08875429774373844 -0.03158051227338355 0.07598030211540323 0.027250168420783216 1.0280457623717492 0.08875429778225165 0.4773118060488517 0.3942451676269632 0.17993601752523306 0.4773118061626733 0.09184967873715819 0.06669442179417907
9 0.28120251959248665 0.1518217941044835 0.2068632570179627 0.4675230142624493 0.20686325757440943 0.20686325758916824 0.13613643671372816 0.20686325710615622 0.3132244387324659 0.1518217935195039 0.7630731273616725 0.2812025193236971 0.07598030211540771 0.31322443864904953 0.13613643697544967 0.13886163311673935 0.24310550350092133 0.13613643690517532 0.20686325637540148 0.6670501017147992
181 0.27595171529479723 0.09454059932403244 0.07761532851995219 0.12225702456809565 0.07761532865432068 0.07761532877762499 0.6634985700927698 0.07761532824960331 0.11762354490423482 0.09454059900558558 0.13613643685010116 0.2759517150409217 0.4773118061141024 0.11762354477113804 0.6634985698286333 0.2844493439065748 0.30521323277648493 0.6634985699842738 0.07761532780783664 0.12637280493641054
170 0.27595171529479723 0.09454059932403244 0.07761532851995219 0.12225702456809565 0.07761532865432068 0.07761532877762499 0.6634985700927698 0.07761532824960331 0.11762354490423482 0.09454059900558558 0.13613643685010116 0.2759517150409217 0.4773118061141024 0.11762354477113804 0.6634985698286333 0.2844493439065748 0.30521323277648493 0.6634985699842738 0.07761532780783664 0.12637280493641054
140 0.27595171529479723 0.09454059932403244 0.07761532851995219 0.12225702456809565 0.07761532865432068 0.07761532877762499 0.6634985700927698 0.07761532824960331 0.11762354490423482 0.09454059900558558 0.13613643685010116 0.2759517150409217 0.4773118061141024 0.11762354477113804 0.6634985698286333 0.2844493439065748 0.30521323277648493 0.6634985699842738 0.07761532780783664 0.12637280493641054
118 0.023901615323134538 0.004080015242977688 0.5810650343009625 0.1569976737437614 0.5810650351742263 0.5810650350502959 0.07761532833373026 0.581065034551701 0.1971693286117433 0.004080015076154403 0.20686325708113087 0.02390161429859192 0.09184967919711472 0.1971693287152602 0.07761532849335122 0.27078596932699156 0.1505783155302603 0.07761532840513886 0.581065034244542 0.20722317279739041
102 0.27595171529479723 0.09454059932403244 0.07761532851995219 0.12225702456809565 0.07761532865432068 0.07761532877762499 0.6634985700927698 0.07761532824960331 0.11762354490423482 0.09454059900558558 0.13613643685010116 0.2759517150409217 0.4773118061141024 0.11762354477113804 0.6634985698286333 0.2844493439065748 0.30521323277648493 0.6634985699842738 0.07761532780783664 0.12637280493641054
205 0.32229815607058815 0.20877162537707705 0.150578315523151 0.26965198612158675 0.1505783158600357 0.15057831606559982 0.30521323274163253 0.15057831573424063 0.4566360480657647 0.20877162474920477 0.24310550350092297 0.32229815552346136 0.17993601752523652 0.45663604814967174 0.3052132329270185 0.3314374859671969 0.7584034270905692 0.3052132329699246 0.15057831481045827 0.21446011447493227
69 0.02725016865293389 -0.03158051212875367 0.09184967936078607 -0.014092034535325117 0.09184967937633524 0.0918496794743556 0.47731180615344915 0.09184967913256462 0.08875429774373844 -0.03158051227338355 0.07598030211540323 0.027250168420783216 1.0280457623717492 0.08875429778225165 0.4773118060488517 0.3942451676269632 0.17993601752523306 0.4773118061626733 0.09184967873715819 0.06669442179417907
100 0.023901615323134538 0.004080015242977688 0.5810650343009625 0.1569976737437614 0.5810650351742263 0.5810650350502959 0.07761532833373026 0.581065034551701 0.1971693286117433 0.004080015076154403 0.20686325708113087 0.02390161429859192 0.09184967919711472 0.1971693287152602 0.07761532849335122 0.27078596932699156 0.1505783155302603 0.07761532840513886 0.581065034244542 0.20722317279739041
23 0.2538405657466179 0.1389737191096063 0.20722317286755015 0.5086925520904582 0.20722317313440045 0.2072231733376948 0.12637280484543903 0.20722317284390096 0.3215129313934004 0.13897371830502364 0.6670501017148034 0.2538405656049187 0.06669442179418343 0.3215129313185139 0.12637280504384024 0.15863927125258315 0.21446011447493452 0.12637280504014817 0.207223172103107 0.7640760992597322
202 0.6391079361103847 0.5042038155946134 0.023901615159920234 0.3277292902339023 0.023901615339538104 0.023901615646321834 0.27595171508189514 0.023901615129525104 0.20803428441415953 0.5042038146842804 0.2812025194291352 0.6391079360755978 0.02725016850372876 0.20803428439741894 0.2759517153016634 0.03525700530867445 0.3222981559072951 0.2759517151896249 0.023901614122941915 0.2538405658235747
190 0.035257005508153735 -0.04036062446002215 0.27078596922969206 0.033791815540779035 0.27078596961780244 0.27078596969332513 0.28444934403011984 0.270785969270161 0.24519699529098576 -0.040360624769099046 0.1388616331167365 0.03525700504146578 0.39424516762696327 0.24519699517185253 0.2844493439332662 0.976617828499025 0.3314374859671917 0.28444934395147925 0.27078596901237456 0.1586392712525776
152 0.02725016865293389 -0.03158051212875367 0.09184967936078607 -0.014092034535325117 0.09184967937633524 0.0918496794743556 0.47731180615344915 0.09184967913256462 0.08875429774373844 -0.03158051227338355 0.07598030211540323 0.027250168420783216 1.0280457623717492 0.08875429778225165 0.4773118060488517 0.3942451676269632 0.17993601752523306 0.4773118061626733 0.09184967873715819 0.06669442179417907
95 0.023901615323134538 0.004080015242977688 0.5810650343009625 0.1569976737437614 0.5810650351742263 0.5810650350502959 0.07761532833373026 0.581065034551701 0.1971693286117433 0.004080015076154403 0.20686325708113087 0.02390161429859192 0.09184967919711472 0.1971693287152602 0.07761532849335122 0.27078596932699156 0.1505783155302603 0.07761532840513886 0.581065034244542 0.20722317279739041
194 0.20803428492238102 0.1700634859642326 0.19716932872450543 0.19979577563215306 0.19716932895801326 0.19716932923236075 0.1176235447242565 0.19716932887601812 0.7422270005079802 0.1700634851131216 0.31322443864828636 0.20803428402960217 0.08875429778194317 0.7422270005443444 0.11762354478184553 0.2451969951610313 0.45663604804050595 0.1176235448695655 0.19716932804223145 0.32151293126400704
168 0.023901615323134538 0.004080015242977688 0.5810650343009625 0.1569976737437614 0.5810650351742263 0.5810650350502959 0.07761532833373026 0.581065034551701 0.1971693286117433 0.004080015076154403 0.20686325708113087 0.02390161429859192 0.09184967919711472 0.1971693287152602 0.07761532849335122 0.27078596932699156 0.1505783155302603 0.07761532840513886 0.581065034244542 0.20722317279739041
36 0.44865234221649763 0.25412310916451414 0.08874459375709132 0.7086851586905426 0.08874459390334079 0.08874459404124938 0.12065002996778537 0.08874459378622786 0.27303831950868906 0.2541231077886454 0.5239190375446213 0.44865234220141487 0.011346950721429709 0.2730383194921763 0.12065003024731337 0.06074336821953064 0.1629351198580302 0.12065002996314574 0.08874459280292005 0.6366930125453786
73 0.023901615323134538 0.004080015242977688 0.5810650343009625 0.1569976737437614 0.5810650351742263 0.5810650350502959 0.07761532833373026 0.581065034551701 0.1971693286117433 0.004080015076154403 0.20686325708113087 0.02390161429859192 0.09184967919711472 0.1971693287152602 0.07761532849335122 0.27078596932699156 0.1505783155302603 0.07761532840513886 0.581065034244542 0.20722317279739041
59 0.2538405657466179 0.1389737191096063 0.20722317286755015 0.5086925520904582 0.20722317313440045 0.2072231733376948 0.12637280484543903 0.20722317284390096 0.3215129313934004 0.13897371830502364 0.6670501017148034 0.2538405656049187 0.06669442179418343 0.3215129313185139 0.12637280504384024 0.15863927125258315 0.21446011447493452 0.12637280504014817 0.207223172103107 0.7640760992597322
85 0.32229815607058815 0.20877162537707705 0.150578315523151 0.26965198612158675 0.1505783158600357 0.15057831606559982 0.30521323274163253 0.15057831573424063 0.4566360480657647 0.20877162474920477 0.24310550350092297 0.32229815552346136 0.17993601752523652 0.45663604814967174 0.3052132329270185 0.3314374859671969 0.7584034270905692 0.3052132329699246 0.15057831481045827 0.21446011447493227
83 0.035257005508153735 -0.04036062446002215 0.27078596922969206 0.033791815540779035 0.27078596961780244 0.27078596969332513 0.28444934403011984 0.270785969270161 0.24519699529098576 -0.040360624769099046 0.1388616331167365 0.03525700504146578 0.39424516762696327 0.24519699517185253 0.2844493439332662 0.976617828499025 0.3314374859671917 0.28444934395147925 0.27078596901237456 0.1586392712525776
53 0.28120251959248665 0.1518217941044835 0.2068632570179627 0.4675230142624493 0.20686325757440943 0.20686325758916824 0.13613643671372816 0.20686325710615622 0.3132244387324659 0.1518217935195039 0.7630731273616725 0.2812025193236971 0.07598030211540771 0.31322443864904953 0.13613643697544967 0.13886163311673935 0.24310550350092133 0.13613643690517532 0.20686325637540148 0.6670501017147992
143 0.6391079361103847 0.5042038155946134 0.023901615159920234 0.3277292902339023 0.023901615339538104 0.023901615646321834 0.27595171508189514 0.023901615129525104 0.20803428441415953 0.5042038146842804 0.2812025194291352 0.6391079360755978 0.02725016850372876 0.20803428439741894 0.2759517153016634 0.03525700530867445 0.3222981559072951 0.2759517151896249 0.023901614122941915 0.2538405658235747
72 0.023901615323134538 0.004080015242977688 0.5810650343009625 0.1569976737437614 0.5810650351742263 0.5810650350502959 0.07761532833373026 0.581065034551701 0.1971693286117433 0.004080015076154403 0.20686325708113087 0.02390161429859192 0.09184967919711472 0.1971693287152602 0.07761532849335122 0.27078596932699156 0.1505783155302603 0.07761532840513886 0.581065034244542 0.20722317279739041
162 0.20803428492238102 0.1700634859642326 0.19716932872450543 0.19979577563215306 0.19716932895801326 0.19716932923236075 0.1176235447242565 0.19716932887601812 0.7422270005079802 0.1700634851131216 0.31322443864828636 0.20803428402960217 0.08875429778194317 0.7422270005443444 0.11762354478184553 0.2451969951610313 0.45663604804050595 0.1176235448695655 0.19716932804223145 0.32151293126400704
17 0.2538405657466179 0.1389737191096063 0.20722317286755015 0.5086925520904582 0.20722317313440045 0.2072231733376948 0.12637280484543903 0.20722317284390096 0.3215129313934004 0.13897371830502364 0.6670501017148034 0.2538405656049187 0.06669442179418343 0.3215129313185139 0.12637280504384024 0.15863927125258315 0.21446011447493452 0.12637280504014817 0.207223172103107 0.7640760992597322
32 0.6256592996322301 0.3454320836348061 0.022632654210086103 0.43002139079113433 0.022632654124952616 0.022632654581128963 0.21959781870274625 0.022632654082889225 0.2679932249009276 0.3454320823900308 0.459149909166772 0.6256593001850391 0.06372471245196844 0.2679932247181276 0.21959781889481128 0.07585477938726236 0.16922797849640672 0.21959781883527357 0.022632653099992014 0.4715523555340343
106 0.27595171529479723 0.09454059932403244 0.07761532851995219 0.12225702456809565 0.07761532865432068 0.07761532877762499 0.6634985700927698 0.07761532824960331 0.11762354490423482 0.09454059900558558 0.13613643685010116 0.2759517150409217 0.4773118061141024 0.11762354477113804 0.6634985698286333 0.2844493439065748 0.30521323277648493 0.6634985699842738 0.07761532780783664 0.12637280493641054
195 0.5042038155110742 0.7929519869081715 0.0040800154546410125 0.24636493547768684 0.004080015243734154 0.004080015767129293 0.09454059909632363 0.004080015260067968 0.17006348551769254 0.7929519866716203 0.15182179385126512 0.5042038149749105 -0.031580512161816815 0.17006348555036452 0.0945405993476874 -0.040360624600936174 0.2087716250475012 0.0945405991447978 0.004080014660622812 0.13897371864600394
117 0.023901615323134538 0.004080015242977688 0.5810650343009625 0.1569976737437614 0.5810650351742263 0.5810650350502959 0.07761532833373026 0.581065034551701 0.1971693286117433 0.004080015076154403 0.20686325708113087 0.02390161429859192 0.09184967919711472 0.1971693287152602 0.07761532849335122 0.27078596932699156 0.1505783155302603 0.07761532840513886 0.581065034244542 0.20722317279739041
142 0.02725016865293389 -0.03158051212875367 0.09184967936078607 -0.014092034535325117 0.09184967937633524 0.0918496794743556 0.47731180615344915 0.09184967913256462 0.08875429774373844 -0.03158051227338355 0.07598030211540323 0.027250168420783216 1.0280457623717492 0.08875429778225165 0.4773118060488517 0.3942451676269632 0.17993601752523306 0.4773118061626733 0.09184967873715819 0.06669442179417907
