id,x_0,x_1,x_2,x_3,x_4,x_5,x_6,x_7,x_8,x_9,x_10,x_11,x_12,x_13
0.0,0.5600912700872012,0.5235645524299214,2.220446049250313e-16,0.18655849767454577,0.002561132056728816,2.220446049250313e-16,2.220446049250313e-16,0.11884611455967863,0.5096173923603619,2.220446049250313e-16,0.32095713069026577,2.220446049250313e-16,2.220446049250313e-16,0.025267994765711864
1.0,2.220446049250313e-16,0.6947389630086035,2.220446049250313e-16,0.38349761249442277,2.220446049250313e-16,2.220446049250313e-16,2.220446049250313e-16,0.08139140668712838,2.220446049250313e-16,0.4199171561063681,0.3015376587322062,0.09644286096343112,2.220446049250313e-16,2.220446049250313e-16
2.0,2.220446049250313e-16,0.04105713191847113,0.5532308224160357,2.220446049250313e-16,0.4780664783135774,2.220446049250313e-16,2.220446049250313e-16,2.220446049250313e-16,2.220446049250313e-16,2.220446049250313e-16,0.31596701075008155,0.48175015976534546,2.220446049250313e-16,2.220446049250313e-16
3.0,2.220446049250313e-16,0.5899159569624769,2.220446049250313e-16,0.4049336046883787,1.3877787807814457e-17,2.220446049250313e-16,2.220446049250313e-16,0.38914838675626495,2.220446049250313e-16,0.4323168157129302,0.06377678121014603,0.10339554472857003,2.220446049250313e-16,2.220446049250313e-16
4.0,2.220446049250313e-16,0.5369195843706688,0.08823085095367089,2.220446049250313e-16,2.220446049250313e-16,2.220446049250313e-16,2.220446049250313e-16,0.11592389728270161,0.2767101233332502,2.220446049250313e-16,0.5098254726844614,2.220446049250313e-16,2.220446049250313e-16,0.24888288075087575
5.0,2.220446049250313e-16,0.5899159569624769,2.220446049250313e-16,0.4049336046883787,1.3877787807814457e-17,2.220446049250313e-16,2.220446049250313e-16,0.38914838675626495,2.220446049250313e-16,0.4323168157129302,0.06377678121014603,0.10339554472857003,2.220446049250313e-16,2.220446049250313e-16
6.0,2.220446049250313e-16,0.04105713191847113,0.5532308224160357,2.220446049250313e-16,0.4780664783135774,2.220446049250313e-16,2.220446049250313e-16,2.220446049250313e-16,2.220446049250313e-16,2.220446049250313e-16,0.31596701075008155,0.48175015976534546,2.220446049250313e-16,2.220446049250313e-16
7.0,2.220446049250313e-16,0.6947389630086035,2.220446049250313e-16,0.38349761249442277,2.220446049250313e-16,2.220446049250313e-16,2.220446049250313e-16,0.08139140668712838,2.220446049250313e-16,0.4199171561063681,0.3015376587322062,0.09644286096343112,2.220446049250313e-16,2.220446049250313e-16
8.0,0.552657750604265,0.41921452888424393,2.220446049250313e-16,0.21005789322452473,0.0024097148360816643,2.220446049250313e-16,2.220446049250313e-16,0.42649960123092145,0.5160977745859046,2.220446049250313e-16,0.08383674261822181,2.220446049250313e-16,2.220446049250313e-16,0.02720667271766743
9.0,0.09419451427462369,0.389599786897279,2.220446049250313e-16,0.5501180516815742,2.220446049250313e-16,2.220446049250313e-16,2.220446049250313e-16,0.4329796089966433,2.220446049250313e-16,0.4410570953934851,2.220446049250313e-16,2.220446049250313e-16,2.220446049250313e-16,0.09083177816155999
10.0,2.220446049250313e-16,0.46478817200802147,0.10280332634386202,2.220446049250313e-16,2.220446049250313e-16,2.220446049250313e-16,2.220446049250313e-16,0.13170698641000803,0.2813149571778311,2.220446049250313e-16,0.34123289531706724,2.220446049250313e-16,2.220446049250313e-16,0.36042102656506886
11.0,0.09419451427462369,0.389599786897279,2.220446049250313e-16,0.5501180516815742,2.220446049250313e-16,2.220446049250313e-16,2.220446049250313e-16,0.4329796089966433,2.220446049250313e-16,0.4410570953934851,2.220446049250313e-16,2.220446049250313e-16,2.220446049250313e-16,0.09083177816155999
12.0,2.220446049250313e-16,0.5369195843706688,0.08823085095367089,2.220446049250313e-16,2.220446049250313e-16,2.220446049250313e-16,2.220446049250313e-16,0.11592389728270161,0.2767101233332502,2.220446049250313e-16,0.5098254726844614,2.220446049250313e-16,2.220446049250313e-16,0.24888288075087575
13.0,2.220446049250313e-16,0.5899159569624769,2.220446049250313e-16,0.4049336046883787,1.3877787807814457e-17,2.220446049250313e-16,2.220446049250313e-16,0.38914838675626495,2.220446049250313e-16,0.4323168157129302,0.06377678121014603,0.10339554472857003,2.220446049250313e-16,2.220446049250313e-16
14.0,2.220446049250313e-16,0.02591236131204021,0.5742337034100292,2.220446049250313e-16,0.48825653461859536,2.220446049250313e-16,2.220446049250313e-16,2.220446049250313e-16,2.220446049250313e-16,2.220446049250313e-16,0.06259348502439838,0.47860318600388846,0.15982164200550994,2.220446049250313e-16
15.0,0.23431062105681946,0.13112121108514552,0.07435190938461846,2.220446049250313e-16,2.220446049250313e-16,2.220446049250313e-16,2.220446049250313e-16,2.220446049250313e-16,2.220446049250313e-16,0.4222946382638139,0.5270277357405342,0.1325224070733808,2.220446049250313e-16,0.30159934208893513
16.0,2.220446049250313e-16,0.02591236131204021,0.5742337034100292,2.220446049250313e-16,0.48825653461859536,2.220446049250313e-16,2.220446049250313e-16,2.220446049250313e-16,2.220446049250313e-16,2.220446049250313e-16,0.06259348502439838,0.47860318600388846,0.15982164200550994,2.220446049250313e-16
17.0,2.220446049250313e-16,0.6947389630086035,2.220446049250313e-16,0.38349761249442277,2.220446049250313e-16,2.220446049250313e-16,2.220446049250313e-16,0.08139140668712838,2.220446049250313e-16,0.4199171561063681,0.3015376587322062,0.09644286096343112,2.220446049250313e-16,2.220446049250313e-16
18.0,0.552657750604265,0.41921452888424393,2.220446049250313e-16,0.21005789322452473,0.0024097148360816643,2.220446049250313e-16,2.220446049250313e-16,0.42649960123092145,0.5160977745859046,2.220446049250313e-16,0.08383674261822181,2.220446049250313e-16,2.220446049250313e-16,0.02720667271766743
19.0,0.09419451427462369,0.389599786897279,2.220446049250313e-16,0.5501180516815742,2.220446049250313e-16,2.220446049250313e-16,2.220446049250313e-16,0.4329796089966433,2.220446049250313e-16,0.4410570953934851,2.220446049250313e-16,2.220446049250313e-16,2.220446049250313e-16,0.09083177816155999
20.0,2.220446049250313e-16,0.46478817200802147,0.10280332634386202,2.220446049250313e-16,2.220446049250313e-16,2.220446049250313e-16,2.220446049250313e-16,0.13170698641000803,0.2813149571778311,2.220446049250313e-16,0.34123289531706724,2.220446049250313e-16,2.220446049250313e-16,0.36042102656506886
21.0,0.09419451427462369,0.389599786897279,2.220446049250313e-16,0.5501180516815742,2.220446049250313e-16,2.220446049250313e-16,2.220446049250313e-16,0.4329796089966433,2.220446049250313e-16,0.4410570953934851,2.220446049250313e-16,2.220446049250313e-16,2.220446049250313e-16,0.09083177816155999
22.0,2.220446049250313e-16,0.5369195843706688,0.08823085095367089,2.220446049250313e-16,2.220446049250313e-16,2.220446049250313e-16,2.220446049250313e-16,0.11592389728270161,0.2767101233332502,2.220446049250313e-16,0.5098254726844614,2.220446049250313e-16,2.220446049250313e-16,0.24888288075087575
23.0,2.220446049250313e-16,0.5899159569624769,2.220446049250313e-16,0.4049336046883787,1.3877787807814457e-17,2.220446049250313e-16,2.220446049250313e-16,0.38914838675626495,2.220446049250313e-16,0.4323168157129302,0.06377678121014603,0.10339554472857003,2.220446049250313e-16,2.220446049250313e-16
24.0,2.220446049250313e-16,0.04105713191847113,0.5532308224160357,2.220446049250313e-16,0.4780664783135774,2.220446049250313e-16,2.220446049250313e-16,2.220446049250313e-16,2.220446049250313e-16,2.220446049250313e-16,0.31596701075008155,0.48175015976534546,2.220446049250313e-16,2.220446049250313e-16
25.0,2.220446049250313e-16,0.6947389630086035,2.220446049250313e-16,0.38349761249442277,2.220446049250313e-16,2.220446049250313e-16,2.220446049250313e-16,0.08139140668712838,2.220446049250313e-16,0.4199171561063681,0.3015376587322062,0.09644286096343112,2.220446049250313e-16,2.220446049250313e-16
26.0,0.5600912700872012,0.5235645524299214,2.220446049250313e-16,0.18655849767454577,0.002561132056728816,2.220446049250313e-16,2.220446049250313e-16,0.11884611455967863,0.5096173923603619,2.220446049250313e-16,0.32095713069026577,2.220446049250313e-16,2.220446049250313e-16,0.025267994765711864
27.0,2.220446049250313e-16,0.6947389630086035,2.220446049250313e-16,0.38349761249442277,2.220446049250313e-16,2.220446049250313e-16,2.220446049250313e-16,0.08139140668712838,2.220446049250313e-16,0.4199171561063681,0.3015376587322062,0.09644286096343112,2.220446049250313e-16,2.220446049250313e-16
28.0,2.220446049250313e-16,0.04105713191847113,0.5532308224160357,2.220446049250313e-16,0.4780664783135774,2.220446049250313e-16,2.220446049250313e-16,2.220446049250313e-16,2.220446049250313e-16,2.220446049250313e-16,0.31596701075008155,0.48175015976534546,2.220446049250313e-16,2.220446049250313e-16
29.0,2.220446049250313e-16,0.6947389630086035,2.220446049250313e-16,0.38349761249442277,2.220446049250313e-16,2.220446049250313e-16,2.220446049250313e-16,0.08139140668712838,2.220446049250313e-16,0.4199171561063681,0.3015376587322062,0.09644286096343112,2.220446049250313e-16,2.220446049250313e-16
30.0,0.5600912700872012,0.5235645524299214,2.220446049250313e-16,0.18655849767454577,0.002561132056728816,2.220446049250313e-16,2.220446049250313e-16,0.11884611455967863,0.5096173923603619,2.220446049250313e-16,0.32095713069026577,2.220446049250313e-16,2.220446049250313e-16,0.025267994765711864
31.0,2.220446049250313e-16,0.6947389630086035,2.220446049250313e-16,0.38349761249442277,2.220446049250313e-16,2.220446049250313e-16,2.220446049250313e-16,0.08139140668712838,2.220446049250313e-16,0.4199171561063681,0.3015376587322062,0.09644286096343112,2.220446049250313e-16,2.220446049250313e-16
32.0,2.220446049250313e-16,0.02591236131204021,0.5742337034100292,2.220446049250313e-16,0.48825653461859536,2.220446049250313e-16,2.220446049250313e-16,2.220446049250313e-16,2.220446049250313e-16,2.220446049250313e-16,0.06259348502439838,0.47860318600388846,0.15982164200550994,2.220446049250313e-16
33.0,0.23431062105681946,0.13112121108514552,0.07435190938461846,2.220446049250313e-16,2.220446049250313e-16,2.220446049250313e-16,2.220446049250313e-16,2.220446049250313e-16,2.220446049250313e-16,0.4222946382638139,0.5270277357405342,0.1325224070733808,2.220446049250313e-16,0.30159934208893513
34.0,2.220446049250313e-16,0.02591236131204021,0.5742337034100292,2.220446049250313e-16,0.48825653461859536,2.220446049250313e-16,2.220446049250313e-16,2.220446049250313e-16,2.220446049250313e-16,2.220446049250313e-16,0.06259348502439838,0.47860318600388846,0.15982164200550994,2.220446049250313e-16
35.0,2.220446049250313e-16,0.6947389630086035,2.220446049250313e-16,0.38349761249442277,2.220446049250313e-16,2.220446049250313e-16,2.220446049250313e-16,0.08139140668712838,2.220446049250313e-16,0.4199171561063681,0.3015376587322062,0.09644286096343112,2.220446049250313e-16,2.220446049250313e-16
36.0,0.552657750604265,0.41921452888424393,2.220446049250313e-16,0.21005789322452473,0.0024097148360816643,2.220446049250313e-16,2.220446049250313e-16,0.42649960123092145,0.5160977745859046,2.220446049250313e-16,0.08383674261822181,2.220446049250313e-16,2.220446049250313e-16,0.02720667271766743
37.0,0.09419451427462369,0.389599786897279,2.220446049250313e-16,0.5501180516815742,2.220446049250313e-16,2.220446049250313e-16,2.220446049250313e-16,0.4329796089966433,2.220446049250313e-16,0.4410570953934851,2.220446049250313e-16,2.220446049250313e-16,2.220446049250313e-16,0.09083177816155999
38.0,2.220446049250313e-16,0.5369195843706688,0.08823085095367089,2.220446049250313e-16,2.220446049250313e-16,2.220446049250313e-16,2.220446049250313e-16,0.11592389728270161,0.2767101233332502,2.220446049250313e-16,0.5098254726844614,2.220446049250313e-16,2.220446049250313e-16,0.24888288075087575
39.0,2.220446049250313e-16,0.5899159569624769,2.220446049250313e-16,0.4049336046883787,1.3877787807814457e-17,2.220446049250313e-16,2.220446049250313e-16,0.38914838675626495,2.220446049250313e-16,0.4323168157129302,0.06377678121014603,0.10339554472857003,2.220446049250313e-16,2.220446049250313e-16
40.0,2.220446049250313e-16,0.04105713191847113,0.5532308224160357,2.220446049250313e-16,0.4780664783135774,2.220446049250313e-16,2.220446049250313e-16,2.220446049250313e-16,2.220446049250313e-16,2.220446049250313e-16,0.31596701075008155,0.48175015976534546,2.220446049250313e-16,2.220446049250313e-16
41.0,2.220446049250313e-16,0.5899159569624769,2.220446049250313e-16,0.4049336046883787,1.3877787807814457e-17,2.220446049250313e-16,2.220446049250313e-16,0.38914838675626495,2.220446049250313e-16,0.4323168157129302,0.06377678121014603,0.10339554472857003,2.220446049250313e-16,2.220446049250313e-16
42.0,2.220446049250313e-16,0.5369195843706688,0.08823085095367089,2.220446049250313e-16,2.220446049250313e-16,2.220446049250313e-16,2.220446049250313e-16,0.11592389728270161,0.2767101233332502,2.220446049250313e-16,0.5098254726844614,2.220446049250313e-16,2.220446049250313e-16,0.24888288075087575
43.0,2.220446049250313e-16,0.5899159569624769,2.220446049250313e-16,0.4049336046883787,1.3877787807814457e-17,2.220446049250313e-16,2.220446049250313e-16,0.38914838675626495,2.220446049250313e-16,0.4323168157129302,0.06377678121014603,0.10339554472857003,2.220446049250313e-16,2.220446049250313e-16
44.0,2.220446049250313e-16,0.02591236131204021,0.5742337034100292,2.220446049250313e-16,0.48825653461859536,2.220446049250313e-16,2.220446049250313e-16,2.220446049250313e-16,2.220446049250313e-16,2.220446049250313e-16,0.06259348502439838,0.47860318600388846,0.15982164200550994,2.220446049250313e-16
45.0,0.23431062105681946,0.13112121108514552,0.07435190938461846,2.220446049250313e-16,2.220446049250313e-16,2.220446049250313e-16,2.220446049250313e-16,2.220446049250313e-16,2.220446049250313e-16,0.4222946382638139,0.5270277357405342,0.1325224070733808,2.220446049250313e-16,0.30159934208893513
46.0,2.220446049250313e-16,0.02591236131204021,0.5742337034100292,2.220446049250313e-16,0.48825653461859536,2.220446049250313e-16,2.220446049250313e-16,2.220446049250313e-16,2.220446049250313e-16,2.220446049250313e-16,0.06259348502439838,0.47860318600388846,0.15982164200550994,2.220446049250313e-16
47.0,2.220446049250313e-16,0.6947389630086035,2.220446049250313e-16,0.38349761249442277,2.220446049250313e-16,2.220446049250313e-16,2.220446049250313e-16,0.08139140668712838,2.220446049250313e-16,0.4199171561063681,0.3015376587322062,0.09644286096343112,2.220446049250313e-16,2.220446049250313e-16
48.0,0.552657750604265,0.41921452888424393,2.220446049250313e-16,0.21005789322452473,0.0024097148360816643,2.220446049250313e-16,2.220446049250313e-16,0.42649960123092145,0.5160977745859046,2.220446049250313e-16,0.08383674261822181,2.220446049250313e-16,2.220446049250313e-16,0.02720667271766743
49.0,0.09419451427462369,0.389599786897279,2.220446049250313e-16,0.5501180516815742,2.220446049250313e-16,2.220446049250313e-16,2.220446049250313e-16,0.4329796089966433,2.220446049250313e-16,0.4410570953934851,2.220446049250313e-16,2.220446049250313e-16,2.220446049250313e-16,0.09083177816155999
50.0,2.220446049250313e-16,0.46478817200802147,0.10280332634386202,2.220446049250313e-16,2.220446049250313e-16,2.220446049250313e-16,2.220446049250313e-16,0.13170698641000803,0.2813149571778311,2.220446049250313e-16,0.34123289531706724,2.220446049250313e-16,2.220446049250313e-16,0.36042102656506886
51.0,0.09419451427462369,0.389599786897279,2.220446049250313e-16,0.5501180516815742,2.220446049250313e-16,2.220446049250313e-16,2.220446049250313e-16,0.4329796089966433,2.220446049250313e-16,0.4410570953934851,2.220446049250313e-16,2.220446049250313e-16,2.220446049250313e-16,0.09083177816155999
52.0,0.5497074253240427,0.48803372185641775,2.220446049250313e-16,0.2208058728256342,2.220446049250313e-16,2.220446049250313e-16,2.220446049250313e-16,0.41144125950750976,0.28358515136904944,2.220446049250313e-16,0.25811634806697165,2.220446049250313e-16,2.220446049250313e-16,0.026776270282548687
53.0,0.09419451427462369,0.389599786897279,2.220446049250313e-16,0.5501180516815742,2.220446049250313e-16,2.220446049250313e-16,2.220446049250313e-16,0.4329796089966433,2.220446049250313e-16,0.4410570953934851,2.220446049250313e-16,2.220446049250313e-16,2.220446049250313e-16,0.09083177816155999
54.0,0.552657750604265,0.41921452888424393,2.220446049250313e-16,0.21005789322452473,0.0024097148360816643,2.220446049250313e-16,2.220446049250313e-16,0.42649960123092145,0.5160977745859046,2.220446049250313e-16,0.08383674261822181,2.220446049250313e-16,2.220446049250313e-16,0.02720667271766743
55.0,2.220446049250313e-16,0.6947389630086035,2.220446049250313e-16,0.38349761249442277,2.220446049250313e-16,2.220446049250313e-16,2.220446049250313e-16,0.08139140668712838,2.220446049250313e-16,0.4199171561063681,0.3015376587322062,0.09644286096343112,2.220446049250313e-16,2.220446049250313e-16
56.0,2.220446049250313e-16,0.02591236131204021,0.5742337034100292,2.220446049250313e-16,0.48825653461859536,2.220446049250313e-16,2.220446049250313e-16,2.220446049250313e-16,2.220446049250313e-16,2.220446049250313e-16,0.06259348502439838,0.47860318600388846,0.15982164200550994,2.220446049250313e-16
57.0,0.23431062105681946,0.13112121108514552,0.07435190938461846,2.220446049250313e-16,2.220446049250313e-16,2.220446049250313e-16,2.220446049250313e-16,2.220446049250313e-16,2.220446049250313e-16,0.4222946382638139,0.5270277357405342,0.1325224070733808,2.220446049250313e-16,0.30159934208893513
58.0,2.220446049250313e-16,0.02591236131204021,0.5742337034100292,2.220446049250313e-16,0.48825653461859536,2.220446049250313e-16,2.220446049250313e-16,2.220446049250313e-16,2.220446049250313e-16,2.220446049250313e-16,0.06259348502439838,0.47860318600388846,0.15982164200550994,2.220446049250313e-16
59.0,2.220446049250313e-16,0.6947389630086035,2.220446049250313e-16,0.38349761249442277,2.220446049250313e-16,2.220446049250313e-16,2.220446049250313e-16,0.08139140668712838,2.220446049250313e-16,0.4199171561063681,0.3015376587322062,0.09644286096343112,2.220446049250313e-16,2.220446049250313e-16
60.0,0.001659719880116627,0.07457937308572721,0.44800338096514325,2.220446049250313e-16,0.24834526850483007,2.220446049250313e-16,2.220446049250313e-16,0.5019092903275927,2.220446049250313e-16,0.00019732737870530604,2.220446049250313e-16,0.6092624546880435,2.220446049250313e-16,2.220446049250313e-16
61.0,0.10822752181013907,0.03178142147433649,0.40115614839169533,0.618040409030941,2.220446049250313e-16,2.220446049250313e-16,2.220446049250313e-16,2.220446049250313e-16,0.007208365170756962,0.1539562197236051,0.6957269880381148,2.220446049250313e-16,2.220446049250313e-16,2.220446049250313e-16
62.0,0.10822752181013907,0.03178142147433649,0.40115614839169533,0.618040409030941,2.220446049250313e-16,2.220446049250313e-16,2.220446049250313e-16,2.220446049250313e-16,0.007208365170756962,0.1539562197236051,0.6957269880381148,2.220446049250313e-16,2.220446049250313e-16,2.220446049250313e-16
63.0,0.6044705250097281,0.03601043907233942,0.3249635625644573,0.051421977404585095,0.48131756949716076,2.220446049250313e-16,2.220446049250313e-16,0.5103485666863867,0.48008839398809533,2.220446049250313e-16,2.220446049250313e-16,2.220446049250313e-16,2.220446049250313e-16,0.021457332229231036
64.0,0.6044705250097281,0.03601043907233942,0.3249635625644573,0.051421977404585095,0.48131756949716076,2.220446049250313e-16,2.220446049250313e-16,0.5103485666863867,0.48008839398809533,2.220446049250313e-16,2.220446049250313e-16,2.220446049250313e-16,2.220446049250313e-16,0.021457332229231036
65.0,0.12954711213721087,0.5832822004460969,2.220446049250313e-16,0.5350255090446947,2.7755575615628914e-17,2.220446049250313e-16,2.220446049250313e-16,0.10577928375406818,2.220446049250313e-16,0.4090804373858303,0.316118889760009,2.220446049250313e-16,2.220446049250313e-16,2.220446049250313e-16
66.0,2.220446049250313e-16,0.00973677806575383,2.220446049250313e-16,2.220446049250313e-16,0.0014377886862935174,2.220446049250313e-16,0.46875539236658353,2.220446049250313e-16,2.220446049250313e-16,2.220446049250313e-16,2.220446049250313e-16,0.6396831855963283,0.5633718041507694,0.013839399533630429
67.0,2.220446049250313e-16,0.00973677806575383,2.220446049250313e-16,2.220446049250313e-16,0.0014377886862935174,2.220446049250313e-16,0.46875539236658353,2.220446049250313e-16,2.220446049250313e-16,2.220446049250313e-16,2.220446049250313e-16,0.6396831855963283,0.5633718041507694,0.013839399533630429
68.0,2.220446049250313e-16,2.220446049250313e-16,2.220446049250313e-16,2.220446049250313e-16,0.48498911235763065,0.5426206789929782,2.220446049250313e-16,2.220446049250313e-16,0.48258946577369155,2.220446049250313e-16,2.220446049250313e-16,2.220446049250313e-16,0.5419535743608183,2.220446049250313e-16
69.0,2.220446049250313e-16,2.220446049250313e-16,2.220446049250313e-16,2.220446049250313e-16,0.48498911235763065,0.5426206789929782,2.220446049250313e-16,2.220446049250313e-16,0.48258946577369155,2.220446049250313e-16,2.220446049250313e-16,2.220446049250313e-16,0.5419535743608183,2.220446049250313e-16
70.0,2.220446049250313e-16,2.220446049250313e-16,2.220446049250313e-16,0.2502360725273952,2.220446049250313e-16,0.31314996284863644,0.05962056729753254,0.5182280182425917,2.220446049250313e-16,2.220446049250313e-16,2.220446049250313e-16,0.5159626632381367,0.20913544644470436,2.220446049250313e-16
71.0,0.0977268575300178,2.220446049250313e-16,2.220446049250313e-16,2.220446049250313e-16,1.1102230246251565e-16,2.220446049250313e-16,0.23508425522058904,2.220446049250313e-16,2.220446049250313e-16,0.4564960387272767,0.0025978651446073634,2.220446049250313e-16,2.220446049250313e-16,0.706138561693329
72.0,0.0977268575300178,2.220446049250313e-16,2.220446049250313e-16,2.220446049250313e-16,1.1102230246251565e-16,2.220446049250313e-16,0.23508425522058904,2.220446049250313e-16,2.220446049250313e-16,0.4564960387272767,0.0025978651446073634,2.220446049250313e-16,2.220446049250313e-16,0.706138561693329
73.0,0.0977268575300178,2.220446049250313e-16,2.220446049250313e-16,2.220446049250313e-16,1.1102230246251565e-16,2.220446049250313e-16,0.23508425522058904,2.220446049250313e-16,2.220446049250313e-16,0.4564960387272767,0.0025978651446073634,2.220446049250313e-16,2.220446049250313e-16,0.706138561693329
74.0,0.0977268575300178,2.220446049250313e-16,2.220446049250313e-16,2.220446049250313e-16,1.1102230246251565e-16,2.220446049250313e-16,0.23508425522058904,2.220446049250313e-16,2.220446049250313e-16,0.4564960387272767,0.0025978651446073634,2.220446049250313e-16,2.220446049250313e-16,0.706138561693329
75.0,0.0977268575300178,2.220446049250313e-16,2.220446049250313e-16,2.220446049250313e-16,1.1102230246251565e-16,2.220446049250313e-16,0.23508425522058904,2.220446049250313e-16,2.220446049250313e-16,0.4564960387272767,0.0025978651446073634,2.220446049250313e-16,2.220446049250313e-16,0.706138561693329
76.0,0.0977268575300178,2.220446049250313e-16,2.220446049250313e-16,2.220446049250313e-16,1.1102230246251565e-16,2.220446049250313e-16,0.23508425522058904,2.220446049250313e-16,2.220446049250313e-16,0.4564960387272767,0.0025978651446073634,2.220446049250313e-16,2.220446049250313e-16,0.706138561693329
77.0,2.220446049250313e-16,0.00973677806575383,2.220446049250313e-16,2.220446049250313e-16,0.0014377886862935174,2.220446049250313e-16,0.46875539236658353,2.220446049250313e-16,2.220446049250313e-16,2.220446049250313e-16,2.220446049250313e-16,0.6396831855963283,0.5633718041507694,0.013839399533630429
78.0,2.220446049250313e-16,0.00973677806575383,2.220446049250313e-16,2.220446049250313e-16,0.0014377886862935174,2.220446049250313e-16,0.46875539236658353,2.220446049250313e-16,2.220446049250313e-16,2.220446049250313e-16,2.220446049250313e-16,0.6396831855963283,0.5633718041507694,0.013839399533630429
79.0,2.220446049250313e-16,2.220446049250313e-16,2.220446049250313e-16,2.220446049250313e-16,0.48498911235763065,0.5426206789929782,2.220446049250313e-16,2.220446049250313e-16,0.48258946577369155,2.220446049250313e-16,2.220446049250313e-16,2.220446049250313e-16,0.5419535743608183,2.220446049250313e-16
80.0,2.220446049250313e-16,2.220446049250313e-16,2.220446049250313e-16,2.220446049250313e-16,0.48498911235763065,0.5426206789929782,2.220446049250313e-16,2.220446049250313e-16,0.48258946577369155,2.220446049250313e-16,2.220446049250313e-16,2.220446049250313e-16,0.5419535743608183,2.220446049250313e-16
81.0,0.001659719880116627,0.07457937308572721,0.44800338096514325,2.220446049250313e-16,0.24834526850483007,2.220446049250313e-16,2.220446049250313e-16,0.5019092903275927,2.220446049250313e-16,0.00019732737870530604,2.220446049250313e-16,0.6092624546880435,2.220446049250313e-16,2.220446049250313e-16
82.0,0.10822752181013907,0.03178142147433649,0.40115614839169533,0.618040409030941,2.220446049250313e-16,2.220446049250313e-16,2.220446049250313e-16,2.220446049250313e-16,0.007208365170756962,0.1539562197236051,0.6957269880381148,2.220446049250313e-16,2.220446049250313e-16,2.220446049250313e-16
83.0,0.10822752181013907,0.03178142147433649,0.40115614839169533,0.618040409030941,2.220446049250313e-16,2.220446049250313e-16,2.220446049250313e-16,2.220446049250313e-16,0.007208365170756962,0.1539562197236051,0.6957269880381148,2.220446049250313e-16,2.220446049250313e-16,2.220446049250313e-16
84.0,0.6044705250097281,0.03601043907233942,0.3249635625644573,0.051421977404585095,0.48131756949716076,2.220446049250313e-16,2.220446049250313e-16,0.5103485666863867,0.48008839398809533,2.220446049250313e-16,2.220446049250313e-16,2.220446049250313e-16,2.220446049250313e-16,0.021457332229231036
85.0,0.6044705250097281,0.03601043907233942,0.3249635625644573,0.051421977404585095,0.48131756949716076,2.220446049250313e-16,2.220446049250313e-16,0.5103485666863867,0.48008839398809533,2.220446049250313e-16,2.220446049250313e-16,2.220446049250313e-16,2.220446049250313e-16,0.021457332229231036
86.0,0.12954711213721087,0.5832822004460969,2.220446049250313e-16,0.5350255090446947,2.7755575615628914e-17,2.220446049250313e-16,2.220446049250313e-16,0.10577928375406818,2.220446049250313e-16,0.4090804373858303,0.316118889760009,2.220446049250313e-16,2.220446049250313e-16,2.220446049250313e-16
87.0,2.220446049250313e-16,2.220446049250313e-16,2.220446049250313e-16,0.2502360725273952,2.220446049250313e-16,0.31314996284863644,0.05962056729753254,0.5182280182425917,2.220446049250313e-16,2.220446049250313e-16,2.220446049250313e-16,0.5159626632381367,0.20913544644470436,2.220446049250313e-16
88.0,0.0977268575300178,2.220446049250313e-16,2.220446049250313e-16,2.220446049250313e-16,1.1102230246251565e-16,2.220446049250313e-16,0.23508425522058904,2.220446049250313e-16,2.220446049250313e-16,0.4564960387272767,0.0025978651446073634,2.220446049250313e-16,2.220446049250313e-16,0.706138561693329
89.0,0.0977268575300178,2.220446049250313e-16,2.220446049250313e-16,2.220446049250313e-16,1.1102230246251565e-16,2.220446049250313e-16,0.23508425522058904,2.220446049250313e-16,2.220446049250313e-16,0.4564960387272767,0.0025978651446073634,2.220446049250313e-16,2.220446049250313e-16,0.706138561693329
90.0,0.0977268575300178,2.220446049250313e-16,2.220446049250313e-16,2.220446049250313e-16,1.1102230246251565e-16,2.220446049250313e-16,0.23508425522058904,2.220446049250313e-16,2.220446049250313e-16,0.4564960387272767,0.0025978651446073634,2.220446049250313e-16,2.220446049250313e-16,0.706138561693329
91.0,0.0977268575300178,2.220446049250313e-16,2.220446049250313e-16,2.220446049250313e-16,1.1102230246251565e-16,2.220446049250313e-16,0.23508425522058904,2.220446049250313e-16,2.220446049250313e-16,0.4564960387272767,0.0025978651446073634,2.220446049250313e-16,2.220446049250313e-16,0.706138561693329
92.0,0.0977268575300178,2.220446049250313e-16,2.220446049250313e-16,2.220446049250313e-16,1.1102230246251565e-16,2.220446049250313e-16,0.23508425522058904,2.220446049250313e-16,2.220446049250313e-16,0.4564960387272767,0.0025978651446073634,2.220446049250313e-16,2.220446049250313e-16,0.706138561693329
93.0,0.0977268575300178,2.220446049250313e-16,2.220446049250313e-16,2.220446049250313e-16,1.1102230246251565e-16,2.220446049250313e-16,0.23508425522058904,2.220446049250313e-16,2.220446049250313e-16,0.4564960387272767,0.0025978651446073634,2.220446049250313e-16,2.220446049250313e-16,0.706138561693329
94.0,2.220446049250313e-16,2.220446049250313e-16,2.220446049250313e-16,0.2502360725273952,2.220446049250313e-16,0.31314996284863644,0.05962056729753254,0.5182280182425917,2.220446049250313e-16,2.220446049250313e-16,2.220446049250313e-16,0.5159626632381367,0.20913544644470436,2.220446049250313e-16
95.0,0.0977268575300178,2.220446049250313e-16,2.220446049250313e-16,2.220446049250313e-16,1.1102230246251565e-16,2.220446049250313e-16,0.23508425522058904,2.220446049250313e-16,2.220446049250313e-16,0.4564960387272767,0.0025978651446073634,2.220446049250313e-16,2.220446049250313e-16,0.706138561693329
96.0,0.0977268575300178,2.220446049250313e-16,2.220446049250313e-16,2.220446049250313e-16,1.1102230246251565e-16,2.220446049250313e-16,0.23508425522058904,2.220446049250313e-16,2.220446049250313e-16,0.4564960387272767,0.0025978651446073634,2.220446049250313e-16,2.220446049250313e-16,0.706138561693329
97.0,0.0977268575300178,2.220446049250313e-16,2.220446049250313e-16,2.220446049250313e-16,1.1102230246251565e-16,2.220446049250313e-16,0.23508425522058904,2.220446049250313e-16,2.220446049250313e-16,0.4564960387272767,0.0025978651446073634,2.220446049250313e-16,2.220446049250313e-16,0.706138561693329
98.0,0.0977268575300178,2.220446049250313e-16,2.220446049250313e-16,2.220446049250313e-16,1.1102230246251565e-16,2.220446049250313e-16,0.23508425522058904,2.220446049250313e-16,2.220446049250313e-16,0.4564960387272767,0.0025978651446073634,2.220446049250313e-16,2.220446049250313e-16,0.706138561693329
99.0,0.0977268575300178,2.220446049250313e-16,2.220446049250313e-16,2.220446049250313e-16,1.1102230246251565e-16,2.220446049250313e-16,0.23508425522058904,2.220446049250313e-16,2.220446049250313e-16,0.4564960387272767,0.0025978651446073634,2.220446049250313e-16,2.220446049250313e-16,0.706138561693329
100.0,0.0977268575300178,2.220446049250313e-16,2.220446049250313e-16,2.220446049250313e-16,1.1102230246251565e-16,2.220446049250313e-16,0.23508425522058904,2.220446049250313e-16,2.220446049250313e-16,0.4564960387272767,0.0025978651446073634,2.220446049250313e-16,2.220446049250313e-16,0.706138561693329
101.0,2.220446049250313e-16,0.00973677806575383,2.220446049250313e-16,2.220446049250313e-16,0.0014377886862935174,2.220446049250313e-16,0.46875539236658353,2.220446049250313e-16,2.220446049250313e-16,2.220446049250313e-16,2.220446049250313e-16,0.6396831855963283,0.5633718041507694,0.013839399533630429
102.0,2.220446049250313e-16,0.00973677806575383,2.220446049250313e-16,2.220446049250313e-16,0.0014377886862935174,2.220446049250313e-16,0.46875539236658353,2.220446049250313e-16,2.220446049250313e-16,2.220446049250313e-16,2.220446049250313e-16,0.6396831855963283,0.5633718041507694,0.013839399533630429
103.0,2.220446049250313e-16,2.220446049250313e-16,2.220446049250313e-16,2.220446049250313e-16,0.48498911235763065,0.5426206789929782,2.220446049250313e-16,2.220446049250313e-16,0.48258946577369155,2.220446049250313e-16,2.220446049250313e-16,2.220446049250313e-16,0.5419535743608183,2.220446049250313e-16
104.0,2.220446049250313e-16,2.220446049250313e-16,2.220446049250313e-16,2.220446049250313e-16,0.48498911235763065,0.5426206789929782,2.220446049250313e-16,2.220446049250313e-16,0.48258946577369155,2.220446049250313e-16,2.220446049250313e-16,2.220446049250313e-16,0.5419535743608183,2.220446049250313e-16
105.0,2.220446049250313e-16,0.00973677806575383,2.220446049250313e-16,2.220446049250313e-16,0.0014377886862935174,2.220446049250313e-16,0.46875539236658353,2.220446049250313e-16,2.220446049250313e-16,2.220446049250313e-16,2.220446049250313e-16,0.6396831855963283,0.5633718041507694,0.013839399533630429
106.0,2.220446049250313e-16,0.00973677806575383,2.220446049250313e-16,2.220446049250313e-16,0.0014377886862935174,2.220446049250313e-16,0.46875539236658353,2.220446049250313e-16,2.220446049250313e-16,2.220446049250313e-16,2.220446049250313e-16,0.6396831855963283,0.5633718041507694,0.013839399533630429
107.0,2.220446049250313e-16,2.220446049250313e-16,2.220446049250313e-16,2.220446049250313e-16,0.48498911235763065,0.5426206789929782,2.220446049250313e-16,2.220446049250313e-16,0.48258946577369155,2.220446049250313e-16,2.220446049250313e-16,2.220446049250313e-16,0.5419535743608183,2.220446049250313e-16
108.0,2.220446049250313e-16,2.220446049250313e-16,2.220446049250313e-16,2.220446049250313e-16,0.48498911235763065,0.5426206789929782,2.220446049250313e-16,2.220446049250313e-16,0.48258946577369155,2.220446049250313e-16,2.220446049250313e-16,2.220446049250313e-16,0.5419535743608183,2.220446049250313e-16
109.0,0.001659719880116627,0.07457937308572721,0.44800338096514325,2.220446049250313e-16,0.24834526850483007,2.220446049250313e-16,2.220446049250313e-16,0.5019092903275927,2.220446049250313e-16,0.00019732737870530604,2.220446049250313e-16,0.6092624546880435,2.220446049250313e-16,2.220446049250313e-16
110.0,0.10822752181013907,0.03178142147433649,0.40115614839169533,0.618040409030941,2.220446049250313e-16,2.220446049250313e-16,2.220446049250313e-16,2.220446049250313e-16,0.007208365170756962,0.1539562197236051,0.6957269880381148,2.220446049250313e-16,2.220446049250313e-16,2.220446049250313e-16
111.0,0.10822752181013907,0.03178142147433649,0.40115614839169533,0.618040409030941,2.220446049250313e-16,2.220446049250313e-16,2.220446049250313e-16,2.220446049250313e-16,0.007208365170756962,0.1539562197236051,0.6957269880381148,2.220446049250313e-16,2.220446049250313e-16,2.220446049250313e-16
112.0,0.6044705250097281,0.03601043907233942,0.3249635625644573,0.051421977404585095,0.48131756949716076,2.220446049250313e-16,2.220446049250313e-16,0.5103485666863867,0.48008839398809533,2.220446049250313e-16,2.220446049250313e-16,2.220446049250313e-16,2.220446049250313e-16,0.021457332229231036
113.0,0.6044705250097281,0.03601043907233942,0.3249635625644573,0.051421977404585095,0.48131756949716076,2.220446049250313e-16,2.220446049250313e-16,0.5103485666863867,0.48008839398809533,2.220446049250313e-16,2.220446049250313e-16,2.220446049250313e-16,2.220446049250313e-16,0.021457332229231036
114.0,0.12954711213721087,0.5832822004460969,2.220446049250313e-16,0.5350255090446947,2.7755575615628914e-17,2.220446049250313e-16,2.220446049250313e-16,0.10577928375406818,2.220446049250313e-16,0.4090804373858303,0.316118889760009,2.220446049250313e-16,2.220446049250313e-16,2.220446049250313e-16
115.0,2.220446049250313e-16,2.220446049250313e-16,2.220446049250313e-16,0.2502360725273952,2.220446049250313e-16,0.31314996284863644,0.05962056729753254,0.5182280182425917,2.220446049250313e-16,2.220446049250313e-16,2.220446049250313e-16,0.5159626632381367,0.20913544644470436,2.220446049250313e-16
116.0,0.0977268575300178,2.220446049250313e-16,2.220446049250313e-16,2.220446049250313e-16,1.1102230246251565e-16,2.220446049250313e-16,0.23508425522058904,2.220446049250313e-16,2.220446049250313e-16,0.4564960387272767,0.0025978651446073634,2.220446049250313e-16,2.220446049250313e-16,0.706138561693329
117.0,0.0977268575300178,2.220446049250313e-16,2.220446049250313e-16,2.220446049250313e-16,1.1102230246251565e-16,2.220446049250313e-16,0.23508425522058904,2.220446049250313e-16,2.220446049250313e-16,0.4564960387272767,0.0025978651446073634,2.220446049250313e-16,2.220446049250313e-16,0.706138561693329
118.0,0.0977268575300178,2.220446049250313e-16,2.220446049250313e-16,2.220446049250313e-16,1.1102230246251565e-16,2.220446049250313e-16,0.23508425522058904,2.220446049250313e-16,2.220446049250313e-16,0.4564960387272767,0.0025978651446073634,2.220446049250313e-16,2.220446049250313e-16,0.706138561693329
119.0,0.0977268575300178,2.220446049250313e-16,2.220446049250313e-16,2.220446049250313e-16,1.1102230246251565e-16,2.220446049250313e-16,0.23508425522058904,2.220446049250313e-16,2.220446049250313e-16,0.4564960387272767,0.0025978651446073634,2.220446049250313e-16,2.220446049250313e-16,0.706138561693329
120.0,0.0977268575300178,2.220446049250313e-16,2.220446049250313e-16,2.220446049250313e-16,1.1102230246251565e-16,2.220446049250313e-16,0.23508425522058904,2.220446049250313e-16,2.220446049250313e-16,0.4564960387272767,0.0025978651446073634,2.220446049250313e-16,2.220446049250313e-16,0.706138561693329
121.0,0.0977268575300178,2.220446049250313e-16,2.220446049250313e-16,2.220446049250313e-16,1.1102230246251565e-16,2.220446049250313e-16,0.23508425522058904,2.220446049250313e-16,2.220446049250313e-16,0.4564960387272767,0.0025978651446073634,2.220446049250313e-16,2.220446049250313e-16,0.706138561693329
122.0,2.220446049250313e-16,2.220446049250313e-16,2.220446049250313e-16,0.2502360725273952,2.220446049250313e-16,0.31314996284863644,0.05962056729753254,0.5182280182425917,2.220446049250313e-16,2.220446049250313e-16,2.220446049250313e-16,0.5159626632381367,0.20913544644470436,2.220446049250313e-16
123.0,0.0977268575300178,2.220446049250313e-16,2.220446049250313e-16,2.220446049250313e-16,1.1102230246251565e-16,2.220446049250313e-16,0.23508425522058904,2.220446049250313e-16,2.220446049250313e-16,0.4564960387272767,0.0025978651446073634,2.220446049250313e-16,2.220446049250313e-16,0.706138561693329
124.0,0.0977268575300178,2.220446049250313e-16,2.220446049250313e-16,2.220446049250313e-16,1.1102230246251565e-16,2.220446049250313e-16,0.23508425522058904,2.220446049250313e-16,2.220446049250313e-16,0.4564960387272767,0.0025978651446073634,2.220446049250313e-16,2.220446049250313e-16,0.706138561693329
125.0,0.0977268575300178,2.220446049250313e-16,2.220446049250313e-16,2.220446049250313e-16,1.1102230246251565e-16,2.220446049250313e-16,0.23508425522058904,2.220446049250313e-16,2.220446049250313e-16,0.4564960387272767,0.0025978651446073634,2.220446049250313e-16,2.220446049250313e-16,0.706138561693329
126.0,0.0977268575300178,2.220446049250313e-16,2.220446049250313e-16,2.220446049250313e-16,1.1102230246251565e-16,2.220446049250313e-16,0.23508425522058904,2.220446049250313e-16,2.220446049250313e-16,0.4564960387272767,0.0025978651446073634,2.220446049250313e-16,2.220446049250313e-16,0.706138561693329
127.0,0.0977268575300178,2.220446049250313e-16,2.220446049250313e-16,2.220446049250313e-16,1.1102230246251565e-16,2.220446049250313e-16,0.23508425522058904,2.220446049250313e-16,2.220446049250313e-16,0.4564960387272767,0.0025978651446073634,2.220446049250313e-16,2.220446049250313e-16,0.706138561693329
128.0,0.0977268575300178,2.220446049250313e-16,2.220446049250313e-16,2.220446049250313e-16,1.1102230246251565e-16,2.220446049250313e-16,0.23508425522058904,2.220446049250313e-16,2.220446049250313e-16,0.4564960387272767,0.0025978651446073634,2.220446049250313e-16,2.220446049250313e-16,0.706138561693329
129.0,2.220446049250313e-16,0.00973677806575383,2.220446049250313e-16,2.220446049250313e-16,0.0014377886862935174,2.220446049250313e-16,0.46875539236658353,2.220446049250313e-16,2.220446049250313e-16,2.220446049250313e-16,2.220446049250313e-16,0.6396831855963283,0.5633718041507694,0.013839399533630429
130.0,2.220446049250313e-16,0.00973677806575383,2.220446049250313e-16,2.220446049250313e-16,0.0014377886862935174,2.220446049250313e-16,0.46875539236658353,2.220446049250313e-16,2.220446049250313e-16,2.220446049250313e-16,2.220446049250313e-16,0.6396831855963283,0.5633718041507694,0.013839399533630429
131.0,2.220446049250313e-16,2.220446049250313e-16,2.220446049250313e-16,2.220446049250313e-16,0.48498911235763065,0.5426206789929782,2.220446049250313e-16,2.220446049250313e-16,0.48258946577369155,2.220446049250313e-16,2.220446049250313e-16,2.220446049250313e-16,0.5419535743608183,2.220446049250313e-16
132.0,2.220446049250313e-16,2.220446049250313e-16,2.220446049250313e-16,2.220446049250313e-16,0.48498911235763065,0.5426206789929782,2.220446049250313e-16,2.220446049250313e-16,0.48258946577369155,2.220446049250313e-16,2.220446049250313e-16,2.220446049250313e-16,0.5419535743608183,2.220446049250313e-16
133.0,0.001659719880116627,0.07457937308572721,0.44800338096514325,2.220446049250313e-16,0.24834526850483007,2.220446049250313e-16,2.220446049250313e-16,0.5019092903275927,2.220446049250313e-16,0.00019732737870530604,2.220446049250313e-16,0.6092624546880435,2.220446049250313e-16,2.220446049250313e-16
134.0,0.10822752181013907,0.03178142147433649,0.40115614839169533,0.618040409030941,2.220446049250313e-16,2.220446049250313e-16,2.220446049250313e-16,2.220446049250313e-16,0.007208365170756962,0.1539562197236051,0.6957269880381148,2.220446049250313e-16,2.220446049250313e-16,2.220446049250313e-16
135.0,0.10822752181013907,0.03178142147433649,0.40115614839169533,0.618040409030941,2.220446049250313e-16,2.220446049250313e-16,2.220446049250313e-16,2.220446049250313e-16,0.007208365170756962,0.1539562197236051,0.6957269880381148,2.220446049250313e-16,2.220446049250313e-16,2.220446049250313e-16
136.0,0.6044705250097281,0.03601043907233942,0.3249635625644573,0.051421977404585095,0.48131756949716076,2.220446049250313e-16,2.220446049250313e-16,0.5103485666863867,0.48008839398809533,2.220446049250313e-16,2.220446049250313e-16,2.220446049250313e-16,2.220446049250313e-16,0.021457332229231036
137.0,0.6044705250097281,0.03601043907233942,0.3249635625644573,0.051421977404585095,0.48131756949716076,2.220446049250313e-16,2.220446049250313e-16,0.5103485666863867,0.48008839398809533,2.220446049250313e-16,2.220446049250313e-16,2.220446049250313e-16,2.220446049250313e-16,0.021457332229231036
138.0,0.12954711213721087,0.5832822004460969,2.220446049250313e-16,0.5350255090446947,2.7755575615628914e-17,2.220446049250313e-16,2.220446049250313e-16,0.10577928375406818,2.220446049250313e-16,0.4090804373858303,0.316118889760009,2.220446049250313e-16,2.220446049250313e-16,2.220446049250313e-16
139.0,2.220446049250313e-16,0.00973677806575383,2.220446049250313e-16,2.220446049250313e-16,0.0014377886862935174,2.220446049250313e-16,0.46875539236658353,2.220446049250313e-16,2.220446049250313e-16,2.220446049250313e-16,2.220446049250313e-16,0.6396831855963283,0.5633718041507694,0.013839399533630429
140.0,2.220446049250313e-16,0.00973677806575383,2.220446049250313e-16,2.220446049250313e-16,0.0014377886862935174,2.220446049250313e-16,0.46875539236658353,2.220446049250313e-16,2.220446049250313e-16,2.220446049250313e-16,2.220446049250313e-16,0.6396831855963283,0.5633718041507694,0.013839399533630429
141.0,2.220446049250313e-16,2.220446049250313e-16,2.220446049250313e-16,2.220446049250313e-16,0.48498911235763065,0.5426206789929782,2.220446049250313e-16,2.220446049250313e-16,0.48258946577369155,2.220446049250313e-16,2.220446049250313e-16,2.220446049250313e-16,0.5419535743608183,2.220446049250313e-16
142.0,2.220446049250313e-16,2.220446049250313e-16,2.220446049250313e-16,2.220446049250313e-16,0.48498911235763065,0.5426206789929782,2.220446049250313e-16,2.220446049250313e-16,0.48258946577369155,2.220446049250313e-16,2.220446049250313e-16,2.220446049250313e-16,0.5419535743608183,2.220446049250313e-16
143.0,0.001659719880116627,0.07457937308572721,0.44800338096514325,2.220446049250313e-16,0.24834526850483007,2.220446049250313e-16,2.220446049250313e-16,0.5019092903275927,2.220446049250313e-16,0.00019732737870530604,2.220446049250313e-16,0.6092624546880435,2.220446049250313e-16,2.220446049250313e-16
144.0,0.10822752181013907,0.03178142147433649,0.40115614839169533,0.618040409030941,2.220446049250313e-16,2.220446049250313e-16,2.220446049250313e-16,2.220446049250313e-16,0.007208365170756962,0.1539562197236051,0.6957269880381148,2.220446049250313e-16,2.220446049250313e-16,2.220446049250313e-16
145.0,0.10822752181013907,0.03178142147433649,0.40115614839169533,0.618040409030941,2.220446049250313e-16,2.220446049250313e-16,2.220446049250313e-16,2.220446049250313e-16,0.007208365170756962,0.1539562197236051,0.6957269880381148,2.220446049250313e-16,2.220446049250313e-16,2.220446049250313e-16
146.0,0.6044705250097281,0.03601043907233942,0.3249635625644573,0.051421977404585095,0.48131756949716076,2.220446049250313e-16,2.220446049250313e-16,0.5103485666863867,0.48008839398809533,2.220446049250313e-16,2.220446049250313e-16,2.220446049250313e-16,2.220446049250313e-16,0.021457332229231036
147.0,0.6044705250097281,0.03601043907233942,0.3249635625644573,0.051421977404585095,0.48131756949716076,2.220446049250313e-16,2.220446049250313e-16,0.5103485666863867,0.48008839398809533,2.220446049250313e-16,2.220446049250313e-16,2.220446049250313e-16,2.220446049250313e-16,0.021457332229231036
148.0,0.12954711213721087,0.5832822004460969,2.220446049250313e-16,0.5350255090446947,2.7755575615628914e-17,2.220446049250313e-16,2.220446049250313e-16,0.10577928375406818,2.220446049250313e-16,0.4090804373858303,0.316118889760009,2.220446049250313e-16,2.220446049250313e-16,2.220446049250313e-16
149.0,2.220446049250313e-16,0.00973677806575383,2.220446049250313e-16,2.220446049250313e-16,0.0014377886862935174,2.220446049250313e-16,0.46875539236658353,2.220446049250313e-16,2.220446049250313e-16,2.220446049250313e-16,2.220446049250313e-16,0.6396831855963283,0.5633718041507694,0.013839399533630429
150.0,2.220446049250313e-16,0.00973677806575383,2.220446049250313e-16,2.220446049250313e-16,0.0014377886862935174,2.220446049250313e-16,0.46875539236658353,2.220446049250313e-16,2.220446049250313e-16,2.220446049250313e-16,2.220446049250313e-16,0.6396831855963283,0.5633718041507694,0.013839399533630429
151.0,2.220446049250313e-16,2.220446049250313e-16,2.220446049250313e-16,2.220446049250313e-16,0.48498911235763065,0.5426206789929782,2.220446049250313e-16,2.220446049250313e-16,0.48258946577369155,2.220446049250313e-16,2.220446049250313e-16,2.220446049250313e-16,0.5419535743608183,2.220446049250313e-16
152.0,2.220446049250313e-16,2.220446049250313e-16,2.220446049250313e-16,2.220446049250313e-16,0.48498911235763065,0.5426206789929782,2.220446049250313e-16,2.220446049250313e-16,0.48258946577369155,2.220446049250313e-16,2.220446049250313e-16,2.220446049250313e-16,0.5419535743608183,2.220446049250313e-16
153.0,2.220446049250313e-16,0.00973677806575383,2.220446049250313e-16,2.220446049250313e-16,0.0014377886862935174,2.220446049250313e-16,0.46875539236658353,2.220446049250313e-16,2.220446049250313e-16,2.220446049250313e-16,2.220446049250313e-16,0.6396831855963283,0.5633718041507694,0.013839399533630429
154.0,2.220446049250313e-16,0.00973677806575383,2.220446049250313e-16,2.220446049250313e-16,0.0014377886862935174,2.220446049250313e-16,0.46875539236658353,2.220446049250313e-16,2.220446049250313e-16,2.220446049250313e-16,2.220446049250313e-16,0.6396831855963283,0.5633718041507694,0.013839399533630429
155.0,2.220446049250313e-16,2.220446049250313e-16,2.220446049250313e-16,2.220446049250313e-16,0.48498911235763065,0.5426206789929782,2.220446049250313e-16,2.220446049250313e-16,0.48258946577369155,2.220446049250313e-16,2.220446049250313e-16,2.220446049250313e-16,0.5419535743608183,2.220446049250313e-16
156.0,2.220446049250313e-16,2.220446049250313e-16,2.220446049250313e-16,2.220446049250313e-16,0.48498911235763065,0.5426206789929782,2.220446049250313e-16,2.220446049250313e-16,0.48258946577369155,2.220446049250313e-16,2.220446049250313e-16,2.220446049250313e-16,0.5419535743608183,2.220446049250313e-16
157.0,0.001659719880116627,0.07457937308572721,0.44800338096514325,2.220446049250313e-16,0.24834526850483007,2.220446049250313e-16,2.220446049250313e-16,0.5019092903275927,2.220446049250313e-16,0.00019732737870530604,2.220446049250313e-16,0.6092624546880435,2.220446049250313e-16,2.220446049250313e-16
158.0,0.10822752181013907,0.03178142147433649,0.40115614839169533,0.618040409030941,2.220446049250313e-16,2.220446049250313e-16,2.220446049250313e-16,2.220446049250313e-16,0.007208365170756962,0.1539562197236051,0.6957269880381148,2.220446049250313e-16,2.220446049250313e-16,2.220446049250313e-16
159.0,0.10822752181013907,0.03178142147433649,0.40115614839169533,0.618040409030941,2.220446049250313e-16,2.220446049250313e-16,2.220446049250313e-16,2.220446049250313e-16,0.007208365170756962,0.1539562197236051,0.6957269880381148,2.220446049250313e-16,2.220446049250313e-16,2.220446049250313e-16
160.0,0.6044705250097281,0.03601043907233942,0.3249635625644573,0.051421977404585095,0.48131756949716076,2.220446049250313e-16,2.220446049250313e-16,0.5103485666863867,0.48008839398809533,2.220446049250313e-16,2.220446049250313e-16,2.220446049250313e-16,2.220446049250313e-16,0.021457332229231036
161.0,0.6044705250097281,0.03601043907233942,0.3249635625644573,0.051421977404585095,0.48131756949716076,2.220446049250313e-16,2.220446049250313e-16,0.5103485666863867,0.48008839398809533,2.220446049250313e-16,2.220446049250313e-16,2.220446049250313e-16,2.220446049250313e-16,0.021457332229231036
162.0,0.12954711213721087,0.5832822004460969,2.220446049250313e-16,0.5350255090446947,2.7755575615628914e-17,2.220446049250313e-16,2.220446049250313e-16,0.10577928375406818,2.220446049250313e-16,0.4090804373858303,0.316118889760009,2.220446049250313e-16,2.220446049250313e-16,2.220446049250313e-16
163.0,2.220446049250313e-16,2.220446049250313e-16,2.220446049250313e-16,0.2502360725273952,2.220446049250313e-16,0.31314996284863644,0.05962056729753254,0.5182280182425917,2.220446049250313e-16,2.220446049250313e-16,2.220446049250313e-16,0.5159626632381367,0.20913544644470436,2.220446049250313e-16
164.0,0.0977268575300178,2.220446049250313e-16,2.220446049250313e-16,2.220446049250313e-16,1.1102230246251565e-16,2.220446049250313e-16,0.23508425522058904,2.220446049250313e-16,2.220446049250313e-16,0.4564960387272767,0.0025978651446073634,2.220446049250313e-16,2.220446049250313e-16,0.706138561693329
165.0,0.0977268575300178,2.220446049250313e-16,2.220446049250313e-16,2.220446049250313e-16,1.1102230246251565e-16,2.220446049250313e-16,0.23508425522058904,2.220446049250313e-16,2.220446049250313e-16,0.4564960387272767,0.0025978651446073634,2.220446049250313e-16,2.220446049250313e-16,0.706138561693329
166.0,0.0977268575300178,2.220446049250313e-16,2.220446049250313e-16,2.220446049250313e-16,1.1102230246251565e-16,2.220446049250313e-16,0.23508425522058904,2.220446049250313e-16,2.220446049250313e-16,0.4564960387272767,0.0025978651446073634,2.220446049250313e-16,2.220446049250313e-16,0.706138561693329
167.0,0.0977268575300178,2.220446049250313e-16,2.220446049250313e-16,2.220446049250313e-16,1.1102230246251565e-16,2.220446049250313e-16,0.23508425522058904,2.220446049250313e-16,2.220446049250313e-16,0.4564960387272767,0.0025978651446073634,2.220446049250313e-16,2.220446049250313e-16,0.706138561693329
168.0,0.0977268575300178,2.220446049250313e-16,2.220446049250313e-16,2.220446049250313e-16,1.1102230246251565e-16,2.220446049250313e-16,0.23508425522058904,2.220446049250313e-16,2.220446049250313e-16,0.4564960387272767,0.0025978651446073634,2.220446049250313e-16,2.220446049250313e-16,0.706138561693329
169.0,0.0977268575300178,2.220446049250313e-16,2.220446049250313e-16,2.220446049250313e-16,1.1102230246251565e-16,2.220446049250313e-16,0.23508425522058904,2.220446049250313e-16,2.220446049250313e-16,0.4564960387272767,0.0025978651446073634,2.220446049250313e-16,2.220446049250313e-16,0.706138561693329
170.0,2.220446049250313e-16,0.00973677806575383,2.220446049250313e-16,2.220446049250313e-16,0.0014377886862935174,2.220446049250313e-16,0.46875539236658353,2.220446049250313e-16,2.220446049250313e-16,2.220446049250313e-16,2.220446049250313e-16,0.6396831855963283,0.5633718041507694,0.013839399533630429
171.0,2.220446049250313e-16,0.00973677806575383,2.220446049250313e-16,2.220446049250313e-16,0.0014377886862935174,2.220446049250313e-16,0.46875539236658353,2.220446049250313e-16,2.220446049250313e-16,2.220446049250313e-16,2.220446049250313e-16,0.6396831855963283,0.5633718041507694,0.013839399533630429
172.0,2.220446049250313e-16,2.220446049250313e-16,2.220446049250313e-16,2.220446049250313e-16,0.48498911235763065,0.5426206789929782,2.220446049250313e-16,2.220446049250313e-16,0.48258946577369155,2.220446049250313e-16,2.220446049250313e-16,2.220446049250313e-16,0.5419535743608183,2.220446049250313e-16
173.0,2.220446049250313e-16,2.220446049250313e-16,2.220446049250313e-16,2.220446049250313e-16,0.48498911235763065,0.5426206789929782,2.220446049250313e-16,2.220446049250313e-16,0.48258946577369155,2.220446049250313e-16,2.220446049250313e-16,2.220446049250313e-16,0.5419535743608183,2.220446049250313e-16
174.0,2.220446049250313e-16,2.220446049250313e-16,2.220446049250313e-16,0.2502360725273952,2.220446049250313e-16,0.31314996284863644,0.05962056729753254,0.5182280182425917,2.220446049250313e-16,2.220446049250313e-16,2.220446049250313e-16,0.5159626632381367,0.20913544644470436,2.220446049250313e-16
175.0,0.0977268575300178,2.220446049250313e-16,2.220446049250313e-16,2.220446049250313e-16,1.1102230246251565e-16,2.220446049250313e-16,0.23508425522058904,2.220446049250313e-16,2.220446049250313e-16,0.4564960387272767,0.0025978651446073634,2.220446049250313e-16,2.220446049250313e-16,0.706138561693329
176.0,0.0977268575300178,2.220446049250313e-16,2.220446049250313e-16,2.220446049250313e-16,1.1102230246251565e-16,2.220446049250313e-16,0.23508425522058904,2.220446049250313e-16,2.220446049250313e-16,0.4564960387272767,0.0025978651446073634,2.220446049250313e-16,2.220446049250313e-16,0.706138561693329
177.0,0.0977268575300178,2.220446049250313e-16,2.220446049250313e-16,2.220446049250313e-16,1.1102230246251565e-16,2.220446049250313e-16,0.23508425522058904,2.220446049250313e-16,2.220446049250313e-16,0.4564960387272767,0.0025978651446073634,2.220446049250313e-16,2.220446049250313e-16,0.706138561693329
178.0,0.0977268575300178,2.220446049250313e-16,2.220446049250313e-16,2.220446049250313e-16,1.1102230246251565e-16,2.220446049250313e-16,0.23508425522058904,2.220446049250313e-16,2.220446049250313e-16,0.4564960387272767,0.0025978651446073634,2.220446049250313e-16,2.220446049250313e-16,0.706138561693329
179.0,0.0977268575300178,2.220446049250313e-16,2.220446049250313e-16,2.220446049250313e-16,1.1102230246251565e-16,2.220446049250313e-16,0.23508425522058904,2.220446049250313e-16,2.220446049250313e-16,0.4564960387272767,0.0025978651446073634,2.220446049250313e-16,2.220446049250313e-16,0.706138561693329
180.0,0.0977268575300178,2.220446049250313e-16,2.220446049250313e-16,2.220446049250313e-16,1.1102230246251565e-16,2.220446049250313e-16,0.23508425522058904,2.220446049250313e-16,2.220446049250313e-16,0.4564960387272767,0.0025978651446073634,2.220446049250313e-16,2.220446049250313e-16,0.706138561693329
181.0,2.220446049250313e-16,0.00973677806575383,2.220446049250313e-16,2.220446049250313e-16,0.0014377886862935174,2.220446049250313e-16,0.46875539236658353,2.220446049250313e-16,2.220446049250313e-16,2.220446049250313e-16,2.220446049250313e-16,0.6396831855963283,0.5633718041507694,0.013839399533630429
182.0,2.220446049250313e-16,0.00973677806575383,2.220446049250313e-16,2.220446049250313e-16,0.0014377886862935174,2.220446049250313e-16,0.46875539236658353,2.220446049250313e-16,2.220446049250313e-16,2.220446049250313e-16,2.220446049250313e-16,0.6396831855963283,0.5633718041507694,0.013839399533630429
183.0,2.220446049250313e-16,2.220446049250313e-16,2.220446049250313e-16,2.220446049250313e-16,0.48498911235763065,0.5426206789929782,2.220446049250313e-16,2.220446049250313e-16,0.48258946577369155,2.220446049250313e-16,2.220446049250313e-16,2.220446049250313e-16,0.5419535743608183,2.220446049250313e-16
184.0,2.220446049250313e-16,2.220446049250313e-16,2.220446049250313e-16,2.220446049250313e-16,0.48498911235763065,0.5426206789929782,2.220446049250313e-16,2.220446049250313e-16,0.48258946577369155,2.220446049250313e-16,2.220446049250313e-16,2.220446049250313e-16,0.5419535743608183,2.220446049250313e-16
185.0,2.220446049250313e-16,0.00973677806575383,2.220446049250313e-16,2.220446049250313e-16,0.0014377886862935174,2.220446049250313e-16,0.46875539236658353,2.220446049250313e-16,2.220446049250313e-16,2.220446049250313e-16,2.220446049250313e-16,0.6396831855963283,0.5633718041507694,0.013839399533630429
186.0,2.220446049250313e-16,0.00973677806575383,2.220446049250313e-16,2.220446049250313e-16,0.0014377886862935174,2.220446049250313e-16,0.46875539236658353,2.220446049250313e-16,2.220446049250313e-16,2.220446049250313e-16,2.220446049250313e-16,0.6396831855963283,0.5633718041507694,0.013839399533630429
187.0,2.220446049250313e-16,2.220446049250313e-16,2.220446049250313e-16,2.220446049250313e-16,0.48498911235763065,0.5426206789929782,2.220446049250313e-16,2.220446049250313e-16,0.48258946577369155,2.220446049250313e-16,2.220446049250313e-16,2.220446049250313e-16,0.5419535743608183,2.220446049250313e-16
188.0,2.220446049250313e-16,2.220446049250313e-16,2.220446049250313e-16,2.220446049250313e-16,0.48498911235763065,0.5426206789929782,2.220446049250313e-16,2.220446049250313e-16,0.48258946577369155,2.220446049250313e-16,2.220446049250313e-16,2.220446049250313e-16,0.5419535743608183,2.220446049250313e-16
189.0,0.001659719880116627,0.07457937308572721,0.44800338096514325,2.220446049250313e-16,0.24834526850483007,2.220446049250313e-16,2.220446049250313e-16,0.5019092903275927,2.220446049250313e-16,0.00019732737870530604,2.220446049250313e-16,0.6092624546880435,2.220446049250313e-16,2.220446049250313e-16
190.0,0.10822752181013907,0.03178142147433649,0.40115614839169533,0.618040409030941,2.220446049250313e-16,2.220446049250313e-16,2.220446049250313e-16,2.220446049250313e-16,0.007208365170756962,0.1539562197236051,0.6957269880381148,2.220446049250313e-16,2.220446049250313e-16,2.220446049250313e-16
191.0,0.10822752181013907,0.03178142147433649,0.40115614839169533,0.618040409030941,2.220446049250313e-16,2.220446049250313e-16,2.220446049250313e-16,2.220446049250313e-16,0.007208365170756962,0.1539562197236051,0.6957269880381148,2.220446049250313e-16,2.220446049250313e-16,2.220446049250313e-16
192.0,0.6044705250097281,0.03601043907233942,0.3249635625644573,0.051421977404585095,0.48131756949716076,2.220446049250313e-16,2.220446049250313e-16,0.5103485666863867,0.48008839398809533,2.220446049250313e-16,2.220446049250313e-16,2.220446049250313e-16,2.220446049250313e-16,0.021457332229231036
193.0,0.6044705250097281,0.03601043907233942,0.3249635625644573,0.051421977404585095,0.48131756949716076,2.220446049250313e-16,2.220446049250313e-16,0.5103485666863867,0.48008839398809533,2.220446049250313e-16,2.220446049250313e-16,2.220446049250313e-16,2.220446049250313e-16,0.021457332229231036
194.0,0.12954711213721087,0.5832822004460969,2.220446049250313e-16,0.5350255090446947,2.7755575615628914e-17,2.220446049250313e-16,2.220446049250313e-16,0.10577928375406818,2.220446049250313e-16,0.4090804373858303,0.316118889760009,2.220446049250313e-16,2.220446049250313e-16,2.220446049250313e-16
195.0,2.220446049250313e-16,2.220446049250313e-16,2.220446049250313e-16,0.2502360725273952,2.220446049250313e-16,0.31314996284863644,0.05962056729753254,0.5182280182425917,2.220446049250313e-16,2.220446049250313e-16,2.220446049250313e-16,0.5159626632381367,0.20913544644470436,2.220446049250313e-16
196.0,0.0977268575300178,2.220446049250313e-16,2.220446049250313e-16,2.220446049250313e-16,1.1102230246251565e-16,2.220446049250313e-16,0.23508425522058904,2.220446049250313e-16,2.220446049250313e-16,0.4564960387272767,0.0025978651446073634,2.220446049250313e-16,2.220446049250313e-16,0.706138561693329
197.0,0.0977268575300178,2.220446049250313e-16,2.220446049250313e-16,2.220446049250313e-16,1.1102230246251565e-16,2.220446049250313e-16,0.23508425522058904,2.220446049250313e-16,2.220446049250313e-16,0.4564960387272767,0.0025978651446073634,2.220446049250313e-16,2.220446049250313e-16,0.706138561693329
198.0,0.0977268575300178,2.220446049250313e-16,2.220446049250313e-16,2.220446049250313e-16,1.1102230246251565e-16,2.220446049250313e-16,0.23508425522058904,2.220446049250313e-16,2.220446049250313e-16,0.4564960387272767,0.0025978651446073634,2.220446049250313e-16,2.220446049250313e-16,0.706138561693329
199.0,0.0977268575300178,2.220446049250313e-16,2.220446049250313e-16,2.220446049250313e-16,1.1102230246251565e-16,2.220446049250313e-16,0.23508425522058904,2.220446049250313e-16,2.220446049250313e-16,0.4564960387272767,0.0025978651446073634,2.220446049250313e-16,2.220446049250313e-16,0.706138561693329
200.0,0.0977268575300178,2.220446049250313e-16,2.220446049250313e-16,2.220446049250313e-16,1.1102230246251565e-16,2.220446049250313e-16,0.23508425522058904,2.220446049250313e-16,2.220446049250313e-16,0.4564960387272767,0.0025978651446073634,2.220446049250313e-16,2.220446049250313e-16,0.706138561693329
201.0,0.0977268575300178,2.220446049250313e-16,2.220446049250313e-16,2.220446049250313e-16,1.1102230246251565e-16,2.220446049250313e-16,0.23508425522058904,2.220446049250313e-16,2.220446049250313e-16,0.4564960387272767,0.0025978651446073634,2.220446049250313e-16,2.220446049250313e-16,0.706138561693329
202.0,0.001659719880116627,0.07457937308572721,0.44800338096514325,2.220446049250313e-16,0.24834526850483007,2.220446049250313e-16,2.220446049250313e-16,0.5019092903275927,2.220446049250313e-16,0.00019732737870530604,2.220446049250313e-16,0.6092624546880435,2.220446049250313e-16,2.220446049250313e-16
203.0,0.10822752181013907,0.03178142147433649,0.40115614839169533,0.618040409030941,2.220446049250313e-16,2.220446049250313e-16,2.220446049250313e-16,2.220446049250313e-16,0.007208365170756962,0.1539562197236051,0.6957269880381148,2.220446049250313e-16,2.220446049250313e-16,2.220446049250313e-16
204.0,0.10822752181013907,0.03178142147433649,0.40115614839169533,0.618040409030941,2.220446049250313e-16,2.220446049250313e-16,2.220446049250313e-16,2.220446049250313e-16,0.007208365170756962,0.1539562197236051,0.6957269880381148,2.220446049250313e-16,2.220446049250313e-16,2.220446049250313e-16
205.0,0.6044705250097281,0.03601043907233942,0.3249635625644573,0.051421977404585095,0.48131756949716076,2.220446049250313e-16,2.220446049250313e-16,0.5103485666863867,0.48008839398809533,2.220446049250313e-16,2.220446049250313e-16,2.220446049250313e-16,2.220446049250313e-16,0.021457332229231036
206.0,0.6044705250097281,0.03601043907233942,0.3249635625644573,0.051421977404585095,0.48131756949716076,2.220446049250313e-16,2.220446049250313e-16,0.5103485666863867,0.48008839398809533,2.220446049250313e-16,2.220446049250313e-16,2.220446049250313e-16,2.220446049250313e-16,0.021457332229231036
207.0,0.12954711213721087,0.5832822004460969,2.220446049250313e-16,0.5350255090446947,2.7755575615628914e-17,2.220446049250313e-16,2.220446049250313e-16,0.10577928375406818,2.220446049250313e-16,0.4090804373858303,0.316118889760009,2.220446049250313e-16,2.220446049250313e-16,2.220446049250313e-16
208.0,0.001659719880116627,0.07457937308572721,0.44800338096514325,2.220446049250313e-16,0.24834526850483007,2.220446049250313e-16,2.220446049250313e-16,0.5019092903275927,2.220446049250313e-16,0.00019732737870530604,2.220446049250313e-16,0.6092624546880435,2.220446049250313e-16,2.220446049250313e-16
209.0,0.10822752181013907,0.03178142147433649,0.40115614839169533,0.618040409030941,2.220446049250313e-16,2.220446049250313e-16,2.220446049250313e-16,2.220446049250313e-16,0.007208365170756962,0.1539562197236051,0.6957269880381148,2.220446049250313e-16,2.220446049250313e-16,2.220446049250313e-16
210.0,0.10822752181013907,0.03178142147433649,0.40115614839169533,0.618040409030941,2.220446049250313e-16,2.220446049250313e-16,2.220446049250313e-16,2.220446049250313e-16,0.007208365170756962,0.1539562197236051,0.6957269880381148,2.220446049250313e-16,2.220446049250313e-16,2.220446049250313e-16
211.0,0.6044705250097281,0.03601043907233942,0.3249635625644573,0.051421977404585095,0.48131756949716076,2.220446049250313e-16,2.220446049250313e-16,0.5103485666863867,0.48008839398809533,2.220446049250313e-16,2.220446049250313e-16,2.220446049250313e-16,2.220446049250313e-16,0.021457332229231036
212.0,0.6044705250097281,0.03601043907233942,0.3249635625644573,0.051421977404585095,0.48131756949716076,2.220446049250313e-16,2.220446049250313e-16,0.5103485666863867,0.48008839398809533,2.220446049250313e-16,2.220446049250313e-16,2.220446049250313e-16,2.220446049250313e-16,0.021457332229231036
213.0,0.129547112137211,0.5832822004460958,2.220446049250313e-16,0.5350255090446941,2.220446049250313e-16,2.220446049250313e-16,2.7755575615628914e-17,0.10577928375406856,2.220446049250313e-16,0.40908043738583,0.31611888976000885,2.220446049250313e-16,2.220446049250313e-16,2.220446049250313e-16
214.0,2.220446049250313e-16,0.00973677806575383,2.220446049250313e-16,2.220446049250313e-16,0.0014377886862935174,2.220446049250313e-16,0.46875539236658353,2.220446049250313e-16,2.220446049250313e-16,2.220446049250313e-16,2.220446049250313e-16,0.6396831855963283,0.5633718041507694,0.013839399533630429
215.0,2.220446049250313e-16,0.00973677806575383,2.220446049250313e-16,2.220446049250313e-16,0.0014377886862935174,2.220446049250313e-16,0.46875539236658353,2.220446049250313e-16,2.220446049250313e-16,2.220446049250313e-16,2.220446049250313e-16,0.6396831855963283,0.5633718041507694,0.013839399533630429
216.0,2.220446049250313e-16,2.220446049250313e-16,2.220446049250313e-16,2.220446049250313e-16,0.48498911235763065,0.5426206789929782,2.220446049250313e-16,2.220446049250313e-16,0.48258946577369155,2.220446049250313e-16,2.220446049250313e-16,2.220446049250313e-16,0.5419535743608183,2.220446049250313e-16
217.0,2.220446049250313e-16,2.220446049250313e-16,2.220446049250313e-16,2.220446049250313e-16,0.48498911235763065,0.5426206789929782,2.220446049250313e-16,2.220446049250313e-16,0.48258946577369155,2.220446049250313e-16,2.220446049250313e-16,2.220446049250313e-16,0.5419535743608183,2.220446049250313e-16
218.0,2.220446049250313e-16,0.00973677806575383,2.220446049250313e-16,2.220446049250313e-16,0.0014377886862935174,2.220446049250313e-16,0.46875539236658353,2.220446049250313e-16,2.220446049250313e-16,2.220446049250313e-16,2.220446049250313e-16,0.6396831855963283,0.5633718041507694,0.013839399533630429
219.0,2.220446049250313e-16,0.00973677806575383,2.220446049250313e-16,2.220446049250313e-16,0.0014377886862935174,2.220446049250313e-16,0.46875539236658353,2.220446049250313e-16,2.220446049250313e-16,2.220446049250313e-16,2.220446049250313e-16,0.6396831855963283,0.5633718041507694,0.013839399533630429
220.0,2.220446049250313e-16,2.220446049250313e-16,2.220446049250313e-16,2.220446049250313e-16,0.48498911235763065,0.5426206789929782,2.220446049250313e-16,2.220446049250313e-16,0.48258946577369155,2.220446049250313e-16,2.220446049250313e-16,2.220446049250313e-16,0.5419535743608183,2.220446049250313e-16
221.0,2.220446049250313e-16,2.220446049250313e-16,2.220446049250313e-16,2.220446049250313e-16,0.48498911235763065,0.5426206789929782,2.220446049250313e-16,2.220446049250313e-16,0.48258946577369155,2.220446049250313e-16,2.220446049250313e-16,2.220446049250313e-16,0.5419535743608183,2.220446049250313e-16
