id,x_0,x_1,x_2,x_3,x_4,x_5,x_6,x_7,x_8,x_9,x_10,x_11,x_12,x_13,x_14
0.0,2.220446049250313e-16,0.497811326765217,0.5083144312875837,2.220446049250313e-16,2.220446049250313e-16,2.220446049250313e-16,0.4862885413526052,0.5081803001881584,2.220446049250313e-16,2.220446049250313e-16,0.406862149048168,2.220446049250313e-16,2.220446049250313e-16,2.220446049250313e-16,2.220446049250313e-16
1.0,0.39133037532767273,2.220446049250313e-16,0.20831938935972044,2.220446049250313e-16,2.220446049250313e-16,0.28972801762581724,2.220446049250313e-16,2.220446049250313e-16,0.25450604841187274,2.220446049250313e-16,0.4284017778309229,2.220446049250313e-16,0.12319445371459561,0.48119166428912463,2.220446049250313e-16
2.0,2.220446049250313e-16,0.49664901636117864,0.5083612458860284,0.4926411686476541,2.220446049250313e-16,0.000404722046235641,0.4862885413526053,2.220446049250313e-16,2.220446049250313e-16,2.220446049250313e-16,0.40685878776237555,0.001407141566006265,2.220446049250313e-16,2.220446049250313e-16,2.220446049250313e-16
3.0,0.2454973980364717,0.2135389260175831,0.28358802835653235,2.220446049250313e-16,2.220446049250313e-16,0.2347373645551532,2.220446049250313e-16,0.2626357490097511,0.008218707917635976,2.220446049250313e-16,0.4229974933715669,2.220446049250313e-16,2.220446049250313e-16,0.4811916642891247,2.220446049250313e-16
4.0,0.3518353740807786,0.5406597794532386,0.24465633767271766,0.0025023681945498936,2.220446049250313e-16,2.220446049250313e-16,0.4862885413526052,0.5081803001881585,2.220446049250313e-16,2.220446049250313e-16,0.03204150722018126,2.220446049250313e-16,2.220446049250313e-16,2.220446049250313e-16,2.220446049250313e-16
5.0,0.17951927368566345,2.220446049250313e-16,0.5115541547388409,2.220446049250313e-16,2.220446049250313e-16,2.220446049250313e-16,2.220446049250313e-16,2.220446049250313e-16,0.2598531713649324,2.220446049250313e-16,0.012878257502493088,0.26264626930117824,0.2680030924883057,0.4811916642891246,2.220446049250313e-16
6.0,2.220446049250313e-16,0.510387669355654,0.28087521425773515,0.49261455077873684,2.220446049250313e-16,0.00040484417815010157,0.4862885413526053,0.004239931684054162,2.220446049250313e-16,2.220446049250313e-16,2.220446049250313e-16,0.5164083520247038,0.0007248781692012552,2.220446049250313e-16,2.220446049250313e-16
7.0,2.220446049250313e-16,0.5101429928760214,0.2849265926138851,0.49261502482568115,2.220446049250313e-16,0.00040484200306606524,0.48628854135260535,0.048955961349975555,0.01956598848171891,2.220446049250313e-16,2.220446049250313e-16,0.24804087439347464,2.220446049250313e-16,2.220446049250313e-16,0.20273302893280484
8.0,0.14485078267462168,0.536757544599394,0.5277582098178869,0.2533631898559295,2.220446049250313e-16,2.220446049250313e-16,0.48628854135260513,0.24546708936332595,2.220446049250313e-16,2.220446049250313e-16,0.011714807170330865,2.220446049250313e-16,2.220446049250313e-16,2.220446049250313e-16,2.220446049250313e-16
9.0,0.3697720149770169,2.220446049250313e-16,0.5121973757380072,0.0022609942571122756,2.220446049250313e-16,0.2897176434079649,0.4862885413526056,2.220446049250313e-16,0.2537340556126031,2.220446049250313e-16,0.012832074267402653,2.220446049250313e-16,0.1238948371166521,2.220446049250313e-16,2.220446049250313e-16
10.0,0.1730171934049699,0.5169867205289547,2.220446049250313e-16,2.220446049250313e-16,2.220446049250313e-16,2.220446049250313e-16,0.4862885413526052,0.5228479360259413,2.220446049250313e-16,2.220446049250313e-16,0.39375127956632205,0.22647790738372633,2.220446049250313e-16,2.220446049250313e-16,2.220446049250313e-16
11.0,0.39133037532767273,2.220446049250313e-16,0.20831938935972044,2.220446049250313e-16,2.220446049250313e-16,0.28972801762581724,2.220446049250313e-16,2.220446049250313e-16,0.25450604841187274,2.220446049250313e-16,0.4284017778309229,2.220446049250313e-16,0.12319445371459561,0.48119166428912463,2.220446049250313e-16
12.0,0.14485078267462165,0.536757544599394,0.5277582098178869,0.2533631898559294,2.220446049250313e-16,2.220446049250313e-16,0.4862885413526052,0.24546708936332595,2.220446049250313e-16,2.220446049250313e-16,0.01171480717033092,2.220446049250313e-16,2.220446049250313e-16,2.220446049250313e-16,2.220446049250313e-16
13.0,0.3814120845963552,0.22068172072800196,0.015428481627047963,2.220446049250313e-16,2.220446049250313e-16,2.7755575615628914e-17,2.220446049250313e-16,0.04737750447915817,0.27781766355523857,2.220446049250313e-16,2.220446049250313e-16,0.240803178063451,0.12089709000746258,0.48119166428912463,0.19202095721061657
14.0,2.220446049250313e-16,0.5135612290882906,0.2283270852669846,0.492608402184912,2.220446049250313e-16,0.0004048723900132637,0.4862885413526052,2.220446049250313e-16,2.220446049250313e-16,0.17595838688981275,0.42696522628036654,2.220446049250313e-16,2.220446049250313e-16,2.220446049250313e-16,2.220446049250313e-16
15.0,0.1944919817937449,2.220446049250313e-16,0.2740409935078477,2.220446049250313e-16,2.220446049250313e-16,0.28972801762581685,2.220446049250313e-16,0.017287681548763183,0.028824816322956415,2.220446049250313e-16,2.220446049250313e-16,2.220446049250313e-16,0.26403122319987904,0.4811916642891244,0.5210517427836183
16.0,2.220446049250313e-16,0.5273506761645342,2.220446049250313e-16,0.492581685905313,2.220446049250313e-16,0.00040499497347572927,0.4862885413526052,0.014013265428294073,2.220446049250313e-16,0.17595838688981277,0.39375127956632205,0.24467193178124086,2.220446049250313e-16,2.220446049250313e-16,2.220446049250313e-16
17.0,0.18503734036469952,2.220446049250313e-16,0.5113883153701221,2.220446049250313e-16,2.220446049250313e-16,0.28972801762581724,2.220446049250313e-16,2.220446049250313e-16,0.26281130908020967,2.220446049250313e-16,0.012890164760748975,0.26538187001573055,0.1333521375371072,0.48119166428912463,2.220446049250313e-16
18.0,0.2358394690467437,0.0009228430356915396,0.5584742888137106,0.002518312025175041,2.220446049250313e-16,0.5244538273008497,0.48628854135260535,0.2626468881045078,0.007036848621377308,2.220446049250313e-16,0.009509394257570735,2.220446049250313e-16,2.220446049250313e-16,2.220446049250313e-16,2.220446049250313e-16
19.0,0.42742010274037295,0.2506400010612297,0.3025168677573519,0.0014840461302432918,2.220446049250313e-16,0.23473055524203001,0.4862885413526053,0.2627132108248325,2.220446049250313e-16,2.220446049250313e-16,0.027887124097088982,2.220446049250313e-16,2.220446049250313e-16,2.220446049250313e-16,2.220446049250313e-16
20.0,2.220446049250313e-16,0.49664901636117864,0.5083612458860284,0.4926411686476541,2.220446049250313e-16,0.000404722046235641,0.4862885413526053,2.220446049250313e-16,2.220446049250313e-16,2.220446049250313e-16,0.40685878776237555,0.001407141566006265,2.220446049250313e-16,2.220446049250313e-16,2.220446049250313e-16
21.0,2.220446049250313e-16,0.49542133452358783,0.5286893282277314,0.49264354721229603,2.220446049250313e-16,0.00040471113255996754,0.486288541352605,2.220446049250313e-16,2.220446049250313e-16,2.7755575615628914e-17,0.011647952915767664,0.267770453809517,0.003429695502083322,2.220446049250313e-16,2.220446049250313e-16
22.0,0.1730171934049699,0.5169867205289547,2.220446049250313e-16,2.220446049250313e-16,2.220446049250313e-16,2.220446049250313e-16,0.4862885413526052,0.5132424882573716,2.220446049250313e-16,2.220446049250313e-16,2.220446049250313e-16,0.49354644917019563,2.220446049250313e-16,2.220446049250313e-16,2.220446049250313e-16
23.0,0.039544493346934245,0.21016705388809329,0.566546710716781,2.220446049250313e-16,0.007919582763762152,0.23473736455515323,0.4862885413526049,0.26255665551855656,0.01661053686786919,2.220446049250313e-16,0.4026810743410059,2.220446049250313e-16,2.220446049250313e-16,2.220446049250313e-16,2.220446049250313e-16
24.0,2.220446049250313e-16,0.5109570486676075,0.28097850619215287,0.24804622610621577,2.220446049250313e-16,2.220446049250313e-16,0.48628854135260546,0.25002322593869303,2.220446049250313e-16,2.220446049250313e-16,2.220446049250313e-16,0.5076166349425353,0.0008205192155596912,2.220446049250313e-16,2.220446049250313e-16
25.0,0.039544493346934106,0.2101670538880928,0.5665467107167813,2.220446049250313e-16,0.007919582763761984,0.23473736455515332,2.220446049250313e-16,0.26255665551855634,0.016610536867869435,2.220446049250313e-16,0.40268107434100586,2.220446049250313e-16,2.220446049250313e-16,0.4811916642891247,2.220446049250313e-16
26.0,2.220446049250313e-16,0.4972253659201005,0.5083491237716532,0.24807282999397026,2.220446049250313e-16,2.220446049250313e-16,0.4862885413526052,0.245467089363326,2.220446049250313e-16,2.220446049250313e-16,0.40685965812957264,2.220446049250313e-16,2.220446049250313e-16,2.220446049250313e-16,2.220446049250313e-16
27.0,0.039544493346934106,0.2101670538880928,0.5665467107167813,2.220446049250313e-16,0.007919582763761984,0.23473736455515332,2.220446049250313e-16,0.26255665551855634,0.016610536867869435,2.220446049250313e-16,0.40268107434100586,2.220446049250313e-16,2.220446049250313e-16,0.4811916642891247,2.220446049250313e-16
28.0,0.1427726807760063,0.5363174679414943,0.5278049450322823,0.497949603113872,2.220446049250313e-16,0.0003803651265014737,0.48628854135260496,2.220446049250313e-16,2.220446049250313e-16,1.231653667943533e-16,0.011711451584309354,0.001127695129054539,2.220446049250313e-16,2.220446049250313e-16,2.220446049250313e-16
29.0,0.38887970359215757,2.220446049250313e-16,2.220446049250313e-16,2.220446049250313e-16,2.220446049250313e-16,5.551115123125783e-17,2.220446049250313e-16,0.002212655619725712,0.25263446122680794,2.220446049250313e-16,2.220446049250313e-16,0.5065708206430093,0.2585478926010285,0.4811916642891246,2.220446049250313e-16
30.0,0.22678844516269814,0.5461312107104255,0.28221456001909573,0.2526257045305531,0.1060244605469021,2.220446049250313e-16,0.4862885413526052,0.24546708936332595,2.220446049250313e-16,2.220446049250313e-16,2.220446049250313e-16,2.220446049250313e-16,2.220446049250313e-16,2.220446049250313e-16,2.220446049250313e-16
31.0,0.18382684077489636,2.220446049250313e-16,0.24553725254129805,2.220446049250313e-16,2.220446049250313e-16,9.71445146547012e-17,6.418476861114186e-17,0.011553389729498473,0.26114588543769895,2.220446049250313e-16,0.37612171729725985,0.24463189602961868,0.261716472143493,0.48119166428912463,2.220446049250313e-16
32.0,2.220446049250313e-16,0.5121085032916626,0.261912601903492,0.24804399526749488,2.220446049250313e-16,2.220446049250313e-16,0.48628854135260546,0.25961820586755924,2.220446049250313e-16,1.3877787807814457e-16,0.3749459680442629,0.24083913952400735,2.220446049250313e-16,2.220446049250313e-16,2.220446049250313e-16
33.0,0.18886902858120738,2.220446049250313e-16,0.26445234219237085,2.220446049250313e-16,2.220446049250313e-16,0.2897280176258172,2.220446049250313e-16,0.001833995309172875,0.26409519789746316,2.220446049250313e-16,2.220446049250313e-16,0.5140957183995032,0.1305220109096827,0.4811916642891247,2.220446049250313e-16
34.0,2.220446049250313e-16,0.510387669355654,0.28087521425773515,0.49261455077873684,2.220446049250313e-16,0.00040484417815010157,0.4862885413526053,0.004239931684054162,2.220446049250313e-16,2.220446049250313e-16,2.220446049250313e-16,0.5164083520247038,0.0007248781692012552,2.220446049250313e-16,2.220446049250313e-16
35.0,0.2358394690467437,0.0009228430356915396,0.5584742888137106,0.002518312025175041,2.220446049250313e-16,0.5244538273008497,0.48628854135260535,0.2626468881045078,0.007036848621377308,2.220446049250313e-16,0.009509394257570735,2.220446049250313e-16,2.220446049250313e-16,2.220446049250313e-16,2.220446049250313e-16
36.0,0.4389327971025241,0.021123882968957952,2.220446049250313e-16,0.0027442999361573382,0.0869920783548316,2.220446049250313e-16,0.48628854135260546,2.220446049250313e-16,0.49560604607242603,2.220446049250313e-16,2.220446049250313e-16,2.220446049250313e-16,0.23746049026222682,2.220446049250313e-16,2.220446049250313e-16
37.0,0.6605214565520571,0.0063701364983346775,2.220446049250313e-16,0.000827573472707335,0.06875005786264064,2.220446049250313e-16,0.48628854135260513,2.220446049250313e-16,2.220446049250313e-16,2.220446049250313e-16,2.220446049250313e-16,2.220446049250313e-16,0.3692501162617776,2.220446049250313e-16,2.220446049250313e-16
38.0,0.3553014108682124,0.012748033046236562,0.23088898009608716,0.003494721159236061,2.220446049250313e-16,2.220446049250313e-16,0.48628854135260513,2.220446049250313e-16,0.4985260399137022,1.3877787807814457e-17,0.03303000279535641,2.220446049250313e-16,0.23855023326944555,2.220446049250313e-16,2.220446049250313e-16
39.0,0.6605214565520571,0.0063701364983346775,2.220446049250313e-16,0.000827573472707335,0.06875005786264064,2.220446049250313e-16,0.48628854135260513,2.220446049250313e-16,2.220446049250313e-16,2.220446049250313e-16,2.220446049250313e-16,2.220446049250313e-16,0.3692501162617776,2.220446049250313e-16,2.220446049250313e-16
40.0,0.12582535577167467,0.5380611633941709,0.5271476496211388,0.25352768703326345,0.21716319347933924,2.220446049250313e-16,0.2526647213459402,0.24546708936332595,2.220446049250313e-16,2.220446049250313e-16,0.011758645361465756,2.220446049250313e-16,2.220446049250313e-16,2.220446049250313e-16,2.220446049250313e-16
41.0,0.39133037532767273,2.220446049250313e-16,0.20831938935972044,2.220446049250313e-16,2.220446049250313e-16,0.28972801762581724,2.220446049250313e-16,2.220446049250313e-16,0.25450604841187274,2.220446049250313e-16,0.4284017778309229,2.220446049250313e-16,0.12319445371459561,0.48119166428912463,2.220446049250313e-16
42.0,0.1427726807760063,0.5363174679414943,0.5278049450322823,0.497949603113872,2.220446049250313e-16,0.0003803651265014737,0.48628854135260496,2.220446049250313e-16,2.220446049250313e-16,1.231653667943533e-16,0.011711451584309354,0.001127695129054539,2.220446049250313e-16,2.220446049250313e-16,2.220446049250313e-16
43.0,0.039182481262359965,0.20895512784152187,0.5870132285717031,2.220446049250313e-16,0.007877398117986392,0.23473736455515326,2.220446049250313e-16,0.2532812238457331,0.01658409062204215,2.220446049250313e-16,0.007460299831575186,0.2578997502054368,0.0022512177719199783,0.48119166428912463,2.220446049250313e-16
44.0,2.220446049250313e-16,0.510387669355654,0.28087521425773515,0.49261455077873684,2.220446049250313e-16,0.00040484417815010157,0.4862885413526053,0.004239931684054162,2.220446049250313e-16,2.220446049250313e-16,2.220446049250313e-16,0.5164083520247038,0.0007248781692012552,2.220446049250313e-16,2.220446049250313e-16
45.0,2.220446049250313e-16,0.5121085032916627,0.2619126019034919,0.2480439952674948,2.220446049250313e-16,2.220446049250313e-16,2.220446049250313e-16,0.2596182058675589,2.220446049250313e-16,2.220446049250313e-16,0.37494596804426295,0.24083913952400665,2.220446049250313e-16,0.4811916642891247,2.220446049250313e-16
46.0,2.220446049250313e-16,0.510387669355654,0.28087521425773515,0.49261455077873684,2.220446049250313e-16,0.00040484417815010157,0.4862885413526053,0.004239931684054162,2.220446049250313e-16,2.220446049250313e-16,2.220446049250313e-16,0.5164083520247038,0.0007248781692012552,2.220446049250313e-16,2.220446049250313e-16
47.0,0.185527896626932,2.220446049250313e-16,0.49110782263114444,2.220446049250313e-16,2.220446049250313e-16,0.28972801762581707,0.4862885413526048,2.220446049250313e-16,0.2629093987259971,2.220446049250313e-16,0.4080975826762983,2.220446049250313e-16,0.12988052064359798,2.220446049250313e-16,2.220446049250313e-16
48.0,2.220446049250313e-16,0.4972253659201005,0.5083491237716532,0.24807282999397026,2.220446049250313e-16,2.220446049250313e-16,0.4862885413526052,0.245467089363326,2.220446049250313e-16,2.220446049250313e-16,0.40685965812957264,2.220446049250313e-16,2.220446049250313e-16,2.220446049250313e-16,2.220446049250313e-16
49.0,0.039544493346934245,0.21016705388809329,0.566546710716781,2.220446049250313e-16,0.007919582763762152,0.23473736455515323,0.4862885413526049,0.26255665551855656,0.01661053686786919,2.220446049250313e-16,0.4026810743410059,2.220446049250313e-16,2.220446049250313e-16,2.220446049250313e-16,2.220446049250313e-16
50.0,0.17031911024194532,0.5035308041766998,0.22578093431528531,2.220446049250313e-16,2.220446049250313e-16,2.220446049250313e-16,2.220446049250313e-16,0.5081803001881585,2.220446049250313e-16,2.220446049250313e-16,0.42714803978945676,2.220446049250313e-16,2.220446049250313e-16,0.4811916642891247,2.220446049250313e-16
51.0,0.22678844516269814,0.5461312107104255,0.28221456001909573,0.2526257045305531,0.1060244605469021,2.220446049250313e-16,0.4862885413526052,0.24546708936332595,2.220446049250313e-16,2.220446049250313e-16,2.220446049250313e-16,2.220446049250313e-16,2.220446049250313e-16,2.220446049250313e-16,2.220446049250313e-16
52.0,0.4273268275370063,0.20159835266951684,0.2807791262559914,2.220446049250313e-16,2.220446049250313e-16,0.23473736455515332,0.4862885413526053,2.220446049250313e-16,0.030906949657002657,2.220446049250313e-16,0.4231991723998069,2.220446049250313e-16,2.220446049250313e-16,2.220446049250313e-16,2.220446049250313e-16
53.0,2.220446049250313e-16,0.497811326765217,0.5083144312875837,2.220446049250313e-16,2.220446049250313e-16,2.220446049250313e-16,2.220446049250313e-16,0.5081803001881584,2.220446049250313e-16,2.220446049250313e-16,0.406862149048168,2.220446049250313e-16,2.220446049250313e-16,0.48119166428912463,2.220446049250313e-16
54.0,0.039544493346934245,0.21016705388809329,0.566546710716781,2.220446049250313e-16,0.007919582763762152,0.23473736455515323,0.4862885413526049,0.26255665551855656,0.01661053686786919,2.220446049250313e-16,0.4026810743410059,2.220446049250313e-16,2.220446049250313e-16,2.220446049250313e-16,2.220446049250313e-16
55.0,0.18552789662693225,2.220446049250313e-16,0.49110782263114433,2.220446049250313e-16,2.220446049250313e-16,0.2897280176258171,2.220446049250313e-16,2.220446049250313e-16,0.2629093987259973,2.220446049250313e-16,0.4080975826762976,2.220446049250313e-16,0.12988052064359795,0.48119166428912463,2.220446049250313e-16
56.0,2.220446049250313e-16,0.4972253659201005,0.5083491237716532,0.24807282999397032,2.220446049250313e-16,2.220446049250313e-16,0.4862885413526052,0.245467089363326,2.220446049250313e-16,2.220446049250313e-16,0.40685965812957264,2.220446049250313e-16,2.220446049250313e-16,2.220446049250313e-16,2.220446049250313e-16
57.0,0.039544493346934245,0.21016705388809329,0.566546710716781,2.220446049250313e-16,0.007919582763762152,0.23473736455515323,0.4862885413526049,0.26255665551855656,0.01661053686786919,2.220446049250313e-16,0.4026810743410059,2.220446049250313e-16,2.220446049250313e-16,2.220446049250313e-16,2.220446049250313e-16
58.0,2.220446049250313e-16,2.220446049250313e-16,0.25101372011175666,2.220446049250313e-16,2.220446049250313e-16,0.5244653821809702,0.4862885413526056,0.5226640645950914,2.220446049250313e-16,5.551115123125783e-17,0.3757285072036853,0.2315902432265275,2.220446049250313e-16,2.220446049250313e-16,2.220446049250313e-16
59.0,0.3697720149770169,2.220446049250313e-16,0.5121973757380072,0.0022609942571122756,2.220446049250313e-16,0.2897176434079649,0.4862885413526056,2.220446049250313e-16,0.2537340556126031,2.220446049250313e-16,0.012832074267402653,2.220446049250313e-16,0.1238948371166521,2.220446049250313e-16,2.220446049250313e-16
60.0,0.40673024281311326,0.30419002276135165,2.220446049250313e-16,0.24590996071988483,0.5425691893953898,0.2912648271576128,2.220446049250313e-16,0.2627132108248325,2.220446049250313e-16,2.220446049250313e-16,2.220446049250313e-16,2.220446049250313e-16,2.220446049250313e-16,2.220446049250313e-16,2.220446049250313e-16
61.0,0.03671712600621299,2.220446049250313e-16,2.220446049250313e-16,2.220446049250313e-16,0.5726611457880805,2.220446049250313e-16,2.220446049250313e-16,2.220446049250313e-16,2.220446049250313e-16,2.220446049250313e-16,0.39375127956632205,2.220446049250313e-16,0.6154798104336427,2.220446049250313e-16,2.220446049250313e-16
62.0,0.03671712600621299,2.220446049250313e-16,2.220446049250313e-16,2.220446049250313e-16,0.5726611457880805,2.220446049250313e-16,2.220446049250313e-16,2.220446049250313e-16,2.220446049250313e-16,2.220446049250313e-16,0.39375127956632205,2.220446049250313e-16,0.6154798104336427,2.220446049250313e-16,2.220446049250313e-16
63.0,0.643765564449716,0.0060419258904544915,0.023907353279256364,0.0009753080925402545,0.5342150253673094,2.220446049250313e-16,2.220446049250313e-16,2.220446049250313e-16,0.50857464833303,2.220446049250313e-16,2.220446049250313e-16,2.220446049250313e-16,2.220446049250313e-16,2.220446049250313e-16,2.220446049250313e-16
64.0,0.643765564449716,0.0060419258904544915,0.023907353279256364,0.0009753080925402545,0.5342150253673094,2.220446049250313e-16,2.220446049250313e-16,2.220446049250313e-16,0.50857464833303,2.220446049250313e-16,2.220446049250313e-16,2.220446049250313e-16,2.220446049250313e-16,2.220446049250313e-16,2.220446049250313e-16
65.0,0.6605214565520571,0.0063701364983346775,2.220446049250313e-16,0.000827573472707335,0.06875005786264064,2.220446049250313e-16,0.48628854135260513,2.220446049250313e-16,2.220446049250313e-16,2.220446049250313e-16,2.220446049250313e-16,2.220446049250313e-16,0.3692501162617776,2.220446049250313e-16,2.220446049250313e-16
66.0,2.220446049250313e-16,2.220446049250313e-16,2.220446049250313e-16,0.4915552494671411,2.220446049250313e-16,0.5248750867972034,2.220446049250313e-16,0.004408384792445222,2.220446049250313e-16,0.5474943541489187,2.220446049250313e-16,0.5117247050879515,0.0007758294099668987,2.220446049250313e-16,2.220446049250313e-16
67.0,2.220446049250313e-16,2.220446049250313e-16,2.220446049250313e-16,0.4915552494671411,2.220446049250313e-16,0.5248750867972034,2.220446049250313e-16,0.004408384792445222,2.220446049250313e-16,0.5474943541489187,2.220446049250313e-16,0.5117247050879515,0.0007758294099668987,2.220446049250313e-16,2.220446049250313e-16
68.0,2.220446049250313e-16,2.220446049250313e-16,2.220446049250313e-16,2.220446049250313e-16,2.220446049250313e-16,2.220446049250313e-16,2.220446049250313e-16,0.5238799117497818,0.49608387106438745,0.5474943541489188,2.220446049250313e-16,2.220446049250313e-16,2.220446049250313e-16,2.220446049250313e-16,0.4703790213148043
69.0,2.220446049250313e-16,2.220446049250313e-16,2.220446049250313e-16,2.220446049250313e-16,2.220446049250313e-16,2.220446049250313e-16,2.220446049250313e-16,0.5238799117497818,0.49608387106438745,0.5474943541489188,2.220446049250313e-16,2.220446049250313e-16,2.220446049250313e-16,2.220446049250313e-16,0.4703790213148043
70.0,0.24141779586437653,0.3146106579504818,2.220446049250313e-16,0.4963816844235771,0.10569682858784366,0.29011557690154,2.220446049250313e-16,2.220446049250313e-16,2.220446049250313e-16,0.5474943541489188,2.220446049250313e-16,2.220446049250313e-16,2.220446049250313e-16,2.220446049250313e-16,2.220446049250313e-16
71.0,2.220446049250313e-16,2.220446049250313e-16,2.220446049250313e-16,2.220446049250313e-16,2.220446049250313e-16,2.220446049250313e-16,2.220446049250313e-16,0.01741725178788118,0.010635742052178543,2.220446049250313e-16,2.220446049250313e-16,2.220446049250313e-16,0.6158410204328642,0.48119166428912463,0.5218050809743636
72.0,2.220446049250313e-16,2.220446049250313e-16,2.220446049250313e-16,2.220446049250313e-16,2.220446049250313e-16,2.220446049250313e-16,2.220446049250313e-16,0.01741725178788118,0.010635742052178543,2.220446049250313e-16,2.220446049250313e-16,2.220446049250313e-16,0.6158410204328642,0.48119166428912463,0.5218050809743636
73.0,2.220446049250313e-16,2.220446049250313e-16,0.21470994566063287,2.220446049250313e-16,0.22710658654164947,2.220446049250313e-16,0.25266472134594037,2.220446049250313e-16,0.2405608961396456,2.220446049250313e-16,0.4279429362129001,2.220446049250313e-16,0.49676696180208063,2.220446049250313e-16,2.220446049250313e-16
74.0,2.220446049250313e-16,2.220446049250313e-16,0.21470994566063287,2.220446049250313e-16,0.22710658654164947,2.220446049250313e-16,0.25266472134594037,2.220446049250313e-16,0.2405608961396456,2.220446049250313e-16,0.4279429362129001,2.220446049250313e-16,0.49676696180208063,2.220446049250313e-16,2.220446049250313e-16
75.0,2.220446049250313e-16,2.220446049250313e-16,2.220446049250313e-16,2.220446049250313e-16,2.220446049250313e-16,2.220446049250313e-16,2.220446049250313e-16,0.01741725178788118,0.010635742052178543,2.220446049250313e-16,2.220446049250313e-16,2.220446049250313e-16,0.6158410204328642,0.48119166428912463,0.5218050809743636
76.0,2.220446049250313e-16,2.220446049250313e-16,2.220446049250313e-16,2.220446049250313e-16,2.220446049250313e-16,2.220446049250313e-16,2.220446049250313e-16,0.01741725178788118,0.010635742052178543,2.220446049250313e-16,2.220446049250313e-16,2.220446049250313e-16,0.6158410204328642,0.48119166428912463,0.5218050809743636
77.0,2.220446049250313e-16,2.220446049250313e-16,2.220446049250313e-16,0.4915552494671411,2.220446049250313e-16,0.5248750867972034,2.220446049250313e-16,2.220446049250313e-16,2.220446049250313e-16,0.5474943541489188,2.220446049250313e-16,0.2666552228446365,0.00344182758679624,2.220446049250313e-16,0.31676111767057274
78.0,2.220446049250313e-16,2.220446049250313e-16,2.220446049250313e-16,0.4915552494671411,2.220446049250313e-16,0.5248750867972034,2.220446049250313e-16,2.220446049250313e-16,2.220446049250313e-16,0.5474943541489188,2.220446049250313e-16,0.2666552228446365,0.00344182758679624,2.220446049250313e-16,0.31676111767057274
79.0,2.220446049250313e-16,2.220446049250313e-16,2.220446049250313e-16,2.220446049250313e-16,2.220446049250313e-16,2.220446049250313e-16,2.220446049250313e-16,0.5238799117497818,0.49608387106438745,0.5474943541489188,2.220446049250313e-16,2.220446049250313e-16,2.220446049250313e-16,2.220446049250313e-16,0.4703790213148043
80.0,2.220446049250313e-16,2.220446049250313e-16,2.220446049250313e-16,2.220446049250313e-16,2.220446049250313e-16,2.220446049250313e-16,2.220446049250313e-16,0.5238799117497818,0.49608387106438745,0.5474943541489188,2.220446049250313e-16,2.220446049250313e-16,2.220446049250313e-16,2.220446049250313e-16,0.4703790213148043
81.0,0.40673024281311326,0.30419002276135165,2.220446049250313e-16,0.24590996071988483,0.5425691893953898,0.2912648271576128,2.220446049250313e-16,0.2627132108248325,2.220446049250313e-16,2.220446049250313e-16,2.220446049250313e-16,2.220446049250313e-16,2.220446049250313e-16,2.220446049250313e-16,2.220446049250313e-16
82.0,0.03671712600621299,2.220446049250313e-16,2.220446049250313e-16,2.220446049250313e-16,0.5726611457880805,2.220446049250313e-16,2.220446049250313e-16,2.220446049250313e-16,2.220446049250313e-16,2.220446049250313e-16,0.39375127956632205,2.220446049250313e-16,0.6154798104336427,2.220446049250313e-16,2.220446049250313e-16
83.0,0.03671712600621299,2.220446049250313e-16,2.220446049250313e-16,2.220446049250313e-16,0.5726611457880805,2.220446049250313e-16,2.220446049250313e-16,2.220446049250313e-16,2.220446049250313e-16,2.220446049250313e-16,0.39375127956632205,2.220446049250313e-16,0.6154798104336427,2.220446049250313e-16,2.220446049250313e-16
84.0,0.643765564449716,0.0060419258904544915,0.023907353279256364,0.0009753080925402545,0.5342150253673094,2.220446049250313e-16,2.220446049250313e-16,2.220446049250313e-16,0.50857464833303,2.220446049250313e-16,2.220446049250313e-16,2.220446049250313e-16,2.220446049250313e-16,2.220446049250313e-16,2.220446049250313e-16
85.0,0.643765564449716,0.0060419258904544915,0.023907353279256364,0.0009753080925402545,0.5342150253673094,2.220446049250313e-16,2.220446049250313e-16,2.220446049250313e-16,0.50857464833303,2.220446049250313e-16,2.220446049250313e-16,2.220446049250313e-16,2.220446049250313e-16,2.220446049250313e-16,2.220446049250313e-16
86.0,0.6605214565520571,0.0063701364983346775,2.220446049250313e-16,0.000827573472707335,0.06875005786264064,2.220446049250313e-16,0.48628854135260513,2.220446049250313e-16,2.220446049250313e-16,2.220446049250313e-16,2.220446049250313e-16,2.220446049250313e-16,0.3692501162617776,2.220446049250313e-16,2.220446049250313e-16
87.0,0.24141779586437653,0.3146106579504818,2.220446049250313e-16,0.4963816844235771,0.10569682858784366,0.29011557690154,2.220446049250313e-16,2.220446049250313e-16,2.220446049250313e-16,0.5474943541489188,2.220446049250313e-16,2.220446049250313e-16,2.220446049250313e-16,2.220446049250313e-16,2.220446049250313e-16
88.0,2.220446049250313e-16,2.220446049250313e-16,2.220446049250313e-16,2.220446049250313e-16,2.220446049250313e-16,2.220446049250313e-16,2.220446049250313e-16,0.01741725178788118,0.010635742052178543,2.220446049250313e-16,2.220446049250313e-16,2.220446049250313e-16,0.6158410204328642,0.48119166428912463,0.5218050809743636
89.0,2.220446049250313e-16,2.220446049250313e-16,2.220446049250313e-16,2.220446049250313e-16,2.220446049250313e-16,2.220446049250313e-16,2.220446049250313e-16,0.01741725178788118,0.010635742052178543,2.220446049250313e-16,2.220446049250313e-16,2.220446049250313e-16,0.6158410204328642,0.48119166428912463,0.5218050809743636
90.0,2.220446049250313e-16,2.220446049250313e-16,0.21470994566063287,2.220446049250313e-16,0.22710658654164947,2.220446049250313e-16,0.25266472134594037,2.220446049250313e-16,0.2405608961396456,2.220446049250313e-16,0.4279429362129001,2.220446049250313e-16,0.49676696180208063,2.220446049250313e-16,2.220446049250313e-16
91.0,2.220446049250313e-16,2.220446049250313e-16,0.21470994566063287,2.220446049250313e-16,0.22710658654164947,2.220446049250313e-16,0.25266472134594037,2.220446049250313e-16,0.2405608961396456,2.220446049250313e-16,0.4279429362129001,2.220446049250313e-16,0.49676696180208063,2.220446049250313e-16,2.220446049250313e-16
92.0,2.220446049250313e-16,2.220446049250313e-16,2.220446049250313e-16,2.220446049250313e-16,2.220446049250313e-16,2.220446049250313e-16,2.220446049250313e-16,0.01741725178788118,0.010635742052178543,2.220446049250313e-16,2.220446049250313e-16,2.220446049250313e-16,0.6158410204328642,0.48119166428912463,0.5218050809743636
93.0,2.220446049250313e-16,2.220446049250313e-16,2.220446049250313e-16,2.220446049250313e-16,2.220446049250313e-16,2.220446049250313e-16,2.220446049250313e-16,0.01741725178788118,0.010635742052178543,2.220446049250313e-16,2.220446049250313e-16,2.220446049250313e-16,0.6158410204328642,0.48119166428912463,0.5218050809743636
94.0,0.2084310647444558,0.5636530372772249,0.0027936093880312554,0.497320221541642,0.3298820962176463,0.0003832529452223453,2.220446049250313e-16,2.220446049250313e-16,2.220446049250313e-16,0.36520524423234063,2.220446049250313e-16,2.220446049250313e-16,2.220446049250313e-16,2.220446049250313e-16,2.220446049250313e-16
95.0,2.220446049250313e-16,2.220446049250313e-16,2.220446049250313e-16,2.220446049250313e-16,2.220446049250313e-16,2.220446049250313e-16,2.220446049250313e-16,0.01741725178788118,0.010635742052178543,2.220446049250313e-16,2.220446049250313e-16,2.220446049250313e-16,0.6158410204328642,0.48119166428912463,0.5218050809743636
96.0,2.220446049250313e-16,2.220446049250313e-16,2.220446049250313e-16,2.220446049250313e-16,2.220446049250313e-16,2.220446049250313e-16,2.220446049250313e-16,0.01741725178788118,0.010635742052178543,2.220446049250313e-16,2.220446049250313e-16,2.220446049250313e-16,0.6158410204328642,0.48119166428912463,0.5218050809743636
97.0,2.220446049250313e-16,2.220446049250313e-16,2.220446049250313e-16,2.220446049250313e-16,2.220446049250313e-16,2.220446049250313e-16,2.220446049250313e-16,0.01741725178788118,0.010635742052178543,2.220446049250313e-16,2.220446049250313e-16,2.220446049250313e-16,0.6158410204328642,0.48119166428912463,0.5218050809743636
98.0,2.220446049250313e-16,2.220446049250313e-16,2.220446049250313e-16,2.220446049250313e-16,2.220446049250313e-16,2.220446049250313e-16,2.220446049250313e-16,0.01741725178788118,0.010635742052178543,2.220446049250313e-16,2.220446049250313e-16,2.220446049250313e-16,0.6158410204328642,0.48119166428912463,0.5218050809743636
99.0,2.220446049250313e-16,2.220446049250313e-16,0.21470994566063287,2.220446049250313e-16,0.22710658654164947,2.220446049250313e-16,0.25266472134594037,2.220446049250313e-16,0.2405608961396456,2.220446049250313e-16,0.4279429362129001,2.220446049250313e-16,0.49676696180208063,2.220446049250313e-16,2.220446049250313e-16
100.0,2.220446049250313e-16,2.220446049250313e-16,0.21470994566063287,2.220446049250313e-16,0.22710658654164947,2.220446049250313e-16,0.25266472134594037,2.220446049250313e-16,0.2405608961396456,2.220446049250313e-16,0.4279429362129001,2.220446049250313e-16,0.49676696180208063,2.220446049250313e-16,2.220446049250313e-16
101.0,2.220446049250313e-16,0.24435517836832213,0.02488139412460301,0.4922132745040909,0.4509516815768345,0.2351440499266148,2.220446049250313e-16,0.0174258593053869,0.009427418472146516,0.17595838688981275,2.220446049250313e-16,2.220446049250313e-16,2.220446049250313e-16,2.220446049250313e-16,0.5218551261985499
102.0,2.220446049250313e-16,0.24435517836832213,0.02488139412460301,0.4922132745040909,0.4509516815768345,0.2351440499266148,2.220446049250313e-16,0.0174258593053869,0.009427418472146516,0.17595838688981275,2.220446049250313e-16,2.220446049250313e-16,2.220446049250313e-16,2.220446049250313e-16,0.5218551261985499
103.0,2.220446049250313e-16,2.220446049250313e-16,2.220446049250313e-16,2.220446049250313e-16,2.220446049250313e-16,2.220446049250313e-16,2.220446049250313e-16,0.5238799117497818,0.49608387106438745,0.5474943541489188,2.220446049250313e-16,2.220446049250313e-16,2.220446049250313e-16,2.220446049250313e-16,0.4703790213148043
104.0,2.220446049250313e-16,2.220446049250313e-16,2.220446049250313e-16,2.220446049250313e-16,2.220446049250313e-16,2.220446049250313e-16,2.220446049250313e-16,0.5238799117497818,0.49608387106438745,0.5474943541489188,2.220446049250313e-16,2.220446049250313e-16,2.220446049250313e-16,2.220446049250313e-16,0.4703790213148043
105.0,2.220446049250313e-16,2.220446049250313e-16,2.220446049250313e-16,0.4915552494671411,2.220446049250313e-16,0.5248750867972034,2.220446049250313e-16,2.220446049250313e-16,2.220446049250313e-16,0.5474943541489188,2.220446049250313e-16,0.2666552228446365,0.00344182758679624,2.220446049250313e-16,0.31676111767057274
106.0,2.220446049250313e-16,2.220446049250313e-16,2.220446049250313e-16,0.4915552494671411,2.220446049250313e-16,0.5248750867972034,2.220446049250313e-16,2.220446049250313e-16,2.220446049250313e-16,0.5474943541489188,2.220446049250313e-16,0.2666552228446365,0.00344182758679624,2.220446049250313e-16,0.31676111767057274
107.0,2.220446049250313e-16,2.220446049250313e-16,2.220446049250313e-16,2.220446049250313e-16,2.220446049250313e-16,2.220446049250313e-16,2.220446049250313e-16,0.5238799117497818,0.49608387106438745,0.5474943541489188,2.220446049250313e-16,2.220446049250313e-16,2.220446049250313e-16,2.220446049250313e-16,0.4703790213148043
108.0,2.220446049250313e-16,2.220446049250313e-16,2.220446049250313e-16,2.220446049250313e-16,2.220446049250313e-16,2.220446049250313e-16,2.220446049250313e-16,0.5238799117497818,0.49608387106438745,0.5474943541489188,2.220446049250313e-16,2.220446049250313e-16,2.220446049250313e-16,2.220446049250313e-16,0.4703790213148043
109.0,0.40673024281311326,0.30419002276135165,2.220446049250313e-16,0.24590996071988483,0.5425691893953898,0.2912648271576128,2.220446049250313e-16,0.2627132108248325,2.220446049250313e-16,2.220446049250313e-16,2.220446049250313e-16,2.220446049250313e-16,2.220446049250313e-16,2.220446049250313e-16,2.220446049250313e-16
110.0,0.03671712600621299,2.220446049250313e-16,2.220446049250313e-16,2.220446049250313e-16,0.5726611457880805,2.220446049250313e-16,2.220446049250313e-16,2.220446049250313e-16,2.220446049250313e-16,2.220446049250313e-16,0.39375127956632205,2.220446049250313e-16,0.6154798104336427,2.220446049250313e-16,2.220446049250313e-16
111.0,0.03671712600621299,2.220446049250313e-16,2.220446049250313e-16,2.220446049250313e-16,0.5726611457880805,2.220446049250313e-16,2.220446049250313e-16,2.220446049250313e-16,2.220446049250313e-16,2.220446049250313e-16,0.39375127956632205,2.220446049250313e-16,0.6154798104336427,2.220446049250313e-16,2.220446049250313e-16
112.0,0.643765564449716,0.0060419258904544915,0.023907353279256364,0.0009753080925402545,0.5342150253673094,2.220446049250313e-16,2.220446049250313e-16,2.220446049250313e-16,0.50857464833303,2.220446049250313e-16,2.220446049250313e-16,2.220446049250313e-16,2.220446049250313e-16,2.220446049250313e-16,2.220446049250313e-16
113.0,0.643765564449716,0.0060419258904544915,0.023907353279256364,0.0009753080925402545,0.5342150253673094,2.220446049250313e-16,2.220446049250313e-16,2.220446049250313e-16,0.50857464833303,2.220446049250313e-16,2.220446049250313e-16,2.220446049250313e-16,2.220446049250313e-16,2.220446049250313e-16,2.220446049250313e-16
114.0,0.6605214565520571,0.0063701364983346775,2.220446049250313e-16,0.000827573472707335,0.06875005786264064,2.220446049250313e-16,0.48628854135260513,2.220446049250313e-16,2.220446049250313e-16,2.220446049250313e-16,2.220446049250313e-16,2.220446049250313e-16,0.3692501162617776,2.220446049250313e-16,2.220446049250313e-16
115.0,0.1461202488611894,0.5530099995513125,0.24771770563436155,0.49788787369092047,2.220446049250313e-16,0.00038064836228474206,2.220446049250313e-16,2.220446049250313e-16,2.220446049250313e-16,0.5474943541489188,0.03182170115592952,2.220446049250313e-16,2.220446049250313e-16,2.220446049250313e-16,2.220446049250313e-16
116.0,0.1274700345008243,2.220446049250313e-16,0.24482339532546804,2.220446049250313e-16,0.43871652255584714,0.28972801762581724,2.220446049250313e-16,0.2571176850701183,0.26402712709034026,1.214306433183765e-17,0.3761729722091214,0.24117415627078218,2.220446049250313e-16,2.220446049250313e-16,2.220446049250313e-16
117.0,2.220446049250313e-16,2.220446049250313e-16,2.220446049250313e-16,2.220446049250313e-16,2.220446049250313e-16,2.220446049250313e-16,2.220446049250313e-16,0.01741725178788118,0.010635742052178543,2.220446049250313e-16,2.220446049250313e-16,2.220446049250313e-16,0.6158410204328642,0.48119166428912463,0.5218050809743636
118.0,0.1274700345008243,2.220446049250313e-16,0.24482339532546804,2.220446049250313e-16,0.43871652255584714,0.28972801762581724,2.220446049250313e-16,0.2571176850701183,0.26402712709034026,1.214306433183765e-17,0.3761729722091214,0.24117415627078218,2.220446049250313e-16,2.220446049250313e-16,2.220446049250313e-16
119.0,0.3880146208424064,2.220446049250313e-16,2.220446049250313e-16,2.220446049250313e-16,2.220446049250313e-16,2.220446049250313e-16,0.48628854135260524,0.04749268454185635,0.2743525278335957,2.220446049250313e-16,6.938893903907228e-18,0.23829562514282066,0.25515179257506576,2.220446049250313e-16,0.19215891455706235
120.0,2.220446049250313e-16,2.220446049250313e-16,2.220446049250313e-16,2.220446049250313e-16,2.220446049250313e-16,2.220446049250313e-16,2.220446049250313e-16,0.01741725178788118,0.010635742052178543,2.220446049250313e-16,2.220446049250313e-16,2.220446049250313e-16,0.6158410204328642,0.48119166428912463,0.5218050809743636
121.0,0.3880146208424064,2.220446049250313e-16,2.220446049250313e-16,2.220446049250313e-16,2.220446049250313e-16,2.220446049250313e-16,0.48628854135260524,0.04749268454185635,0.2743525278335957,2.220446049250313e-16,6.938893903907228e-18,0.23829562514282066,0.25515179257506576,2.220446049250313e-16,0.19215891455706235
122.0,0.24141779586437653,0.3146106579504818,2.220446049250313e-16,0.4963816844235771,0.10569682858784366,0.29011557690154,2.220446049250313e-16,2.220446049250313e-16,2.220446049250313e-16,0.5474943541489188,2.220446049250313e-16,2.220446049250313e-16,2.220446049250313e-16,2.220446049250313e-16,2.220446049250313e-16
123.0,2.220446049250313e-16,2.220446049250313e-16,2.220446049250313e-16,2.220446049250313e-16,2.220446049250313e-16,2.220446049250313e-16,2.220446049250313e-16,2.220446049250313e-16,2.220446049250313e-16,2.220446049250313e-16,2.220446049250313e-16,0.25415179072797245,0.6194188671066637,0.4811916642891246,0.31676111767057274
124.0,2.220446049250313e-16,2.220446049250313e-16,2.220446049250313e-16,2.220446049250313e-16,2.220446049250313e-16,2.220446049250313e-16,2.220446049250313e-16,2.220446049250313e-16,2.220446049250313e-16,2.220446049250313e-16,2.220446049250313e-16,0.25415179072797245,0.6194188671066637,0.4811916642891246,0.31676111767057274
125.0,2.220446049250313e-16,2.220446049250313e-16,2.220446049250313e-16,2.220446049250313e-16,2.220446049250313e-16,2.220446049250313e-16,2.220446049250313e-16,2.220446049250313e-16,2.220446049250313e-16,2.220446049250313e-16,2.220446049250313e-16,0.25415179072797245,0.6194188671066637,0.4811916642891246,0.31676111767057274
126.0,2.220446049250313e-16,2.220446049250313e-16,2.220446049250313e-16,2.220446049250313e-16,2.220446049250313e-16,2.220446049250313e-16,2.220446049250313e-16,2.220446049250313e-16,2.220446049250313e-16,2.220446049250313e-16,2.220446049250313e-16,0.25415179072797245,0.6194188671066637,0.4811916642891246,0.31676111767057274
127.0,2.220446049250313e-16,2.220446049250313e-16,2.220446049250313e-16,2.220446049250313e-16,2.220446049250313e-16,2.220446049250313e-16,2.220446049250313e-16,2.220446049250313e-16,2.220446049250313e-16,2.220446049250313e-16,2.220446049250313e-16,0.25415179072797245,0.6194188671066637,0.4811916642891246,0.31676111767057274
128.0,2.220446049250313e-16,2.220446049250313e-16,2.220446049250313e-16,2.220446049250313e-16,2.220446049250313e-16,2.220446049250313e-16,2.220446049250313e-16,2.220446049250313e-16,2.220446049250313e-16,2.220446049250313e-16,2.220446049250313e-16,0.25415179072797245,0.6194188671066637,0.4811916642891246,0.31676111767057274
129.0,2.220446049250313e-16,2.220446049250313e-16,2.220446049250313e-16,0.4915552494671411,2.220446049250313e-16,0.5248750867972034,2.220446049250313e-16,0.004408384792445222,2.220446049250313e-16,0.5474943541489187,2.220446049250313e-16,0.5117247050879515,0.0007758294099668987,2.220446049250313e-16,2.220446049250313e-16
130.0,2.220446049250313e-16,2.220446049250313e-16,2.220446049250313e-16,0.4915552494671411,2.220446049250313e-16,0.5248750867972034,2.220446049250313e-16,0.004408384792445222,2.220446049250313e-16,0.5474943541489187,2.220446049250313e-16,0.5117247050879515,0.0007758294099668987,2.220446049250313e-16,2.220446049250313e-16
131.0,2.220446049250313e-16,2.220446049250313e-16,2.220446049250313e-16,2.220446049250313e-16,2.220446049250313e-16,2.220446049250313e-16,2.220446049250313e-16,0.5238799117497818,0.49608387106438745,0.5474943541489188,2.220446049250313e-16,2.220446049250313e-16,2.220446049250313e-16,2.220446049250313e-16,0.4703790213148043
132.0,2.220446049250313e-16,2.220446049250313e-16,2.220446049250313e-16,2.220446049250313e-16,2.220446049250313e-16,2.220446049250313e-16,2.220446049250313e-16,0.5238799117497818,0.49608387106438745,0.5474943541489188,2.220446049250313e-16,2.220446049250313e-16,2.220446049250313e-16,2.220446049250313e-16,0.4703790213148043
133.0,0.10419098816906561,0.5389610953718293,0.5265665096208182,0.49828319313855046,0.4403856130589737,0.00037883450094456647,4.163336342344337e-17,2.220446049250313e-16,2.220446049250313e-16,2.220446049250313e-16,0.011800371183990318,0.0011454940242409792,2.220446049250313e-16,2.220446049250313e-16,2.220446049250313e-16
134.0,0.3307570029979246,2.220446049250313e-16,0.20772097398292022,2.220446049250313e-16,0.4214198556080934,0.28972801762581724,2.220446049250313e-16,0.24306909667550836,0.2544273132439448,2.220446049250313e-16,0.4284447440246016,2.220446049250313e-16,2.220446049250313e-16,2.220446049250313e-16,2.220446049250313e-16
135.0,0.3681715652093293,2.220446049250313e-16,0.2283513884410847,2.220446049250313e-16,0.19608140445243366,5.551115123125783e-17,0.25266472134594,2.220446049250313e-16,0.2518351240231529,2.220446049250313e-16,0.03321220174737763,0.25813306280369896,0.26160208002006247,2.220446049250313e-16,2.220446049250313e-16
136.0,0.3558555897817594,2.220446049250313e-16,0.5508519787504301,0.003514554219233642,0.430749759245547,2.220446049250313e-16,2.220446049250313e-16,2.220446049250313e-16,0.5197818234838495,2.220446049250313e-16,0.01005667573320752,0.0007964612724530877,2.220446049250313e-16,2.220446049250313e-16,2.220446049250313e-16
137.0,0.13722063990204578,0.010057977971054177,0.5159377294337848,0.0033663961586138623,0.43758687267712726,0.5244499359997001,2.220446049250313e-16,0.5081803001881585,2.220446049250313e-16,2.220446049250313e-16,0.012563517061904957,2.220446049250313e-16,2.220446049250313e-16,2.220446049250313e-16,2.220446049250313e-16
138.0,0.5753249040254483,2.220446049250313e-16,0.23118298913457735,0.0015878492877576028,2.220446049250313e-16,2.220446049250313e-16,0.48628854135260524,2.220446049250313e-16,2.220446049250313e-16,2.220446049250313e-16,0.03300889296131654,2.220446049250313e-16,0.3703608245655255,2.220446049250313e-16,2.220446049250313e-16
139.0,2.220446049250313e-16,2.220446049250313e-16,0.2697767609997931,0.49155524946714096,2.220446049250313e-16,0.5248750867972033,6.440160904563896e-17,0.004234186129864061,2.220446049250313e-16,0.37153596725910604,2.220446049250313e-16,0.5165681006190681,0.0007231403377199607,2.220446049250313e-16,2.220446049250313e-16
140.0,2.220446049250313e-16,2.220446049250313e-16,0.2697767609997931,0.49155524946714096,2.220446049250313e-16,0.5248750867972033,6.440160904563896e-17,0.004234186129864061,2.220446049250313e-16,0.37153596725910604,2.220446049250313e-16,0.5165681006190681,0.0007231403377199607,2.220446049250313e-16,2.220446049250313e-16
141.0,2.220446049250313e-16,2.220446049250313e-16,2.220446049250313e-16,2.220446049250313e-16,2.220446049250313e-16,2.220446049250313e-16,2.220446049250313e-16,0.5562276815254644,0.5067279394705452,0.5474943541489188,2.498001805406602e-16,0.22528437254992767,2.220446049250313e-16,2.220446049250313e-16,0.15118554403663242
142.0,2.220446049250313e-16,2.220446049250313e-16,2.220446049250313e-16,2.220446049250313e-16,2.220446049250313e-16,2.220446049250313e-16,2.220446049250313e-16,0.5562276815254644,0.5067279394705452,0.5474943541489188,2.498001805406602e-16,0.22528437254992767,2.220446049250313e-16,2.220446049250313e-16,0.15118554403663242
143.0,0.39332425735631055,0.5520973985881731,2.220446049250313e-16,0.24667879584059527,0.5437193116325307,0.001533281852318329,2.220446049250313e-16,0.2627132108248325,2.220446049250313e-16,2.220446049250313e-16,2.220446049250313e-16,2.220446049250313e-16,2.220446049250313e-16,2.220446049250313e-16,2.220446049250313e-16
144.0,0.4353035470333249,2.220446049250313e-16,2.220446049250313e-16,2.220446049250313e-16,0.5390938841701778,2.220446049250313e-16,2.220446049250313e-16,2.220446049250313e-16,0.006723674735436838,2.220446049250313e-16,0.3937512795663221,2.220446049250313e-16,0.37579644542513596,2.220446049250313e-16,2.220446049250313e-16
145.0,0.4353035470333249,2.220446049250313e-16,2.220446049250313e-16,2.220446049250313e-16,0.5390938841701778,2.220446049250313e-16,2.220446049250313e-16,2.220446049250313e-16,0.006723674735436838,2.220446049250313e-16,0.3937512795663221,2.220446049250313e-16,0.37579644542513596,2.220446049250313e-16,2.220446049250313e-16
146.0,0.643765564449716,0.0060419258904544915,0.023907353279256364,0.0009753080925402545,0.5342150253673094,2.220446049250313e-16,2.220446049250313e-16,2.220446049250313e-16,0.50857464833303,2.220446049250313e-16,2.220446049250313e-16,2.220446049250313e-16,2.220446049250313e-16,2.220446049250313e-16,2.220446049250313e-16
147.0,0.643765564449716,0.0060419258904544915,0.023907353279256364,0.0009753080925402545,0.5342150253673094,2.220446049250313e-16,2.220446049250313e-16,2.220446049250313e-16,0.50857464833303,2.220446049250313e-16,2.220446049250313e-16,2.220446049250313e-16,2.220446049250313e-16,2.220446049250313e-16,2.220446049250313e-16
148.0,0.6605214565520571,0.0063701364983346775,2.220446049250313e-16,0.000827573472707335,0.06875005786264064,2.220446049250313e-16,0.48628854135260513,2.220446049250313e-16,2.220446049250313e-16,2.220446049250313e-16,2.220446049250313e-16,2.220446049250313e-16,0.3692501162617776,2.220446049250313e-16,2.220446049250313e-16
149.0,2.220446049250313e-16,2.220446049250313e-16,2.220446049250313e-16,0.4915552494671411,2.220446049250313e-16,0.5248750867972034,2.220446049250313e-16,0.004408384792445222,2.220446049250313e-16,0.5474943541489187,2.220446049250313e-16,0.5117247050879515,0.0007758294099668987,2.220446049250313e-16,2.220446049250313e-16
150.0,2.220446049250313e-16,2.220446049250313e-16,2.220446049250313e-16,0.4915552494671411,2.220446049250313e-16,0.5248750867972034,2.220446049250313e-16,0.004408384792445222,2.220446049250313e-16,0.5474943541489187,2.220446049250313e-16,0.5117247050879515,0.0007758294099668987,2.220446049250313e-16,2.220446049250313e-16
151.0,2.220446049250313e-16,2.220446049250313e-16,2.220446049250313e-16,2.220446049250313e-16,2.220446049250313e-16,2.220446049250313e-16,2.220446049250313e-16,0.5562276815254644,0.5067279394705452,0.5474943541489188,2.498001805406602e-16,0.22528437254992767,2.220446049250313e-16,2.220446049250313e-16,0.15118554403663242
152.0,2.220446049250313e-16,2.220446049250313e-16,2.220446049250313e-16,2.220446049250313e-16,2.220446049250313e-16,2.220446049250313e-16,2.220446049250313e-16,0.5562276815254644,0.5067279394705452,0.5474943541489188,2.498001805406602e-16,0.22528437254992767,2.220446049250313e-16,2.220446049250313e-16,0.15118554403663242
153.0,2.220446049250313e-16,2.220446049250313e-16,2.220446049250313e-16,0.4915552494671411,2.220446049250313e-16,0.5248750867972034,2.220446049250313e-16,2.220446049250313e-16,2.220446049250313e-16,0.5474943541489188,2.220446049250313e-16,0.2666552228446365,0.00344182758679624,2.220446049250313e-16,0.31676111767057274
154.0,2.220446049250313e-16,2.220446049250313e-16,2.220446049250313e-16,0.4915552494671411,2.220446049250313e-16,0.5248750867972034,2.220446049250313e-16,2.220446049250313e-16,2.220446049250313e-16,0.5474943541489188,2.220446049250313e-16,0.2666552228446365,0.00344182758679624,2.220446049250313e-16,0.31676111767057274
155.0,2.220446049250313e-16,2.220446049250313e-16,2.220446049250313e-16,2.220446049250313e-16,2.220446049250313e-16,2.220446049250313e-16,2.220446049250313e-16,0.5238799117497818,0.49608387106438745,0.5474943541489188,2.220446049250313e-16,2.220446049250313e-16,2.220446049250313e-16,2.220446049250313e-16,0.4703790213148043
156.0,2.220446049250313e-16,2.220446049250313e-16,2.220446049250313e-16,2.220446049250313e-16,2.220446049250313e-16,2.220446049250313e-16,2.220446049250313e-16,0.5238799117497818,0.49608387106438745,0.5474943541489188,2.220446049250313e-16,2.220446049250313e-16,2.220446049250313e-16,2.220446049250313e-16,0.4703790213148043
157.0,0.4465613005366411,0.301538003810789,2.220446049250313e-16,0.24556541867251383,0.08809721927237517,0.2912664080348085,2.220446049250313e-16,0.2627132108248325,2.220446049250313e-16,0.371535967259106,2.220446049250313e-16,2.220446049250313e-16,2.220446049250313e-16,2.220446049250313e-16,2.220446049250313e-16
158.0,0.03671712600621299,2.220446049250313e-16,2.220446049250313e-16,2.220446049250313e-16,0.5726611457880805,2.220446049250313e-16,2.220446049250313e-16,2.220446049250313e-16,2.220446049250313e-16,2.220446049250313e-16,0.39375127956632205,2.220446049250313e-16,0.6154798104336427,2.220446049250313e-16,2.220446049250313e-16
159.0,0.03671712600621299,2.220446049250313e-16,2.220446049250313e-16,2.220446049250313e-16,0.5726611457880805,2.220446049250313e-16,2.220446049250313e-16,2.220446049250313e-16,2.220446049250313e-16,2.220446049250313e-16,0.39375127956632205,2.220446049250313e-16,0.6154798104336427,2.220446049250313e-16,2.220446049250313e-16
160.0,0.643765564449716,0.0060419258904544915,0.023907353279256364,0.0009753080925402545,0.5342150253673094,2.220446049250313e-16,2.220446049250313e-16,2.220446049250313e-16,0.50857464833303,2.220446049250313e-16,2.220446049250313e-16,2.220446049250313e-16,2.220446049250313e-16,2.220446049250313e-16,2.220446049250313e-16
161.0,0.643765564449716,0.0060419258904544915,0.023907353279256364,0.0009753080925402545,0.5342150253673094,2.220446049250313e-16,2.220446049250313e-16,2.220446049250313e-16,0.50857464833303,2.220446049250313e-16,2.220446049250313e-16,2.220446049250313e-16,2.220446049250313e-16,2.220446049250313e-16,2.220446049250313e-16
162.0,0.6605214565520571,0.0063701364983346775,2.220446049250313e-16,0.000827573472707335,0.06875005786264064,2.220446049250313e-16,0.48628854135260513,2.220446049250313e-16,2.220446049250313e-16,2.220446049250313e-16,2.220446049250313e-16,2.220446049250313e-16,0.3692501162617776,2.220446049250313e-16,2.220446049250313e-16
163.0,0.23841757292619903,0.29939259677560376,0.2552898696820291,0.4964375077707552,0.10511526085623953,0.2901153207648589,2.220446049250313e-16,2.220446049250313e-16,2.220446049250313e-16,0.371535967259106,2.220446049250313e-16,0.0050443041163262025,2.220446049250313e-16,2.220446049250313e-16,2.220446049250313e-16
164.0,2.220446049250313e-16,2.220446049250313e-16,2.220446049250313e-16,2.220446049250313e-16,2.220446049250313e-16,2.220446049250313e-16,2.220446049250313e-16,0.004858665265403528,2.220446049250313e-16,2.220446049250313e-16,2.220446049250313e-16,0.4992051690699227,0.6167530441167713,0.4811916642891246,2.220446049250313e-16
165.0,2.220446049250313e-16,2.220446049250313e-16,2.220446049250313e-16,2.220446049250313e-16,2.220446049250313e-16,2.220446049250313e-16,2.220446049250313e-16,0.004858665265403528,2.220446049250313e-16,2.220446049250313e-16,2.220446049250313e-16,0.4992051690699227,0.6167530441167713,0.4811916642891246,2.220446049250313e-16
166.0,2.220446049250313e-16,2.220446049250313e-16,2.220446049250313e-16,2.220446049250313e-16,2.220446049250313e-16,2.220446049250313e-16,2.220446049250313e-16,0.004858665265403528,2.220446049250313e-16,2.220446049250313e-16,2.220446049250313e-16,0.4992051690699227,0.6167530441167713,0.4811916642891246,2.220446049250313e-16
167.0,2.220446049250313e-16,2.220446049250313e-16,2.220446049250313e-16,2.220446049250313e-16,2.220446049250313e-16,2.220446049250313e-16,2.220446049250313e-16,0.004858665265403528,2.220446049250313e-16,2.220446049250313e-16,2.220446049250313e-16,0.4992051690699227,0.6167530441167713,0.4811916642891246,2.220446049250313e-16
168.0,2.220446049250313e-16,2.220446049250313e-16,2.220446049250313e-16,2.220446049250313e-16,2.220446049250313e-16,2.220446049250313e-16,2.220446049250313e-16,0.004858665265403528,2.220446049250313e-16,2.220446049250313e-16,2.220446049250313e-16,0.4992051690699227,0.6167530441167713,0.4811916642891246,2.220446049250313e-16
169.0,2.220446049250313e-16,2.220446049250313e-16,2.220446049250313e-16,2.220446049250313e-16,2.220446049250313e-16,2.220446049250313e-16,2.220446049250313e-16,0.004858665265403528,2.220446049250313e-16,2.220446049250313e-16,2.220446049250313e-16,0.4992051690699227,0.6167530441167713,0.4811916642891246,2.220446049250313e-16
170.0,2.220446049250313e-16,2.220446049250313e-16,0.26992323737968643,0.24251462815789293,2.220446049250313e-16,0.5260177706641889,2.220446049250313e-16,0.2672858364904518,2.220446049250313e-16,0.37153596725910615,2.220446049250313e-16,0.5071581745568172,0.0008255065952255769,2.220446049250313e-16,2.220446049250313e-16
171.0,2.220446049250313e-16,2.220446049250313e-16,0.26992323737968643,0.24251462815789293,2.220446049250313e-16,0.5260177706641889,2.220446049250313e-16,0.2672858364904518,2.220446049250313e-16,0.37153596725910615,2.220446049250313e-16,0.5071581745568172,0.0008255065952255769,2.220446049250313e-16,2.220446049250313e-16
172.0,2.220446049250313e-16,2.220446049250313e-16,2.220446049250313e-16,2.220446049250313e-16,2.220446049250313e-16,2.220446049250313e-16,2.220446049250313e-16,0.5562276815254644,0.5067279394705452,0.5474943541489188,2.498001805406602e-16,0.22528437254992767,2.220446049250313e-16,2.220446049250313e-16,0.15118554403663242
173.0,2.220446049250313e-16,2.220446049250313e-16,2.220446049250313e-16,2.220446049250313e-16,2.220446049250313e-16,2.220446049250313e-16,2.220446049250313e-16,0.5562276815254644,0.5067279394705452,0.5474943541489188,2.498001805406602e-16,0.22528437254992767,2.220446049250313e-16,2.220446049250313e-16,0.15118554403663242
174.0,0.2015867381408485,0.3172626769010446,2.220446049250313e-16,0.4967262264709481,0.5601687987108582,0.29011399602434423,2.220446049250313e-16,2.220446049250313e-16,2.220446049250313e-16,0.17595838688981275,2.220446049250313e-16,2.220446049250313e-16,2.220446049250313e-16,2.220446049250313e-16,2.220446049250313e-16
175.0,2.220446049250313e-16,2.220446049250313e-16,2.220446049250313e-16,2.220446049250313e-16,2.220446049250313e-16,2.220446049250313e-16,2.220446049250313e-16,0.004858665265403528,2.220446049250313e-16,2.220446049250313e-16,2.220446049250313e-16,0.4992051690699227,0.6167530441167713,0.4811916642891246,2.220446049250313e-16
176.0,2.220446049250313e-16,2.220446049250313e-16,2.220446049250313e-16,2.220446049250313e-16,2.220446049250313e-16,2.220446049250313e-16,2.220446049250313e-16,0.004858665265403528,2.220446049250313e-16,2.220446049250313e-16,2.220446049250313e-16,0.4992051690699227,0.6167530441167713,0.4811916642891246,2.220446049250313e-16
177.0,2.220446049250313e-16,2.220446049250313e-16,2.220446049250313e-16,2.220446049250313e-16,2.220446049250313e-16,2.220446049250313e-16,2.220446049250313e-16,0.004858665265403528,2.220446049250313e-16,2.220446049250313e-16,2.220446049250313e-16,0.4992051690699227,0.6167530441167713,0.4811916642891246,2.220446049250313e-16
178.0,2.220446049250313e-16,2.220446049250313e-16,2.220446049250313e-16,2.220446049250313e-16,2.220446049250313e-16,2.220446049250313e-16,2.220446049250313e-16,0.004858665265403528,2.220446049250313e-16,2.220446049250313e-16,2.220446049250313e-16,0.4992051690699227,0.6167530441167713,0.4811916642891246,2.220446049250313e-16
179.0,2.220446049250313e-16,2.220446049250313e-16,2.220446049250313e-16,2.220446049250313e-16,2.220446049250313e-16,2.220446049250313e-16,2.220446049250313e-16,0.004858665265403528,2.220446049250313e-16,2.220446049250313e-16,2.220446049250313e-16,0.4992051690699227,0.6167530441167713,0.4811916642891246,2.220446049250313e-16
180.0,2.220446049250313e-16,2.220446049250313e-16,2.220446049250313e-16,2.220446049250313e-16,2.220446049250313e-16,2.220446049250313e-16,2.220446049250313e-16,0.004858665265403528,2.220446049250313e-16,2.220446049250313e-16,2.220446049250313e-16,0.4992051690699227,0.6167530441167713,0.4811916642891246,2.220446049250313e-16
181.0,2.220446049250313e-16,0.24454594349431918,0.021722685515866785,0.492212904907368,0.22128479860797318,0.23514405162245103,5.551115123125783e-17,2.220446049250313e-16,2.220446049250313e-16,0.3652052442323407,2.220446049250313e-16,0.2663503135519092,0.003082642913629367,2.220446049250313e-16,0.3167611176705728
182.0,2.220446049250313e-16,0.24454594349431918,0.021722685515866785,0.492212904907368,0.22128479860797318,0.23514405162245103,5.551115123125783e-17,2.220446049250313e-16,2.220446049250313e-16,0.3652052442323407,2.220446049250313e-16,0.2663503135519092,0.003082642913629367,2.220446049250313e-16,0.3167611176705728
183.0,2.220446049250313e-16,2.220446049250313e-16,2.220446049250313e-16,2.220446049250313e-16,2.220446049250313e-16,2.220446049250313e-16,2.220446049250313e-16,0.5238799117497818,0.49608387106438745,0.5474943541489188,2.220446049250313e-16,2.220446049250313e-16,2.220446049250313e-16,2.220446049250313e-16,0.4703790213148043
184.0,2.220446049250313e-16,2.220446049250313e-16,2.220446049250313e-16,2.220446049250313e-16,2.220446049250313e-16,2.220446049250313e-16,2.220446049250313e-16,0.5238799117497818,0.49608387106438745,0.5474943541489188,2.220446049250313e-16,2.220446049250313e-16,2.220446049250313e-16,2.220446049250313e-16,0.4703790213148043
185.0,2.220446049250313e-16,2.220446049250313e-16,2.220446049250313e-16,0.4915552494671411,2.220446049250313e-16,0.5248750867972034,2.220446049250313e-16,2.220446049250313e-16,2.220446049250313e-16,0.5474943541489188,2.220446049250313e-16,0.2666552228446365,0.00344182758679624,2.220446049250313e-16,0.31676111767057274
186.0,2.220446049250313e-16,2.220446049250313e-16,2.220446049250313e-16,0.4915552494671411,2.220446049250313e-16,0.5248750867972034,2.220446049250313e-16,2.220446049250313e-16,2.220446049250313e-16,0.5474943541489188,2.220446049250313e-16,0.2666552228446365,0.00344182758679624,2.220446049250313e-16,0.31676111767057274
187.0,2.220446049250313e-16,2.220446049250313e-16,2.220446049250313e-16,2.220446049250313e-16,2.220446049250313e-16,2.220446049250313e-16,2.220446049250313e-16,0.5238799117497818,0.49608387106438745,0.5474943541489188,2.220446049250313e-16,2.220446049250313e-16,2.220446049250313e-16,2.220446049250313e-16,0.4703790213148043
188.0,2.220446049250313e-16,2.220446049250313e-16,2.220446049250313e-16,2.220446049250313e-16,2.220446049250313e-16,2.220446049250313e-16,2.220446049250313e-16,0.5238799117497818,0.49608387106438745,0.5474943541489188,2.220446049250313e-16,2.220446049250313e-16,2.220446049250313e-16,2.220446049250313e-16,0.4703790213148043
189.0,0.18701063860918918,0.5488671082658098,0.280941313381398,0.2484962988513642,0.560496046446328,0.0015249425245504843,2.220446049250313e-16,0.2627132108248325,2.220446049250313e-16,2.220446049250313e-16,2.220446049250313e-16,2.220446049250313e-16,2.220446049250313e-16,2.220446049250313e-16,2.220446049250313e-16
190.0,0.3544555010788659,2.220446049250313e-16,0.20905920098321273,2.220446049250313e-16,0.4189248663776755,6.938893903907228e-17,4.163336342344337e-17,2.220446049250313e-16,0.009716230542676825,2.220446049250313e-16,0.42834865939390904,2.220446049250313e-16,0.3768501132636996,2.220446049250313e-16,2.220446049250313e-16
191.0,0.319002087133115,2.220446049250313e-16,0.2061832280516166,2.220446049250313e-16,0.421883177063307,5.551115123125783e-17,2.220446049250313e-16,0.24077888687207566,0.49741884946193526,2.220446049250313e-16,0.42855515410441375,2.220446049250313e-16,2.220446049250313e-16,2.220446049250313e-16,2.220446049250313e-16
192.0,0.562778640946678,2.220446049250313e-16,0.2681238692412571,0.0016979920064735408,0.4139456761582249,2.220446049250313e-16,2.220446049250313e-16,2.220446049250313e-16,0.5113624522388016,2.220446049250313e-16,0.030356539644765507,2.220446049250313e-16,2.220446049250313e-16,2.220446049250313e-16,2.220446049250313e-16
193.0,0.319002087133115,2.220446049250313e-16,0.2061832280516166,2.220446049250313e-16,0.421883177063307,2.220446049250313e-16,2.220446049250313e-16,0.24077888687207571,0.49741884946193515,2.220446049250313e-16,0.4285551541044138,2.220446049250313e-16,2.220446049250313e-16,2.220446049250313e-16,2.220446049250313e-16
194.0,0.43703464941536896,0.002799186184014535,0.3055148612538099,0.002796466069941066,0.5510063134265093,2.220446049250313e-16,2.220446049250313e-16,2.220446049250313e-16,0.5169913648212506,2.220446049250313e-16,2.220446049250313e-16,0.0043224664230431,2.220446049250313e-16,2.220446049250313e-16,2.220446049250313e-16
195.0,0.24141779586437653,0.3146106579504818,2.220446049250313e-16,0.4963816844235771,0.10569682858784366,0.29011557690153994,2.220446049250313e-16,2.220446049250313e-16,2.220446049250313e-16,0.5474943541489188,2.220446049250313e-16,2.220446049250313e-16,2.220446049250313e-16,2.220446049250313e-16,2.220446049250313e-16
196.0,2.220446049250313e-16,2.220446049250313e-16,2.220446049250313e-16,2.220446049250313e-16,2.220446049250313e-16,2.220446049250313e-16,2.220446049250313e-16,2.220446049250313e-16,2.220446049250313e-16,2.220446049250313e-16,2.220446049250313e-16,0.25415179072797245,0.6194188671066637,0.4811916642891246,0.31676111767057274
197.0,2.220446049250313e-16,2.220446049250313e-16,2.220446049250313e-16,2.220446049250313e-16,2.220446049250313e-16,2.220446049250313e-16,2.220446049250313e-16,2.220446049250313e-16,2.220446049250313e-16,2.220446049250313e-16,2.220446049250313e-16,0.25415179072797245,0.6194188671066637,0.4811916642891246,0.31676111767057274
198.0,2.220446049250313e-16,2.220446049250313e-16,2.220446049250313e-16,2.220446049250313e-16,2.220446049250313e-16,2.220446049250313e-16,2.220446049250313e-16,2.220446049250313e-16,2.220446049250313e-16,2.220446049250313e-16,2.220446049250313e-16,0.25415179072797245,0.6194188671066637,0.4811916642891246,0.31676111767057274
199.0,2.220446049250313e-16,2.220446049250313e-16,2.220446049250313e-16,2.220446049250313e-16,2.220446049250313e-16,2.220446049250313e-16,2.220446049250313e-16,2.220446049250313e-16,2.220446049250313e-16,2.220446049250313e-16,2.220446049250313e-16,0.25415179072797245,0.6194188671066637,0.4811916642891246,0.31676111767057274
200.0,2.220446049250313e-16,2.220446049250313e-16,2.220446049250313e-16,2.220446049250313e-16,2.220446049250313e-16,2.220446049250313e-16,2.220446049250313e-16,2.220446049250313e-16,2.220446049250313e-16,2.220446049250313e-16,2.220446049250313e-16,0.25415179072797245,0.6194188671066637,0.4811916642891246,0.31676111767057274
201.0,2.220446049250313e-16,2.220446049250313e-16,2.220446049250313e-16,2.220446049250313e-16,2.220446049250313e-16,2.220446049250313e-16,2.220446049250313e-16,2.220446049250313e-16,2.220446049250313e-16,2.220446049250313e-16,2.220446049250313e-16,0.25415179072797245,0.6194188671066637,0.4811916642891246,0.31676111767057274
202.0,0.40673024281311326,0.30419002276135165,2.220446049250313e-16,0.24590996071988483,0.5425691893953898,0.2912648271576128,2.220446049250313e-16,0.2627132108248325,2.220446049250313e-16,2.220446049250313e-16,2.220446049250313e-16,2.220446049250313e-16,2.220446049250313e-16,2.220446049250313e-16,2.220446049250313e-16
203.0,0.03671712600621299,2.220446049250313e-16,2.220446049250313e-16,2.220446049250313e-16,0.5726611457880805,2.220446049250313e-16,2.220446049250313e-16,2.220446049250313e-16,2.220446049250313e-16,2.220446049250313e-16,0.39375127956632205,2.220446049250313e-16,0.6154798104336427,2.220446049250313e-16,2.220446049250313e-16
204.0,0.03671712600621299,2.220446049250313e-16,2.220446049250313e-16,2.220446049250313e-16,0.5726611457880805,2.220446049250313e-16,2.220446049250313e-16,2.220446049250313e-16,2.220446049250313e-16,2.220446049250313e-16,0.39375127956632205,2.220446049250313e-16,0.6154798104336427,2.220446049250313e-16,2.220446049250313e-16
205.0,0.643765564449716,0.0060419258904544915,0.023907353279256364,0.0009753080925402545,0.5342150253673094,2.220446049250313e-16,2.220446049250313e-16,2.220446049250313e-16,0.50857464833303,2.220446049250313e-16,2.220446049250313e-16,2.220446049250313e-16,2.220446049250313e-16,2.220446049250313e-16,2.220446049250313e-16
206.0,0.643765564449716,0.0060419258904544915,0.023907353279256364,0.0009753080925402545,0.5342150253673094,2.220446049250313e-16,2.220446049250313e-16,2.220446049250313e-16,0.50857464833303,2.220446049250313e-16,2.220446049250313e-16,2.220446049250313e-16,2.220446049250313e-16,2.220446049250313e-16,2.220446049250313e-16
207.0,0.6605214565520571,0.0063701364983346775,2.220446049250313e-16,0.000827573472707335,0.06875005786264064,2.220446049250313e-16,0.48628854135260513,2.220446049250313e-16,2.220446049250313e-16,2.220446049250313e-16,2.220446049250313e-16,2.220446049250313e-16,0.3692501162617776,2.220446049250313e-16,2.220446049250313e-16
208.0,0.40673024281311326,0.30419002276135165,2.220446049250313e-16,0.24590996071988483,0.5425691893953898,0.2912648271576128,2.220446049250313e-16,0.2627132108248325,2.220446049250313e-16,2.220446049250313e-16,2.220446049250313e-16,2.220446049250313e-16,2.220446049250313e-16,2.220446049250313e-16,2.220446049250313e-16
209.0,0.03671712600621299,2.220446049250313e-16,2.220446049250313e-16,2.220446049250313e-16,0.5726611457880805,2.220446049250313e-16,2.220446049250313e-16,2.220446049250313e-16,2.220446049250313e-16,2.220446049250313e-16,0.39375127956632205,2.220446049250313e-16,0.6154798104336427,2.220446049250313e-16,2.220446049250313e-16
210.0,0.03671712600621299,2.220446049250313e-16,2.220446049250313e-16,2.220446049250313e-16,0.5726611457880805,2.220446049250313e-16,2.220446049250313e-16,2.220446049250313e-16,2.220446049250313e-16,2.220446049250313e-16,0.39375127956632205,2.220446049250313e-16,0.6154798104336427,2.220446049250313e-16,2.220446049250313e-16
211.0,0.643765564449716,0.0060419258904544915,0.023907353279256364,0.0009753080925402545,0.5342150253673094,2.220446049250313e-16,2.220446049250313e-16,2.220446049250313e-16,0.50857464833303,2.220446049250313e-16,2.220446049250313e-16,2.220446049250313e-16,2.220446049250313e-16,2.220446049250313e-16,2.220446049250313e-16
212.0,0.643765564449716,0.0060419258904544915,0.023907353279256364,0.0009753080925402545,0.5342150253673094,2.220446049250313e-16,2.220446049250313e-16,2.220446049250313e-16,0.50857464833303,2.220446049250313e-16,2.220446049250313e-16,2.220446049250313e-16,2.220446049250313e-16,2.220446049250313e-16,2.220446049250313e-16
213.0,0.660521456552057,0.0063701364983346775,2.220446049250313e-16,0.000827573472707335,0.06875005786264064,2.220446049250313e-16,0.48628854135260513,2.220446049250313e-16,2.220446049250313e-16,2.220446049250313e-16,2.220446049250313e-16,2.220446049250313e-16,0.3692501162617776,2.220446049250313e-16,2.220446049250313e-16
214.0,2.220446049250313e-16,2.220446049250313e-16,2.220446049250313e-16,0.4915552494671411,2.220446049250313e-16,0.5248750867972034,2.220446049250313e-16,0.004408384792445222,2.220446049250313e-16,0.5474943541489187,2.220446049250313e-16,0.5117247050879515,0.0007758294099668987,2.220446049250313e-16,2.220446049250313e-16
215.0,2.220446049250313e-16,2.220446049250313e-16,2.220446049250313e-16,0.4915552494671411,2.220446049250313e-16,0.5248750867972034,2.220446049250313e-16,0.004408384792445222,2.220446049250313e-16,0.5474943541489187,2.220446049250313e-16,0.5117247050879515,0.0007758294099668987,2.220446049250313e-16,2.220446049250313e-16
216.0,2.220446049250313e-16,2.220446049250313e-16,2.220446049250313e-16,2.220446049250313e-16,2.220446049250313e-16,2.220446049250313e-16,2.220446049250313e-16,0.5562276815254644,0.5067279394705452,0.5474943541489188,2.498001805406602e-16,0.22528437254992767,2.220446049250313e-16,2.220446049250313e-16,0.15118554403663242
217.0,2.220446049250313e-16,2.220446049250313e-16,2.220446049250313e-16,2.220446049250313e-16,2.220446049250313e-16,2.220446049250313e-16,2.220446049250313e-16,0.5562276815254644,0.5067279394705452,0.5474943541489188,2.498001805406602e-16,0.22528437254992767,2.220446049250313e-16,2.220446049250313e-16,0.15118554403663242
218.0,2.220446049250313e-16,2.220446049250313e-16,2.220446049250313e-16,0.4915552494671411,2.220446049250313e-16,0.5248750867972034,2.220446049250313e-16,0.004408384792445222,2.220446049250313e-16,0.5474943541489187,2.220446049250313e-16,0.5117247050879515,0.0007758294099668987,2.220446049250313e-16,2.220446049250313e-16
219.0,2.220446049250313e-16,2.220446049250313e-16,2.220446049250313e-16,0.4915552494671411,2.220446049250313e-16,0.5248750867972034,2.220446049250313e-16,0.004408384792445222,2.220446049250313e-16,0.5474943541489187,2.220446049250313e-16,0.5117247050879515,0.0007758294099668987,2.220446049250313e-16,2.220446049250313e-16
220.0,2.220446049250313e-16,2.220446049250313e-16,0.27060889319989606,7.216449660063518e-16,2.220446049250313e-16,2.220446049250313e-16,2.220446049250313e-16,0.5560649939932617,0.5050963475137247,0.37153596725910604,2.220446049250313e-16,0.23011432750290753,2.220446049250313e-16,2.220446049250313e-16,0.15126382623371296
221.0,2.220446049250313e-16,2.220446049250313e-16,0.27060889319989606,7.216449660063518e-16,2.220446049250313e-16,2.220446049250313e-16,2.220446049250313e-16,0.5560649939932617,0.5050963475137247,0.37153596725910604,2.220446049250313e-16,0.23011432750290753,2.220446049250313e-16,2.220446049250313e-16,0.15126382623371296
