141 0.07842283649370074 0.294109228765592 0.3763447535238811 0.05744720379287512 0.0646095626630426 -0.023371367185196223 0.08157780280453153 0.2941092282999307 0.03970950912344051 0.08157780290639494 0.0397095090916082 0.07842283704667352 0.3763447541568894 0.6707801164302509 0.08157780316832941 0.05163120787581263 0.6707801168377046 0.07842283672653139 0.37634475441882387 0.670780116241076
90 0.20823453444326634 0.28014823124612054 0.07286695828500224 0.24272401064019267 0.24192284149153137 0.008006823937480619 0.7204503404023794 0.280148231061999 0.02764393866660154 0.7204503406118057 0.027643938550478347 0.20823453501891048 0.07286695830455107 0.08157780269741069 0.7204503405505754 0.029585597000691532 0.08157780375742635 0.20823453502571262 0.07286695830593111 0.08157780256686178
210 0.23282809686154252 0.7486848631325461 0.23920722552148505 0.14975122795159754 0.13941086092579427 -0.03465020893837255 0.2801482307770803 0.7486848629465697 0.04252321505078181 0.2801482310581738 0.04252321500154946 0.23282809748677943 0.23920722563610322 0.29410922835097414 0.28014823107401826 0.05501982083738012 0.29410922909963094 0.23282809710524224 0.23920722590328364 0.2941092281149932
127 0.20823453444326634 0.28014823124612054 0.07286695828500224 0.24272401064019267 0.24192284149153137 0.008006823937480619 0.7204503404023794 0.280148231061999 0.02764393866660154 0.7204503406118057 0.027643938550478347 0.20823453501891048 0.07286695830455107 0.08157780269741069 0.7204503405505754 0.029585597000691532 0.08157780375742635 0.20823453502571262 0.07286695830593111 0.08157780256686178
41 0.3051326496498769 0.1497512278703336 0.12268495123897871 0.8027723640702304 0.6899612695586251 0.13876189136211153 0.24272401039348018 0.14975122813908398 0.24288567270941447 0.24272401052407475 0.24288567283454635 0.3051326515099713 0.12268495111404948 0.05744720367234414 0.2427240106401512 0.43162411810852463 0.05744720457555128 0.305132651495995 0.12268495136794437 0.057447203136039314
101 0.12308277056580678 0.239207225755645 0.618807695217065 0.12268495130490303 0.13329943893566965 0.10132363293634178 0.07286695805735849 0.23920722555255972 0.2827651719946237 0.07286695817190605 0.2827651721439465 0.12308277182655084 0.6188076959459672 0.3763447540274441 0.07286695842638866 0.21796514205659046 0.37634475475689433 0.12308277125867925 0.6188076962808614 0.3763447537095728
15 0.29050065065308545 0.15094239019472938 0.11039592792385904 0.8891365158136586 0.6296953387961531 0.1344166486373346 0.23499494755589664 0.15094239035309456 0.21911551723201175 0.23499494788339237 0.21911551731978968 0.29050065186998 0.11039592789169693 0.05695431203154546 0.2349949480215399 0.43144869273200515 0.056954312836133406 0.2905006518080169 0.11039592843209993 0.05695431159567402
179 0.20823453444326634 0.28014823124612054 0.07286695828500224 0.24272401064019267 0.24192284149153137 0.008006823937480619 0.7204503404023794 0.280148231061999 0.02764393866660154 0.7204503406118057 0.027643938550478347 0.20823453501891048 0.07286695830455107 0.08157780269741069 0.7204503405505754 0.029585597000691532 0.08157780375742635 0.20823453502571262 0.07286695830593111 0.08157780256686178
118 0.20823453444326634 0.28014823124612054 0.07286695828500224 0.24272401064019267 0.24192284149153137 0.008006823937480619 0.7204503404023794 0.280148231061999 0.02764393866660154 0.7204503406118057 0.027643938550478347 0.20823453501891048 0.07286695830455107 0.08157780269741069 0.7204503405505754 0.029585597000691532 0.08157780375742635 0.20823453502571262 0.07286695830593111 0.08157780256686178
40 0.23866584059636442 0.05501982068384743 0.2179651417833061 0.43162411810852414 0.42769213718382265 0.38567850800247955 0.02958559680384616 0.055019821175760195 0.5218564526544064 0.02958559691904046 0.5218564527939357 0.23866584291035048 0.21796514201977815 0.05163120772936613 0.02958559708919394 0.7792789226409759 0.05163120847599362 0.23866584302284663 0.21796514215070315 0.05163120725323831
36 0.24770662616711833 0.047778985801604855 0.1260758672726747 0.7381290683536738 0.5308214509689057 0.2777707797492093 0.11475506519336726 0.04777898610063251 0.406530564473923 0.1147550654011413 0.40653056471608157 0.24770662796945267 0.12607586717474162 0.006974855045061295 0.11475506554033464 0.6635872287954524 0.006974855890693984 0.247706627707051 0.12607586763506579 0.00697485465322179
84 0.4836689221767323 0.32024658895886043 0.3172115628876848 0.23543250118939013 0.27439872371153995 0.19575467723179893 0.148453808279725 0.3202465895236621 0.4460381234056598 0.1484538084210173 0.44603812354159966 0.4836689243318588 0.31721156296463415 0.15213092430348144 0.1484538086944222 0.1518475500942179 0.15213092525875252 0.4836689242413678 0.31721156316971677 0.1521309235940913
163 0.17995572128555196 -0.034650209170488756 0.10132363262918609 0.1387618913621138 0.1492624291485753 1.0033857719799444 0.008006823714938681 -0.03465020866084897 0.5791161624189531 0.008006823890265802 0.579116162589899 0.1799557237497604 0.10132363292599668 -0.023371367316863685 0.008006824089748317 0.3856785080024826 -0.02337136650895768 0.1799557235089914 0.10132363320564867 -0.023371367742099636
180 0.20823453444326634 0.28014823124612054 0.07286695828500224 0.24272401064019267 0.24192284149153137 0.008006823937480619 0.7204503404023794 0.280148231061999 0.02764393866660154 0.7204503406118057 0.027643938550478347 0.20823453501891048 0.07286695830455107 0.08157780269741069 0.7204503405505754 0.029585597000691532 0.08157780375742635 0.20823453502571262 0.07286695830593111 0.08157780256686178
78 0.12308277056580678 0.239207225755645 0.618807695217065 0.12268495130490303 0.13329943893566965 0.10132363293634178 0.07286695805735849 0.23920722555255972 0.2827651719946237 0.07286695817190605 0.2827651721439465 0.12308277182655084 0.6188076959459672 0.3763447540274441 0.07286695842638866 0.21796514205659046 0.37634475475689433 0.12308277125867925 0.6188076962808614 0.3763447537095728
185 0.12308277056580678 0.239207225755645 0.618807695217065 0.12268495130490303 0.13329943893566965 0.10132363293634178 0.07286695805735849 0.23920722555255972 0.2827651719946237 0.07286695817190605 0.2827651721439465 0.12308277182655084 0.6188076959459672 0.3763447540274441 0.07286695842638866 0.21796514205659046 0.37634475475689433 0.12308277125867925 0.6188076962808614 0.3763447537095728
75 0.20823453444326634 0.28014823124612054 0.07286695828500224 0.24272401064019267 0.24192284149153137 0.008006823937480619 0.7204503404023794 0.280148231061999 0.02764393866660154 0.7204503406118057 0.027643938550478347 0.20823453501891048 0.07286695830455107 0.08157780269741069 0.7204503405505754 0.029585597000691532 0.08157780375742635 0.20823453502571262 0.07286695830593111 0.08157780256686178
142 0.07842283649370074 0.294109228765592 0.3763447535238811 0.05744720379287512 0.0646095626630426 -0.023371367185196223 0.08157780280453153 0.2941092282999307 0.03970950912344051 0.08157780290639494 0.0397095090916082 0.07842283704667352 0.3763447541568894 0.6707801164302509 0.08157780316832941 0.05163120787581263 0.6707801168377046 0.07842283672653139 0.37634475441882387 0.670780116241076
87 0.17995572128555196 -0.034650209170488756 0.10132363262918609 0.1387618913621138 0.1492624291485753 1.0033857719799444 0.008006823714938681 -0.03465020866084897 0.5791161624189531 0.008006823890265802 0.579116162589899 0.1799557237497604 0.10132363292599668 -0.023371367316863685 0.008006824089748317 0.3856785080024826 -0.02337136650895768 0.1799557235089914 0.10132363320564867 -0.023371367742099636
111 0.23282809686154252 0.7486848631325461 0.23920722552148505 0.14975122795159754 0.13941086092579427 -0.03465020893837255 0.2801482307770803 0.7486848629465697 0.04252321505078181 0.2801482310581738 0.04252321500154946 0.23282809748677943 0.23920722563610322 0.29410922835097414 0.28014823107401826 0.05501982083738012 0.29410922909963094 0.23282809710524224 0.23920722590328364 0.2941092281149932
70 0.17995572128555196 -0.034650209170488756 0.10132363262918609 0.1387618913621138 0.1492624291485753 1.0033857719799444 0.008006823714938681 -0.03465020866084897 0.5791161624189531 0.008006823890265802 0.579116162589899 0.1799557237497604 0.10132363292599668 -0.023371367316863685 0.008006824089748317 0.3856785080024826 -0.02337136650895768 0.1799557235089914 0.10132363320564867 -0.023371367742099636
60 0.2186220391480989 0.04252321480612571 0.28276517189595607 0.2428856727318701 0.27340103521910547 0.5791161624952494 0.02764393850231213 0.04252321540529421 0.6575157693218528 0.02764393851265333 0.6575157695903275 0.21862204166096294 0.28276517198146545 0.03970950898800337 0.02764393869338225 0.5218564527040574 0.039709509857180754 0.21862204147672268 0.2827651722501075 0.03970950849710977
97 0.20823453444326634 0.28014823124612054 0.07286695828500224 0.24272401064019267 0.24192284149153137 0.008006823937480619 0.7204503404023794 0.280148231061999 0.02764393866660154 0.7204503406118057 0.027643938550478347 0.20823453501891048 0.07286695830455107 0.08157780269741069 0.7204503405505754 0.029585597000691532 0.08157780375742635 0.20823453502571262 0.07286695830593111 0.08157780256686178
211 0.4836689221767323 0.32024658895886043 0.3172115628876848 0.23543250118939013 0.27439872371153995 0.19575467723179893 0.148453808279725 0.3202465895236621 0.4460381234056598 0.1484538084210173 0.44603812354159966 0.4836689243318588 0.31721156296463415 0.15213092430348144 0.1484538086944222 0.1518475500942179 0.15213092525875252 0.4836689242413678 0.31721156316971677 0.1521309235940913
117 0.20823453444326634 0.28014823124612054 0.07286695828500224 0.24272401064019267 0.24192284149153137 0.008006823937480619 0.7204503404023794 0.280148231061999 0.02764393866660154 0.7204503406118057 0.027643938550478347 0.20823453501891048 0.07286695830455107 0.08157780269741069 0.7204503405505754 0.029585597000691532 0.08157780375742635 0.20823453502571262 0.07286695830593111 0.08157780256686178
51 0.30419178323595314 0.13941086085572035 0.13329943884795542 0.6899612695586239 0.7819074521315512 0.1492624291485759 0.2419228412338999 0.13941086113664142 0.2734010351912409 0.24192284142610876 0.27340103524533493 0.3041917856446094 0.13329943871024988 0.06460956255289946 0.2419228416241804 0.4276921371838207 0.06460956344680394 0.30419178527050106 0.1332994390722641 0.0646095620175593
25 0.3051326496498769 0.1497512278703336 0.12268495123897871 0.8027723640702304 0.6899612695586251 0.13876189136211153 0.24272401039348018 0.14975122813908398 0.24288567270941447 0.24272401052407475 0.24288567283454635 0.3051326515099713 0.12268495111404948 0.05744720367234414 0.2427240106401512 0.43162411810852463 0.05744720457555128 0.305132651495995 0.12268495136794437 0.057447203136039314
14 0.23866584059636442 0.05501982068384743 0.2179651417833061 0.43162411810852414 0.42769213718382265 0.38567850800247955 0.02958559680384616 0.055019821175760195 0.5218564526544064 0.02958559691904046 0.5218564527939357 0.23866584291035048 0.21796514201977815 0.05163120772936613 0.02958559708919394 0.7792789226409759 0.05163120847599362 0.23866584302284663 0.21796514215070315 0.05163120725323831
146 0.4836689221767323 0.32024658895886043 0.3172115628876848 0.23543250118939013 0.27439872371153995 0.19575467723179893 0.148453808279725 0.3202465895236621 0.4460381234056598 0.1484538084210173 0.44603812354159966 0.4836689243318588 0.31721156296463415 0.15213092430348144 0.1484538086944222 0.1518475500942179 0.15213092525875252 0.4836689242413678 0.31721156316971677 0.1521309235940913
205 0.4836689221767323 0.32024658895886043 0.3172115628876848 0.23543250118939013 0.27439872371153995 0.19575467723179893 0.148453808279725 0.3202465895236621 0.4460381234056598 0.1484538084210173 0.44603812354159966 0.4836689243318588 0.31721156296463415 0.15213092430348144 0.1484538086944222 0.1518475500942179 0.15213092525875252 0.4836689242413678 0.31721156316971677 0.1521309235940913
175 0.20823453444326634 0.28014823124612054 0.07286695828500224 0.24272401064019267 0.24192284149153137 0.008006823937480619 0.7204503404023794 0.280148231061999 0.02764393866660154 0.7204503406118057 0.027643938550478347 0.20823453501891048 0.07286695830455107 0.08157780269741069 0.7204503405505754 0.029585597000691532 0.08157780375742635 0.20823453502571262 0.07286695830593111 0.08157780256686178
147 0.4836689221767323 0.32024658895886043 0.3172115628876848 0.23543250118939013 0.27439872371153995 0.19575467723179893 0.148453808279725 0.3202465895236621 0.4460381234056598 0.1484538084210173 0.44603812354159966 0.4836689243318588 0.31721156296463415 0.15213092430348144 0.1484538086944222 0.1518475500942179 0.15213092525875252 0.4836689242413678 0.31721156316971677 0.1521309235940913
203 0.23282809686154252 0.7486848631325461 0.23920722552148505 0.14975122795159754 0.13941086092579427 -0.03465020893837255 0.2801482307770803 0.7486848629465697 0.04252321505078181 0.2801482310581738 0.04252321500154946 0.23282809748677943 0.23920722563610322 0.29410922835097414 0.28014823107401826 0.05501982083738012 0.29410922909963094 0.23282809710524224 0.23920722590328364 0.2941092281149932
154 0.12308277056580678 0.239207225755645 0.618807695217065 0.12268495130490303 0.13329943893566965 0.10132363293634178 0.07286695805735849 0.23920722555255972 0.2827651719946237 0.07286695817190605 0.2827651721439465 0.12308277182655084 0.6188076959459672 0.3763447540274441 0.07286695842638866 0.21796514205659046 0.37634475475689433 0.12308277125867925 0.6188076962808614 0.3763447537095728
113 0.4836689221767323 0.32024658895886043 0.3172115628876848 0.23543250118939013 0.27439872371153995 0.19575467723179893 0.148453808279725 0.3202465895236621 0.4460381234056598 0.1484538084210173 0.44603812354159966 0.4836689243318588 0.31721156296463415 0.15213092430348144 0.1484538086944222 0.1518475500942179 0.15213092525875252 0.4836689242413678 0.31721156316971677 0.1521309235940913
137 0.4836689221767323 0.32024658895886043 0.3172115628876848 0.23543250118939013 0.27439872371153995 0.19575467723179893 0.148453808279725 0.3202465895236621 0.4460381234056598 0.1484538084210173 0.44603812354159966 0.4836689243318588 0.31721156296463415 0.15213092430348144 0.1484538086944222 0.1518475500942179 0.15213092525875252 0.4836689242413678 0.31721156316971677 0.1521309235940913
202 0.2186220391480989 0.04252321480612571 0.28276517189595607 0.2428856727318701 0.27340103521910547 0.5791161624952494 0.02764393850231213 0.04252321540529421 0.6575157693218528 0.02764393851265333 0.6575157695903275 0.21862204166096294 0.28276517198146545 0.03970950898800337 0.02764393869338225 0.5218564527040574 0.039709509857180754 0.21862204147672268 0.2827651722501075 0.03970950849710977
48 0.24770662616711833 0.047778985801604855 0.1260758672726747 0.7381290683536738 0.5308214509689057 0.2777707797492093 0.11475506519336726 0.04777898610063251 0.406530564473923 0.1147550654011413 0.40653056471608157 0.24770662796945267 0.12607586717474162 0.006974855045061295 0.11475506554033464 0.6635872287954524 0.006974855890693984 0.247706627707051 0.12607586763506579 0.00697485465322179
27 0.3051326496498769 0.1497512278703336 0.12268495123897871 0.8027723640702304 0.6899612695586251 0.13876189136211153 0.24272401039348018 0.14975122813908398 0.24288567270941447 0.24272401052407475 0.24288567283454635 0.3051326515099713 0.12268495111404948 0.05744720367234414 0.2427240106401512 0.43162411810852463 0.05744720457555128 0.305132651495995 0.12268495136794437 0.057447203136039314
33 0.29050065065308545 0.15094239019472938 0.11039592792385904 0.8891365158136586 0.6296953387961531 0.1344166486373346 0.23499494755589664 0.15094239035309456 0.21911551723201175 0.23499494788339237 0.21911551731978968 0.29050065186998 0.11039592789169693 0.05695431203154546 0.2349949480215399 0.43144869273200515 0.056954312836133406 0.2905006518080169 0.11039592843209993 0.05695431159567402
178 0.20823453444326634 0.28014823124612054 0.07286695828500224 0.24272401064019267 0.24192284149153137 0.008006823937480619 0.7204503404023794 0.280148231061999 0.02764393866660154 0.7204503406118057 0.027643938550478347 0.20823453501891048 0.07286695830455107 0.08157780269741069 0.7204503405505754 0.029585597000691532 0.08157780375742635 0.20823453502571262 0.07286695830593111 0.08157780256686178
59 0.3051326496498769 0.1497512278703336 0.12268495123897871 0.8027723640702304 0.6899612695586251 0.13876189136211153 0.24272401039348018 0.14975122813908398 0.24288567270941447 0.24272401052407475 0.24288567283454635 0.3051326515099713 0.12268495111404948 0.05744720367234414 0.2427240106401512 0.43162411810852463 0.05744720457555128 0.305132651495995 0.12268495136794437 0.057447203136039314
95 0.20823453444326634 0.28014823124612054 0.07286695828500224 0.24272401064019267 0.24192284149153137 0.008006823937480619 0.7204503404023794 0.280148231061999 0.02764393866660154 0.7204503406118057 0.027643938550478347 0.20823453501891048 0.07286695830455107 0.08157780269741069 0.7204503405505754 0.029585597000691532 0.08157780375742635 0.20823453502571262 0.07286695830593111 0.08157780256686178
221 0.07842283649370074 0.294109228765592 0.3763447535238811 0.05744720379287512 0.0646095626630426 -0.023371367185196223 0.08157780280453153 0.2941092282999307 0.03970950912344051 0.08157780290639494 0.0397095090916082 0.07842283704667352 0.3763447541568894 0.6707801164302509 0.08157780316832941 0.05163120787581263 0.6707801168377046 0.07842283672653139 0.37634475441882387 0.670780116241076
129 0.12308277056580678 0.239207225755645 0.618807695217065 0.12268495130490303 0.13329943893566965 0.10132363293634178 0.07286695805735849 0.23920722555255972 0.2827651719946237 0.07286695817190605 0.2827651721439465 0.12308277182655084 0.6188076959459672 0.3763447540274441 0.07286695842638866 0.21796514205659046 0.37634475475689433 0.12308277125867925 0.6188076962808614 0.3763447537095728
89 0.20823453444326634 0.28014823124612054 0.07286695828500224 0.24272401064019267 0.24192284149153137 0.008006823937480619 0.7204503404023794 0.280148231061999 0.02764393866660154 0.7204503406118057 0.027643938550478347 0.20823453501891048 0.07286695830455107 0.08157780269741069 0.7204503405505754 0.029585597000691532 0.08157780375742635 0.20823453502571262 0.07286695830593111 0.08157780256686178
126 0.20823453444326634 0.28014823124612054 0.07286695828500224 0.24272401064019267 0.24192284149153137 0.008006823937480619 0.7204503404023794 0.280148231061999 0.02764393866660154 0.7204503406118057 0.027643938550478347 0.20823453501891048 0.07286695830455107 0.08157780269741069 0.7204503405505754 0.029585597000691532 0.08157780375742635 0.20823453502571262 0.07286695830593111 0.08157780256686178
207 0.6650873465783395 0.23282809709754768 0.12308277139879376 0.3051326509674344 0.3041917847399703 0.17995572292722586 0.20823453463430228 0.23282809749421035 0.21862204076719233 0.20823453475145354 0.21862204083102643 0.6650873493103422 0.12308277117550301 0.0784228367330086 0.20823453483180857 0.23866584229693877 0.0784228376394721 0.6650873491072604 0.12308277118415495 0.07842283596274904
53 0.30419178323595314 0.13941086085572035 0.13329943884795542 0.6899612695586239 0.7819074521315512 0.1492624291485759 0.2419228412338999 0.13941086113664142 0.2734010351912409 0.24192284142610876 0.27340103524533493 0.3041917856446094 0.13329943871024988 0.06460956255289946 0.2419228416241804 0.4276921371838207 0.06460956344680394 0.30419178527050106 0.1332994390722641 0.0646095620175593
86 0.6650873465783395 0.23282809709754768 0.12308277139879376 0.3051326509674344 0.3041917847399703 0.17995572292722586 0.20823453463430228 0.23282809749421035 0.21862204076719233 0.20823453475145354 0.21862204083102643 0.6650873493103422 0.12308277117550301 0.0784228367330086 0.20823453483180857 0.23866584229693877 0.0784228376394721 0.6650873491072604 0.12308277118415495 0.07842283596274904
12 0.20965670668838096 0.0430738040535967 0.13809244583088143 0.7761092585802288 0.520019989117769 0.2700290763149018 0.20491019062922017 0.04307380431774586 0.4068352289920553 0.20491019084979342 0.4068352291492211 0.2096567083163455 0.13809244580213306 -0.009318396840568325 0.20491019095831356 0.43540077836483637 -0.009318395961538958 0.20965670806861283 0.1380924461928588 -0.009318397275221251
145 0.23282809686154252 0.7486848631325461 0.23920722552148505 0.14975122795159754 0.13941086092579427 -0.03465020893837255 0.2801482307770803 0.7486848629465697 0.04252321505078181 0.2801482310581738 0.04252321500154946 0.23282809748677943 0.23920722563610322 0.29410922835097414 0.28014823107401826 0.05501982083738012 0.29410922909963094 0.23282809710524224 0.23920722590328364 0.2941092281149932
197 0.20823453444326634 0.28014823124612054 0.07286695828500224 0.24272401064019267 0.24192284149153137 0.008006823937480619 0.7204503404023794 0.280148231061999 0.02764393866660154 0.7204503406118057 0.027643938550478347 0.20823453501891048 0.07286695830455107 0.08157780269741069 0.7204503405505754 0.029585597000691532 0.08157780375742635 0.20823453502571262 0.07286695830593111 0.08157780256686178
161 0.4836689221767323 0.32024658895886043 0.3172115628876848 0.23543250118939013 0.27439872371153995 0.19575467723179893 0.148453808279725 0.3202465895236621 0.4460381234056598 0.1484538084210173 0.44603812354159966 0.4836689243318588 0.31721156296463415 0.15213092430348144 0.1484538086944222 0.1518475500942179 0.15213092525875252 0.4836689242413678 0.31721156316971677 0.1521309235940913
176 0.20823453444326634 0.28014823124612054 0.07286695828500224 0.24272401064019267 0.24192284149153137 0.008006823937480619 0.7204503404023794 0.280148231061999 0.02764393866660154 0.7204503406118057 0.027643938550478347 0.20823453501891048 0.07286695830455107 0.08157780269741069 0.7204503405505754 0.029585597000691532 0.08157780375742635 0.20823453502571262 0.07286695830593111 0.08157780256686178
31 0.3051326496498769 0.1497512278703336 0.12268495123897871 0.8027723640702304 0.6899612695586251 0.13876189136211153 0.24272401039348018 0.14975122813908398 0.24288567270941447 0.24272401052407475 0.24288567283454635 0.3051326515099713 0.12268495111404948 0.05744720367234414 0.2427240106401512 0.43162411810852463 0.05744720457555128 0.305132651495995 0.12268495136794437 0.057447203136039314
160 0.4836689221767323 0.32024658895886043 0.3172115628876848 0.23543250118939013 0.27439872371153995 0.19575467723179893 0.148453808279725 0.3202465895236621 0.4460381234056598 0.1484538084210173 0.44603812354159966 0.4836689243318588 0.31721156296463415 0.15213092430348144 0.1484538086944222 0.1518475500942179 0.15213092525875252 0.4836689242413678 0.31721156316971677 0.1521309235940913
216 0.07842283649370074 0.294109228765592 0.3763447535238811 0.05744720379287512 0.0646095626630426 -0.023371367185196223 0.08157780280453153 0.2941092282999307 0.03970950912344051 0.08157780290639494 0.0397095090916082 0.07842283704667352 0.3763447541568894 0.6707801164302509 0.08157780316832941 0.05163120787581263 0.6707801168377046 0.07842283672653139 0.37634475441882387 0.670780116241076
220 0.07842283649370074 0.294109228765592 0.3763447535238811 0.05744720379287512 0.0646095626630426 -0.023371367185196223 0.08157780280453153 0.2941092282999307 0.03970950912344051 0.08157780290639494 0.0397095090916082 0.07842283704667352 0.3763447541568894 0.6707801164302509 0.08157780316832941 0.05163120787581263 0.6707801168377046 0.07842283672653139 0.37634475441882387 0.670780116241076
186 0.12308277056580678 0.239207225755645 0.618807695217065 0.12268495130490303 0.13329943893566965 0.10132363293634178 0.07286695805735849 0.23920722555255972 0.2827651719946237 0.07286695817190605 0.2827651721439465 0.12308277182655084 0.6188076959459672 0.3763447540274441 0.07286695842638866 0.21796514205659046 0.37634475475689433 0.12308277125867925 0.6188076962808614 0.3763447537095728
24 0.23866584059636442 0.05501982068384743 0.2179651417833061 0.43162411810852414 0.42769213718382265 0.38567850800247955 0.02958559680384616 0.055019821175760195 0.5218564526544064 0.02958559691904046 0.5218564527939357 0.23866584291035048 0.21796514201977815 0.05163120772936613 0.02958559708919394 0.7792789226409759 0.05163120847599362 0.23866584302284663 0.21796514215070315 0.05163120725323831
50 0.20965670668838096 0.0430738040535967 0.13809244583088143 0.7761092585802288 0.520019989117769 0.2700290763149018 0.20491019062922017 0.04307380431774586 0.4068352289920553 0.20491019084979342 0.4068352291492211 0.2096567083163455 0.13809244580213306 -0.009318396840568325 0.20491019095831356 0.43540077836483637 -0.009318395961538958 0.20965670806861283 0.1380924461928588 -0.009318397275221251
195 0.17995572128555196 -0.034650209170488756 0.10132363262918609 0.1387618913621138 0.1492624291485753 1.0033857719799444 0.008006823714938681 -0.03465020866084897 0.5791161624189531 0.008006823890265802 0.579116162589899 0.1799557237497604 0.10132363292599668 -0.023371367316863685 0.008006824089748317 0.3856785080024826 -0.02337136650895768 0.1799557235089914 0.10132363320564867 -0.023371367742099636
64 0.4836689221767323 0.32024658895886043 0.3172115628876848 0.23543250118939013 0.27439872371153995 0.19575467723179893 0.148453808279725 0.3202465895236621 0.4460381234056598 0.1484538084210173 0.44603812354159966 0.4836689243318588 0.31721156296463415 0.15213092430348144 0.1484538086944222 0.1518475500942179 0.15213092525875252 0.4836689242413678 0.31721156316971677 0.1521309235940913
133 0.2186220391480989 0.04252321480612571 0.28276517189595607 0.2428856727318701 0.27340103521910547 0.5791161624952494 0.02764393850231213 0.04252321540529421 0.6575157693218528 0.02764393851265333 0.6575157695903275 0.21862204166096294 0.28276517198146545 0.03970950898800337 0.02764393869338225 0.5218564527040574 0.039709509857180754 0.21862204147672268 0.2827651722501075 0.03970950849710977
218 0.12308277056580678 0.239207225755645 0.618807695217065 0.12268495130490303 0.13329943893566965 0.10132363293634178 0.07286695805735849 0.23920722555255972 0.2827651719946237 0.07286695817190605 0.2827651721439465 0.12308277182655084 0.6188076959459672 0.3763447540274441 0.07286695842638866 0.21796514205659046 0.37634475475689433 0.12308277125867925 0.6188076962808614 0.3763447537095728
162 0.6650873465783395 0.23282809709754768 0.12308277139879376 0.3051326509674344 0.3041917847399703 0.17995572292722586 0.20823453463430228 0.23282809749421035 0.21862204076719233 0.20823453475145354 0.21862204083102643 0.6650873493103422 0.12308277117550301 0.0784228367330086 0.20823453483180857 0.23866584229693877 0.0784228376394721 0.6650873491072604 0.12308277118415495 0.07842283596274904
206 0.4836689221767323 0.32024658895886043 0.3172115628876848 0.23543250118939013 0.27439872371153995 0.19575467723179893 0.148453808279725 0.3202465895236621 0.4460381234056598 0.1484538084210173 0.44603812354159966 0.4836689243318588 0.31721156296463415 0.15213092430348144 0.1484538086944222 0.1518475500942179 0.15213092525875252 0.4836689242413678 0.31721156316971677 0.1521309235940913
1 0.3051326496498769 0.1497512278703336 0.12268495123897871 0.8027723640702304 0.6899612695586251 0.13876189136211153 0.24272401039348018 0.14975122813908398 0.24288567270941447 0.24272401052407475 0.24288567283454635 0.3051326515099713 0.12268495111404948 0.05744720367234414 0.2427240106401512 0.43162411810852463 0.05744720457555128 0.305132651495995 0.12268495136794437 0.057447203136039314
200 0.20823453444326634 0.28014823124612054 0.07286695828500224 0.24272401064019267 0.24192284149153137 0.008006823937480619 0.7204503404023794 0.280148231061999 0.02764393866660154 0.7204503406118057 0.027643938550478347 0.20823453501891048 0.07286695830455107 0.08157780269741069 0.7204503405505754 0.029585597000691532 0.08157780375742635 0.20823453502571262 0.07286695830593111 0.08157780256686178
198 0.20823453444326634 0.28014823124612054 0.07286695828500224 0.24272401064019267 0.24192284149153137 0.008006823937480619 0.7204503404023794 0.280148231061999 0.02764393866660154 0.7204503406118057 0.027643938550478347 0.20823453501891048 0.07286695830455107 0.08157780269741069 0.7204503405505754 0.029585597000691532 0.08157780375742635 0.20823453502571262 0.07286695830593111 0.08157780256686178
157 0.2186220391480989 0.04252321480612571 0.28276517189595607 0.2428856727318701 0.27340103521910547 0.5791161624952494 0.02764393850231213 0.04252321540529421 0.6575157693218528 0.02764393851265333 0.6575157695903275 0.21862204166096294 0.28276517198146545 0.03970950898800337 0.02764393869338225 0.5218564527040574 0.039709509857180754 0.21862204147672268 0.2827651722501075 0.03970950849710977
17 0.3051326496498769 0.1497512278703336 0.12268495123897871 0.8027723640702304 0.6899612695586251 0.13876189136211153 0.24272401039348018 0.14975122813908398 0.24288567270941447 0.24272401052407475 0.24288567283454635 0.3051326515099713 0.12268495111404948 0.05744720367234414 0.2427240106401512 0.43162411810852463 0.05744720457555128 0.305132651495995 0.12268495136794437 0.057447203136039314
45 0.29050065065308545 0.15094239019472938 0.11039592792385904 0.8891365158136586 0.6296953387961531 0.1344166486373346 0.23499494755589664 0.15094239035309456 0.21911551723201175 0.23499494788339237 0.21911551731978968 0.29050065186998 0.11039592789169693 0.05695431203154546 0.2349949480215399 0.43144869273200515 0.056954312836133406 0.2905006518080169 0.11039592843209993 0.05695431159567402
80 0.07842283649370074 0.294109228765592 0.3763447535238811 0.05744720379287512 0.0646095626630426 -0.023371367185196223 0.08157780280453153 0.2941092282999307 0.03970950912344051 0.08157780290639494 0.0397095090916082 0.07842283704667352 0.3763447541568894 0.6707801164302509 0.08157780316832941 0.05163120787581263 0.6707801168377046 0.07842283672653139 0.37634475441882387 0.670780116241076
9 0.30419178323595314 0.13941086085572035 0.13329943884795542 0.6899612695586239 0.7819074521315512 0.1492624291485759 0.2419228412338999 0.13941086113664142 0.2734010351912409 0.24192284142610876 0.27340103524533493 0.3041917856446094 0.13329943871024988 0.06460956255289946 0.2419228416241804 0.4276921371838207 0.06460956344680394 0.30419178527050106 0.1332994390722641 0.0646095620175593
214 0.12308277056580678 0.239207225755645 0.618807695217065 0.12268495130490303 0.13329943893566965 0.10132363293634178 0.07286695805735849 0.23920722555255972 0.2827651719946237 0.07286695817190605 0.2827651721439465 0.12308277182655084 0.6188076959459672 0.3763447540274441 0.07286695842638866 0.21796514205659046 0.37634475475689433 0.12308277125867925 0.6188076962808614 0.3763447537095728
18 0.24770662616711833 0.047778985801604855 0.1260758672726747 0.7381290683536738 0.5308214509689057 0.2777707797492093 0.11475506519336726 0.04777898610063251 0.406530564473923 0.1147550654011413 0.40653056471608157 0.24770662796945267 0.12607586717474162 0.006974855045061295 0.11475506554033464 0.6635872287954524 0.006974855890693984 0.247706627707051 0.12607586763506579 0.00697485465322179
30 0.24770662616711833 0.047778985801604855 0.1260758672726747 0.7381290683536738 0.5308214509689057 0.2777707797492093 0.11475506519336726 0.04777898610063251 0.406530564473923 0.1147550654011413 0.40653056471608157 0.24770662796945267 0.12607586717474162 0.006974855045061295 0.11475506554033464 0.6635872287954524 0.006974855890693984 0.247706627707051 0.12607586763506579 0.00697485465322179
148 0.6650873465783395 0.23282809709754768 0.12308277139879376 0.3051326509674344 0.3041917847399703 0.17995572292722586 0.20823453463430228 0.23282809749421035 0.21862204076719233 0.20823453475145354 0.21862204083102643 0.6650873493103422 0.12308277117550301 0.0784228367330086 0.20823453483180857 0.23866584229693877 0.0784228376394721 0.6650873491072604 0.12308277118415495 0.07842283596274904
54 0.24770662616711833 0.047778985801604855 0.1260758672726747 0.7381290683536738 0.5308214509689057 0.2777707797492093 0.11475506519336726 0.04777898610063251 0.406530564473923 0.1147550654011413 0.40653056471608157 0.24770662796945267 0.12607586717474162 0.006974855045061295 0.11475506554033464 0.6635872287954524 0.006974855890693984 0.247706627707051 0.12607586763506579 0.00697485465322179
98 0.20823453444326634 0.28014823124612054 0.07286695828500224 0.24272401064019267 0.24192284149153137 0.008006823937480619 0.7204503404023794 0.280148231061999 0.02764393866660154 0.7204503406118057 0.027643938550478347 0.20823453501891048 0.07286695830455107 0.08157780269741069 0.7204503405505754 0.029585597000691532 0.08157780375742635 0.20823453502571262 0.07286695830593111 0.08157780256686178
58 0.23866584059636442 0.05501982068384743 0.2179651417833061 0.43162411810852414 0.42769213718382265 0.38567850800247955 0.02958559680384616 0.055019821175760195 0.5218564526544064 0.02958559691904046 0.5218564527939357 0.23866584291035048 0.21796514201977815 0.05163120772936613 0.02958559708919394 0.7792789226409759 0.05163120847599362 0.23866584302284663 0.21796514215070315 0.05163120725323831
6 0.23866584059636442 0.05501982068384743 0.2179651417833061 0.43162411810852414 0.42769213718382265 0.38567850800247955 0.02958559680384616 0.055019821175760195 0.5218564526544064 0.02958559691904046 0.5218564527939357 0.23866584291035048 0.21796514201977815 0.05163120772936613 0.02958559708919394 0.7792789226409759 0.05163120847599362 0.23866584302284663 0.21796514215070315 0.05163120725323831
134 0.23282809686154252 0.7486848631325461 0.23920722552148505 0.14975122795159754 0.13941086092579427 -0.03465020893837255 0.2801482307770803 0.7486848629465697 0.04252321505078181 0.2801482310581738 0.04252321500154946 0.23282809748677943 0.23920722563610322 0.29410922835097414 0.28014823107401826 0.05501982083738012 0.29410922909963094 0.23282809710524224 0.23920722590328364 0.2941092281149932
130 0.12308277056580678 0.239207225755645 0.618807695217065 0.12268495130490303 0.13329943893566965 0.10132363293634178 0.07286695805735849 0.23920722555255972 0.2827651719946237 0.07286695817190605 0.2827651721439465 0.12308277182655084 0.6188076959459672 0.3763447540274441 0.07286695842638866 0.21796514205659046 0.37634475475689433 0.12308277125867925 0.6188076962808614 0.3763447537095728
188 0.07842283649370074 0.294109228765592 0.3763447535238811 0.05744720379287512 0.0646095626630426 -0.023371367185196223 0.08157780280453153 0.2941092282999307 0.03970950912344051 0.08157780290639494 0.0397095090916082 0.07842283704667352 0.3763447541568894 0.6707801164302509 0.08157780316832941 0.05163120787581263 0.6707801168377046 0.07842283672653139 0.37634475441882387 0.670780116241076
194 0.6650873465783395 0.23282809709754768 0.12308277139879376 0.3051326509674344 0.3041917847399703 0.17995572292722586 0.20823453463430228 0.23282809749421035 0.21862204076719233 0.20823453475145354 0.21862204083102643 0.6650873493103422 0.12308277117550301 0.0784228367330086 0.20823453483180857 0.23866584229693877 0.0784228376394721 0.6650873491072604 0.12308277118415495 0.07842283596274904
104 0.07842283649370074 0.294109228765592 0.3763447535238811 0.05744720379287512 0.0646095626630426 -0.023371367185196223 0.08157780280453153 0.2941092282999307 0.03970950912344051 0.08157780290639494 0.0397095090916082 0.07842283704667352 0.3763447541568894 0.6707801164302509 0.08157780316832941 0.05163120787581263 0.6707801168377046 0.07842283672653139 0.37634475441882387 0.670780116241076
42 0.20965670668838096 0.0430738040535967 0.13809244583088143 0.7761092585802288 0.520019989117769 0.2700290763149018 0.20491019062922017 0.04307380431774586 0.4068352289920553 0.20491019084979342 0.4068352291492211 0.2096567083163455 0.13809244580213306 -0.009318396840568325 0.20491019095831356 0.43540077836483637 -0.009318395961538958 0.20965670806861283 0.1380924461928588 -0.009318397275221251
4 0.20965670668838096 0.0430738040535967 0.13809244583088143 0.7761092585802288 0.520019989117769 0.2700290763149018 0.20491019062922017 0.04307380431774586 0.4068352289920553 0.20491019084979342 0.4068352291492211 0.2096567083163455 0.13809244580213306 -0.009318396840568325 0.20491019095831356 0.43540077836483637 -0.009318395961538958 0.20965670806861283 0.1380924461928588 -0.009318397275221251
125 0.20823453444326634 0.28014823124612054 0.07286695828500224 0.24272401064019267 0.24192284149153137 0.008006823937480619 0.7204503404023794 0.280148231061999 0.02764393866660154 0.7204503406118057 0.027643938550478347 0.20823453501891048 0.07286695830455107 0.08157780269741069 0.7204503405505754 0.029585597000691532 0.08157780375742635 0.20823453502571262 0.07286695830593111 0.08157780256686178
93 0.20823453444326634 0.28014823124612054 0.07286695828500224 0.24272401064019267 0.24192284149153137 0.008006823937480619 0.7204503404023794 0.280148231061999 0.02764393866660154 0.7204503406118057 0.027643938550478347 0.20823453501891048 0.07286695830455107 0.08157780269741069 0.7204503405505754 0.029585597000691532 0.08157780375742635 0.20823453502571262 0.07286695830593111 0.08157780256686178
177 0.20823453444326634 0.28014823124612054 0.07286695828500224 0.24272401064019267 0.24192284149153137 0.008006823937480619 0.7204503404023794 0.280148231061999 0.02764393866660154 0.7204503406118057 0.027643938550478347 0.20823453501891048 0.07286695830455107 0.08157780269741069 0.7204503405505754 0.029585597000691532 0.08157780375742635 0.20823453502571262 0.07286695830593111 0.08157780256686178
74 0.20823453444326634 0.28014823124612054 0.07286695828500224 0.24272401064019267 0.24192284149153137 0.008006823937480619 0.7204503404023794 0.280148231061999 0.02764393866660154 0.7204503406118057 0.027643938550478347 0.20823453501891048 0.07286695830455107 0.08157780269741069 0.7204503405505754 0.029585597000691532 0.08157780375742635 0.20823453502571262 0.07286695830593111 0.08157780256686178
166 0.20823453444326634 0.28014823124612054 0.07286695828500224 0.24272401064019267 0.24192284149153137 0.008006823937480619 0.7204503404023794 0.280148231061999 0.02764393866660154 0.7204503406118057 0.027643938550478347 0.20823453501891048 0.07286695830455107 0.08157780269741069 0.7204503405505754 0.029585597000691532 0.08157780375742635 0.20823453502571262 0.07286695830593111 0.08157780256686178
28 0.23866584059636442 0.05501982068384743 0.2179651417833061 0.43162411810852414 0.42769213718382265 0.38567850800247955 0.02958559680384616 0.055019821175760195 0.5218564526544064 0.02958559691904046 0.5218564527939357 0.23866584291035048 0.21796514201977815 0.05163120772936613 0.02958559708919394 0.7792789226409759 0.05163120847599362 0.23866584302284663 0.21796514215070315 0.05163120725323831
153 0.12308277056580678 0.239207225755645 0.618807695217065 0.12268495130490303 0.13329943893566965 0.10132363293634178 0.07286695805735849 0.23920722555255972 0.2827651719946237 0.07286695817190605 0.2827651721439465 0.12308277182655084 0.6188076959459672 0.3763447540274441 0.07286695842638866 0.21796514205659046 0.37634475475689433 0.12308277125867925 0.6188076962808614 0.3763447537095728
140 0.12308277056580678 0.239207225755645 0.618807695217065 0.12268495130490303 0.13329943893566965 0.10132363293634178 0.07286695805735849 0.23920722555255972 0.2827651719946237 0.07286695817190605 0.2827651721439465 0.12308277182655084 0.6188076959459672 0.3763447540274441 0.07286695842638866 0.21796514205659046 0.37634475475689433 0.12308277125867925 0.6188076962808614 0.3763447537095728
143 0.2186220391480989 0.04252321480612571 0.28276517189595607 0.2428856727318701 0.27340103521910547 0.5791161624952494 0.02764393850231213 0.04252321540529421 0.6575157693218528 0.02764393851265333 0.6575157695903275 0.21862204166096294 0.28276517198146545 0.03970950898800337 0.02764393869338225 0.5218564527040574 0.039709509857180754 0.21862204147672268 0.2827651722501075 0.03970950849710977
63 0.4836689221767323 0.32024658895886043 0.3172115628876848 0.23543250118939013 0.27439872371153995 0.19575467723179893 0.148453808279725 0.3202465895236621 0.4460381234056598 0.1484538084210173 0.44603812354159966 0.4836689243318588 0.31721156296463415 0.15213092430348144 0.1484538086944222 0.1518475500942179 0.15213092525875252 0.4836689242413678 0.31721156316971677 0.1521309235940913
151 0.07842283649370074 0.294109228765592 0.3763447535238811 0.05744720379287512 0.0646095626630426 -0.023371367185196223 0.08157780280453153 0.2941092282999307 0.03970950912344051 0.08157780290639494 0.0397095090916082 0.07842283704667352 0.3763447541568894 0.6707801164302509 0.08157780316832941 0.05163120787581263 0.6707801168377046 0.07842283672653139 0.37634475441882387 0.670780116241076
61 0.23282809686154252 0.7486848631325461 0.23920722552148505 0.14975122795159754 0.13941086092579427 -0.03465020893837255 0.2801482307770803 0.7486848629465697 0.04252321505078181 0.2801482310581738 0.04252321500154946 0.23282809748677943 0.23920722563610322 0.29410922835097414 0.28014823107401826 0.05501982083738012 0.29410922909963094 0.23282809710524224 0.23920722590328364 0.2941092281149932
138 0.6650873465783395 0.23282809709754768 0.12308277139879376 0.3051326509674344 0.3041917847399703 0.17995572292722586 0.20823453463430228 0.23282809749421035 0.21862204076719233 0.20823453475145354 0.21862204083102643 0.6650873493103422 0.12308277117550301 0.0784228367330086 0.20823453483180857 0.23866584229693877 0.0784228376394721 0.6650873491072604 0.12308277118415495 0.07842283596274904
132 0.07842283649370074 0.294109228765592 0.3763447535238811 0.05744720379287512 0.0646095626630426 -0.023371367185196223 0.08157780280453153 0.2941092282999307 0.03970950912344051 0.08157780290639494 0.0397095090916082 0.07842283704667352 0.3763447541568894 0.6707801164302509 0.08157780316832941 0.05163120787581263 0.6707801168377046 0.07842283672653139 0.37634475441882387 0.670780116241076
71 0.20823453444326634 0.28014823124612054 0.07286695828500224 0.24272401064019267 0.24192284149153137 0.008006823937480619 0.7204503404023794 0.280148231061999 0.02764393866660154 0.7204503406118057 0.027643938550478347 0.20823453501891048 0.07286695830455107 0.08157780269741069 0.7204503405505754 0.029585597000691532 0.08157780375742635 0.20823453502571262 0.07286695830593111 0.08157780256686178
159 0.23282809686154252 0.7486848631325461 0.23920722552148505 0.14975122795159754 0.13941086092579427 -0.03465020893837255 0.2801482307770803 0.7486848629465697 0.04252321505078181 0.2801482310581738 0.04252321500154946 0.23282809748677943 0.23920722563610322 0.29410922835097414 0.28014823107401826 0.05501982083738012 0.29410922909963094 0.23282809710524224 0.23920722590328364 0.2941092281149932
35 0.3051326496498769 0.1497512278703336 0.12268495123897871 0.8027723640702304 0.6899612695586251 0.13876189136211153 0.24272401039348018 0.14975122813908398 0.24288567270941447 0.24272401052407475 0.24288567283454635 0.3051326515099713 0.12268495111404948 0.05744720367234414 0.2427240106401512 0.43162411810852463 0.05744720457555128 0.305132651495995 0.12268495136794437 0.057447203136039314
81 0.2186220391480989 0.04252321480612571 0.28276517189595607 0.2428856727318701 0.27340103521910547 0.5791161624952494 0.02764393850231213 0.04252321540529421 0.6575157693218528 0.02764393851265333 0.6575157695903275 0.21862204166096294 0.28276517198146545 0.03970950898800337 0.02764393869338225 0.5218564527040574 0.039709509857180754 0.21862204147672268 0.2827651722501075 0.03970950849710977
19 0.30419178323595314 0.13941086085572035 0.13329943884795542 0.6899612695586239 0.7819074521315512 0.1492624291485759 0.2419228412338999 0.13941086113664142 0.2734010351912409 0.24192284142610876 0.27340103524533493 0.3041917856446094 0.13329943871024988 0.06460956255289946 0.2419228416241804 0.4276921371838207 0.06460956344680394 0.30419178527050106 0.1332994390722641 0.0646095620175593
66 0.12308277056580678 0.239207225755645 0.618807695217065 0.12268495130490303 0.13329943893566965 0.10132363293634178 0.07286695805735849 0.23920722555255972 0.2827651719946237 0.07286695817190605 0.2827651721439465 0.12308277182655084 0.6188076959459672 0.3763447540274441 0.07286695842638866 0.21796514205659046 0.37634475475689433 0.12308277125867925 0.6188076962808614 0.3763447537095728
5 0.3051326496498769 0.1497512278703336 0.12268495123897871 0.8027723640702304 0.6899612695586251 0.13876189136211153 0.24272401039348018 0.14975122813908398 0.24288567270941447 0.24272401052407475 0.24288567283454635 0.3051326515099713 0.12268495111404948 0.05744720367234414 0.2427240106401512 0.43162411810852463 0.05744720457555128 0.305132651495995 0.12268495136794437 0.057447203136039314
99 0.20823453444326634 0.28014823124612054 0.07286695828500224 0.24272401064019267 0.24192284149153137 0.008006823937480619 0.7204503404023794 0.280148231061999 0.02764393866660154 0.7204503406118057 0.027643938550478347 0.20823453501891048 0.07286695830455107 0.08157780269741069 0.7204503405505754 0.029585597000691532 0.08157780375742635 0.20823453502571262 0.07286695830593111 0.08157780256686178
209 0.23282809686154252 0.7486848631325461 0.23920722552148505 0.14975122795159754 0.13941086092579427 -0.03465020893837255 0.2801482307770803 0.7486848629465697 0.04252321505078181 0.2801482310581738 0.04252321500154946 0.23282809748677943 0.23920722563610322 0.29410922835097414 0.28014823107401826 0.05501982083738012 0.29410922909963094 0.23282809710524224 0.23920722590328364 0.2941092281149932
108 0.07842283649370074 0.294109228765592 0.3763447535238811 0.05744720379287512 0.0646095626630426 -0.023371367185196223 0.08157780280453153 0.2941092282999307 0.03970950912344051 0.08157780290639494 0.0397095090916082 0.07842283704667352 0.3763447541568894 0.6707801164302509 0.08157780316832941 0.05163120787581263 0.6707801168377046 0.07842283672653139 0.37634475441882387 0.670780116241076
0 0.24770662616711833 0.047778985801604855 0.1260758672726747 0.7381290683536738 0.5308214509689057 0.2777707797492093 0.11475506519336726 0.04777898610063251 0.406530564473923 0.1147550654011413 0.40653056471608157 0.24770662796945267 0.12607586717474162 0.006974855045061295 0.11475506554033464 0.6635872287954524 0.006974855890693984 0.247706627707051 0.12607586763506579 0.00697485465322179
193 0.4836689221767323 0.32024658895886043 0.3172115628876848 0.23543250118939013 0.27439872371153995 0.19575467723179893 0.148453808279725 0.3202465895236621 0.4460381234056598 0.1484538084210173 0.44603812354159966 0.4836689243318588 0.31721156296463415 0.15213092430348144 0.1484538086944222 0.1518475500942179 0.15213092525875252 0.4836689242413678 0.31721156316971677 0.1521309235940913
62 0.23282809686154252 0.7486848631325461 0.23920722552148505 0.14975122795159754 0.13941086092579427 -0.03465020893837255 0.2801482307770803 0.7486848629465697 0.04252321505078181 0.2801482310581738 0.04252321500154946 0.23282809748677943 0.23920722563610322 0.29410922835097414 0.28014823107401826 0.05501982083738012 0.29410922909963094 0.23282809710524224 0.23920722590328364 0.2941092281149932
119 0.20823453444326634 0.28014823124612054 0.07286695828500224 0.24272401064019267 0.24192284149153137 0.008006823937480619 0.7204503404023794 0.280148231061999 0.02764393866660154 0.7204503406118057 0.027643938550478347 0.20823453501891048 0.07286695830455107 0.08157780269741069 0.7204503405505754 0.029585597000691532 0.08157780375742635 0.20823453502571262 0.07286695830593111 0.08157780256686178
120 0.20823453444326634 0.28014823124612054 0.07286695828500224 0.24272401064019267 0.24192284149153137 0.008006823937480619 0.7204503404023794 0.280148231061999 0.02764393866660154 0.7204503406118057 0.027643938550478347 0.20823453501891048 0.07286695830455107 0.08157780269741069 0.7204503405505754 0.029585597000691532 0.08157780375742635 0.20823453502571262 0.07286695830593111 0.08157780256686178
22 0.20965670668838096 0.0430738040535967 0.13809244583088143 0.7761092585802288 0.520019989117769 0.2700290763149018 0.20491019062922017 0.04307380431774586 0.4068352289920553 0.20491019084979342 0.4068352291492211 0.2096567083163455 0.13809244580213306 -0.009318396840568325 0.20491019095831356 0.43540077836483637 -0.009318395961538958 0.20965670806861283 0.1380924461928588 -0.009318397275221251
149 0.12308277056580678 0.239207225755645 0.618807695217065 0.12268495130490303 0.13329943893566965 0.10132363293634178 0.07286695805735849 0.23920722555255972 0.2827651719946237 0.07286695817190605 0.2827651721439465 0.12308277182655084 0.6188076959459672 0.3763447540274441 0.07286695842638866 0.21796514205659046 0.37634475475689433 0.12308277125867925 0.6188076962808614 0.3763447537095728
215 0.12308277056580678 0.239207225755645 0.618807695217065 0.12268495130490303 0.13329943893566965 0.10132363293634178 0.07286695805735849 0.23920722555255972 0.2827651719946237 0.07286695817190605 0.2827651721439465 0.12308277182655084 0.6188076959459672 0.3763447540274441 0.07286695842638866 0.21796514205659046 0.37634475475689433 0.12308277125867925 0.6188076962808614 0.3763447537095728
172 0.07842283649370074 0.294109228765592 0.3763447535238811 0.05744720379287512 0.0646095626630426 -0.023371367185196223 0.08157780280453153 0.2941092282999307 0.03970950912344051 0.08157780290639494 0.0397095090916082 0.07842283704667352 0.3763447541568894 0.6707801164302509 0.08157780316832941 0.05163120787581263 0.6707801168377046 0.07842283672653139 0.37634475441882387 0.670780116241076
136 0.4836689221767323 0.32024658895886043 0.3172115628876848 0.23543250118939013 0.27439872371153995 0.19575467723179893 0.148453808279725 0.3202465895236621 0.4460381234056598 0.1484538084210173 0.44603812354159966 0.4836689243318588 0.31721156296463415 0.15213092430348144 0.1484538086944222 0.1518475500942179 0.15213092525875252 0.4836689242413678 0.31721156316971677 0.1521309235940913
79 0.07842283649370074 0.294109228765592 0.3763447535238811 0.05744720379287512 0.0646095626630426 -0.023371367185196223 0.08157780280453153 0.2941092282999307 0.03970950912344051 0.08157780290639494 0.0397095090916082 0.07842283704667352 0.3763447541568894 0.6707801164302509 0.08157780316832941 0.05163120787581263 0.6707801168377046 0.07842283672653139 0.37634475441882387 0.670780116241076
3 0.3051326496498769 0.1497512278703336 0.12268495123897871 0.8027723640702304 0.6899612695586251 0.13876189136211153 0.24272401039348018 0.14975122813908398 0.24288567270941447 0.24272401052407475 0.24288567283454635 0.3051326515099713 0.12268495111404948 0.05744720367234414 0.2427240106401512 0.43162411810852463 0.05744720457555128 0.305132651495995 0.12268495136794437 0.057447203136039314
115 0.17995572128555196 -0.034650209170488756 0.10132363262918609 0.1387618913621138 0.1492624291485753 1.0033857719799444 0.008006823714938681 -0.03465020866084897 0.5791161624189531 0.008006823890265802 0.579116162589899 0.1799557237497604 0.10132363292599668 -0.023371367316863685 0.008006824089748317 0.3856785080024826 -0.02337136650895768 0.1799557235089914 0.10132363320564867 -0.023371367742099636
192 0.4836689221767323 0.32024658895886043 0.3172115628876848 0.23543250118939013 0.27439872371153995 0.19575467723179893 0.148453808279725 0.3202465895236621 0.4460381234056598 0.1484538084210173 0.44603812354159966 0.4836689243318588 0.31721156296463415 0.15213092430348144 0.1484538086944222 0.1518475500942179 0.15213092525875252 0.4836689242413678 0.31721156316971677 0.1521309235940913
91 0.20823453444326634 0.28014823124612054 0.07286695828500224 0.24272401064019267 0.24192284149153137 0.008006823937480619 0.7204503404023794 0.280148231061999 0.02764393866660154 0.7204503406118057 0.027643938550478347 0.20823453501891048 0.07286695830455107 0.08157780269741069 0.7204503405505754 0.029585597000691532 0.08157780375742635 0.20823453502571262 0.07286695830593111 0.08157780256686178
174 0.17995572128555196 -0.034650209170488756 0.10132363262918609 0.1387618913621138 0.1492624291485753 1.0033857719799444 0.008006823714938681 -0.03465020866084897 0.5791161624189531 0.008006823890265802 0.579116162589899 0.1799557237497604 0.10132363292599668 -0.023371367316863685 0.008006824089748317 0.3856785080024826 -0.02337136650895768 0.1799557235089914 0.10132363320564867 -0.023371367742099636
96 0.20823453444326634 0.28014823124612054 0.07286695828500224 0.24272401064019267 0.24192284149153137 0.008006823937480619 0.7204503404023794 0.280148231061999 0.02764393866660154 0.7204503406118057 0.027643938550478347 0.20823453501891048 0.07286695830455107 0.08157780269741069 0.7204503405505754 0.029585597000691532 0.08157780375742635 0.20823453502571262 0.07286695830593111 0.08157780256686178
155 0.07842283649370074 0.294109228765592 0.3763447535238811 0.05744720379287512 0.0646095626630426 -0.023371367185196223 0.08157780280453153 0.2941092282999307 0.03970950912344051 0.08157780290639494 0.0397095090916082 0.07842283704667352 0.3763447541568894 0.6707801164302509 0.08157780316832941 0.05163120787581263 0.6707801168377046 0.07842283672653139 0.37634475441882387 0.670780116241076
10 0.20965670668838096 0.0430738040535967 0.13809244583088143 0.7761092585802288 0.520019989117769 0.2700290763149018 0.20491019062922017 0.04307380431774586 0.4068352289920553 0.20491019084979342 0.4068352291492211 0.2096567083163455 0.13809244580213306 -0.009318396840568325 0.20491019095831356 0.43540077836483637 -0.009318395961538958 0.20965670806861283 0.1380924461928588 -0.009318397275221251
32 0.23866584059636442 0.05501982068384743 0.2179651417833061 0.43162411810852414 0.42769213718382265 0.38567850800247955 0.02958559680384616 0.055019821175760195 0.5218564526544064 0.02958559691904046 0.5218564527939357 0.23866584291035048 0.21796514201977815 0.05163120772936613 0.02958559708919394 0.7792789226409759 0.05163120847599362 0.23866584302284663 0.21796514215070315 0.05163120725323831
156 0.07842283649370074 0.294109228765592 0.3763447535238811 0.05744720379287512 0.0646095626630426 -0.023371367185196223 0.08157780280453153 0.2941092282999307 0.03970950912344051 0.08157780290639494 0.0397095090916082 0.07842283704667352 0.3763447541568894 0.6707801164302509 0.08157780316832941 0.05163120787581263 0.6707801168377046 0.07842283672653139 0.37634475441882387 0.670780116241076
124 0.20823453444326634 0.28014823124612054 0.07286695828500224 0.24272401064019267 0.24192284149153137 0.008006823937480619 0.7204503404023794 0.280148231061999 0.02764393866660154 0.7204503406118057 0.027643938550478347 0.20823453501891048 0.07286695830455107 0.08157780269741069 0.7204503405505754 0.029585597000691532 0.08157780375742635 0.20823453502571262 0.07286695830593111 0.08157780256686178
109 0.2186220391480989 0.04252321480612571 0.28276517189595607 0.2428856727318701 0.27340103521910547 0.5791161624952494 0.02764393850231213 0.04252321540529421 0.6575157693218528 0.02764393851265333 0.6575157695903275 0.21862204166096294 0.28276517198146545 0.03970950898800337 0.02764393869338225 0.5218564527040574 0.039709509857180754 0.21862204147672268 0.2827651722501075 0.03970950849710977
213 0.6650873465783395 0.23282809709754768 0.12308277139879376 0.3051326509674344 0.3041917847399703 0.17995572292722586 0.20823453463430228 0.23282809749421035 0.21862204076719233 0.20823453475145354 0.21862204083102643 0.6650873493103422 0.12308277117550301 0.0784228367330086 0.20823453483180857 0.23866584229693877 0.0784228376394721 0.6650873491072604 0.12308277118415495 0.07842283596274904
182 0.12308277056580678 0.239207225755645 0.618807695217065 0.12268495130490303 0.13329943893566965 0.10132363293634178 0.07286695805735849 0.23920722555255972 0.2827651719946237 0.07286695817190605 0.2827651721439465 0.12308277182655084 0.6188076959459672 0.3763447540274441 0.07286695842638866 0.21796514205659046 0.37634475475689433 0.12308277125867925 0.6188076962808614 0.3763447537095728
77 0.12308277056580678 0.239207225755645 0.618807695217065 0.12268495130490303 0.13329943893566965 0.10132363293634178 0.07286695805735849 0.23920722555255972 0.2827651719946237 0.07286695817190605 0.2827651721439465 0.12308277182655084 0.6188076959459672 0.3763447540274441 0.07286695842638866 0.21796514205659046 0.37634475475689433 0.12308277125867925 0.6188076962808614 0.3763447537095728
73 0.20823453444326634 0.28014823124612054 0.07286695828500224 0.24272401064019267 0.24192284149153137 0.008006823937480619 0.7204503404023794 0.280148231061999 0.02764393866660154 0.7204503406118057 0.027643938550478347 0.20823453501891048 0.07286695830455107 0.08157780269741069 0.7204503405505754 0.029585597000691532 0.08157780375742635 0.20823453502571262 0.07286695830593111 0.08157780256686178
68 0.07842283649370074 0.294109228765592 0.3763447535238811 0.05744720379287512 0.0646095626630426 -0.023371367185196223 0.08157780280453153 0.2941092282999307 0.03970950912344051 0.08157780290639494 0.0397095090916082 0.07842283704667352 0.3763447541568894 0.6707801164302509 0.08157780316832941 0.05163120787581263 0.6707801168377046 0.07842283672653139 0.37634475441882387 0.670780116241076
139 0.12308277056580678 0.239207225755645 0.618807695217065 0.12268495130490303 0.13329943893566965 0.10132363293634178 0.07286695805735849 0.23920722555255972 0.2827651719946237 0.07286695817190605 0.2827651721439465 0.12308277182655084 0.6188076959459672 0.3763447540274441 0.07286695842638866 0.21796514205659046 0.37634475475689433 0.12308277125867925 0.6188076962808614 0.3763447537095728
128 0.20823453444326634 0.28014823124612054 0.07286695828500224 0.24272401064019267 0.24192284149153137 0.008006823937480619 0.7204503404023794 0.280148231061999 0.02764393866660154 0.7204503406118057 0.027643938550478347 0.20823453501891048 0.07286695830455107 0.08157780269741069 0.7204503405505754 0.029585597000691532 0.08157780375742635 0.20823453502571262 0.07286695830593111 0.08157780256686178
67 0.12308277056580678 0.239207225755645 0.618807695217065 0.12268495130490303 0.13329943893566965 0.10132363293634178 0.07286695805735849 0.23920722555255972 0.2827651719946237 0.07286695817190605 0.2827651721439465 0.12308277182655084 0.6188076959459672 0.3763447540274441 0.07286695842638866 0.21796514205659046 0.37634475475689433 0.12308277125867925 0.6188076962808614 0.3763447537095728
57 0.29050065065308545 0.15094239019472938 0.11039592792385904 0.8891365158136586 0.6296953387961531 0.1344166486373346 0.23499494755589664 0.15094239035309456 0.21911551723201175 0.23499494788339237 0.21911551731978968 0.29050065186998 0.11039592789169693 0.05695431203154546 0.2349949480215399 0.43144869273200515 0.056954312836133406 0.2905006518080169 0.11039592843209993 0.05695431159567402
39 0.3051326496498769 0.1497512278703336 0.12268495123897871 0.8027723640702304 0.6899612695586251 0.13876189136211153 0.24272401039348018 0.14975122813908398 0.24288567270941447 0.24272401052407475 0.24288567283454635 0.3051326515099713 0.12268495111404948 0.05744720367234414 0.2427240106401512 0.43162411810852463 0.05744720457555128 0.305132651495995 0.12268495136794437 0.057447203136039314
122 0.17995572128555196 -0.034650209170488756 0.10132363262918609 0.1387618913621138 0.1492624291485753 1.0033857719799444 0.008006823714938681 -0.03465020866084897 0.5791161624189531 0.008006823890265802 0.579116162589899 0.1799557237497604 0.10132363292599668 -0.023371367316863685 0.008006824089748317 0.3856785080024826 -0.02337136650895768 0.1799557235089914 0.10132363320564867 -0.023371367742099636
85 0.4836689221767323 0.32024658895886043 0.3172115628876848 0.23543250118939013 0.27439872371153995 0.19575467723179893 0.148453808279725 0.3202465895236621 0.4460381234056598 0.1484538084210173 0.44603812354159966 0.4836689243318588 0.31721156296463415 0.15213092430348144 0.1484538086944222 0.1518475500942179 0.15213092525875252 0.4836689242413678 0.31721156316971677 0.1521309235940913
191 0.23282809686154252 0.7486848631325461 0.23920722552148505 0.14975122795159754 0.13941086092579427 -0.03465020893837255 0.2801482307770803 0.7486848629465697 0.04252321505078181 0.2801482310581738 0.04252321500154946 0.23282809748677943 0.23920722563610322 0.29410922835097414 0.28014823107401826 0.05501982083738012 0.29410922909963094 0.23282809710524224 0.23920722590328364 0.2941092281149932
55 0.3051326496498769 0.1497512278703336 0.12268495123897871 0.8027723640702304 0.6899612695586251 0.13876189136211153 0.24272401039348018 0.14975122813908398 0.24288567270941447 0.24272401052407475 0.24288567283454635 0.3051326515099713 0.12268495111404948 0.05744720367234414 0.2427240106401512 0.43162411810852463 0.05744720457555128 0.305132651495995 0.12268495136794437 0.057447203136039314
16 0.23866584059636442 0.05501982068384743 0.2179651417833061 0.43162411810852414 0.42769213718382265 0.38567850800247955 0.02958559680384616 0.055019821175760195 0.5218564526544064 0.02958559691904046 0.5218564527939357 0.23866584291035048 0.21796514201977815 0.05163120772936613 0.02958559708919394 0.7792789226409759 0.05163120847599362 0.23866584302284663 0.21796514215070315 0.05163120725323831
196 0.20823453444326634 0.28014823124612054 0.07286695828500224 0.24272401064019267 0.24192284149153137 0.008006823937480619 0.7204503404023794 0.280148231061999 0.02764393866660154 0.7204503406118057 0.027643938550478347 0.20823453501891048 0.07286695830455107 0.08157780269741069 0.7204503405505754 0.029585597000691532 0.08157780375742635 0.20823453502571262 0.07286695830593111 0.08157780256686178
20 0.20965670668838096 0.0430738040535967 0.13809244583088143 0.7761092585802288 0.520019989117769 0.2700290763149018 0.20491019062922017 0.04307380431774586 0.4068352289920553 0.20491019084979342 0.4068352291492211 0.2096567083163455 0.13809244580213306 -0.009318396840568325 0.20491019095831356 0.43540077836483637 -0.009318395961538958 0.20965670806861283 0.1380924461928588 -0.009318397275221251
92 0.20823453444326634 0.28014823124612054 0.07286695828500224 0.24272401064019267 0.24192284149153137 0.008006823937480619 0.7204503404023794 0.280148231061999 0.02764393866660154 0.7204503406118057 0.027643938550478347 0.20823453501891048 0.07286695830455107 0.08157780269741069 0.7204503405505754 0.029585597000691532 0.08157780375742635 0.20823453502571262 0.07286695830593111 0.08157780256686178
212 0.4836689221767323 0.32024658895886043 0.3172115628876848 0.23543250118939013 0.27439872371153995 0.19575467723179893 0.148453808279725 0.3202465895236621 0.4460381234056598 0.1484538084210173 0.44603812354159966 0.4836689243318588 0.31721156296463415 0.15213092430348144 0.1484538086944222 0.1518475500942179 0.15213092525875252 0.4836689242413678 0.31721156316971677 0.1521309235940913
170 0.12308277056580678 0.239207225755645 0.618807695217065 0.12268495130490303 0.13329943893566965 0.10132363293634178 0.07286695805735849 0.23920722555255972 0.2827651719946237 0.07286695817190605 0.2827651721439465 0.12308277182655084 0.6188076959459672 0.3763447540274441 0.07286695842638866 0.21796514205659046 0.37634475475689433 0.12308277125867925 0.6188076962808614 0.3763447537095728
204 0.23282809686154252 0.7486848631325461 0.23920722552148505 0.14975122795159754 0.13941086092579427 -0.03465020893837255 0.2801482307770803 0.7486848629465697 0.04252321505078181 0.2801482310581738 0.04252321500154946 0.23282809748677943 0.23920722563610322 0.29410922835097414 0.28014823107401826 0.05501982083738012 0.29410922909963094 0.23282809710524224 0.23920722590328364 0.2941092281149932
52 0.24770662616711833 0.047778985801604855 0.1260758672726747 0.7381290683536738 0.5308214509689057 0.2777707797492093 0.11475506519336726 0.04777898610063251 0.406530564473923 0.1147550654011413 0.40653056471608157 0.24770662796945267 0.12607586717474162 0.006974855045061295 0.11475506554033464 0.6635872287954524 0.006974855890693984 0.247706627707051 0.12607586763506579 0.00697485465322179
158 0.23282809686154252 0.7486848631325461 0.23920722552148505 0.14975122795159754 0.13941086092579427 -0.03465020893837255 0.2801482307770803 0.7486848629465697 0.04252321505078181 0.2801482310581738 0.04252321500154946 0.23282809748677943 0.23920722563610322 0.29410922835097414 0.28014823107401826 0.05501982083738012 0.29410922909963094 0.23282809710524224 0.23920722590328364 0.2941092281149932
181 0.12308277056580678 0.239207225755645 0.618807695217065 0.12268495130490303 0.13329943893566965 0.10132363293634178 0.07286695805735849 0.23920722555255972 0.2827651719946237 0.07286695817190605 0.2827651721439465 0.12308277182655084 0.6188076959459672 0.3763447540274441 0.07286695842638866 0.21796514205659046 0.37634475475689433 0.12308277125867925 0.6188076962808614 0.3763447537095728
164 0.20823453444326634 0.28014823124612054 0.07286695828500224 0.24272401064019267 0.24192284149153137 0.008006823937480619 0.7204503404023794 0.280148231061999 0.02764393866660154 0.7204503406118057 0.027643938550478347 0.20823453501891048 0.07286695830455107 0.08157780269741069 0.7204503405505754 0.029585597000691532 0.08157780375742635 0.20823453502571262 0.07286695830593111 0.08157780256686178
46 0.23866584059636442 0.05501982068384743 0.2179651417833061 0.43162411810852414 0.42769213718382265 0.38567850800247955 0.02958559680384616 0.055019821175760195 0.5218564526544064 0.02958559691904046 0.5218564527939357 0.23866584291035048 0.21796514201977815 0.05163120772936613 0.02958559708919394 0.7792789226409759 0.05163120847599362 0.23866584302284663 0.21796514215070315 0.05163120725323831
183 0.07842283649370074 0.294109228765592 0.3763447535238811 0.05744720379287512 0.0646095626630426 -0.023371367185196223 0.08157780280453153 0.2941092282999307 0.03970950912344051 0.08157780290639494 0.0397095090916082 0.07842283704667352 0.3763447541568894 0.6707801164302509 0.08157780316832941 0.05163120787581263 0.6707801168377046 0.07842283672653139 0.37634475441882387 0.670780116241076
110 0.23282809686154252 0.7486848631325461 0.23920722552148505 0.14975122795159754 0.13941086092579427 -0.03465020893837255 0.2801482307770803 0.7486848629465697 0.04252321505078181 0.2801482310581738 0.04252321500154946 0.23282809748677943 0.23920722563610322 0.29410922835097414 0.28014823107401826 0.05501982083738012 0.29410922909963094 0.23282809710524224 0.23920722590328364 0.2941092281149932
23 0.3051326496498769 0.1497512278703336 0.12268495123897871 0.8027723640702304 0.6899612695586251 0.13876189136211153 0.24272401039348018 0.14975122813908398 0.24288567270941447 0.24272401052407475 0.24288567283454635 0.3051326515099713 0.12268495111404948 0.05744720367234414 0.2427240106401512 0.43162411810852463 0.05744720457555128 0.305132651495995 0.12268495136794437 0.057447203136039314
150 0.12308277056580678 0.239207225755645 0.618807695217065 0.12268495130490303 0.13329943893566965 0.10132363293634178 0.07286695805735849 0.23920722555255972 0.2827651719946237 0.07286695817190605 0.2827651721439465 0.12308277182655084 0.6188076959459672 0.3763447540274441 0.07286695842638866 0.21796514205659046 0.37634475475689433 0.12308277125867925 0.6188076962808614 0.3763447537095728
49 0.30419178323595314 0.13941086085572035 0.13329943884795542 0.6899612695586239 0.7819074521315512 0.1492624291485759 0.2419228412338999 0.13941086113664142 0.2734010351912409 0.24192284142610876 0.27340103524533493 0.3041917856446094 0.13329943871024988 0.06460956255289946 0.2419228416241804 0.4276921371838207 0.06460956344680394 0.30419178527050106 0.1332994390722641 0.0646095620175593
199 0.20823453444326634 0.28014823124612054 0.07286695828500224 0.24272401064019267 0.24192284149153137 0.008006823937480619 0.7204503404023794 0.280148231061999 0.02764393866660154 0.7204503406118057 0.027643938550478347 0.20823453501891048 0.07286695830455107 0.08157780269741069 0.7204503405505754 0.029585597000691532 0.08157780375742635 0.20823453502571262 0.07286695830593111 0.08157780256686178
69 0.07842283649370074 0.294109228765592 0.3763447535238811 0.05744720379287512 0.0646095626630426 -0.023371367185196223 0.08157780280453153 0.2941092282999307 0.03970950912344051 0.08157780290639494 0.0397095090916082 0.07842283704667352 0.3763447541568894 0.6707801164302509 0.08157780316832941 0.05163120787581263 0.6707801168377046 0.07842283672653139 0.37634475441882387 0.670780116241076
8 0.24770662616711833 0.047778985801604855 0.1260758672726747 0.7381290683536738 0.5308214509689057 0.2777707797492093 0.11475506519336726 0.04777898610063251 0.406530564473923 0.1147550654011413 0.40653056471608157 0.24770662796945267 0.12607586717474162 0.006974855045061295 0.11475506554033464 0.6635872287954524 0.006974855890693984 0.247706627707051 0.12607586763506579 0.00697485465322179
114 0.6650873465783395 0.23282809709754768 0.12308277139879376 0.3051326509674344 0.3041917847399703 0.17995572292722586 0.20823453463430228 0.23282809749421035 0.21862204076719233 0.20823453475145354 0.21862204083102643 0.6650873493103422 0.12308277117550301 0.0784228367330086 0.20823453483180857 0.23866584229693877 0.0784228376394721 0.6650873491072604 0.12308277118415495 0.07842283596274904
201 0.20823453444326634 0.28014823124612054 0.07286695828500224 0.24272401064019267 0.24192284149153137 0.008006823937480619 0.7204503404023794 0.280148231061999 0.02764393866660154 0.7204503406118057 0.027643938550478347 0.20823453501891048 0.07286695830455107 0.08157780269741069 0.7204503405505754 0.029585597000691532 0.08157780375742635 0.20823453502571262 0.07286695830593111 0.08157780256686178
100 0.20823453444326634 0.28014823124612054 0.07286695828500224 0.24272401064019267 0.24192284149153137 0.008006823937480619 0.7204503404023794 0.280148231061999 0.02764393866660154 0.7204503406118057 0.027643938550478347 0.20823453501891048 0.07286695830455107 0.08157780269741069 0.7204503405505754 0.029585597000691532 0.08157780375742635 0.20823453502571262 0.07286695830593111 0.08157780256686178
21 0.30419178323595314 0.13941086085572035 0.13329943884795542 0.6899612695586239 0.7819074521315512 0.1492624291485759 0.2419228412338999 0.13941086113664142 0.2734010351912409 0.24192284142610876 0.27340103524533493 0.3041917856446094 0.13329943871024988 0.06460956255289946 0.2419228416241804 0.4276921371838207 0.06460956344680394 0.30419178527050106 0.1332994390722641 0.0646095620175593
34 0.23866584059636442 0.05501982068384743 0.2179651417833061 0.43162411810852414 0.42769213718382265 0.38567850800247955 0.02958559680384616 0.055019821175760195 0.5218564526544064 0.02958559691904046 0.5218564527939357 0.23866584291035048 0.21796514201977815 0.05163120772936613 0.02958559708919394 0.7792789226409759 0.05163120847599362 0.23866584302284663 0.21796514215070315 0.05163120725323831
65 0.6650873465783395 0.23282809709754768 0.12308277139879376 0.3051326509674344 0.3041917847399703 0.17995572292722586 0.20823453463430228 0.23282809749421035 0.21862204076719233 0.20823453475145354 0.21862204083102643 0.6650873493103422 0.12308277117550301 0.0784228367330086 0.20823453483180857 0.23866584229693877 0.0784228376394721 0.6650873491072604 0.12308277118415495 0.07842283596274904
112 0.4836689221767323 0.32024658895886043 0.3172115628876848 0.23543250118939013 0.27439872371153995 0.19575467723179893 0.148453808279725 0.3202465895236621 0.4460381234056598 0.1484538084210173 0.44603812354159966 0.4836689243318588 0.31721156296463415 0.15213092430348144 0.1484538086944222 0.1518475500942179 0.15213092525875252 0.4836689242413678 0.31721156316971677 0.1521309235940913
11 0.30419178323595314 0.13941086085572035 0.13329943884795542 0.6899612695586239 0.7819074521315512 0.1492624291485759 0.2419228412338999 0.13941086113664142 0.2734010351912409 0.24192284142610876 0.27340103524533493 0.3041917856446094 0.13329943871024988 0.06460956255289946 0.2419228416241804 0.4276921371838207 0.06460956344680394 0.30419178527050106 0.1332994390722641 0.0646095620175593
105 0.12308277056580678 0.239207225755645 0.618807695217065 0.12268495130490303 0.13329943893566965 0.10132363293634178 0.07286695805735849 0.23920722555255972 0.2827651719946237 0.07286695817190605 0.2827651721439465 0.12308277182655084 0.6188076959459672 0.3763447540274441 0.07286695842638866 0.21796514205659046 0.37634475475689433 0.12308277125867925 0.6188076962808614 0.3763447537095728
26 0.24770662616711833 0.047778985801604855 0.1260758672726747 0.7381290683536738 0.5308214509689057 0.2777707797492093 0.11475506519336726 0.04777898610063251 0.406530564473923 0.1147550654011413 0.40653056471608157 0.24770662796945267 0.12607586717474162 0.006974855045061295 0.11475506554033464 0.6635872287954524 0.006974855890693984 0.247706627707051 0.12607586763506579 0.00697485465322179
135 0.23282809686154252 0.7486848631325461 0.23920722552148505 0.14975122795159754 0.13941086092579427 -0.03465020893837255 0.2801482307770803 0.7486848629465697 0.04252321505078181 0.2801482310581738 0.04252321500154946 0.23282809748677943 0.23920722563610322 0.29410922835097414 0.28014823107401826 0.05501982083738012 0.29410922909963094 0.23282809710524224 0.23920722590328364 0.2941092281149932
47 0.3051326496498769 0.1497512278703336 0.12268495123897871 0.8027723640702304 0.6899612695586251 0.13876189136211153 0.24272401039348018 0.14975122813908398 0.24288567270941447 0.24272401052407475 0.24288567283454635 0.3051326515099713 0.12268495111404948 0.05744720367234414 0.2427240106401512 0.43162411810852463 0.05744720457555128 0.305132651495995 0.12268495136794437 0.057447203136039314
190 0.23282809686154252 0.7486848631325461 0.23920722552148505 0.14975122795159754 0.13941086092579427 -0.03465020893837255 0.2801482307770803 0.7486848629465697 0.04252321505078181 0.2801482310581738 0.04252321500154946 0.23282809748677943 0.23920722563610322 0.29410922835097414 0.28014823107401826 0.05501982083738012 0.29410922909963094 0.23282809710524224 0.23920722590328364 0.2941092281149932
152 0.07842283649370074 0.294109228765592 0.3763447535238811 0.05744720379287512 0.0646095626630426 -0.023371367185196223 0.08157780280453153 0.2941092282999307 0.03970950912344051 0.08157780290639494 0.0397095090916082 0.07842283704667352 0.3763447541568894 0.6707801164302509 0.08157780316832941 0.05163120787581263 0.6707801168377046 0.07842283672653139 0.37634475441882387 0.670780116241076
56 0.23866584059636442 0.05501982068384743 0.2179651417833061 0.43162411810852414 0.42769213718382265 0.38567850800247955 0.02958559680384616 0.055019821175760195 0.5218564526544064 0.02958559691904046 0.5218564527939357 0.23866584291035048 0.21796514201977815 0.05163120772936613 0.02958559708919394 0.7792789226409759 0.05163120847599362 0.23866584302284663 0.21796514215070315 0.05163120725323831
102 0.12308277056580678 0.239207225755645 0.618807695217065 0.12268495130490303 0.13329943893566965 0.10132363293634178 0.07286695805735849 0.23920722555255972 0.2827651719946237 0.07286695817190605 0.2827651721439465 0.12308277182655084 0.6188076959459672 0.3763447540274441 0.07286695842638866 0.21796514205659046 0.37634475475689433 0.12308277125867925 0.6188076962808614 0.3763447537095728
121 0.20823453444326634 0.28014823124612054 0.07286695828500224 0.24272401064019267 0.24192284149153137 0.008006823937480619 0.7204503404023794 0.280148231061999 0.02764393866660154 0.7204503406118057 0.027643938550478347 0.20823453501891048 0.07286695830455107 0.08157780269741069 0.7204503405505754 0.029585597000691532 0.08157780375742635 0.20823453502571262 0.07286695830593111 0.08157780256686178
165 0.20823453444326634 0.28014823124612054 0.07286695828500224 0.24272401064019267 0.24192284149153137 0.008006823937480619 0.7204503404023794 0.280148231061999 0.02764393866660154 0.7204503406118057 0.027643938550478347 0.20823453501891048 0.07286695830455107 0.08157780269741069 0.7204503405505754 0.029585597000691532 0.08157780375742635 0.20823453502571262 0.07286695830593111 0.08157780256686178
38 0.20965670668838096 0.0430738040535967 0.13809244583088143 0.7761092585802288 0.520019989117769 0.2700290763149018 0.20491019062922017 0.04307380431774586 0.4068352289920553 0.20491019084979342 0.4068352291492211 0.2096567083163455 0.13809244580213306 -0.009318396840568325 0.20491019095831356 0.43540077836483637 -0.009318395961538958 0.20965670806861283 0.1380924461928588 -0.009318397275221251
168 0.20823453444326634 0.28014823124612054 0.07286695828500224 0.24272401064019267 0.24192284149153137 0.008006823937480619 0.7204503404023794 0.280148231061999 0.02764393866660154 0.7204503406118057 0.027643938550478347 0.20823453501891048 0.07286695830455107 0.08157780269741069 0.7204503405505754 0.029585597000691532 0.08157780375742635 0.20823453502571262 0.07286695830593111 0.08157780256686178
43 0.3051326496498769 0.1497512278703336 0.12268495123897871 0.8027723640702304 0.6899612695586251 0.13876189136211153 0.24272401039348018 0.14975122813908398 0.24288567270941447 0.24272401052407475 0.24288567283454635 0.3051326515099713 0.12268495111404948 0.05744720367234414 0.2427240106401512 0.43162411810852463 0.05744720457555128 0.305132651495995 0.12268495136794437 0.057447203136039314
173 0.07842283649370074 0.294109228765592 0.3763447535238811 0.05744720379287512 0.0646095626630426 -0.023371367185196223 0.08157780280453153 0.2941092282999307 0.03970950912344051 0.08157780290639494 0.0397095090916082 0.07842283704667352 0.3763447541568894 0.6707801164302509 0.08157780316832941 0.05163120787581263 0.6707801168377046 0.07842283672653139 0.37634475441882387 0.670780116241076
144 0.23282809686154252 0.7486848631325461 0.23920722552148505 0.14975122795159754 0.13941086092579427 -0.03465020893837255 0.2801482307770803 0.7486848629465697 0.04252321505078181 0.2801482310581738 0.04252321500154946 0.23282809748677943 0.23920722563610322 0.29410922835097414 0.28014823107401826 0.05501982083738012 0.29410922909963094 0.23282809710524224 0.23920722590328364 0.2941092281149932
2 0.23866584059636442 0.05501982068384743 0.2179651417833061 0.43162411810852414 0.42769213718382265 0.38567850800247955 0.02958559680384616 0.055019821175760195 0.5218564526544064 0.02958559691904046 0.5218564527939357 0.23866584291035048 0.21796514201977815 0.05163120772936613 0.02958559708919394 0.7792789226409759 0.05163120847599362 0.23866584302284663 0.21796514215070315 0.05163120725323831
76 0.20823453444326634 0.28014823124612054 0.07286695828500224 0.24272401064019267 0.24192284149153137 0.008006823937480619 0.7204503404023794 0.280148231061999 0.02764393866660154 0.7204503406118057 0.027643938550478347 0.20823453501891048 0.07286695830455107 0.08157780269741069 0.7204503405505754 0.029585597000691532 0.08157780375742635 0.20823453502571262 0.07286695830593111 0.08157780256686178
103 0.07842283649370074 0.294109228765592 0.3763447535238811 0.05744720379287512 0.0646095626630426 -0.023371367185196223 0.08157780280453153 0.2941092282999307 0.03970950912344051 0.08157780290639494 0.0397095090916082 0.07842283704667352 0.3763447541568894 0.6707801164302509 0.08157780316832941 0.05163120787581263 0.6707801168377046 0.07842283672653139 0.37634475441882387 0.670780116241076
7 0.3051326496498769 0.1497512278703336 0.12268495123897871 0.8027723640702304 0.6899612695586251 0.13876189136211153 0.24272401039348018 0.14975122813908398 0.24288567270941447 0.24272401052407475 0.24288567283454635 0.3051326515099713 0.12268495111404948 0.05744720367234414 0.2427240106401512 0.43162411810852463 0.05744720457555128 0.305132651495995 0.12268495136794437 0.057447203136039314
131 0.07842283649370074 0.294109228765592 0.3763447535238811 0.05744720379287512 0.0646095626630426 -0.023371367185196223 0.08157780280453153 0.2941092282999307 0.03970950912344051 0.08157780290639494 0.0397095090916082 0.07842283704667352 0.3763447541568894 0.6707801164302509 0.08157780316832941 0.05163120787581263 0.6707801168377046 0.07842283672653139 0.37634475441882387 0.670780116241076
169 0.20823453444326634 0.28014823124612054 0.07286695828500224 0.24272401064019267 0.24192284149153137 0.008006823937480619 0.7204503404023794 0.280148231061999 0.02764393866660154 0.7204503406118057 0.027643938550478347 0.20823453501891048 0.07286695830455107 0.08157780269741069 0.7204503405505754 0.029585597000691532 0.08157780375742635 0.20823453502571262 0.07286695830593111 0.08157780256686178
116 0.20823453444326634 0.28014823124612054 0.07286695828500224 0.24272401064019267 0.24192284149153137 0.008006823937480619 0.7204503404023794 0.280148231061999 0.02764393866660154 0.7204503406118057 0.027643938550478347 0.20823453501891048 0.07286695830455107 0.08157780269741069 0.7204503405505754 0.029585597000691532 0.08157780375742635 0.20823453502571262 0.07286695830593111 0.08157780256686178
106 0.12308277056580678 0.239207225755645 0.618807695217065 0.12268495130490303 0.13329943893566965 0.10132363293634178 0.07286695805735849 0.23920722555255972 0.2827651719946237 0.07286695817190605 0.2827651721439465 0.12308277182655084 0.6188076959459672 0.3763447540274441 0.07286695842638866 0.21796514205659046 0.37634475475689433 0.12308277125867925 0.6188076962808614 0.3763447537095728
123 0.20823453444326634 0.28014823124612054 0.07286695828500224 0.24272401064019267 0.24192284149153137 0.008006823937480619 0.7204503404023794 0.280148231061999 0.02764393866660154 0.7204503406118057 0.027643938550478347 0.20823453501891048 0.07286695830455107 0.08157780269741069 0.7204503405505754 0.029585597000691532 0.08157780375742635 0.20823453502571262 0.07286695830593111 0.08157780256686178
72 0.20823453444326634 0.28014823124612054 0.07286695828500224 0.24272401064019267 0.24192284149153137 0.008006823937480619 0.7204503404023794 0.280148231061999 0.02764393866660154 0.7204503406118057 0.027643938550478347 0.20823453501891048 0.07286695830455107 0.08157780269741069 0.7204503405505754 0.029585597000691532 0.08157780375742635 0.20823453502571262 0.07286695830593111 0.08157780256686178
219 0.12308277056580678 0.239207225755645 0.618807695217065 0.12268495130490303 0.13329943893566965 0.10132363293634178 0.07286695805735849 0.23920722555255972 0.2827651719946237 0.07286695817190605 0.2827651721439465 0.12308277182655084 0.6188076959459672 0.3763447540274441 0.07286695842638866 0.21796514205659046 0.37634475475689433 0.12308277125867925 0.6188076962808614 0.3763447537095728
189 0.2186220391480989 0.04252321480612571 0.28276517189595607 0.2428856727318701 0.27340103521910547 0.5791161624952494 0.02764393850231213 0.04252321540529421 0.6575157693218528 0.02764393851265333 0.6575157695903275 0.21862204166096294 0.28276517198146545 0.03970950898800337 0.02764393869338225 0.5218564527040574 0.039709509857180754 0.21862204147672268 0.2827651722501075 0.03970950849710977
94 0.17995572128555196 -0.034650209170488756 0.10132363262918609 0.1387618913621138 0.1492624291485753 1.0033857719799444 0.008006823714938681 -0.03465020866084897 0.5791161624189531 0.008006823890265802 0.579116162589899 0.1799557237497604 0.10132363292599668 -0.023371367316863685 0.008006824089748317 0.3856785080024826 -0.02337136650895768 0.1799557235089914 0.10132363320564867 -0.023371367742099636
208 0.2186220391480989 0.04252321480612571 0.28276517189595607 0.2428856727318701 0.27340103521910547 0.5791161624952494 0.02764393850231213 0.04252321540529421 0.6575157693218528 0.02764393851265333 0.6575157695903275 0.21862204166096294 0.28276517198146545 0.03970950898800337 0.02764393869338225 0.5218564527040574 0.039709509857180754 0.21862204147672268 0.2827651722501075 0.03970950849710977
13 0.3051326496498769 0.1497512278703336 0.12268495123897871 0.8027723640702304 0.6899612695586251 0.13876189136211153 0.24272401039348018 0.14975122813908398 0.24288567270941447 0.24272401052407475 0.24288567283454635 0.3051326515099713 0.12268495111404948 0.05744720367234414 0.2427240106401512 0.43162411810852463 0.05744720457555128 0.305132651495995 0.12268495136794437 0.057447203136039314
187 0.07842283649370074 0.294109228765592 0.3763447535238811 0.05744720379287512 0.0646095626630426 -0.023371367185196223 0.08157780280453153 0.2941092282999307 0.03970950912344051 0.08157780290639494 0.0397095090916082 0.07842283704667352 0.3763447541568894 0.6707801164302509 0.08157780316832941 0.05163120787581263 0.6707801168377046 0.07842283672653139 0.37634475441882387 0.670780116241076
107 0.07842283649370074 0.294109228765592 0.3763447535238811 0.05744720379287512 0.0646095626630426 -0.023371367185196223 0.08157780280453153 0.2941092282999307 0.03970950912344051 0.08157780290639494 0.0397095090916082 0.07842283704667352 0.3763447541568894 0.6707801164302509 0.08157780316832941 0.05163120787581263 0.6707801168377046 0.07842283672653139 0.37634475441882387 0.670780116241076
82 0.23282809686154252 0.7486848631325461 0.23920722552148505 0.14975122795159754 0.13941086092579427 -0.03465020893837255 0.2801482307770803 0.7486848629465697 0.04252321505078181 0.2801482310581738 0.04252321500154946 0.23282809748677943 0.23920722563610322 0.29410922835097414 0.28014823107401826 0.05501982083738012 0.29410922909963094 0.23282809710524224 0.23920722590328364 0.2941092281149932
167 0.20823453444326634 0.28014823124612054 0.07286695828500224 0.24272401064019267 0.24192284149153137 0.008006823937480619 0.7204503404023794 0.280148231061999 0.02764393866660154 0.7204503406118057 0.027643938550478347 0.20823453501891048 0.07286695830455107 0.08157780269741069 0.7204503405505754 0.029585597000691532 0.08157780375742635 0.20823453502571262 0.07286695830593111 0.08157780256686178
37 0.30419178323595314 0.13941086085572035 0.13329943884795542 0.6899612695586239 0.7819074521315512 0.1492624291485759 0.2419228412338999 0.13941086113664142 0.2734010351912409 0.24192284142610876 0.27340103524533493 0.3041917856446094 0.13329943871024988 0.06460956255289946 0.2419228416241804 0.4276921371838207 0.06460956344680394 0.30419178527050106 0.1332994390722641 0.0646095620175593
29 0.3051326496498769 0.1497512278703336 0.12268495123897871 0.8027723640702304 0.6899612695586251 0.13876189136211153 0.24272401039348018 0.14975122813908398 0.24288567270941447 0.24272401052407475 0.24288567283454635 0.3051326515099713 0.12268495111404948 0.05744720367234414 0.2427240106401512 0.43162411810852463 0.05744720457555128 0.305132651495995 0.12268495136794437 0.057447203136039314
184 0.07842283649370074 0.294109228765592 0.3763447535238811 0.05744720379287512 0.0646095626630426 -0.023371367185196223 0.08157780280453153 0.2941092282999307 0.03970950912344051 0.08157780290639494 0.0397095090916082 0.07842283704667352 0.3763447541568894 0.6707801164302509 0.08157780316832941 0.05163120787581263 0.6707801168377046 0.07842283672653139 0.37634475441882387 0.670780116241076
83 0.23282809686154252 0.7486848631325461 0.23920722552148505 0.14975122795159754 0.13941086092579427 -0.03465020893837255 0.2801482307770803 0.7486848629465697 0.04252321505078181 0.2801482310581738 0.04252321500154946 0.23282809748677943 0.23920722563610322 0.29410922835097414 0.28014823107401826 0.05501982083738012 0.29410922909963094 0.23282809710524224 0.23920722590328364 0.2941092281149932
44 0.23866584059636442 0.05501982068384743 0.2179651417833061 0.43162411810852414 0.42769213718382265 0.38567850800247955 0.02958559680384616 0.055019821175760195 0.5218564526544064 0.02958559691904046 0.5218564527939357 0.23866584291035048 0.21796514201977815 0.05163120772936613 0.02958559708919394 0.7792789226409759 0.05163120847599362 0.23866584302284663 0.21796514215070315 0.05163120725323831
217 0.07842283649370074 0.294109228765592 0.3763447535238811 0.05744720379287512 0.0646095626630426 -0.023371367185196223 0.08157780280453153 0.2941092282999307 0.03970950912344051 0.08157780290639494 0.0397095090916082 0.07842283704667352 0.3763447541568894 0.6707801164302509 0.08157780316832941 0.05163120787581263 0.6707801168377046 0.07842283672653139 0.37634475441882387 0.670780116241076
171 0.12308277056580678 0.239207225755645 0.618807695217065 0.12268495130490303 0.13329943893566965 0.10132363293634178 0.07286695805735849 0.23920722555255972 0.2827651719946237 0.07286695817190605 0.2827651721439465 0.12308277182655084 0.6188076959459672 0.3763447540274441 0.07286695842638866 0.21796514205659046 0.37634475475689433 0.12308277125867925 0.6188076962808614 0.3763447537095728
88 0.20823453444326634 0.28014823124612054 0.07286695828500224 0.24272401064019267 0.24192284149153137 0.008006823937480619 0.7204503404023794 0.280148231061999 0.02764393866660154 0.7204503406118057 0.027643938550478347 0.20823453501891048 0.07286695830455107 0.08157780269741069 0.7204503405505754 0.029585597000691532 0.08157780375742635 0.20823453502571262 0.07286695830593111 0.08157780256686178
