92 0.4880220933644416 0.2401147939517557 0.48802209443472444 0.123808415839723 0.13232009341572337 0.0672002358712733 0.4880220944017997 0.08316371609621552 0.48802209453782847 0.25254715963349705 0.13232009381686327 0.48802209460994644 0.4880220941411297 0.2739603786121169 0.23001209478923199 0.067200235949604 0.028621384513412146 0.11790988707577008 0.4880220939379454 0.022048804492483236
98 0.4880220933644416 0.2401147939517557 0.48802209443472444 0.123808415839723 0.13232009341572337 0.0672002358712733 0.4880220944017997 0.08316371609621552 0.48802209453782847 0.25254715963349705 0.13232009381686327 0.48802209460994644 0.4880220941411297 0.2739603786121169 0.23001209478923199 0.067200235949604 0.028621384513412146 0.11790988707577008 0.4880220939379454 0.022048804492483236
17 0.0009777615508554695 -0.05457497078107326 0.0009777616663800117 0.049332088511523126 0.17680000704075763 -0.0235946525715033 0.000977761832702102 0.15439076073185676 0.0009777616710328312 0.5560840947175276 0.1768000070546291 0.0009777617325061841 0.0009777616991997818 0.029159708390376418 0.19493483071464413 -0.02359465257433101 1.1387812213909099 0.11286492532945484 0.0009777616813734797 0.4207612423438661
180 0.4930882946312769 0.2203134044832309 0.4930882959839438 0.13147085923768126 0.13690480266651253 0.06976296112859401 0.4930882954970247 0.08137589021243906 0.4930882963175979 0.25307255092415315 0.13690480269691163 0.4930882961089321 0.49308829603532844 0.24859529722521043 0.19016255813900648 0.06976296104780491 0.02974554244246199 0.12230659650092603 0.4930882958047445 0.0230755435168293
136 0.13690480208982694 0.23399930154043083 0.13690480281261427 0.2610224593040409 0.6552566335413605 0.16198057456655143 0.13690480271789338 0.32899639265092856 0.1369048028992859 0.2206098207572568 0.6552566333540684 0.13690480283666376 0.13690480263140914 0.22077566288503941 0.4990882302129531 0.16198057479791828 0.26904104236034787 0.4491339582766001 0.13690480312755243 0.3253775253525655
7 0.04922399507747934 0.17933401295774087 0.049223995614267956 0.27155390210226216 0.2746231975061246 0.044013754037562206 0.049223995737405254 0.21971263099116542 0.04922399580307169 0.4733758923276205 0.2746231969014212 0.04922399562743998 0.049223995103666346 0.01828297386189161 0.1994778604770135 0.04401375381349418 1.1135750423283126 0.14178545001417245 0.04922399576784144 0.32414627982557254
118 0.31424325460843666 0.46924365452391725 0.31424325566862443 0.5870250193480294 0.1933384154049728 0.22050463984632118 0.3142432552790446 0.2183830843315974 0.3142432558395315 0.12948927502309635 0.19333841544806085 0.3142432557720971 0.3142432556055957 0.5310204310350505 0.032570236548612005 0.22050463959750038 -0.0013289156385278905 0.41583533905348113 0.3142432557418929 -0.041966546336379446
89 0.31424325460843666 0.46924365452391725 0.31424325566862443 0.5870250193480294 0.1933384154049728 0.22050463984632118 0.3142432552790446 0.2183830843315974 0.3142432558395315 0.12948927502309635 0.19333841544806085 0.3142432557720971 0.3142432556055957 0.5310204310350505 0.032570236548612005 0.22050463959750038 -0.0013289156385278905 0.41583533905348113 0.3142432557418929 -0.041966546336379446
138 0.1901625573808563 0.22800980635185172 0.1901625582708229 0.05798557943905945 0.4990882303434163 0.06346559253570136 0.19016255814011254 0.10255451668449826 0.1901625583560254 0.25990340590156225 0.4990882303729695 0.19016255827388284 0.19016255810622593 0.21908302193176943 0.9471727507043833 0.06346559261166569 0.2290208581607646 0.24492206117851856 0.190162558036979 0.2228105837301232
216 0.06976296068439505 0.30212600120831956 0.06976296124355284 0.2010130300196772 0.16198057469588184 0.828069126764494 0.0697629605719976 0.4123594664027201 0.06976296122038503 0.04266639849530825 0.16198057450538697 0.06976296105020241 0.06976296091791302 0.29694619365091957 0.06346559253028809 0.8280691266582137 -0.010889739405369223 0.38144469499212846 0.06976296125789254 -0.02624614297861383
217 0.06976296068439505 0.30212600120831956 0.06976296124355284 0.2010130300196772 0.16198057469588184 0.828069126764494 0.0697629605719976 0.4123594664027201 0.06976296122038503 0.04266639849530825 0.16198057450538697 0.06976296105020241 0.06976296091791302 0.29694619365091957 0.06346559253028809 0.8280691266582137 -0.010889739405369223 0.38144469499212846 0.06976296125789254 -0.02624614297861383
60 0.06651395269263861 0.023568534878126116 0.06651395315780502 0.444191871493161 0.3265779867569589 0.018489146579173013 0.06651395314863781 0.3815590024797702 0.06651395316046699 0.44329009149714116 0.3265779866284586 0.06651395312483421 0.06651395296887297 0.06270851311462562 0.2685889115735304 0.018489146529547692 0.6109461094240701 0.13253100505065385 0.06651395327225161 0.8389654550492237
90 0.4880220933644416 0.2401147939517557 0.48802209443472444 0.123808415839723 0.13232009341572337 0.0672002358712733 0.4880220944017997 0.08316371609621552 0.48802209453782847 0.25254715963349705 0.13232009381686327 0.48802209460994644 0.4880220941411297 0.2739603786121169 0.23001209478923199 0.067200235949604 0.028621384513412146 0.11790988707577008 0.4880220939379454 0.022048804492483236
190 0.22031340352694379 0.7686542486691696 0.22031340473946967 0.30912647908527036 0.2339993019931116 0.30212600143188423 0.22031340424453338 0.25298908403286946 0.2203134048968648 0.10629059763666578 0.23399930133830785 0.22031340464225058 0.22031340380095715 0.5889672581500996 0.22800980635184612 0.3021260012088102 0.009635317726958187 0.4529533611923475 0.22031340485608022 -0.048396772586951006
159 0.2243220796417054 0.7102689389103457 0.22432208062621825 0.30077877300241285 0.23410252536271314 0.321832780788793 0.22432208022849265 0.25002456212894775 0.2243220807878215 0.10598181936311299 0.23410252467423984 0.22432208056950256 0.22432208002915727 0.6636340942883484 0.24853364759872126 0.3218327809682395 0.012760891284048574 0.38584658473572864 0.2243220804885687 -0.04502435572046818
81 0.04088998854851682 0.01640716040547547 0.04088998879688942 0.2442491067829525 0.4020044143048025 0.03635775503249349 0.04088998882091557 0.5000763685249322 0.04088998888599242 0.36392947784700913 0.40200441436786527 0.04088998889140534 0.040889988653054696 0.08172820302146094 0.2844246880642304 0.03635775511750349 0.5255188167060618 0.11580509668689912 0.04088998880964868 0.8946033138285105
124 0.4930882946312769 0.2203134044832309 0.4930882959839438 0.13147085923768126 0.13690480266651253 0.06976296112859401 0.4930882954970247 0.08137589021243906 0.4930882963175979 0.25307255092415315 0.13690480269691163 0.4930882961089321 0.49308829603532844 0.24859529722521043 0.19016255813900648 0.06976296104780491 0.02974554244246199 0.12230659650092603 0.4930882958047445 0.0230755435168293
2 0.005042909643022177 -0.008421037799973089 0.0050429098654344124 0.17658571349749666 0.2349371321029364 -0.008795691814022597 0.005042909928652371 0.22711882465487843 0.0050429099508087745 0.5075199039843257 0.2349371319990682 0.005042909892819716 0.0050429098029683836 0.03417053073970157 0.20316452042658967 -0.008795691861491333 1.0680500727025715 0.1166487687631814 0.005042909841016096 0.5631594615296212
179 0.4930882946312769 0.2203134044832309 0.4930882959839438 0.13147085923768126 0.13690480266651253 0.06976296112859401 0.4930882954970247 0.08137589021243906 0.4930882963175979 0.25307255092415315 0.13690480269691163 0.4930882961089321 0.49308829603532844 0.24859529722521043 0.19016255813900648 0.06976296104780491 0.02974554244246199 0.12230659650092603 0.4930882958047445 0.0230755435168293
28 -0.010605464438090219 -0.04912280278822729 -0.010605464312365894 0.051856533251412755 0.1909025944218591 -0.02747043450346006 -0.010605464094022302 0.23732213743993247 -0.010605464267814318 0.48012038822501996 0.19090259442029545 -0.01060546423739106 -0.010605464132181512 0.04973872502487819 0.20011045796191693 -0.02747043446785348 1.027594562370521 0.09701878277991682 -0.010605464350185353 0.6452244051352436
46 0.010112009416672929 -0.01629437880132833 0.010112009673556304 0.11187606853227201 0.19774760063700958 -0.00797838408520484 0.010112009861053867 0.23571660581644405 0.01011200969457491 0.6186749058006863 0.19774760059576627 0.01011200972955079 0.010112009738515348 0.055071989434351015 0.2162920966051269 -0.007978384120251761 1.0064294018509317 0.10860035074912576 0.01011200970251823 0.5463564438158994
63 0.13690480208982694 0.23399930154043083 0.13690480281261427 0.2610224593040409 0.6552566335413605 0.16198057456655143 0.13690480271789338 0.32899639265092856 0.1369048028992859 0.2206098207572568 0.6552566333540684 0.13690480283666376 0.13690480263140914 0.22077566288503941 0.4990882302129531 0.16198057479791828 0.26904104236034787 0.4491339582766001 0.13690480312755243 0.3253775253525655
77 0.1016127768470435 0.3296836041446864 0.10161277743055873 0.7625935669385773 0.296364077980921 0.27345617930629496 0.10161277747215583 0.7220133192963356 0.10161277767445731 0.1541167562895465 0.2963640778215278 0.10161277747770728 0.10161277693332425 0.35573540781453583 0.11293309563157808 0.27345617907043723 0.1946227985879745 0.3579178565680285 0.10161277746941981 0.2282516260442788
165 0.4930882946312769 0.2203134044832309 0.4930882959839438 0.13147085923768126 0.13690480266651253 0.06976296112859401 0.4930882954970247 0.08137589021243906 0.4930882963175979 0.25307255092415315 0.13690480269691163 0.4930882961089321 0.49308829603532844 0.24859529722521043 0.19016255813900648 0.06976296104780491 0.02974554244246199 0.12230659650092603 0.4930882958047445 0.0230755435168293
3 0.034109912210989614 0.07317873253922079 0.03410991261207455 0.2724544834899127 0.30724436729965965 0.007206784024442632 0.03410991273671078 0.1792589744174198 0.034109912697158816 0.38951782717988365 0.3072443669949914 0.03410991260710278 0.03410991231852711 -0.014660913623593628 0.2118854061645096 0.007206783940487638 1.1241311176745097 0.14492648799791522 0.03410991274473638 0.43549568710498066
16 0.025308398023295976 -0.00218815018220122 0.0253083981878081 0.12819725641207927 0.20837642453087987 0.010446168703487219 0.02530839834968859 0.2832646520995367 0.025308398313946222 0.7155828888794573 0.20837642448465257 0.025308398274556405 0.02530839832365721 0.0863550421070195 0.22645362764845858 0.010446168671694867 0.8862288808471871 0.10765382308976812 0.025308398246259977 0.5528697677769189
26 -0.014108033964121771 -0.07902339680446663 -0.014108033828405909 0.026209868302134638 0.15694909265019302 -0.029772299403296818 -0.014108033724303332 0.17867719480729705 -0.01410803380059473 0.5960393639857385 0.156949092759332 -0.014108033748735408 -0.01410803364214397 0.04778943524966636 0.18481239435606278 -0.029772299383659603 1.0271441699030492 0.11518064921489093 -0.014108033947891528 0.5078565152855192
160 0.06001746497991064 0.16038968642155035 0.06001746541631126 0.22631997689920708 0.5850657108394239 0.37046671613464977 0.06001746521253488 0.5861172683284296 0.0600174656109183 0.12875610821900077 0.5850657107814621 0.06001746557102576 0.0600174654430805 0.1540125995988196 0.20390581657969278 0.37046671645923457 0.18779903963505518 0.5700970966232518 0.06001746561625998 0.3157069781614979
145 0.22031340352694379 0.7686542486691696 0.22031340473946967 0.30912647908527036 0.2339993019931116 0.30212600143188423 0.22031340424453338 0.25298908403286946 0.2203134048968648 0.10629059763666578 0.23399930133830785 0.22031340464225058 0.22031340380095715 0.5889672581500996 0.22800980635184612 0.3021260012088102 0.009635317726958187 0.4529533611923475 0.22031340485608022 -0.048396772586951006
176 0.4930882946312769 0.2203134044832309 0.4930882959839438 0.13147085923768126 0.13690480266651253 0.06976296112859401 0.4930882954970247 0.08137589021243906 0.4930882963175979 0.25307255092415315 0.13690480269691163 0.4930882961089321 0.49308829603532844 0.24859529722521043 0.19016255813900648 0.06976296104780491 0.02974554244246199 0.12230659650092603 0.4930882958047445 0.0230755435168293
37 0.2506647039913716 0.11156847980514971 0.25066470478294867 0.15664778481875255 0.2608522638608795 0.04393896956072195 0.2506647047945586 0.18195952497373008 0.25066470484267156 0.9545045782939181 0.26085226376128506 0.2506647050414056 0.2506647047787034 0.14371036444745497 0.3065866942926788 0.043938969488231054 0.4610075314136979 0.10380127511091518 0.25066470502117144 0.28727166474264826
4 0.13779687402819615 0.2442352014798468 0.1377968747496147 0.35190000858532805 0.2536466744163918 0.10678392506885702 0.13779687482134595 0.273054112656522 0.13779687486946382 0.8828889947600683 0.253646673986222 0.13779687482968717 0.13779687424804207 0.2089897326569514 0.22106894371674163 0.10678392500349031 0.6450926791622272 0.17203925760269764 0.13779687471989593 0.21649292059694145
166 0.4930882946312769 0.2203134044832309 0.4930882959839438 0.13147085923768126 0.13690480266651253 0.06976296112859401 0.4930882954970247 0.08137589021243906 0.4930882963175979 0.25307255092415315 0.13690480269691163 0.4930882961089321 0.49308829603532844 0.24859529722521043 0.19016255813900648 0.06976296104780491 0.02974554244246199 0.12230659650092603 0.4930882958047445 0.0230755435168293
195 0.01154859592298296 -0.049596508653361106 0.011548596200335923 0.1036662427343824 0.35943738081866333 -0.020877063559742535 0.01154859626856048 0.2648416522771118 0.011548596169918192 0.18467857588033756 0.35943738076334114 0.011548596065873 0.011548595871662563 -0.012985601354532444 0.2445902819253548 -0.02087706345713915 0.4056275608537011 0.05711344400539373 0.011548596141432907 1.1527677324230858
82 0.22031340352694379 0.7686542486691696 0.22031340473946967 0.30912647908527036 0.2339993019931116 0.30212600143188423 0.22031340424453338 0.25298908403286946 0.2203134048968648 0.10629059763666578 0.23399930133830785 0.22031340464225058 0.22031340380095715 0.5889672581500996 0.22800980635184612 0.3021260012088102 0.009635317726958187 0.4529533611923475 0.22031340485608022 -0.048396772586951006
84 0.13690480208982694 0.23399930154043083 0.13690480281261427 0.2610224593040409 0.6552566335413605 0.16198057456655143 0.13690480271789338 0.32899639265092856 0.1369048028992859 0.2206098207572568 0.6552566333540684 0.13690480283666376 0.13690480263140914 0.22077566288503941 0.4990882302129531 0.16198057479791828 0.26904104236034787 0.4491339582766001 0.13690480312755243 0.3253775253525655
13 0.05918480582327583 0.01406911131037228 0.0591848062417326 0.19155942640780663 0.2696245411904951 -0.015702040726347646 0.05918480652064708 0.08877176055103504 0.05918480631581454 0.46760561251537414 0.26962454089141946 0.05918480626804619 0.05918480602386995 -0.05334091661044197 0.2525614422207405 -0.015702040804271206 1.1331172312026843 0.11864462357216565 0.05918480622489152 0.4150335867327215
85 0.13690480208982694 0.23399930154043083 0.13690480281261427 0.2610224593040409 0.6552566335413605 0.16198057456655143 0.13690480271789338 0.32899639265092856 0.1369048028992859 0.2206098207572568 0.6552566333540684 0.13690480283666376 0.13690480263140914 0.22077566288503941 0.4990882302129531 0.16198057479791828 0.26904104236034787 0.4491339582766001 0.13690480312755243 0.3253775253525655
44 0.00400573191658155 -0.03218324680205548 0.00400573207591984 0.07054010992275346 0.20180552252333842 -0.00843950085155107 0.004005732070134212 0.27999746292768946 0.004005732186037419 0.6268802237780561 0.20180552246386116 0.004005732113780749 0.004005732099069269 0.0745624053427205 0.2132013884629366 -0.008439500872548427 0.9005206310257512 0.09906903028105515 0.004005732018834122 0.6283559523866382
209 0.24859529639647904 0.588967258150107 0.2485952974603817 0.37561137934063127 0.22077566300341178 0.2969461938161518 0.24859529734508892 0.24440544379269477 0.24859529749836848 0.11882314408110285 0.2207756628390906 0.2485952974848388 0.24859529698053576 0.7162518037147431 0.2190830219317708 0.29694619374696635 -0.009633300793757356 0.41112596609673224 0.24859529719449652 -0.04017585837263393
83 0.22031340352694379 0.7686542486691696 0.22031340473946967 0.30912647908527036 0.2339993019931116 0.30212600143188423 0.22031340424453338 0.25298908403286946 0.2203134048968648 0.10629059763666578 0.23399930133830785 0.22031340464225058 0.22031340380095715 0.5889672581500996 0.22800980635184612 0.3021260012088102 0.009635317726958187 0.4529533611923475 0.22031340485608022 -0.048396772586951006
128 0.4930882946312769 0.2203134044832309 0.4930882959839438 0.13147085923768126 0.13690480266651253 0.06976296112859401 0.4930882954970247 0.08137589021243906 0.4930882963175979 0.25307255092415315 0.13690480269691163 0.4930882961089321 0.49308829603532844 0.24859529722521043 0.19016255813900648 0.06976296104780491 0.02974554244246199 0.12230659650092603 0.4930882958047445 0.0230755435168293
20 0.030758459102845186 -0.013713839833935175 0.03075845933085405 0.07043812654035 0.18631013861962126 -0.008533230943565496 0.030758459543304077 0.14298389284459456 0.030758459376752173 0.6876667253601569 0.18631013858427226 0.03075845940411584 0.030758459416308434 0.02534851941932865 0.20980012577235124 -0.00853323099447741 1.0826394929625511 0.11548537708621127 0.03075845934751643 0.3580797215033852
186 0.10270369535845589 0.2776565305894056 0.10270369599069569 0.7122532350691309 0.31041916544615794 0.3253633518394737 0.10270369559969444 0.7723557113692128 0.1027036962201794 0.14746956648561713 0.3104191651637274 0.10270369597731287 0.10270369578655796 0.29848523623963613 0.07824806056039071 0.3253633517044636 0.17971482722635082 0.3667004198808197 0.10270369615862006 0.233962490441842
120 0.4880220933644416 0.2401147939517557 0.48802209443472444 0.123808415839723 0.13232009341572337 0.0672002358712733 0.4880220944017997 0.08316371609621552 0.48802209453782847 0.25254715963349705 0.13232009381686327 0.48802209460994644 0.4880220941411297 0.2739603786121169 0.23001209478923199 0.067200235949604 0.028621384513412146 0.11790988707577008 0.4880220939379454 0.022048804492483236
155 0.06976296068439505 0.30212600120831956 0.06976296124355284 0.2010130300196772 0.16198057469588184 0.828069126764494 0.0697629605719976 0.4123594664027201 0.06976296122038503 0.04266639849530825 0.16198057450538697 0.06976296105020241 0.06976296091791302 0.29694619365091957 0.06346559253028809 0.8280691266582137 -0.010889739405369223 0.38144469499212846 0.06976296125789254 -0.02624614297861383
174 0.009298979778065562 -0.058409300629883115 0.009298980046310497 0.0440318898969111 0.3806374874887753 -0.026394339551032275 0.009298980144851941 0.19444016369504374 0.009298980045267531 0.17298991621671359 0.3806374874480626 0.00929897996095319 0.009298979835383752 -0.018969748735794847 0.23535149700276678 -0.026394339429178047 0.3635019687344973 0.034943078788123604 0.009298980046866466 1.1382132051876677
200 0.31424325460843666 0.46924365452391725 0.31424325566862443 0.5870250193480294 0.1933384154049728 0.22050463984632118 0.3142432552790446 0.2183830843315974 0.3142432558395315 0.12948927502309635 0.19333841544806085 0.3142432557720971 0.3142432556055957 0.5310204310350505 0.032570236548612005 0.22050463959750038 -0.0013289156385278905 0.41583533905348113 0.3142432557418929 -0.041966546336379446
157 0.059426294729671786 0.053180402579563024 0.05942629496028563 0.44690589670614655 0.3609081984887414 0.07335410007440442 0.05942629502729966 0.5708056560654275 0.059426295185092466 0.3974703293359669 0.36090819843475536 0.059426295011331065 0.05942629499096967 0.1222926641569039 0.20913750178243953 0.07335410004638142 0.5320097409783221 0.143684902140524 0.05942629505095432 0.7884198792645699
41 0.044373758909504804 -5.674739917306695e-05 0.044373759217025736 0.1297320049437139 0.22526438166401055 -0.01352960151790712 0.04437375935766528 0.12728374219370148 0.04437375934975204 0.6027387457684164 0.22526438147122058 0.0443737592525405 0.04437375914926823 -0.0061534699787952835 0.22482004927999066 -0.013529601603042084 1.1151876965473182 0.11006983175375658 0.04437375924211338 0.4108126454481594
178 0.4930882946312769 0.2203134044832309 0.4930882959839438 0.13147085923768126 0.13690480266651253 0.06976296112859401 0.4930882954970247 0.08137589021243906 0.4930882963175979 0.25307255092415315 0.13690480269691163 0.4930882961089321 0.49308829603532844 0.24859529722521043 0.19016255813900648 0.06976296104780491 0.02974554244246199 0.12230659650092603 0.4930882958047445 0.0230755435168293
149 0.12557246979408626 0.30288481066870404 0.12557247014253028 0.8910994304030336 0.27461948316003615 0.22726413935885445 0.12557247004939928 0.613224327117065 0.12557247034351848 0.1739577026123712 0.2746194830556478 0.12557247021894435 0.12557247008977412 0.3589521556597071 0.060141327961108375 0.22726413929678754 0.20709660574451227 0.3431281912143826 0.1255724703126826 0.222568123313973
167 0.4930882946312769 0.2203134044832309 0.4930882959839438 0.13147085923768126 0.13690480266651253 0.06976296112859401 0.4930882954970247 0.08137589021243906 0.4930882963175979 0.25307255092415315 0.13690480269691163 0.4930882961089321 0.49308829603532844 0.24859529722521043 0.19016255813900648 0.06976296104780491 0.02974554244246199 0.12230659650092603 0.4930882958047445 0.0230755435168293
122 0.01365994066990284 -0.05556848450959979 0.01365994095238187 0.08770757359027592 0.3593170907478699 -0.030427659733903347 0.013659941153825204 0.19996729607285987 0.013659940963665356 0.1959846012265253 0.35931709068878437 0.013659940828804326 0.013659940597667794 -0.02800026161346134 0.23434349680563848 -0.030427659635163758 0.4091086981435088 0.04088038634226152 0.013659940889988976 1.1670851893569445
18 -0.0026532147511982578 -0.020753285987330398 -0.002653214621207912 0.12212794661833498 0.1906621999167827 0.0006459414943158796 -0.0026532145043140303 0.20547552211216125 -0.0026532145712731443 0.6015163340148556 0.1906621998843309 -0.0026532145570424513 -0.0026532145395053697 0.054864407211657 0.17632098342603852 0.0006459414756366976 1.0779590105501742 0.12800415728584377 -0.002653214662153949 0.43307489493785234
49 0.03812557770225081 0.038796758084155454 0.038125577900709015 0.17846906098341905 0.22878313963249092 0.011179672146962777 0.03812557809274445 0.20370361708020662 0.03812557801571462 0.6668319799655028 0.22878313941799522 0.03812557799754177 0.03812557786084981 0.04522540498507083 0.20601597850262732 0.011179672072526847 1.044028242204544 0.12100824272358494 0.03812557815764676 0.42203043670635554
191 0.22031340352694379 0.7686542486691696 0.22031340473946967 0.30912647908527036 0.2339993019931116 0.30212600143188423 0.22031340424453338 0.25298908403286946 0.2203134048968648 0.10629059763666578 0.23399930133830785 0.22031340464225058 0.22031340380095715 0.5889672581500996 0.22800980635184612 0.3021260012088102 0.009635317726958187 0.4529533611923475 0.22031340485608022 -0.048396772586951006
170 0.12557246979408626 0.30288481066870404 0.12557247014253028 0.8910994304030336 0.27461948316003615 0.22726413935885445 0.12557247004939928 0.613224327117065 0.12557247034351848 0.1739577026123712 0.2746194830556478 0.12557247021894435 0.12557247008977412 0.3589521556597071 0.060141327961108375 0.22726413929678754 0.20709660574451227 0.3431281912143826 0.1255724703126826 0.222568123313973
208 0.03227508257017636 0.018939168642783045 0.03227508289371914 0.37267776519587814 0.3329934691621323 0.05800672474174026 0.03227508298577802 0.5730581250909453 0.03227508294110818 0.2170171623728494 0.33299346905877864 0.032275082871200934 0.032275082767169776 0.05995211889719676 0.24357855229838316 0.05800672478139839 0.4328388428000145 0.1215931907418363 0.03227508292289057 0.9794070353215443
171 0.12557246979408626 0.30288481066870404 0.12557247014253028 0.8910994304030336 0.27461948316003615 0.22726413935885445 0.12557247004939928 0.613224327117065 0.12557247034351848 0.1739577026123712 0.2746194830556478 0.12557247021894435 0.12557247008977412 0.3589521556597071 0.060141327961108375 0.22726413929678754 0.20709660574451227 0.3431281912143826 0.1255724703126826 0.222568123313973
220 0.06976296068439505 0.30212600120831956 0.06976296124355284 0.2010130300196772 0.16198057469588184 0.828069126764494 0.0697629605719976 0.4123594664027201 0.06976296122038503 0.04266639849530825 0.16198057450538697 0.06976296105020241 0.06976296091791302 0.29694619365091957 0.06346559253028809 0.8280691266582137 -0.010889739405369223 0.38144469499212846 0.06976296125789254 -0.02624614297861383
73 0.4930882946312769 0.2203134044832309 0.4930882959839438 0.13147085923768126 0.13690480266651253 0.06976296112859401 0.4930882954970247 0.08137589021243906 0.4930882963175979 0.25307255092415315 0.13690480269691163 0.4930882961089321 0.49308829603532844 0.24859529722521043 0.19016255813900648 0.06976296104780491 0.02974554244246199 0.12230659650092603 0.4930882958047445 0.0230755435168293
119 0.31424325460843666 0.46924365452391725 0.31424325566862443 0.5870250193480294 0.1933384154049728 0.22050463984632118 0.3142432552790446 0.2183830843315974 0.3142432558395315 0.12948927502309635 0.19333841544806085 0.3142432557720971 0.3142432556055957 0.5310204310350505 0.032570236548612005 0.22050463959750038 -0.0013289156385278905 0.41583533905348113 0.3142432557418929 -0.041966546336379446
47 0.05396348374416951 -0.021832911030947453 0.05396348391349704 0.08669965185751799 0.19675333878321305 -0.00011141477439578591 0.0539634841055703 0.1701976771619113 0.05396348402828997 0.8568184828365315 0.19675333883257518 0.05396348410621784 0.05396348410773542 0.05372416996006232 0.23706951608801372 -0.00011141485499896509 0.8716952386942671 0.12245819852631573 0.05396348394300758 0.4199128308911815
158 0.2243220796417054 0.7102689389103457 0.22432208062621825 0.30077877300241285 0.23410252536271314 0.321832780788793 0.22432208022849265 0.25002456212894775 0.2243220807878215 0.10598181936311299 0.23410252467423984 0.22432208056950256 0.22432208002915727 0.6636340942883484 0.24853364759872126 0.3218327809682395 0.012760891284048574 0.38584658473572864 0.2243220804885687 -0.04502435572046818
112 0.12623294331620358 0.43205846638176665 0.12623294411105732 0.35931314231431877 0.4400805397042169 0.385420423529358 0.1262329440153115 0.4714299426031195 0.12623294424661152 0.1375412203394557 0.44008053947647513 0.12623294417769335 0.12623294399703433 0.4392758795514043 0.2589003916200176 0.3854204235396569 0.12564249257009355 0.5985371069555011 0.12623294437142946 0.10003814376397532
154 0.13147085883972343 0.30912647908527174 0.13147085936452713 0.9389666829455894 0.26102245924929135 0.20101303022339292 0.13147085906662945 0.550391096926705 0.13147085947000753 0.18194716154443288 0.26102245940267904 0.13147085932080294 0.1314708590508918 0.37561137934062877 0.05798557943905581 0.20101302991102382 0.2146685550829117 0.3331658036254129 0.13147085938509948 0.21713808813274788
117 0.4880220933644416 0.2401147939517557 0.48802209443472444 0.123808415839723 0.13232009341572337 0.0672002358712733 0.4880220944017997 0.08316371609621552 0.48802209453782847 0.25254715963349705 0.13232009381686327 0.48802209460994644 0.4880220941411297 0.2739603786121169 0.23001209478923199 0.067200235949604 0.028621384513412146 0.11790988707577008 0.4880220939379454 0.022048804492483236
40 -0.008602397189610419 -0.0313595445862726 -0.008602397069659434 0.09130304874767299 0.19922789368154398 -0.016811990559857222 -0.008602396791086122 0.24497725542393034 -0.008602396974593309 0.47777686592190277 0.1992278936073132 -0.00860239704483806 -0.008602397004855456 0.049756231273102615 0.18273637922049754 -0.01681199056916124 1.0695322205750684 0.10284194756749562 -0.008602397118317324 0.5954017974539608
15 0.14973842047658298 0.11172957559693426 0.14973842100456372 0.21073474058771288 0.27244831594848146 0.0060425344910650085 0.1497384211126618 0.11135868543696652 0.14973842101636725 0.7571956882409893 0.27244831541967107 0.1497384210714549 0.14973842077183291 0.004070323633202518 0.3074441363782146 0.006042534367492581 0.8976045589319305 0.11728521253378221 0.14973842101381152 0.35039106459398767
177 0.4930882946312769 0.2203134044832309 0.4930882959839438 0.13147085923768126 0.13690480266651253 0.06976296112859401 0.4930882954970247 0.08137589021243906 0.4930882963175979 0.25307255092415315 0.13690480269691163 0.4930882961089321 0.49308829603532844 0.24859529722521043 0.19016255813900648 0.06976296104780491 0.02974554244246199 0.12230659650092603 0.4930882958047445 0.0230755435168293
114 0.08472972673308748 0.15996331333154082 0.08472972731531005 0.04172185011779679 0.6438648065053411 0.24870085359237443 0.08472972738297702 0.33584297492806114 0.08472972740379993 0.1704549070530383 0.6438648065228956 0.08472972737691105 0.08472972747169387 0.271285033762922 0.6326497994790743 0.24870085374095285 0.18446361556821672 0.3961058518964806 0.08472972730112868 0.2984634968644339
102 0.11922576892923571 0.28615211667466006 0.11922576955749015 0.8294619354658458 0.2898110177377488 0.26517710253596705 0.11922576957643602 0.6804535581487957 0.11922576960810913 0.164504263410823 0.28981101771175855 0.11922576955582286 0.119225769087629 0.3302295976735968 0.057338966378085526 0.26517710249421433 0.1962102510831146 0.35365998573813845 0.11922576952889377 0.2283070738601723
131 0.06976296068439505 0.30212600120831956 0.06976296124355284 0.2010130300196772 0.16198057469588184 0.828069126764494 0.0697629605719976 0.4123594664027201 0.06976296122038503 0.04266639849530825 0.16198057450538697 0.06976296105020241 0.06976296091791302 0.29694619365091957 0.06346559253028809 0.8280691266582137 -0.010889739405369223 0.38144469499212846 0.06976296125789254 -0.02624614297861383
67 0.11097561364364243 0.30752318649929405 0.11097561420237577 0.7990747586075041 0.29364145732664854 0.2689818160442774 0.11097561414799756 0.7026313806832464 0.11097561429216757 0.15953595404340226 0.29364145729588736 0.11097561413245724 0.11097561387551333 0.34343361003166967 0.0838203225038813 0.26898181579676295 0.19564159836019032 0.3562371075392717 0.11097561410465241 0.2285800447143136
35 0.25307255041878096 0.10629059763667027 0.253072551020873 0.18194716154443524 0.22060982088699324 0.04266639865335292 0.2530725509622972 0.12660116452704057 0.2530725510120945 0.9988203112500033 0.22060982071517662 0.2530725510925166 0.25307255082068253 0.11882314408110174 0.25990340590156197 0.04266639848409691 0.48250138627710937 0.12881930939746877 0.25307255090548714 0.24811027117847487
8 0.030795031595761035 0.041427087851591944 0.030795031810981564 0.13466760280435588 0.21950610299014803 0.015055783864033404 0.03079503212325328 0.2087952773178965 0.030795031978567106 0.6726783693664394 0.2195061027768985 0.03079503194032663 0.030795031869516588 0.053531799719657755 0.20852923958333094 0.015055783791654545 1.0559945743041745 0.1229340675796948 0.030795031948085187 0.37741495629198457
111 0.18115947784442796 0.8212191672297121 0.18115947873800872 0.22228791279519944 0.22621238095650517 0.3157137814607005 0.18115947859331244 0.24662938515641056 0.1811594789693456 0.10966589507477285 0.22621238000116015 0.1811594787340048 0.18115947780125663 0.6046701160227533 0.3052709245356602 0.3157137814720043 0.005839597549532159 0.43651224846118863 0.18115947896344697 -0.04292981065553603
196 0.4880220933644416 0.2401147939517557 0.48802209443472444 0.123808415839723 0.13232009341572337 0.0672002358712733 0.4880220944017997 0.08316371609621552 0.48802209453782847 0.25254715963349705 0.13232009381686327 0.48802209460994644 0.4880220941411297 0.2739603786121169 0.23001209478923199 0.067200235949604 0.028621384513412146 0.11790988707577008 0.4880220939379454 0.022048804492483236
48 0.05261904530313339 0.016757761130327654 0.052619045609278006 0.06625096452126385 0.21129908807809536 -0.002419608235015226 0.05261904591465193 0.18568692421000324 0.052619045718883914 0.7811666352259131 0.21129908801797254 0.05261904567727439 0.05261904555450258 0.04695215222782764 0.2581337657280182 -0.002419608330951068 0.9614384081770804 0.10701518113561506 0.052619045673808394 0.40284951057227875
21 -9.029229164117972e-05 -0.03930388099161351 -9.029211562878398e-05 0.11337593697209268 0.2034664870905983 -0.02188189282114443 -9.029191548965393e-05 0.1607512181054326 -9.029202936974456e-05 0.4239917065403947 0.2034664869960162 -9.029202512399847e-05 -9.029209067949231e-05 0.009542078114141135 0.1995523430821105 -0.021881892860486796 1.182537949347758 0.11475968678410327 -9.029211589665909e-05 0.47952038227898297
23 0.04429208893366168 -0.013419626814444884 0.04429208920720379 0.049125425610869196 0.19540851607477183 -0.001032110492867327 0.044292089271201276 0.20399721223465936 0.04429208928034082 0.8324435631136442 0.19540851607872478 0.044292089308035965 0.04429208926545037 0.06817470431481158 0.2667552501904976 -0.0010321105353321822 0.8655575466313213 0.1131062655486536 0.044292089124691514 0.43851506809101287
53 0.049446236482132956 0.27520366976710037 0.04944623697512667 0.35815108409216895 0.28267263034030315 0.08141767960998236 0.04944623729301815 0.2730375292175211 0.04944623715228546 0.4515812814702763 0.28267262959571393 0.04944623692688982 0.04944623655708488 0.04281554915449251 0.16290046133554925 0.08141767931558884 1.048648988761153 0.16441148996415123 0.04944623705110164 0.2806333166870029
30 0.029996031453080906 -0.018720224728191567 0.02999603175994855 0.08855327892216108 0.22846491143402028 -0.020651815415416212 0.02999603197053366 0.19188223068857047 0.029996031805101832 0.6577588616517166 0.22846491140549458 0.029996031813493387 0.029996031788120006 0.02959461838506875 0.24883970360165683 -0.020651815438951827 0.9904058144412886 0.10240706024081425 0.02999603166876067 0.5335360579272482
100 0.31424325460843666 0.46924365452391725 0.31424325566862443 0.5870250193480294 0.1933384154049728 0.22050463984632118 0.3142432552790446 0.2183830843315974 0.3142432558395315 0.12948927502309635 0.19333841544806085 0.3142432557720971 0.3142432556055957 0.5310204310350505 0.032570236548612005 0.22050463959750038 -0.0013289156385278905 0.41583533905348113 0.3142432557418929 -0.041966546336379446
113 0.14008936070919845 0.18879799323307245 0.1400893614183538 0.2578109769048427 0.6338630044864725 0.1778384179568352 0.1400893613654696 0.32812816503157977 0.14008936154442428 0.22924597996771834 0.6338630046192685 0.1400893614037116 0.14008936132141867 0.2775339517354221 0.5437617922148433 0.1778384181377452 0.26291055691486115 0.40144572862359734 0.1400893613927972 0.3379484585092359
183 0.06976296068439505 0.30212600120831956 0.06976296124355284 0.2010130300196772 0.16198057469588184 0.828069126764494 0.0697629605719976 0.4123594664027201 0.06976296122038503 0.04266639849530825 0.16198057450538697 0.06976296105020241 0.06976296091791302 0.29694619365091957 0.06346559253028809 0.8280691266582137 -0.010889739405369223 0.38144469499212846 0.06976296125789254 -0.02624614297861383
6 0.004449674715907087 0.04266783377395503 0.004449674964751839 0.17537315934334843 0.21648230216321593 0.011947973421275439 0.004449675009575963 0.24412380103059764 0.004449675026016128 0.46606893090502444 0.21648230192223844 0.004449675006586882 0.004449674907767247 0.04172310392922987 0.17987032569035447 0.011947973342612495 1.1444688423945217 0.12168698282767759 0.0044496749863194174 0.4468142559575467
91 0.4880220933644416 0.2401147939517557 0.48802209443472444 0.123808415839723 0.13232009341572337 0.0672002358712733 0.4880220944017997 0.08316371609621552 0.48802209453782847 0.25254715963349705 0.13232009381686327 0.48802209460994644 0.4880220941411297 0.2739603786121169 0.23001209478923199 0.067200235949604 0.028621384513412146 0.11790988707577008 0.4880220939379454 0.022048804492483236
75 0.4930882946312769 0.2203134044832309 0.4930882959839438 0.13147085923768126 0.13690480266651253 0.06976296112859401 0.4930882954970247 0.08137589021243906 0.4930882963175979 0.25307255092415315 0.13690480269691163 0.4930882961089321 0.49308829603532844 0.24859529722521043 0.19016255813900648 0.06976296104780491 0.02974554244246199 0.12230659650092603 0.4930882958047445 0.0230755435168293
52 0.006739494396127265 -0.027748927873177343 0.0067394945810543274 0.1369897381508978 0.22007353003769906 -0.01754779847137224 0.006739494637101767 0.17206599142504914 0.00673949462965648 0.5085221296721348 0.22007353000686128 0.00673949464268092 0.006739494583614382 0.015604756087651763 0.2035014725687169 -0.0175477985266625 1.1270319003724856 0.11595500456616673 0.006739494551140059 0.49671352737413504
210 0.24859529639647904 0.588967258150107 0.2485952974603817 0.37561137934063127 0.22077566300341178 0.2969461938161518 0.24859529734508892 0.24440544379269477 0.24859529749836848 0.11882314408110285 0.2207756628390906 0.2485952974848388 0.24859529698053576 0.7162518037147431 0.2190830219317708 0.29694619374696635 -0.009633300793757356 0.41112596609673224 0.24859529719449652 -0.04017585837263393
107 0.06976296068439505 0.30212600120831956 0.06976296124355284 0.2010130300196772 0.16198057469588184 0.828069126764494 0.0697629605719976 0.4123594664027201 0.06976296122038503 0.04266639849530825 0.16198057450538697 0.06976296105020241 0.06976296091791302 0.29694619365091957 0.06346559253028809 0.8280691266582137 -0.010889739405369223 0.38144469499212846 0.06976296125789254 -0.02624614297861383
101 0.11922576892923571 0.28615211667466006 0.11922576955749015 0.8294619354658458 0.2898110177377488 0.26517710253596705 0.11922576957643602 0.6804535581487957 0.11922576960810913 0.164504263410823 0.28981101771175855 0.11922576955582286 0.119225769087629 0.3302295976735968 0.057338966378085526 0.26517710249421433 0.1962102510831146 0.35365998573813845 0.11922576952889377 0.2283070738601723
172 0.06976296068439505 0.30212600120831956 0.06976296124355284 0.2010130300196772 0.16198057469588184 0.828069126764494 0.0697629605719976 0.4123594664027201 0.06976296122038503 0.04266639849530825 0.16198057450538697 0.06976296105020241 0.06976296091791302 0.29694619365091957 0.06346559253028809 0.8280691266582137 -0.010889739405369223 0.38144469499212846 0.06976296125789254 -0.02624614297861383
140 0.13098157082280776 0.2863233346052322 0.1309815714521155 0.9083413784709804 0.27155938760607773 0.22618407443232882 0.13098157145420705 0.596975395843583 0.13098157155866771 0.17713933225751605 0.2715593875108781 0.1309815715251148 0.13098157124162738 0.3471636491441088 0.04132240401575101 0.22618407415319536 0.20684392205056085 0.34098718423727675 0.1309815714098233 0.22220061055836637
205 0.13690480208982694 0.23399930154043083 0.13690480281261427 0.2610224593040409 0.6552566335413605 0.16198057456655143 0.13690480271789338 0.32899639265092856 0.1369048028992859 0.2206098207572568 0.6552566333540684 0.13690480283666376 0.13690480263140914 0.22077566288503941 0.4990882302129531 0.16198057479791828 0.26904104236034787 0.4491339582766001 0.13690480312755243 0.3253775253525655
80 0.06976296068439505 0.30212600120831956 0.06976296124355284 0.2010130300196772 0.16198057469588184 0.828069126764494 0.0697629605719976 0.4123594664027201 0.06976296122038503 0.04266639849530825 0.16198057450538697 0.06976296105020241 0.06976296091791302 0.29694619365091957 0.06346559253028809 0.8280691266582137 -0.010889739405369223 0.38144469499212846 0.06976296125789254 -0.02624614297861383
194 0.1901625573808563 0.22800980635185172 0.1901625582708229 0.05798557943905945 0.4990882303434163 0.06346559253570136 0.19016255814011254 0.10255451668449826 0.1901625583560254 0.25990340590156225 0.4990882303729695 0.19016255827388284 0.19016255810622593 0.21908302193176943 0.9471727507043833 0.06346559261166569 0.2290208581607646 0.24492206117851856 0.190162558036979 0.2228105837301232
143 0.046967558262128534 0.011459202187102755 0.046967558658306076 0.2682016938746551 0.4065436472976825 0.03593222428244597 0.04696755882362084 0.4879753287575038 0.04696755866527486 0.3758674061775711 0.40654364716007824 0.04696755864772068 0.04696755852983816 0.07457495052355452 0.25140256993921467 0.035932224324701945 0.5288553258476316 0.11472617709920449 0.04696755850963549 0.8979371178808594
14 0.010559108686067095 -0.019989987808606415 0.010559108910229396 0.14694628018961975 0.2453126749965997 -0.021293517199415385 0.010559109261839807 0.1904425063353696 0.010559108971049535 0.4329699884271892 0.24531267488087197 0.010559108957740305 0.01055910885875591 0.006090474312173069 0.21715088877546335 -0.021293517224561274 1.110573623202018 0.10551568608694767 0.010559109017836178 0.5756214995064803
22 0.023254245586549132 -0.04195736862370736 0.02325424578344638 0.05628914819409385 0.17875066111532134 -0.010301975776085288 0.02325424592788744 0.16873327749889558 0.023254245889915218 0.7652148126344205 0.17875066116514746 0.023254245915438836 0.023254245925853727 0.04655243432347663 0.20308367566920438 -0.010301975799675511 0.9587925250131616 0.1198960301732482 0.02325424575738626 0.4249335121691392
189 0.03577546182123943 0.004578423930127573 0.035775462033694305 0.179556733011474 0.4472630289265306 0.04763157571507101 0.0357754623395845 0.5153084758767659 0.035775462228753115 0.3282979614759645 0.44726302885846947 0.035775462124237524 0.03577546195661311 0.07629135200308834 0.26388094651007354 0.047631575771323265 0.474079417787252 0.11778125662899375 0.03577546210009374 0.9020910075519085
213 0.15544966431142726 0.35293411725450136 0.15544966524905984 0.4260804895205502 0.44373994689878965 0.3849339407590488 0.1554496646833171 0.36444653775672503 0.15544966526442588 0.14498090218679538 0.4437399468925643 0.15544966515502356 0.15544966509747948 0.4587436445920893 0.19039287091331197 0.38493394068477677 0.13070274854401576 0.6141362383754776 0.15544966529047427 0.08908789809766868
135 0.22031340352694379 0.7686542486691696 0.22031340473946967 0.30912647908527036 0.2339993019931116 0.30212600143188423 0.22031340424453338 0.25298908403286946 0.2203134048968648 0.10629059763666578 0.23399930133830785 0.22031340464225058 0.22031340380095715 0.5889672581500996 0.22800980635184612 0.3021260012088102 0.009635317726958187 0.4529533611923475 0.22031340485608022 -0.048396772586951006
215 0.13098157082280776 0.2863233346052322 0.1309815714521155 0.9083413784709804 0.27155938760607773 0.22618407443232882 0.13098157145420705 0.596975395843583 0.13098157155866771 0.17713933225751605 0.2715593875108781 0.1309815715251148 0.13098157124162738 0.3471636491441088 0.04132240401575101 0.22618407415319536 0.20684392205056085 0.34098718423727675 0.1309815714098233 0.22220061055836637
87 0.023075543277696134 -0.04839677258694994 0.023075543577319082 0.21713808813274782 0.3253775254432847 -0.026246143008409092 0.023075543751373495 0.2365278763614863 0.02307554355284056 0.24811027117847384 0.325377525367296 0.02307554351672168 0.023075543316799514 -0.040175858372636125 0.22281058373012086 -0.02624614294654761 0.4869874393785375 0.0735270572489427 0.023075543465124335 1.1499290660883381
142 0.06976296068439505 0.30212600120831956 0.06976296124355284 0.2010130300196772 0.16198057469588184 0.828069126764494 0.0697629605719976 0.4123594664027201 0.06976296122038503 0.04266639849530825 0.16198057450538697 0.06976296105020241 0.06976296091791302 0.29694619365091957 0.06346559253028809 0.8280691266582137 -0.010889739405369223 0.38144469499212846 0.06976296125789254 -0.02624614297861383
56 -0.00155440077718093 -0.039115875186303065 -0.0015544006005658514 0.10269272020326188 0.21315425847278863 -0.025683931605019715 -0.001554400481165263 0.19059070441686607 -0.001554400547113956 0.4169767331362691 0.21315425839606472 -0.0015544005356024169 -0.001554400553846035 0.01761329270074021 0.19948704311775664 -0.025683931632778993 1.1363706644410227 0.10416371765821997 -0.001554400634246223 0.5668415561697552
54 0.00570975460737423 0.022666976160243914 0.005709754777677205 0.13058132431956448 0.21433063303897718 0.015047104649245791 0.0057097550089112966 0.2573748453968972 0.005709754822895426 0.6172301187726867 0.2143306329540287 0.005709754846948997 0.005709754719721824 0.07221622549182413 0.20288822397929754 0.015047104609062575 1.0387049766150644 0.13138772386319073 0.005709754858407724 0.43082551218576765
204 0.22031340352694379 0.7686542486691696 0.22031340473946967 0.30912647908527036 0.2339993019931116 0.30212600143188423 0.22031340424453338 0.25298908403286946 0.2203134048968648 0.10629059763666578 0.23399930133830785 0.22031340464225058 0.22031340380095715 0.5889672581500996 0.22800980635184612 0.3021260012088102 0.009635317726958187 0.4529533611923475 0.22031340485608022 -0.048396772586951006
10 -0.0031050196224245577 -0.0658193207387686 -0.0031050195160887695 0.05215946286027338 0.1791192603011977 -0.026490853038584863 -0.0031050195267302875 0.16717334997117345 -0.003105019483110414 0.6079162478707668 0.17911926031721925 -0.0031050194220621306 -0.0031050193723102977 0.03592882331948304 0.19944518894229118 -0.026490853035854665 1.0553008036200247 0.11490608484314684 -0.0031050195701802716 0.4842335770604347
97 0.4880220933644416 0.2401147939517557 0.48802209443472444 0.123808415839723 0.13232009341572337 0.0672002358712733 0.4880220944017997 0.08316371609621552 0.48802209453782847 0.25254715963349705 0.13232009381686327 0.48802209460994644 0.4880220941411297 0.2739603786121169 0.23001209478923199 0.067200235949604 0.028621384513412146 0.11790988707577008 0.4880220939379454 0.022048804492483236
198 0.31424325460843666 0.46924365452391725 0.31424325566862443 0.5870250193480294 0.1933384154049728 0.22050463984632118 0.3142432552790446 0.2183830843315974 0.3142432558395315 0.12948927502309635 0.19333841544806085 0.3142432557720971 0.3142432556055957 0.5310204310350505 0.032570236548612005 0.22050463959750038 -0.0013289156385278905 0.41583533905348113 0.3142432557418929 -0.041966546336379446
33 0.0037899459697461274 -0.009776897669107078 0.003789946141875416 0.14225307742672824 0.22371872140406956 -0.010581340058503355 0.0037899464175365927 0.1607877271701002 0.0037899462396807503 0.3505865114875701 0.22371872119425273 0.0037899461798350936 0.003789946097539072 -0.0011338145488437403 0.1913157650865217 -0.010581340087680927 1.2142197360575204 0.12328786062689831 0.0037899461677308225 0.4205708620247292
121 0.4880220933644416 0.2401147939517557 0.48802209443472444 0.123808415839723 0.13232009341572337 0.0672002358712733 0.4880220944017997 0.08316371609621552 0.48802209453782847 0.25254715963349705 0.13232009381686327 0.48802209460994644 0.4880220941411297 0.2739603786121169 0.23001209478923199 0.067200235949604 0.028621384513412146 0.11790988707577008 0.4880220939379454 0.022048804492483236
137 0.13690480208982694 0.23399930154043083 0.13690480281261427 0.2610224593040409 0.6552566335413605 0.16198057456655143 0.13690480271789338 0.32899639265092856 0.1369048028992859 0.2206098207572568 0.6552566333540684 0.13690480283666376 0.13690480263140914 0.22077566288503941 0.4990882302129531 0.16198057479791828 0.26904104236034787 0.4491339582766001 0.13690480312755243 0.3253775253525655
125 0.4930882946312769 0.2203134044832309 0.4930882959839438 0.13147085923768126 0.13690480266651253 0.06976296112859401 0.4930882954970247 0.08137589021243906 0.4930882963175979 0.25307255092415315 0.13690480269691163 0.4930882961089321 0.49308829603532844 0.24859529722521043 0.19016255813900648 0.06976296104780491 0.02974554244246199 0.12230659650092603 0.4930882958047445 0.0230755435168293
115 0.013710771853845035 -0.049808910771638626 0.013710772152582427 0.11472041557658037 0.3636822135918128 -0.02070803068381428 0.013710772398056808 0.25914868283882936 0.013710772199936501 0.19482950219804487 0.3636822136245662 0.013710772029203592 0.013710771935063806 -0.016364081198248358 0.22577419037898908 -0.02070803056073331 0.40961875394597647 0.054958772686360104 0.013710772107354578 1.1564066827002997
164 0.4930882946312769 0.2203134044832309 0.4930882959839438 0.13147085923768126 0.13690480266651253 0.06976296112859401 0.4930882954970247 0.08137589021243906 0.4930882963175979 0.25307255092415315 0.13690480269691163 0.4930882961089321 0.49308829603532844 0.24859529722521043 0.19016255813900648 0.06976296104780491 0.02974554244246199 0.12230659650092603 0.4930882958047445 0.0230755435168293
86 0.1901625573808563 0.22800980635185172 0.1901625582708229 0.05798557943905945 0.4990882303434163 0.06346559253570136 0.19016255814011254 0.10255451668449826 0.1901625583560254 0.25990340590156225 0.4990882303729695 0.19016255827388284 0.19016255810622593 0.21908302193176943 0.9471727507043833 0.06346559261166569 0.2290208581607646 0.24492206117851856 0.190162558036979 0.2228105837301232
211 0.12230659578842494 0.45295336119235724 0.12230659652287043 0.3331658036254199 0.44913395838192177 0.3814446950303156 0.12230659667380726 0.37585571121607125 0.12230659667662497 0.12881930939746894 0.4491339583013526 0.12230659668855559 0.12230659642096206 0.4111259660967337 0.24492206117851892 0.381444695197631 0.12404202475508537 0.6906611189177159 0.12230659675568706 0.0735270572489454
51 0.31463598750155153 0.20730403234865039 0.3146359883834324 0.27090926837495805 0.3088239582211271 0.027389508281772657 0.3146359884861152 0.09984495269765949 0.3146359887499889 0.6354859954955774 0.30882395795605544 0.3146359885543664 0.31463598809651744 0.06298230030327191 0.34646235929682995 0.027389508143782864 0.5429742515923829 0.12133247350890682 0.3146359883185743 0.2929296556706086
70 0.003367659448133005 -0.06468401575095654 0.0033676596233861364 -0.0017415009678296248 0.39602731540463143 -0.021199666446219255 0.003367659678508643 0.1802868999910951 0.0033676596522100553 0.14531970127646723 0.39602731542742586 0.003367659533515146 0.0033676594490415187 -0.012087504912930161 0.257751717610787 -0.02119966628980141 0.31272526948766066 0.03848056766857395 0.003367659614246723 1.0733677242736377
38 0.05844734196567851 -0.003447169496157606 0.05844734234188073 0.0998490815867341 0.2261314430001647 -0.0070610333982113836 0.058447342415274085 0.19440083794495797 0.05844734235630873 0.796546353149705 0.22613144283008826 0.05844734236589612 0.05844734217960796 0.047231985274090046 0.25817045160036917 -0.0070610334462837265 0.8885959934025521 0.10655302881947552 0.05844734239436862 0.4877360226784612
105 0.0813758896350534 0.25298908403287584 0.08137589019975117 0.5503910969267066 0.3289963928391941 0.41235946647196703 0.08137589006022387 0.8499325859447411 0.08137589038825449 0.12660116452704018 0.3289963925437373 0.08137589032492022 0.08137589002105591 0.24440544379269133 0.10255451668449617 0.4123594663693649 0.15580868429716876 0.37585571121606476 0.08137589041215375 0.2365278763614871
72 0.4930882946312769 0.2203134044832309 0.4930882959839438 0.13147085923768126 0.13690480266651253 0.06976296112859401 0.4930882954970247 0.08137589021243906 0.4930882963175979 0.25307255092415315 0.13690480269691163 0.4930882961089321 0.49308829603532844 0.24859529722521043 0.19016255813900648 0.06976296104780491 0.02974554244246199 0.12230659650092603 0.4930882958047445 0.0230755435168293
141 0.06976296068439505 0.30212600120831956 0.06976296124355284 0.2010130300196772 0.16198057469588184 0.828069126764494 0.0697629605719976 0.4123594664027201 0.06976296122038503 0.04266639849530825 0.16198057450538697 0.06976296105020241 0.06976296091791302 0.29694619365091957 0.06346559253028809 0.8280691266582137 -0.010889739405369223 0.38144469499212846 0.06976296125789254 -0.02624614297861383
214 0.13098157082280776 0.2863233346052322 0.1309815714521155 0.9083413784709804 0.27155938760607773 0.22618407443232882 0.13098157145420705 0.596975395843583 0.13098157155866771 0.17713933225751605 0.2715593875108781 0.1309815715251148 0.13098157124162738 0.3471636491441088 0.04132240401575101 0.22618407415319536 0.20684392205056085 0.34098718423727675 0.1309815714098233 0.22220061055836637
129 0.0813758896350534 0.25298908403287584 0.08137589019975117 0.5503910969267066 0.3289963928391941 0.41235946647196703 0.08137589006022387 0.8499325859447411 0.08137589038825449 0.12660116452704018 0.3289963925437373 0.08137589032492022 0.08137589002105591 0.24440544379269133 0.10255451668449617 0.4123594663693649 0.15580868429716876 0.37585571121606476 0.08137589041215375 0.2365278763614871
123 0.4930882946312769 0.2203134044832309 0.4930882959839438 0.13147085923768126 0.13690480266651253 0.06976296112859401 0.4930882954970247 0.08137589021243906 0.4930882963175979 0.25307255092415315 0.13690480269691163 0.4930882961089321 0.49308829603532844 0.24859529722521043 0.19016255813900648 0.06976296104780491 0.02974554244246199 0.12230659650092603 0.4930882958047445 0.0230755435168293
153 0.13147085883972343 0.30912647908527174 0.13147085936452713 0.9389666829455894 0.26102245924929135 0.20101303022339292 0.13147085906662945 0.550391096926705 0.13147085947000753 0.18194716154443288 0.26102245940267904 0.13147085932080294 0.1314708590508918 0.37561137934062877 0.05798557943905581 0.20101302991102382 0.2146685550829117 0.3331658036254129 0.13147085938509948 0.21713808813274788
9 0.031752722943213206 -0.0157816183509028 0.031752723148131434 0.07917004066054986 0.20373179334775807 -0.013176178713369 0.03175272320135685 0.163979421416781 0.03175272322447861 0.6778053165804377 0.20373179321998244 0.03175272322315513 0.031752723154201 0.027660961958908575 0.21960380175350117 -0.01317617878820732 1.0537790117946264 0.10719034230454641 0.0317527232436362 0.431348984883377
62 0.22031340352694379 0.7686542486691696 0.22031340473946967 0.30912647908527036 0.2339993019931116 0.30212600143188423 0.22031340424453338 0.25298908403286946 0.2203134048968648 0.10629059763666578 0.23399930133830785 0.22031340464225058 0.22031340380095715 0.5889672581500996 0.22800980635184612 0.3021260012088102 0.009635317726958187 0.4529533611923475 0.22031340485608022 -0.048396772586951006
42 0.06281205024625275 0.010069436748563532 0.0628120506558661 0.10959929379215974 0.24706852112786973 -0.006622921516049882 0.06281205079230999 0.16278283585380748 0.06281205075027549 0.776685032217943 0.2470685210928835 0.06281205068782601 0.06281205074553581 0.030680170642278543 0.2507842907766177 -0.006622921560661379 0.9509371270347504 0.11513557829146205 0.0628120508788374 0.41853730794843164
109 0.05996173690735901 0.016271140538014834 0.05996173730404825 0.39017349363375786 0.3409937094110592 0.024986350610622002 0.059961737254286204 0.42000896821920997 0.059961737344328886 0.42776386803969424 0.34099370945718077 0.059961737333750584 0.059961737202575055 0.07714411158275034 0.28043481966025374 0.024986350590588024 0.5892448351193668 0.1188729547684826 0.05996173727444562 0.8624066888644876
202 0.06357030647281758 0.018724519867193805 0.06357030680867047 0.4042298933836747 0.3484986277471433 0.022526673736449725 0.06357030683047969 0.41176612410335284 0.06357030688521541 0.4321312676172442 0.3484986277103145 0.06357030684456826 0.06357030663913342 0.06418351831466418 0.24748201251904753 0.022526673801880084 0.5927216931172671 0.12474399956549549 0.0635703068050378 0.8606735077264172
58 0.01914808617449849 0.06148198013923703 0.01914808642418022 0.17292556003305845 0.2261466541759951 0.014971164070881936 0.019148086449369137 0.23829633178611212 0.01914808654241894 0.5071800338918175 0.22614665393148262 0.01914808649978759 0.0191480863062688 0.038727403685630254 0.19124405675254688 0.014971164003013649 1.1309993036792405 0.11510331265865936 0.019148086520239686 0.43002130393757304
156 0.06976296068439505 0.30212600120831956 0.06976296124355284 0.2010130300196772 0.16198057469588184 0.828069126764494 0.0697629605719976 0.4123594664027201 0.06976296122038503 0.04266639849530825 0.16198057450538697 0.06976296105020241 0.06976296091791302 0.29694619365091957 0.06346559253028809 0.8280691266582137 -0.010889739405369223 0.38144469499212846 0.06976296125789254 -0.02624614297861383
206 0.13690480208982694 0.23399930154043083 0.13690480281261427 0.2610224593040409 0.6552566335413605 0.16198057456655143 0.13690480271789338 0.32899639265092856 0.1369048028992859 0.2206098207572568 0.6552566333540684 0.13690480283666376 0.13690480263140914 0.22077566288503941 0.4990882302129531 0.16198057479791828 0.26904104236034787 0.4491339582766001 0.13690480312755243 0.3253775253525655
173 0.06976296068439505 0.30212600120831956 0.06976296124355284 0.2010130300196772 0.16198057469588184 0.828069126764494 0.0697629605719976 0.4123594664027201 0.06976296122038503 0.04266639849530825 0.16198057450538697 0.06976296105020241 0.06976296091791302 0.29694619365091957 0.06346559253028809 0.8280691266582137 -0.010889739405369223 0.38144469499212846 0.06976296125789254 -0.02624614297861383
50 0.02814319176826801 0.014497608895114325 0.02814319207981583 0.1411156204816554 0.23297244389894947 0.00921048264578625 0.028143192217463066 0.24840884704962293 0.028143192148055492 0.7019462050682514 0.232972443831928 0.028143192169973002 0.02814319205320236 0.0703180584997485 0.22056257403031884 0.009210482599008092 0.9564432897330433 0.12080258672554564 0.0281431920185148 0.480136930177358
78 0.1016127768470435 0.3296836041446864 0.10161277743055873 0.7625935669385773 0.296364077980921 0.27345617930629496 0.10161277747215583 0.7220133192963356 0.10161277767445731 0.1541167562895465 0.2963640778215278 0.10161277747770728 0.10161277693332425 0.35573540781453583 0.11293309563157808 0.27345617907043723 0.1946227985879745 0.3579178565680285 0.10161277746941981 0.2282516260442788
152 0.06976296068439505 0.30212600120831956 0.06976296124355284 0.2010130300196772 0.16198057469588184 0.828069126764494 0.0697629605719976 0.4123594664027201 0.06976296122038503 0.04266639849530825 0.16198057450538697 0.06976296105020241 0.06976296091791302 0.29694619365091957 0.06346559253028809 0.8280691266582137 -0.010889739405369223 0.38144469499212846 0.06976296125789254 -0.02624614297861383
66 0.11097561364364243 0.30752318649929405 0.11097561420237577 0.7990747586075041 0.29364145732664854 0.2689818160442774 0.11097561414799756 0.7026313806832464 0.11097561429216757 0.15953595404340226 0.29364145729588736 0.11097561413245724 0.11097561387551333 0.34343361003166967 0.0838203225038813 0.26898181579676295 0.19564159836019032 0.3562371075392717 0.11097561410465241 0.2285800447143136
88 0.4880220933644416 0.2401147939517557 0.48802209443472444 0.123808415839723 0.13232009341572337 0.0672002358712733 0.4880220944017997 0.08316371609621552 0.48802209453782847 0.25254715963349705 0.13232009381686327 0.48802209460994644 0.4880220941411297 0.2739603786121169 0.23001209478923199 0.067200235949604 0.028621384513412146 0.11790988707577008 0.4880220939379454 0.022048804492483236
65 0.1901625573808563 0.22800980635185172 0.1901625582708229 0.05798557943905945 0.4990882303434163 0.06346559253570136 0.19016255814011254 0.10255451668449826 0.1901625583560254 0.25990340590156225 0.4990882303729695 0.19016255827388284 0.19016255810622593 0.21908302193176943 0.9471727507043833 0.06346559261166569 0.2290208581607646 0.24492206117851856 0.190162558036979 0.2228105837301232
71 0.4930882946312769 0.2203134044832309 0.4930882959839438 0.13147085923768126 0.13690480266651253 0.06976296112859401 0.4930882954970247 0.08137589021243906 0.4930882963175979 0.25307255092415315 0.13690480269691163 0.4930882961089321 0.49308829603532844 0.24859529722521043 0.19016255813900648 0.06976296104780491 0.02974554244246199 0.12230659650092603 0.4930882958047445 0.0230755435168293
133 0.07498572761693933 0.01427962636848308 0.0749857281048687 0.4717493515644744 0.33193144385586837 0.02011721225401553 0.07498572812690536 0.3580702027300452 0.07498572813253566 0.4555552885680783 0.33193144376079936 0.07498572807482061 0.0749857278862093 0.049006382372874684 0.21657345164135489 0.020117212131973573 0.607667370237403 0.13362096921573458 0.07498572802456582 0.8344601957043749
192 0.13690480208982694 0.23399930154043083 0.13690480281261427 0.2610224593040409 0.6552566335413605 0.16198057456655143 0.13690480271789338 0.32899639265092856 0.1369048028992859 0.2206098207572568 0.6552566333540684 0.13690480283666376 0.13690480263140914 0.22077566288503941 0.4990882302129531 0.16198057479791828 0.26904104236034787 0.4491339582766001 0.13690480312755243 0.3253775253525655
181 0.10270369535845589 0.2776565305894056 0.10270369599069569 0.7122532350691309 0.31041916544615794 0.3253633518394737 0.10270369559969444 0.7723557113692128 0.1027036962201794 0.14746956648561713 0.3104191651637274 0.10270369597731287 0.10270369578655796 0.29848523623963613 0.07824806056039071 0.3253633517044636 0.17971482722635082 0.3667004198808197 0.10270369615862006 0.233962490441842
0 -0.01246472265687319 -0.02082053964551203 -0.012464722574468427 0.10675225385858308 0.2093318702827003 -0.0037263447104651437 -0.012464722319206544 0.2369453076656506 -0.012464722463555114 0.5133474134185178 0.20933187021958738 -0.012464722471806312 -0.012464722472639555 0.05641271612421424 0.17146918113655685 -0.0037263447372351518 1.0971054261964985 0.12663286794852202 -0.012464722546458005 0.4733867577589978
182 0.10270369535845589 0.2776565305894056 0.10270369599069569 0.7122532350691309 0.31041916544615794 0.3253633518394737 0.10270369559969444 0.7723557113692128 0.1027036962201794 0.14746956648561713 0.3104191651637274 0.10270369597731287 0.10270369578655796 0.29848523623963613 0.07824806056039071 0.3253633517044636 0.17971482722635082 0.3667004198808197 0.10270369615862006 0.233962490441842
185 0.10270369535845589 0.2776565305894056 0.10270369599069569 0.7122532350691309 0.31041916544615794 0.3253633518394737 0.10270369559969444 0.7723557113692128 0.1027036962201794 0.14746956648561713 0.3104191651637274 0.10270369597731287 0.10270369578655796 0.29848523623963613 0.07824806056039071 0.3253633517044636 0.17971482722635082 0.3667004198808197 0.10270369615862006 0.233962490441842
36 0.0053057373683387836 -0.05999339696131368 0.005305737552407543 0.05104122197240467 0.17347374089473006 -0.022351082491896004 0.005305737708056043 0.19192835382279508 0.0053057375851191645 0.6847197253273266 0.17347374091591036 0.0053057376328871815 0.005305737685212598 0.047647704173944136 0.2084796880656117 -0.022351082502285024 0.9465011679171127 0.11174376151966443 0.005305737553922722 0.5395210398437326
163 0.009298979778065562 -0.058409300629883115 0.009298980046310497 0.0440318898969111 0.3806374874887753 -0.026394339551032275 0.009298980144851941 0.19444016369504374 0.009298980045267531 0.17298991621671359 0.3806374874480626 0.00929897996095319 0.009298979835383752 -0.018969748735794847 0.23535149700276678 -0.026394339429178047 0.3635019687344973 0.034943078788123604 0.009298980046866466 1.1382132051876677
43 0.06080510554584094 0.01241802175423114 0.060805105711224654 0.09757811668499325 0.20645750326093726 -0.0005704558245339001 0.06080510581758699 0.15371978158421512 0.060805105721953905 0.7955333979250434 0.20645750312131436 0.060805105797780194 0.060805105797092356 0.033728775829659274 0.23769499112456166 -0.0005704558801245223 0.9759768195153075 0.11465095174676547 0.060805105813500675 0.37813254234169597
32 -0.0003446303159249452 -0.016156028203208272 -0.0003446301548578393 0.14379442432514494 0.22040935945440093 -0.0177083996046359 -0.00034462994131939276 0.20863218658880384 -0.0003446301015550102 0.393025668415453 0.22040935932628947 -0.00034463017647522306 -0.0003446302554946366 0.01602419106275974 0.1985549281909191 -0.01770839965214159 1.1387735291951353 0.11081035565825903 -0.0003446302583747369 0.564705432825119
150 0.12557246979408626 0.30288481066870404 0.12557247014253028 0.8910994304030336 0.27461948316003615 0.22726413935885445 0.12557247004939928 0.613224327117065 0.12557247034351848 0.1739577026123712 0.2746194830556478 0.12557247021894435 0.12557247008977412 0.3589521556597071 0.060141327961108375 0.22726413929678754 0.20709660574451227 0.3431281912143826 0.1255724703126826 0.222568123313973
68 0.06976296068439505 0.30212600120831956 0.06976296124355284 0.2010130300196772 0.16198057469588184 0.828069126764494 0.0697629605719976 0.4123594664027201 0.06976296122038503 0.04266639849530825 0.16198057450538697 0.06976296105020241 0.06976296091791302 0.29694619365091957 0.06346559253028809 0.8280691266582137 -0.010889739405369223 0.38144469499212846 0.06976296125789254 -0.02624614297861383
79 0.06976296068439505 0.30212600120831956 0.06976296124355284 0.2010130300196772 0.16198057469588184 0.828069126764494 0.0697629605719976 0.4123594664027201 0.06976296122038503 0.04266639849530825 0.16198057450538697 0.06976296105020241 0.06976296091791302 0.29694619365091957 0.06346559253028809 0.8280691266582137 -0.010889739405369223 0.38144469499212846 0.06976296125789254 -0.02624614297861383
148 0.1901625573808563 0.22800980635185172 0.1901625582708229 0.05798557943905945 0.4990882303434163 0.06346559253570136 0.19016255814011254 0.10255451668449826 0.1901625583560254 0.25990340590156225 0.4990882303729695 0.19016255827388284 0.19016255810622593 0.21908302193176943 0.9471727507043833 0.06346559261166569 0.2290208581607646 0.24492206117851856 0.190162558036979 0.2228105837301232
95 0.4880220933644416 0.2401147939517557 0.48802209443472444 0.123808415839723 0.13232009341572337 0.0672002358712733 0.4880220944017997 0.08316371609621552 0.48802209453782847 0.25254715963349705 0.13232009381686327 0.48802209460994644 0.4880220941411297 0.2739603786121169 0.23001209478923199 0.067200235949604 0.028621384513412146 0.11790988707577008 0.4880220939379454 0.022048804492483236
104 0.06976296068439505 0.30212600120831956 0.06976296124355284 0.2010130300196772 0.16198057469588184 0.828069126764494 0.0697629605719976 0.4123594664027201 0.06976296122038503 0.04266639849530825 0.16198057450538697 0.06976296105020241 0.06976296091791302 0.29694619365091957 0.06346559253028809 0.8280691266582137 -0.010889739405369223 0.38144469499212846 0.06976296125789254 -0.02624614297861383
99 0.31424325460843666 0.46924365452391725 0.31424325566862443 0.5870250193480294 0.1933384154049728 0.22050463984632118 0.3142432552790446 0.2183830843315974 0.3142432558395315 0.12948927502309635 0.19333841544806085 0.3142432557720971 0.3142432556055957 0.5310204310350505 0.032570236548612005 0.22050463959750038 -0.0013289156385278905 0.41583533905348113 0.3142432557418929 -0.041966546336379446
57 0.020266913218590553 -0.024687456104154622 0.02026691340624367 0.09783726709896409 0.22215270638995763 -0.025402443019278752 0.020266913716992577 0.1680814274436211 0.02026691343593911 0.516595555993771 0.2221527063272796 0.020266913433039796 0.020266913482859503 0.0071407080052969495 0.22849361564629583 -0.025402443014833177 1.1104058545438698 0.0992112613082786 0.020266913361453566 0.5263032459418944
12 -0.003982147958597459 -0.04220515599976027 -0.0039821478525313495 0.06885733309443935 0.17762607077154421 -0.0108894263534562 -0.003982147663136044 0.1766418072611381 -0.003982147818067627 0.6008281164989313 0.17762607076918324 -0.003982147790125525 -0.003982147703091953 0.04646084479367527 0.187331944307878 -0.01088942639922059 1.098363913678135 0.12565134457707355 -0.0039821477733997445 0.3985566908811067
76 0.4930882946312769 0.2203134044832309 0.4930882959839438 0.13147085923768126 0.13690480266651253 0.06976296112859401 0.4930882954970247 0.08137589021243906 0.4930882963175979 0.25307255092415315 0.13690480269691163 0.4930882961089321 0.49308829603532844 0.24859529722521043 0.19016255813900648 0.06976296104780491 0.02974554244246199 0.12230659650092603 0.4930882958047445 0.0230755435168293
55 0.1579719844681504 0.12142187940734132 0.15797198496668732 0.21717163667572226 0.2775909573075879 0.008476935729878631 0.15797198488222625 0.10908433125440553 0.15797198515696148 0.712989982792358 0.27759095692505725 0.15797198500311443 0.15797198463082943 -0.01263186185286369 0.28002009823845275 0.008476935585255274 0.9184791422598146 0.1070916463880162 0.15797198493470477 0.35777488574711036
31 0.15305380277604377 0.1790196469534534 0.1530538035243616 0.19317724341468132 0.28673611951928535 0.009914801862579098 0.1530538035198785 0.11106741456351313 0.1530538035637137 0.5929333039878145 0.2867361190184919 0.15305380345762906 0.1530538030623746 -0.04081031268237498 0.3045946814143149 0.009914801638803619 0.9831877611145817 0.09821105975384663 0.15305380356540615 0.32331269015922887
161 0.06001746497991064 0.16038968642155035 0.06001746541631126 0.22631997689920708 0.5850657108394239 0.37046671613464977 0.06001746521253488 0.5861172683284296 0.0600174656109183 0.12875610821900077 0.5850657107814621 0.06001746557102576 0.0600174654430805 0.1540125995988196 0.20390581657969278 0.37046671645923457 0.18779903963505518 0.5700970966232518 0.06001746561625998 0.3157069781614979
19 0.0320045370285188 0.13199069064885002 0.03200453737967515 0.3112648429190543 0.3300879954449186 0.025066628751707832 0.032004537574961106 0.2647271512734817 0.032004537551028354 0.34175348897891167 0.3300879950698978 0.03200453738823108 0.03200453698783031 0.004669861122433787 0.19676266858006405 0.025066628602549514 1.0746088765574535 0.15711437306629994 0.03200453740079309 0.46326002407437106
103 0.06976296068439505 0.30212600120831956 0.06976296124355284 0.2010130300196772 0.16198057469588184 0.828069126764494 0.0697629605719976 0.4123594664027201 0.06976296122038503 0.04266639849530825 0.16198057450538697 0.06976296105020241 0.06976296091791302 0.29694619365091957 0.06346559253028809 0.8280691266582137 -0.010889739405369223 0.38144469499212846 0.06976296125789254 -0.02624614297861383
212 0.12230659578842494 0.45295336119235724 0.12230659652287043 0.3331658036254199 0.44913395838192177 0.3814446950303156 0.12230659667380726 0.37585571121607125 0.12230659667662497 0.12881930939746894 0.4491339583013526 0.12230659668855559 0.12230659642096206 0.4111259660967337 0.24492206117851892 0.381444695197631 0.12404202475508537 0.6906611189177159 0.12230659675568706 0.0735270572489454
203 0.22031340352694379 0.7686542486691696 0.22031340473946967 0.30912647908527036 0.2339993019931116 0.30212600143188423 0.22031340424453338 0.25298908403286946 0.2203134048968648 0.10629059763666578 0.23399930133830785 0.22031340464225058 0.22031340380095715 0.5889672581500996 0.22800980635184612 0.3021260012088102 0.009635317726958187 0.4529533611923475 0.22031340485608022 -0.048396772586951006
221 0.06976296068439505 0.30212600120831956 0.06976296124355284 0.2010130300196772 0.16198057469588184 0.828069126764494 0.0697629605719976 0.4123594664027201 0.06976296122038503 0.04266639849530825 0.16198057450538697 0.06976296105020241 0.06976296091791302 0.29694619365091957 0.06346559253028809 0.8280691266582137 -0.010889739405369223 0.38144469499212846 0.06976296125789254 -0.02624614297861383
134 0.22031340352694379 0.7686542486691696 0.22031340473946967 0.30912647908527036 0.2339993019931116 0.30212600143188423 0.22031340424453338 0.25298908403286946 0.2203134048968648 0.10629059763666578 0.23399930133830785 0.22031340464225058 0.22031340380095715 0.5889672581500996 0.22800980635184612 0.3021260012088102 0.009635317726958187 0.4529533611923475 0.22031340485608022 -0.048396772586951006
168 0.4930882946312769 0.2203134044832309 0.4930882959839438 0.13147085923768126 0.13690480266651253 0.06976296112859401 0.4930882954970247 0.08137589021243906 0.4930882963175979 0.25307255092415315 0.13690480269691163 0.4930882961089321 0.49308829603532844 0.24859529722521043 0.19016255813900648 0.06976296104780491 0.02974554244246199 0.12230659650092603 0.4930882958047445 0.0230755435168293
24 0.015820142272440062 -0.01589937055470289 0.015820142440846525 0.07835349806929973 0.2069528372962403 0.012120312942860098 0.01582014248892149 0.3264986764757097 0.015820142483233688 0.7025415420712889 0.20695283726283578 0.015820142510814476 0.015820142478119126 0.1043177593208784 0.24886177131236192 0.012120312947289035 0.806111937369874 0.10188255317079768 0.01582014236559369 0.6036360681831403
29 0.2897325927052307 0.21430227419023387 0.2897325939505035 0.22545286144196008 0.27216682579935525 0.03335746996481323 0.2897325941266658 0.1177635363171447 0.2897325940187714 0.78256085977953 0.2721668255222172 0.2897325939775027 0.2897325933151053 0.06116661433500017 0.28486241105876947 0.033357469832801946 0.5814527231637281 0.10129204413273012 0.28973259376595306 0.2595772110564091
93 0.31424325460843666 0.46924365452391725 0.31424325566862443 0.5870250193480294 0.1933384154049728 0.22050463984632118 0.3142432552790446 0.2183830843315974 0.3142432558395315 0.12948927502309635 0.19333841544806085 0.3142432557720971 0.3142432556055957 0.5310204310350505 0.032570236548612005 0.22050463959750038 -0.0013289156385278905 0.41583533905348113 0.3142432557418929 -0.041966546336379446
162 0.1687885619123022 0.6400058324437403 0.16878856280750412 0.14691129270177367 0.23388527992504934 0.40372887448355604 0.16878856244542795 0.2663234772189244 0.16878856267821743 0.11345047465528517 0.23388527963777303 0.16878856268944548 0.1687885624585038 0.7336083521421061 0.35823638567094035 0.4037288746787117 -0.021091716951463856 0.38902907783342827 0.1687885630920986 -0.033262046741052174
218 0.09005594453143179 0.3045077359862789 0.09005594505055575 0.6597009450427153 0.31404881396075907 0.3338050300521803 0.09005594507819477 0.7984282821350129 0.09005594528904438 0.13991814521071266 0.31404881385753686 0.09005594507038028 0.0900559448654993 0.31148597850649007 0.11578573510628032 0.333805030024428 0.1775124070504996 0.3688437903884601 0.09005594517338601 0.23350106923640454
184 0.06976296068439505 0.30212600120831956 0.06976296124355284 0.2010130300196772 0.16198057469588184 0.828069126764494 0.0697629605719976 0.4123594664027201 0.06976296122038503 0.04266639849530825 0.16198057450538697 0.06976296105020241 0.06976296091791302 0.29694619365091957 0.06346559253028809 0.8280691266582137 -0.010889739405369223 0.38144469499212846 0.06976296125789254 -0.02624614297861383
187 0.06976296068439505 0.30212600120831956 0.06976296124355284 0.2010130300196772 0.16198057469588184 0.828069126764494 0.0697629605719976 0.4123594664027201 0.06976296122038503 0.04266639849530825 0.16198057450538697 0.06976296105020241 0.06976296091791302 0.29694619365091957 0.06346559253028809 0.8280691266582137 -0.010889739405369223 0.38144469499212846 0.06976296125789254 -0.02624614297861383
188 0.06976296068439505 0.30212600120831956 0.06976296124355284 0.2010130300196772 0.16198057469588184 0.828069126764494 0.0697629605719976 0.4123594664027201 0.06976296122038503 0.04266639849530825 0.16198057450538697 0.06976296105020241 0.06976296091791302 0.29694619365091957 0.06346559253028809 0.8280691266582137 -0.010889739405369223 0.38144469499212846 0.06976296125789254 -0.02624614297861383
94 0.021539715231420876 -0.04794502627942462 0.02153971559394718 0.20967081256968384 0.32286671453810045 -0.026579358741347637 0.02153971567223646 0.24165576327129495 0.021539715596762293 0.24071819214795206 0.32286671457093286 0.02153971545182788 0.021539715277917232 -0.037481696322958724 0.23661950576579832 -0.026579358709448195 0.48485842958153275 0.07431815723168114 0.021539715528911676 1.151179528088241
74 0.4930882946312769 0.2203134044832309 0.4930882959839438 0.13147085923768126 0.13690480266651253 0.06976296112859401 0.4930882954970247 0.08137589021243906 0.4930882963175979 0.25307255092415315 0.13690480269691163 0.4930882961089321 0.49308829603532844 0.24859529722521043 0.19016255813900648 0.06976296104780491 0.02974554244246199 0.12230659650092603 0.4930882958047445 0.0230755435168293
96 0.4880220933644416 0.2401147939517557 0.48802209443472444 0.123808415839723 0.13232009341572337 0.0672002358712733 0.4880220944017997 0.08316371609621552 0.48802209453782847 0.25254715963349705 0.13232009381686327 0.48802209460994644 0.4880220941411297 0.2739603786121169 0.23001209478923199 0.067200235949604 0.028621384513412146 0.11790988707577008 0.4880220939379454 0.022048804492483236
219 0.09005594453143179 0.3045077359862789 0.09005594505055575 0.6597009450427153 0.31404881396075907 0.3338050300521803 0.09005594507819477 0.7984282821350129 0.09005594528904438 0.13991814521071266 0.31404881385753686 0.09005594507038028 0.0900559448654993 0.31148597850649007 0.11578573510628032 0.333805030024428 0.1775124070504996 0.3688437903884601 0.09005594517338601 0.23350106923640454
199 0.4880220933644416 0.2401147939517557 0.48802209443472444 0.123808415839723 0.13232009341572337 0.0672002358712733 0.4880220944017997 0.08316371609621552 0.48802209453782847 0.25254715963349705 0.13232009381686327 0.48802209460994644 0.4880220941411297 0.2739603786121169 0.23001209478923199 0.067200235949604 0.028621384513412146 0.11790988707577008 0.4880220939379454 0.022048804492483236
106 0.0813758896350534 0.25298908403287584 0.08137589019975117 0.5503910969267066 0.3289963928391941 0.41235946647196703 0.08137589006022387 0.8499325859447411 0.08137589038825449 0.12660116452704018 0.3289963925437373 0.08137589032492022 0.08137589002105591 0.24440544379269133 0.10255451668449617 0.4123594663693649 0.15580868429716876 0.37585571121606476 0.08137589041215375 0.2365278763614871
59 0.02154651333446103 0.06657027481417857 0.021546513554090267 0.18567295058695985 0.22648329312374127 0.01802837401158353 0.021546513859293962 0.20020152789736784 0.021546513649505807 0.5017556495247578 0.22648329285624064 0.021546513643993313 0.02154651349139711 0.026615637678824737 0.18790746384074378 0.018028373925161184 1.1602582443135254 0.12543573327209695 0.021546513609688442 0.3692044871820048
144 0.22031340352694379 0.7686542486691696 0.22031340473946967 0.30912647908527036 0.2339993019931116 0.30212600143188423 0.22031340424453338 0.25298908403286946 0.2203134048968648 0.10629059763666578 0.23399930133830785 0.22031340464225058 0.22031340380095715 0.5889672581500996 0.22800980635184612 0.3021260012088102 0.009635317726958187 0.4529533611923475 0.22031340485608022 -0.048396772586951006
110 0.12623294331620358 0.43205846638176665 0.12623294411105732 0.35931314231431877 0.4400805397042169 0.385420423529358 0.1262329440153115 0.4714299426031195 0.12623294424661152 0.1375412203394557 0.44008053947647513 0.12623294417769335 0.12623294399703433 0.4392758795514043 0.2589003916200176 0.3854204235396569 0.12564249257009355 0.5985371069555011 0.12623294437142946 0.10003814376397532
69 0.06976296068439505 0.30212600120831956 0.06976296124355284 0.2010130300196772 0.16198057469588184 0.828069126764494 0.0697629605719976 0.4123594664027201 0.06976296122038503 0.04266639849530825 0.16198057450538697 0.06976296105020241 0.06976296091791302 0.29694619365091957 0.06346559253028809 0.8280691266582137 -0.010889739405369223 0.38144469499212846 0.06976296125789254 -0.02624614297861383
201 0.4880220933644416 0.2401147939517557 0.48802209443472444 0.123808415839723 0.13232009341572337 0.0672002358712733 0.4880220944017997 0.08316371609621552 0.48802209453782847 0.25254715963349705 0.13232009381686327 0.48802209460994644 0.4880220941411297 0.2739603786121169 0.23001209478923199 0.067200235949604 0.028621384513412146 0.11790988707577008 0.4880220939379454 0.022048804492483236
151 0.06976296068439505 0.30212600120831956 0.06976296124355284 0.2010130300196772 0.16198057469588184 0.828069126764494 0.0697629605719976 0.4123594664027201 0.06976296122038503 0.04266639849530825 0.16198057450538697 0.06976296105020241 0.06976296091791302 0.29694619365091957 0.06346559253028809 0.8280691266582137 -0.010889739405369223 0.38144469499212846 0.06976296125789254 -0.02624614297861383
5 0.029745542212009972 0.009635317726960144 0.029745542425468407 0.21466855508291297 0.26904104244889027 -0.010889739361548008 0.02974554261370416 0.15580868429716807 0.029745542525437405 0.4825013862771089 0.26904104228576387 0.029745542454226132 0.029745542292172376 -0.009633300793758879 0.2290208581607644 -0.010889739432061906 1.1137581314678664 0.12404202475508405 0.029745542489705196 0.48698743937853767
130 0.0813758896350534 0.25298908403287584 0.08137589019975117 0.5503910969267066 0.3289963928391941 0.41235946647196703 0.08137589006022387 0.8499325859447411 0.08137589038825449 0.12660116452704018 0.3289963925437373 0.08137589032492022 0.08137589002105591 0.24440544379269133 0.10255451668449617 0.4123594663693649 0.15580868429716876 0.37585571121606476 0.08137589041215375 0.2365278763614871
139 0.13098157082280776 0.2863233346052322 0.1309815714521155 0.9083413784709804 0.27155938760607773 0.22618407443232882 0.13098157145420705 0.596975395843583 0.13098157155866771 0.17713933225751605 0.2715593875108781 0.1309815715251148 0.13098157124162738 0.3471636491441088 0.04132240401575101 0.22618407415319536 0.20684392205056085 0.34098718423727675 0.1309815714098233 0.22220061055836637
1 0.078914442728805 0.30294245855183993 0.07891444328469131 0.35966758720437797 0.28336771807735317 0.1017304511869114 0.07891444353985161 0.3148632456232114 0.0789144434486426 0.6366823373720286 0.2833677174301821 0.07891444326776817 0.07891444267637761 0.1127181851520024 0.1752685167351531 0.10173045103044617 0.9002946638479078 0.16284132564697842 0.07891444339196274 0.2517970348389928
132 0.06976296068439505 0.30212600120831956 0.06976296124355284 0.2010130300196772 0.16198057469588184 0.828069126764494 0.0697629605719976 0.4123594664027201 0.06976296122038503 0.04266639849530825 0.16198057450538697 0.06976296105020241 0.06976296091791302 0.29694619365091957 0.06346559253028809 0.8280691266582137 -0.010889739405369223 0.38144469499212846 0.06976296125789254 -0.02624614297861383
147 0.13690480208982694 0.23399930154043083 0.13690480281261427 0.2610224593040409 0.6552566335413605 0.16198057456655143 0.13690480271789338 0.32899639265092856 0.1369048028992859 0.2206098207572568 0.6552566333540684 0.13690480283666376 0.13690480263140914 0.22077566288503941 0.4990882302129531 0.16198057479791828 0.26904104236034787 0.4491339582766001 0.13690480312755243 0.3253775253525655
25 0.11694488092521661 0.011617762216621986 0.11694488137613716 0.13013975055199886 0.20843818527377053 0.019847992192821826 0.11694488137770709 0.1476558512047503 0.11694488149656836 0.9814473103963031 0.20843818536549308 0.11694488149625268 0.11694488149316697 0.06688623959408468 0.23847702961766887 0.019847992133087564 0.7404761718221762 0.13199489827369748 0.11694488128146346 0.35533827519777444
175 0.4930882946312769 0.2203134044832309 0.4930882959839438 0.13147085923768126 0.13690480266651253 0.06976296112859401 0.4930882954970247 0.08137589021243906 0.4930882963175979 0.25307255092415315 0.13690480269691163 0.4930882961089321 0.49308829603532844 0.24859529722521043 0.19016255813900648 0.06976296104780491 0.02974554244246199 0.12230659650092603 0.4930882958047445 0.0230755435168293
108 0.06976296068439505 0.30212600120831956 0.06976296124355284 0.2010130300196772 0.16198057469588184 0.828069126764494 0.0697629605719976 0.4123594664027201 0.06976296122038503 0.04266639849530825 0.16198057450538697 0.06976296105020241 0.06976296091791302 0.29694619365091957 0.06346559253028809 0.8280691266582137 -0.010889739405369223 0.38144469499212846 0.06976296125789254 -0.02624614297861383
116 0.4880220933644416 0.2401147939517557 0.48802209443472444 0.123808415839723 0.13232009341572337 0.0672002358712733 0.4880220944017997 0.08316371609621552 0.48802209453782847 0.25254715963349705 0.13232009381686327 0.48802209460994644 0.4880220941411297 0.2739603786121169 0.23001209478923199 0.067200235949604 0.028621384513412146 0.11790988707577008 0.4880220939379454 0.022048804492483236
126 0.4930882946312769 0.2203134044832309 0.4930882959839438 0.13147085923768126 0.13690480266651253 0.06976296112859401 0.4930882954970247 0.08137589021243906 0.4930882963175979 0.25307255092415315 0.13690480269691163 0.4930882961089321 0.49308829603532844 0.24859529722521043 0.19016255813900648 0.06976296104780491 0.02974554244246199 0.12230659650092603 0.4930882958047445 0.0230755435168293
11 0.028500775103744658 0.030555593899103443 0.028500775375040508 0.16414127938868786 0.23733171112458737 -0.001793632155023866 0.028500775433705126 0.14169789141017206 0.028500775425521128 0.4359625890729275 0.2373317108635467 0.02850077538497963 0.028500775282232407 -0.011845874276135844 0.2127483868251521 -0.0017936322121796437 1.1928452450389 0.12282592282364996 0.028500775378336018 0.37014693732924403
197 0.4880220933644416 0.2401147939517557 0.48802209443472444 0.123808415839723 0.13232009341572337 0.0672002358712733 0.4880220944017997 0.08316371609621552 0.48802209453782847 0.25254715963349705 0.13232009381686327 0.48802209460994644 0.4880220941411297 0.2739603786121169 0.23001209478923199 0.067200235949604 0.028621384513412146 0.11790988707577008 0.4880220939379454 0.022048804492483236
34 -0.013033675171065984 -0.029755447546592848 -0.013033675078821898 0.10200750948961779 0.1894892427709029 -0.012737326568729461 -0.013033674814385509 0.21856024642704566 -0.013033674994336499 0.43418276499798003 0.18948924269519743 -0.013033674989225317 -0.013033674952213742 0.04281323025457068 0.17011322133394333 -0.012737326601915434 1.1525408939647075 0.11429686934354363 -0.013033675002151723 0.5042262537091575
146 0.13690480208982694 0.23399930154043083 0.13690480281261427 0.2610224593040409 0.6552566335413605 0.16198057456655143 0.13690480271789338 0.32899639265092856 0.1369048028992859 0.2206098207572568 0.6552566333540684 0.13690480283666376 0.13690480263140914 0.22077566288503941 0.4990882302129531 0.16198057479791828 0.26904104236034787 0.4491339582766001 0.13690480312755243 0.3253775253525655
27 0.01823158633314629 0.03879079260959077 0.018231586563950665 0.18504138441451481 0.21839951763522114 0.01745832199607709 0.01823158659473119 0.21418023789114007 0.018231586642940112 0.5872217341668003 0.2183995174237293 0.018231586605099152 0.0182315865443052 0.04742021257960488 0.17063857598605353 0.0174583219408932 1.1038368268486896 0.12413910617385562 0.01823158660323769 0.40459026896463934
39 0.16004217669222814 0.07911181114690385 0.16004217717776273 0.23622606374749008 0.29028447594824375 0.003594624212270093 0.16004217701208734 0.1254056730001781 0.16004217712010807 0.7602951234165366 0.2902844756326184 0.1600421772354003 0.16004217697538997 0.011092364312146098 0.2969265638623719 0.003594624080822217 0.8342885298283882 0.11400596667816787 0.16004217709906615 0.4197721089864748
127 0.4930882946312769 0.2203134044832309 0.4930882959839438 0.13147085923768126 0.13690480266651253 0.06976296112859401 0.4930882954970247 0.08137589021243906 0.4930882963175979 0.25307255092415315 0.13690480269691163 0.4930882961089321 0.49308829603532844 0.24859529722521043 0.19016255813900648 0.06976296104780491 0.02974554244246199 0.12230659650092603 0.4930882958047445 0.0230755435168293
61 0.22031340352694379 0.7686542486691696 0.22031340473946967 0.30912647908527036 0.2339993019931116 0.30212600143188423 0.22031340424453338 0.25298908403286946 0.2203134048968648 0.10629059763666578 0.23399930133830785 0.22031340464225058 0.22031340380095715 0.5889672581500996 0.22800980635184612 0.3021260012088102 0.009635317726958187 0.4529533611923475 0.22031340485608022 -0.048396772586951006
207 0.1901625573808563 0.22800980635185172 0.1901625582708229 0.05798557943905945 0.4990882303434163 0.06346559253570136 0.19016255814011254 0.10255451668449826 0.1901625583560254 0.25990340590156225 0.4990882303729695 0.19016255827388284 0.19016255810622593 0.21908302193176943 0.9471727507043833 0.06346559261166569 0.2290208581607646 0.24492206117851856 0.190162558036979 0.2228105837301232
169 0.4930882946312769 0.2203134044832309 0.4930882959839438 0.13147085923768126 0.13690480266651253 0.06976296112859401 0.4930882954970247 0.08137589021243906 0.4930882963175979 0.25307255092415315 0.13690480269691163 0.4930882961089321 0.49308829603532844 0.24859529722521043 0.19016255813900648 0.06976296104780491 0.02974554244246199 0.12230659650092603 0.4930882958047445 0.0230755435168293
64 0.13690480208982694 0.23399930154043083 0.13690480281261427 0.2610224593040409 0.6552566335413605 0.16198057456655143 0.13690480271789338 0.32899639265092856 0.1369048028992859 0.2206098207572568 0.6552566333540684 0.13690480283666376 0.13690480263140914 0.22077566288503941 0.4990882302129531 0.16198057479791828 0.26904104236034787 0.4491339582766001 0.13690480312755243 0.3253775253525655
193 0.13690480208982694 0.23399930154043083 0.13690480281261427 0.2610224593040409 0.6552566335413605 0.16198057456655143 0.13690480271789338 0.32899639265092856 0.1369048028992859 0.2206098207572568 0.6552566333540684 0.13690480283666376 0.13690480263140914 0.22077566288503941 0.4990882302129531 0.16198057479791828 0.26904104236034787 0.4491339582766001 0.13690480312755243 0.3253775253525655
45 0.12899449086244585 0.13520399829768884 0.12899449135739244 0.13115812928822568 0.24313516325201878 0.015877593251222396 0.12899449146082242 0.14561999256918748 0.12899449151304918 0.7774091534268336 0.24313516292078743 0.12899449137884375 0.1289944911865984 0.013663443428898863 0.27720644056563803 0.015877593054932047 0.9490631316390233 0.09283358042885775 0.1289944913510462 0.30996857073983747
