101 0.4900915867651864 0.10147045770037255 0.13672286425122984 0.3939272706549168 0.3829902598628345 0.6697250420819684 0.3120721914670753 0.11871846854548808 0.08887639156062976 0.07302229221574122 0.33123847633199777 0.1367228642169839 0.6697250425897829 0.08232129571147204 0.09244684368982113 0.18208266668282255 0.3844042615606059 0.26005219274373736 0.08405766856752174 0.08851042099873518
92 0.06103061324575031 0.10958332820700634 0.8867943136247092 0.16498777876489343 0.17222486975230106 0.13672286401911657 0.34097517016625284 0.031428977554093705 0.2476949696563146 0.03978944497503531 0.050951559653032774 0.8867943138282135 0.13672286439912318 0.09017244006868497 0.08717038223732036 0.12435981972050725 0.08658843189154604 0.17106193601940461 0.25630525027971535 -0.027543660125965194
95 0.061935799515463935 0.10907247568202347 0.8744212008643094 0.16011774387574954 0.1805843028286593 0.13340447246046613 0.3678092802730797 0.028405533748137316 0.2793846501323768 0.044091124003991435 0.04596597686647023 0.87442120103587 0.13340447271693429 0.08490656212350688 0.08700131824467695 0.1205667290531182 0.08847700531053998 0.1565104740559657 0.28069623785625136 -0.027097395425091524
110 0.22225031402918252 0.016802915018474893 0.34097517005630307 0.5082128995606673 0.4802189020496869 0.3120721912358651 0.9082451027081321 0.043544776059893674 0.24562628710374756 -0.006307684068452767 0.1906265224766458 0.3409751701759427 0.3120721919028516 0.017972228485713074 0.02192592690385239 0.12810771358845982 0.04705851050445812 0.21377182090842317 0.21163282583092424 -0.026327737403644937
48 0.07753135241272686 0.3884551919784697 0.0900711641051036 0.07222967237978761 0.08066641314843202 0.07660419743635652 0.027740785243263084 0.5150547906858306 0.15316546517769317 0.5756213898498538 0.11765948408076483 0.09007116393321075 0.07660419776253181 0.669271934941179 0.5186248067122402 0.39545042906690886 0.2447224847076097 0.12712516768783574 0.16233229793577422 0.4391209209448899
4 0.10533564684799845 0.3020022482135089 -0.0013439928229912622 0.06151935287124765 0.06531315938532861 0.08773016390502658 0.00572524634407294 0.57758008924513 0.10935883514331507 0.5652476988031743 0.13559051172865244 -0.0013439931170802634 0.08773016427127824 0.6117849093269144 0.4750583841892905 0.31991853605111514 0.30462881962180455 0.12292186078788428 0.12505210944809048 0.6029476645337448
17 0.1025993705760012 0.4093751151434237 -0.008215943702601624 0.06439260115190482 0.06635807663917707 0.09662358405548332 0.00579267129250624 0.5859545573875622 0.13730391512018503 0.5145335311170963 0.15058815548674234 -0.00821594391933288 0.09662358432331394 0.4898270093352195 0.4857364823010257 0.3953352071876505 0.2666404903082453 0.14479934763285374 0.12411332060233624 0.6364894639201241
171 0.4900915867651864 0.10147045770037255 0.13672286425122984 0.3939272706549168 0.3829902598628345 0.6697250420819684 0.3120721914670753 0.11871846854548808 0.08887639156062976 0.07302229221574122 0.33123847633199777 0.1367228642169839 0.6697250425897829 0.08232129571147204 0.09244684368982113 0.18208266668282255 0.3844042615606059 0.26005219274373736 0.08405766856752174 0.08851042099873518
183 0.8418685450601225 -0.06527678767920028 0.09573911398677336 0.5438781048756327 0.6603993063948144 0.2544516985949582 0.39704499117225167 -0.11189872186136873 -0.0004994850944981419 0.00960578652616138 0.3232173783885149 0.09573911365135472 0.25445169872072915 0.030652284417589395 0.01714911110006881 0.11875847440718956 -0.05996513284416292 -0.006488505673493698 0.0832505096627561 0.0033956519032467274
23 0.06950594538578274 0.46955419527013526 0.10371079899511818 0.09186519126371326 0.08452694535589174 0.08716045550195457 0.015491550004904065 0.46004674064184986 0.17376516445717863 0.5604902810237614 0.10500768180067387 0.10371079874429254 0.08716045583861516 0.5876874274055381 0.5145028920326985 0.4510810277330978 0.31619955250351073 0.1629059370744973 0.17467602936831847 0.42912988139483516
188 0.8418685450601225 -0.06527678767920028 0.09573911398677336 0.5438781048756327 0.6603993063948144 0.2544516985949582 0.39704499117225167 -0.11189872186136873 -0.0004994850944981419 0.00960578652616138 0.3232173783885149 0.09573911365135472 0.25445169872072915 0.030652284417589395 0.01714911110006881 0.11875847440718956 -0.05996513284416292 -0.006488505673493698 0.0832505096627561 0.0033956519032467274
81 0.37257815009028644 0.27922550081366004 0.03988261024468634 0.09628003247242377 0.15984596490554773 0.3432145500252594 0.03636917169096826 0.3597594148543662 0.18192451494006984 0.1313032259120249 0.38139375614450816 0.0398826105416276 0.34321455033140774 0.2989456490898671 0.3668878705260837 0.16629880890794538 0.749517495216506 0.3927848273141351 0.2130777364594743 0.40594000973903666
162 0.10393970740200699 0.20065143626376702 0.24769496944428687 0.265578914217126 0.2362658957775016 0.08887639138124322 0.2456262871037381 0.1418943102917035 0.8130191892574204 0.14140126833678648 0.2427163369389031 0.24769496973596805 0.08887639166495949 0.16489004744322847 0.18636405776006326 0.17802551154260982 0.16605835641485253 0.48104642594744657 0.7024677524452091 0.13285637584899415
33 0.08848952751659314 0.44748381554952577 0.0013150489294250936 0.07836991022977322 0.07289603425985385 0.10447037922498716 -0.007934204088995138 0.5299955648288731 0.1259175575526355 0.5362236505276583 0.13900851298926986 0.0013150487747253527 0.10447037937879486 0.45460371147055406 0.4906878112986571 0.43517569591638755 0.3417396210995408 0.1731812866130752 0.1351058433017705 0.5939348042747639
31 0.12565331073016062 0.6426121108119689 0.0912040404019015 0.1067484389795203 0.11331521243793104 0.17811617426308726 0.1617848822744336 0.5107572082362598 0.2060789032764739 0.31244534717609446 0.19832072673158074 0.09120404070025329 0.17811617477777675 0.21215830263380514 0.39476960376643855 0.6953306373139 0.20878265881766672 0.23083065228138935 0.184094534514176 0.42444457935042035
45 0.10107360014397403 0.3753368942223917 0.18665700781270142 0.10565354953685649 0.11186079500274074 0.09905616124875721 0.06813529998480199 0.46904108431082914 0.2206241403923767 0.4438373616087476 0.10753446855318755 0.1866570080757375 0.09905616155361839 0.7121795403460509 0.5781572718174324 0.3977840910536125 0.284254518150806 0.16607267861225974 0.22385178207858772 0.30632640038577913
82 0.22688039271371518 0.003039225303090792 0.3508610734471717 0.43822880937353353 0.5857033636905515 0.30480959505667576 0.8738560186735875 0.04192349952694463 0.22658536733789125 -0.008665699979107575 0.1578999967009704 0.3508610734115769 0.3048095954356204 0.014838015975909672 0.020229491002130923 0.13145388411629946 0.05517193479534824 0.2191349172893996 0.2610529915906753 -0.019138695370591412
180 0.06103061324575031 0.10958332820700634 0.8867943136247092 0.16498777876489343 0.17222486975230106 0.13672286401911657 0.34097517016625284 0.031428977554093705 0.2476949696563146 0.03978944497503531 0.050951559653032774 0.8867943138282135 0.13672286439912318 0.09017244006868497 0.08717038223732036 0.12435981972050725 0.08658843189154604 0.17106193601940461 0.25630525027971535 -0.027543660125965194
144 0.22688039271371518 0.003039225303090792 0.3508610734471717 0.43822880937353353 0.5857033636905515 0.30480959505667576 0.8738560186735875 0.04192349952694463 0.22658536733789125 -0.008665699979107575 0.1578999967009704 0.3508610734115769 0.3048095954356204 0.014838015975909672 0.020229491002130923 0.13145388411629946 0.05517193479534824 0.2191349172893996 0.2610529915906753 -0.019138695370591412
187 0.8418685450601225 -0.06527678767920028 0.09573911398677336 0.5438781048756327 0.6603993063948144 0.2544516985949582 0.39704499117225167 -0.11189872186136873 -0.0004994850944981419 0.00960578652616138 0.3232173783885149 0.09573911365135472 0.25445169872072915 0.030652284417589395 0.01714911110006881 0.11875847440718956 -0.05996513284416292 -0.006488505673493698 0.0832505096627561 0.0033956519032467274
186 0.4900915867651864 0.10147045770037255 0.13672286425122984 0.3939272706549168 0.3829902598628345 0.6697250420819684 0.3120721914670753 0.11871846854548808 0.08887639156062976 0.07302229221574122 0.33123847633199777 0.1367228642169839 0.6697250425897829 0.08232129571147204 0.09244684368982113 0.18208266668282255 0.3844042615606059 0.26005219274373736 0.08405766856752174 0.08851042099873518
51 0.08796754220252417 0.43747146793637626 -0.028531896588749626 0.052278236992917 0.056806397981962166 0.08444883783312028 -0.01845370202677097 0.5714533620414436 0.12266215275572737 0.5346359268058245 0.1448017236314563 -0.028531896819065483 0.08444883817993148 0.45006511373693875 0.4672635931631448 0.38044499678755933 0.26917994663839395 0.13848853838167915 0.12033606785326649 0.6770027721180786
5 0.16760174582806123 0.38450040823480996 0.08108704506732123 0.1209422374085558 0.1284131430355439 0.1635597409621497 0.11963931460515226 0.6086675106355699 0.18244806013017975 0.37169273829145943 0.15435412916103927 0.08108704530882696 0.16355974132808496 0.5109746673466591 0.5275649009036314 0.5107748793051586 0.28520199640235805 0.18786023274210065 0.17350416236530075 0.4457822238379281
177 0.06103061324575031 0.10958332820700634 0.8867943136247092 0.16498777876489343 0.17222486975230106 0.13672286401911657 0.34097517016625284 0.031428977554093705 0.2476949696563146 0.03978944497503531 0.050951559653032774 0.8867943138282135 0.13672286439912318 0.09017244006868497 0.08717038223732036 0.12435981972050725 0.08658843189154604 0.17106193601940461 0.25630525027971535 -0.027543660125965194
106 0.8400051987535736 0.07198119051303878 0.06103061326577749 0.39014742610448455 0.3985437965484776 0.49009158662329794 0.22225031402917242 0.11112379607793003 0.10393970740201834 0.05798867742743065 0.5130880973671504 0.0610306132791696 0.4900915868387061 0.08696437198938783 0.0908303041055125 0.09182724730705655 0.2352482077653212 0.224814066227867 0.11420475641167321 0.08937874066749886
141 0.8418685450601225 -0.06527678767920028 0.09573911398677336 0.5438781048756327 0.6603993063948144 0.2544516985949582 0.39704499117225167 -0.11189872186136873 -0.0004994850944981419 0.00960578652616138 0.3232173783885149 0.09573911365135472 0.25445169872072915 0.030652284417589395 0.01714911110006881 0.11875847440718956 -0.05996513284416292 -0.006488505673493698 0.0832505096627561 0.0033956519032467274
14 0.12463868025598929 0.4417637523656458 -0.007649406043383372 0.06527166543667579 0.06179779614170033 0.11133892838881035 -0.012432611481607377 0.5075976840636347 0.1532087888016092 0.42204857725450506 0.15100994671961818 -0.007649406228687804 0.11133892867337351 0.45399973002697824 0.5072883919712244 0.3483350459804969 0.4449702030952841 0.19443046619633753 0.16130300157642352 0.6532660017567085
148 0.11420475641168625 0.1924228342522048 0.25630525014901295 0.22140114319400445 0.2831192020609947 0.08405766846815124 0.21163282583092327 0.1444266271150333 0.7024677524452207 0.14224543741188939 0.20103012874590984 0.25630525043928776 0.08405766871309406 0.17222714202314832 0.18929908491568448 0.16719533432065162 0.17875795504472738 0.46757522908039095 0.834825372473533 0.12049602536457812
211 0.5252545007674269 0.10944120912131407 0.053894545559753204 0.3726934381564138 0.47544255937964025 0.3229950898962719 0.17265341428297426 0.14550879677268866 0.20879023106875813 0.11924733651228474 0.7608910674793741 0.053894545607624585 0.3229950905015495 0.11470017137893271 0.12898220547078648 0.1430375786380133 0.2335455326027978 0.4984766182338553 0.2684368202453611 0.13504253949152917
6 0.16635308841211172 0.37982852886382806 0.11507416851341618 0.14391624733065106 0.14841134710299214 0.19967655562630107 0.0726463938208511 0.4803725630825309 0.19194002922515468 0.3727443599075518 0.10328239374551687 0.11507416865249068 0.19967655631513623 0.5328355118632172 0.4960531657957567 0.4382573855669976 0.5163310308911262 0.22606979995852725 0.2193160073397629 0.4047346815691452
173 0.8418685450601225 -0.06527678767920028 0.09573911398677336 0.5438781048756327 0.6603993063948144 0.2544516985949582 0.39704499117225167 -0.11189872186136873 -0.0004994850944981419 0.00960578652616138 0.3232173783885149 0.09573911365135472 0.25445169872072915 0.030652284417589395 0.01714911110006881 0.11875847440718956 -0.05996513284416292 -0.006488505673493698 0.0832505096627561 0.0033956519032467274
131 0.8418685450601225 -0.06527678767920028 0.09573911398677336 0.5438781048756327 0.6603993063948144 0.2544516985949582 0.39704499117225167 -0.11189872186136873 -0.0004994850944981419 0.00960578652616138 0.3232173783885149 0.09573911365135472 0.25445169872072915 0.030652284417589395 0.01714911110006881 0.11875847440718956 -0.05996513284416292 -0.006488505673493698 0.0832505096627561 0.0033956519032467274
193 0.22481406622788658 0.20229563865920888 0.17106193595415314 0.37987269508336907 0.3997404911577057 0.2600521926255679 0.21377182090842423 0.15511272575151144 0.48104642594745306 0.136632562206426 0.4667265210556617 0.17106193618288099 0.2600521929669479 0.15117926853837668 0.19430888977599503 0.20976317335601052 0.31226416995481493 0.6542890127776106 0.4675752290803924 0.15541328261616832
61 0.22225031402918252 0.016802915018474893 0.34097517005630307 0.5082128995606673 0.4802189020496869 0.3120721912358651 0.9082451027081321 0.043544776059893674 0.24562628710374756 -0.006307684068452767 0.1906265224766458 0.3409751701759427 0.3120721919028516 0.017972228485713074 0.02192592690385239 0.12810771358845982 0.04705851050445812 0.21377182090842317 0.21163282583092424 -0.026327737403644937
196 0.06103061324575031 0.10958332820700634 0.8867943136247092 0.16498777876489343 0.17222486975230106 0.13672286401911657 0.34097517016625284 0.031428977554093705 0.2476949696563146 0.03978944497503531 0.050951559653032774 0.8867943138282135 0.13672286439912318 0.09017244006868497 0.08717038223732036 0.12435981972050725 0.08658843189154604 0.17106193601940461 0.25630525027971535 -0.027543660125965194
119 0.04629901391442375 -0.023672765448531297 0.5217779741396128 0.42568592616554907 0.4247547689850622 0.4547356189264776 0.7066692486541306 0.058833137688644344 0.14070526146444495 0.01645319892159721 0.20056200509432198 0.5217779743316415 0.4547356194279171 0.021791503700656703 0.010421916363848604 0.1394633528254569 0.10958462330297532 0.17756828314042064 0.12208043979510415 -0.017977039604905383
134 0.6507220564278837 0.05093495994556707 0.048869893750546727 0.5645983057026681 0.49279740455962096 0.3872840380358297 0.2880886207720164 0.049592671571810874 0.10447182232645111 0.07909978621855579 0.6817075058581109 0.04886989347269344 0.3872840383171105 0.07952764765248618 0.0676698990564207 0.14372445379613746 0.11127388034251785 0.2550053480854151 0.1279142623419226 0.08880668136832669
88 0.06103061324575031 0.10958332820700634 0.8867943136247092 0.16498777876489343 0.17222486975230106 0.13672286401911657 0.34097517016625284 0.031428977554093705 0.2476949696563146 0.03978944497503531 0.050951559653032774 0.8867943138282135 0.13672286439912318 0.09017244006868497 0.08717038223732036 0.12435981972050725 0.08658843189154604 0.17106193601940461 0.25630525027971535 -0.027543660125965194
44 0.13349062750668733 0.30868824736247225 -0.006115206139134972 0.05533485866244493 0.05777983308430832 0.09969212595302812 -0.009078956729119281 0.5224616446987769 0.13015559578838443 0.4569733689386315 0.14895467851494817 -0.006115206397930373 0.09969212626496518 0.5898809191411659 0.5050273019546749 0.25042052671726356 0.45227131639453705 0.1756195805105195 0.1619702392013 0.6405829326438462
132 0.8418685450601225 -0.06527678767920028 0.09573911398677336 0.5438781048756327 0.6603993063948144 0.2544516985949582 0.39704499117225167 -0.11189872186136873 -0.0004994850944981419 0.00960578652616138 0.3232173783885149 0.09573911365135472 0.25445169872072915 0.030652284417589395 0.01714911110006881 0.11875847440718956 -0.05996513284416292 -0.006488505673493698 0.0832505096627561 0.0033956519032467274
62 0.22225031402918252 0.016802915018474893 0.34097517005630307 0.5082128995606673 0.4802189020496869 0.3120721912358651 0.9082451027081321 0.043544776059893674 0.24562628710374756 -0.006307684068452767 0.1906265224766458 0.3409751701759427 0.3120721919028516 0.017972228485713074 0.02192592690385239 0.12810771358845982 0.04705851050445812 0.21377182090842317 0.21163282583092424 -0.026327737403644937
13 0.11231963382633159 0.4384872385703999 0.03335756751154903 0.08682025676656041 0.09124316744394817 0.1224295490476162 0.04261629536018683 0.5772924723868045 0.1370351927206678 0.4964961889843773 0.14536157354365184 0.03335756740037679 0.12242954941003668 0.4734610250924459 0.5008956567345215 0.48254228003319083 0.28565457086922735 0.1653618738220011 0.14356911120018984 0.5365449873974533
123 0.061935799515463935 0.10907247568202347 0.8744212008643094 0.16011774387574954 0.1805843028286593 0.13340447246046613 0.3678092802730797 0.028405533748137316 0.2793846501323768 0.044091124003991435 0.04596597686647023 0.87442120103587 0.13340447271693429 0.08490656212350688 0.08700131824467695 0.1205667290531182 0.08847700531053998 0.1565104740559657 0.28069623785625136 -0.027097395425091524
89 0.06103061324575031 0.10958332820700634 0.8867943136247092 0.16498777876489343 0.17222486975230106 0.13672286401911657 0.34097517016625284 0.031428977554093705 0.2476949696563146 0.03978944497503531 0.050951559653032774 0.8867943138282135 0.13672286439912318 0.09017244006868497 0.08717038223732036 0.12435981972050725 0.08658843189154604 0.17106193601940461 0.25630525027971535 -0.027543660125965194
140 0.2742251135968571 0.10408347398894391 0.18073764691844266 0.3615800346942235 0.3592772654477431 0.7077092797638698 0.37024294383066153 0.11350833556662342 0.07634242127433698 0.10854283812331697 0.24323642744449464 0.1807376467710901 0.7077092800689585 0.08546672411952552 0.05063090948394729 0.26283419329548036 0.44862416702560165 0.2414858604326628 0.0783933378335314 0.07850938818590897
10 0.06251739181732134 0.35931466757947805 -0.02028299808601149 0.039895411497975694 0.04514656813788896 0.057239234679743296 -0.029047675378158527 0.5336255588815174 0.10116969555512449 0.6307063411141336 0.12441469895362234 -0.020282998512071746 0.05723923501294294 0.5815624176567548 0.4592085232919961 0.30229472497074744 0.26002007816709116 0.11913098131661308 0.11704045168651003 0.6397416424693061
208 0.33887119576025376 0.3052691606202345 0.04948687901795985 0.11046932608139069 0.18242497628265547 0.35411137964131056 0.040224848212410014 0.34237167370158617 0.17526138003093367 0.15830433939378658 0.2872255790533422 0.0494868793470347 0.35411137990798686 0.31095945394736263 0.34951040259581717 0.20616584894427845 0.78856906313973 0.3684384094847607 0.23410272971878082 0.3947925688648678
138 0.5788082938590507 0.042926688135770386 0.07613858277139626 0.5326745143303573 0.7029770107099396 0.21281117657880455 0.4397067117811292 0.11309161115341082 0.2552028341595754 0.05904655912686802 0.47289678997180923 0.07613858297818012 0.21281117713759337 0.0837922266579243 0.05130094579966006 0.07892450959597513 0.058672936393274186 0.3684097929099284 0.3482133798291346 0.04848155612264714
200 0.06103061324575031 0.10958332820700634 0.8867943136247092 0.16498777876489343 0.17222486975230106 0.13672286401911657 0.34097517016625284 0.031428977554093705 0.2476949696563146 0.03978944497503531 0.050951559653032774 0.8867943138282135 0.13672286439912318 0.09017244006868497 0.08717038223732036 0.12435981972050725 0.08658843189154604 0.17106193601940461 0.25630525027971535 -0.027543660125965194
156 0.8418685450601225 -0.06527678767920028 0.09573911398677336 0.5438781048756327 0.6603993063948144 0.2544516985949582 0.39704499117225167 -0.11189872186136873 -0.0004994850944981419 0.00960578652616138 0.3232173783885149 0.09573911365135472 0.25445169872072915 0.030652284417589395 0.01714911110006881 0.11875847440718956 -0.05996513284416292 -0.006488505673493698 0.0832505096627561 0.0033956519032467274
198 0.06103061324575031 0.10958332820700634 0.8867943136247092 0.16498777876489343 0.17222486975230106 0.13672286401911657 0.34097517016625284 0.031428977554093705 0.2476949696563146 0.03978944497503531 0.050951559653032774 0.8867943138282135 0.13672286439912318 0.09017244006868497 0.08717038223732036 0.12435981972050725 0.08658843189154604 0.17106193601940461 0.25630525027971535 -0.027543660125965194
151 0.8418685450601225 -0.06527678767920028 0.09573911398677336 0.5438781048756327 0.6603993063948144 0.2544516985949582 0.39704499117225167 -0.11189872186136873 -0.0004994850944981419 0.00960578652616138 0.3232173783885149 0.09573911365135472 0.25445169872072915 0.030652284417589395 0.01714911110006881 0.11875847440718956 -0.05996513284416292 -0.006488505673493698 0.0832505096627561 0.0033956519032467274
98 0.03171154425350586 -0.02766610897624313 0.5458818338396714 0.4048857049733559 0.4113616406826719 0.4735706981179563 0.6578196276820063 0.05983796184784741 0.10984196210368946 0.010047004157078545 0.21198925995283494 0.5458818338119039 0.4735706986694811 0.026948859832394426 0.013601524530670771 0.1510739988549793 0.10835083079840792 0.1743096538826786 0.1038820039784594 -0.01706325475097549
137 0.5252545007674269 0.10944120912131407 0.053894545559753204 0.3726934381564138 0.47544255937964025 0.3229950898962719 0.17265341428297426 0.14550879677268866 0.20879023106875813 0.11924733651228474 0.7608910674793741 0.053894545607624585 0.3229950905015495 0.11470017137893271 0.12898220547078648 0.1430375786380133 0.2335455326027978 0.4984766182338553 0.2684368202453611 0.13504253949152917
220 0.8418685450601225 -0.06527678767920028 0.09573911398677336 0.5438781048756327 0.6603993063948144 0.2544516985949582 0.39704499117225167 -0.11189872186136873 -0.0004994850944981419 0.00960578652616138 0.3232173783885149 0.09573911365135472 0.25445169872072915 0.030652284417589395 0.01714911110006881 0.11875847440718956 -0.05996513284416292 -0.006488505673493698 0.0832505096627561 0.0033956519032467274
192 0.39014742610447256 0.09018197666820588 0.16498777868714415 0.6271106732194868 0.5475426740677986 0.3939272705038165 0.5082128995606545 0.08865031115343697 0.265578914217131 0.06847363986233153 0.4332081546946081 0.1649877787852012 0.39392727078505085 0.0795542159209211 0.0779763342533602 0.1385186582722278 0.15607168983660866 0.3798726950833585 0.221401143193999 0.058958122412201344
52 0.11112379607796732 0.42277478364640425 0.03142897760722832 0.08865031115345198 0.0928536851119196 0.11871846829892102 0.04354477605990833 0.584050705410099 0.14189431029170735 0.50700420310315 0.1413224742204921 0.031428977498056246 0.11871846873794716 0.4952259241237007 0.49095944811633735 0.47863842396625905 0.2700451253414982 0.155112725751517 0.14442662711503973 0.5374661862926291
58 0.10059762129769856 0.4764112930452252 0.0015595652962672457 0.08750481211055662 0.06914511606899483 0.11605407019860171 -0.022833674865606824 0.46533407436194063 0.15652950365804033 0.4682454487178672 0.13736335554082693 0.001559565124756669 0.11605407048200787 0.43119715364526545 0.48716147496512796 0.40870302796021835 0.4689740904702998 0.1978564076900749 0.15180276851879185 0.6088583680455895
154 0.4900915867651864 0.10147045770037255 0.13672286425122984 0.3939272706549168 0.3829902598628345 0.6697250420819684 0.3120721914670753 0.11871846854548808 0.08887639156062976 0.07302229221574122 0.33123847633199777 0.1367228642169839 0.6697250425897829 0.08232129571147204 0.09244684368982113 0.18208266668282255 0.3844042615606059 0.26005219274373736 0.08405766856752174 0.08851042099873518
7 0.08955073449329877 0.4695084289871648 -0.04440520075990878 0.059622046453150224 0.056738552739022105 0.09940079687125948 -0.03043518566413085 0.5518716773847415 0.11620293802654832 0.5013992237765902 0.16408756359043683 -0.044405201006228884 0.0994007971439342 0.3599866943474345 0.45866671515026025 0.4141109959529108 0.3260402866953568 0.16136420637427007 0.1098181357105802 0.6975798324320106
60 0.2167931101005172 0.39542212980839236 0.0647087844363264 0.11008171872093703 0.10988866043283052 0.27261439845007557 -0.005896360493148191 0.2708378967003908 0.2044312201081823 0.2203533310522214 0.2599608859302381 0.06470878428371174 0.2726143989470754 0.34458239755168324 0.3716244856714695 0.24642547042869048 0.8443485912876619 0.35703230453424023 0.21503997767127295 0.4225029118404059
26 0.14497022592979833 0.40047272363935305 -0.011804955512819749 0.1275675668294725 0.10741955840794319 0.1692504795984164 0.07548999002408575 0.6305237010027961 0.13300298153277723 0.427996015806173 0.1839484193597555 -0.01180495560784199 0.16925048005650553 0.35993140862059736 0.41639875783674124 0.5747899040884058 0.27155698046671517 0.1695627192488829 0.11295978126715571 0.5878597034412152
181 0.4900915867651864 0.10147045770037255 0.13672286425122984 0.3939272706549168 0.3829902598628345 0.6697250420819684 0.3120721914670753 0.11871846854548808 0.08887639156062976 0.07302229221574122 0.33123847633199777 0.1367228642169839 0.6697250425897829 0.08232129571147204 0.09244684368982113 0.18208266668282255 0.3844042615606059 0.26005219274373736 0.08405766856752174 0.08851042099873518
202 0.2986340038896952 0.33136784549909626 0.02363052388323451 0.049540458638923486 0.09441681762157501 0.24229283955601502 0.0019460347348070313 0.347360005159476 0.23433494736849936 0.1120838503400462 0.38435461319814085 0.02363052406723347 0.2422928400226961 0.34246353444259564 0.3877050749381461 0.1282391929412695 0.7457249433865676 0.41881780822541137 0.25594868874335663 0.49374283265456637
71 0.061935799515463935 0.10907247568202347 0.8744212008643094 0.16011774387574954 0.1805843028286593 0.13340447246046613 0.3678092802730797 0.028405533748137316 0.2793846501323768 0.044091124003991435 0.04596597686647023 0.87442120103587 0.13340447271693429 0.08490656212350688 0.08700131824467695 0.1205667290531182 0.08847700531053998 0.1565104740559657 0.28069623785625136 -0.027097395425091524
99 0.061935799515463935 0.10907247568202347 0.8744212008643094 0.16011774387574954 0.1805843028286593 0.13340447246046613 0.3678092802730797 0.028405533748137316 0.2793846501323768 0.044091124003991435 0.04596597686647023 0.87442120103587 0.13340447271693429 0.08490656212350688 0.08700131824467695 0.1205667290531182 0.08847700531053998 0.1565104740559657 0.28069623785625136 -0.027097395425091524
204 0.22225031402918252 0.016802915018474893 0.34097517005630307 0.5082128995606673 0.4802189020496869 0.3120721912358651 0.9082451027081321 0.043544776059893674 0.24562628710374756 -0.006307684068452767 0.1906265224766458 0.3409751701759427 0.3120721919028516 0.017972228485713074 0.02192592690385239 0.12810771358845982 0.04705851050445812 0.21377182090842317 0.21163282583092424 -0.026327737403644937
189 0.3222695783353744 0.29573285014254025 0.015465232304649381 -0.004303159179312863 0.101553852144899 0.22268866361059989 -0.002217681256167473 0.3617355431459255 0.20002884391129017 0.0993590733481588 0.4661867783786263 0.015465232702970884 0.22268866402973608 0.32258702133912687 0.3845975046669232 0.08287764215493715 0.696612383669083 0.47706015845106925 0.30249175734977424 0.4679243810295131
170 0.4900915867651864 0.10147045770037255 0.13672286425122984 0.3939272706549168 0.3829902598628345 0.6697250420819684 0.3120721914670753 0.11871846854548808 0.08887639156062976 0.07302229221574122 0.33123847633199777 0.1367228642169839 0.6697250425897829 0.08232129571147204 0.09244684368982113 0.18208266668282255 0.3844042615606059 0.26005219274373736 0.08405766856752174 0.08851042099873518
8 0.06200000209087235 0.4581606281513065 0.036873533859592356 0.07160013745268705 0.06938028759307473 0.07424497407478259 -0.009849901590532471 0.5023523418952605 0.15089727031808972 0.5985328921041005 0.11419160211163543 0.03687353361951706 0.07424497441870663 0.5519738672053898 0.48808372845716747 0.42144678592459084 0.2657775558241535 0.14500929478823218 0.15046798035354744 0.5301645686683731
15 0.08159754408113212 0.49982152393536833 0.08887749880217706 0.07874578311055623 0.08159003614450762 0.08865766159125132 0.02702249332569613 0.49578811408689893 0.18609985865675568 0.5128134557884029 0.11628740333253851 0.0888774986567444 0.08865766202653602 0.5442861617673078 0.5367063063838139 0.4517148686085889 0.27237076076159145 0.16868205761690896 0.18213170982294954 0.4658677554841864
108 0.8418685450601225 -0.06527678767920028 0.09573911398677336 0.5438781048756327 0.6603993063948144 0.2544516985949582 0.39704499117225167 -0.11189872186136873 -0.0004994850944981419 0.00960578652616138 0.3232173783885149 0.09573911365135472 0.25445169872072915 0.030652284417589395 0.01714911110006881 0.11875847440718956 -0.05996513284416292 -0.006488505673493698 0.0832505096627561 0.0033956519032467274
158 0.22225031402918252 0.016802915018474893 0.34097517005630307 0.5082128995606673 0.4802189020496869 0.3120721912358651 0.9082451027081321 0.043544776059893674 0.24562628710374756 -0.006307684068452767 0.1906265224766458 0.3409751701759427 0.3120721919028516 0.017972228485713074 0.02192592690385239 0.12810771358845982 0.04705851050445812 0.21377182090842317 0.21163282583092424 -0.026327737403644937
172 0.8418685450601225 -0.06527678767920028 0.09573911398677336 0.5438781048756327 0.6603993063948144 0.2544516985949582 0.39704499117225167 -0.11189872186136873 -0.0004994850944981419 0.00960578652616138 0.3232173783885149 0.09573911365135472 0.25445169872072915 0.030652284417589395 0.01714911110006881 0.11875847440718956 -0.05996513284416292 -0.006488505673493698 0.0832505096627561 0.0033956519032467274
190 0.39014742610447256 0.09018197666820588 0.16498777868714415 0.6271106732194868 0.5475426740677986 0.3939272705038165 0.5082128995606545 0.08865031115343697 0.265578914217131 0.06847363986233153 0.4332081546946081 0.1649877787852012 0.39392727078505085 0.0795542159209211 0.0779763342533602 0.1385186582722278 0.15607168983660866 0.3798726950833585 0.221401143193999 0.058958122412201344
76 0.03171154425350586 -0.02766610897624313 0.5458818338396714 0.4048857049733559 0.4113616406826719 0.4735706981179563 0.6578196276820063 0.05983796184784741 0.10984196210368946 0.010047004157078545 0.21198925995283494 0.5458818338119039 0.4735706986694811 0.026948859832394426 0.013601524530670771 0.1510739988549793 0.10835083079840792 0.1743096538826786 0.1038820039784594 -0.01706325475097549
37 0.1354075550634957 0.4340883058990863 0.11147885406851282 0.14912349004836603 0.141260954088698 0.19368839341094565 0.09746080264140074 0.5016743862847417 0.19079674106541 0.3854179692683497 0.14888630048169957 0.11147885421230651 0.19368839370337623 0.4472218405479577 0.5124205515853456 0.5455397748788251 0.4000646743791344 0.25096693696298267 0.18449607571059762 0.405876288241597
94 0.14644401550841252 0.473445360685939 -0.017116551395395745 -0.06197497898278455 -0.0259111757997928 0.10363540490040929 -0.06387511870026134 0.17523972147090125 0.1918324104364427 0.09935411426124059 0.401462035249345 -0.017116551483330262 0.10363540516137958 0.27976006664776343 0.25958392247956297 0.09752345516970815 0.9041668006573779 0.34778321402592455 0.23243013141116525 0.5344093687694155
55 0.138046327216866 0.43567912460831104 0.03422255464848321 0.12361610139374361 0.11939780123384791 0.17097523478674578 0.11554387099221002 0.61481490628087 0.13504611548322326 0.4380842761427805 0.1653565196145907 0.034222554792676496 0.17097523530540454 0.3847288204776987 0.4199516172360594 0.6267086235956866 0.25615779231728225 0.15631007075127826 0.12889504283758607 0.4976470601893966
215 0.2988557322792554 0.10796954847307005 0.1676595558164648 0.375769527402095 0.36212319129993864 0.6975692576707113 0.38457335801800274 0.1183184330381609 0.09281145079838161 0.1013639570764952 0.23060267508086763 0.16765955575880534 0.697569258196251 0.0866852796217176 0.04418203798888711 0.2531117668347207 0.4461567014551101 0.24968535442728437 0.08651054478153297 0.08700719110211343
161 0.21372497992982326 0.2099420643480892 0.16654822444708287 0.4330129582665664 0.3261033138757824 0.26821794676019867 0.23540112815876163 0.15200383063374662 0.5394995969861163 0.13357627514940731 0.5176959427973604 0.16654822482184792 0.2682179470947528 0.1505104935849982 0.1879565456323958 0.21939177837170393 0.29799884138322585 0.6363783530960394 0.3638470558048206 0.16864985863717608
127 0.061935799515463935 0.10907247568202347 0.8744212008643094 0.16011774387574954 0.1805843028286593 0.13340447246046613 0.3678092802730797 0.028405533748137316 0.2793846501323768 0.044091124003991435 0.04596597686647023 0.87442120103587 0.13340447271693429 0.08490656212350688 0.08700131824467695 0.1205667290531182 0.08847700531053998 0.1565104740559657 0.28069623785625136 -0.027097395425091524
149 0.8400051987535736 0.07198119051303878 0.06103061326577749 0.39014742610448455 0.3985437965484776 0.49009158662329794 0.22225031402917242 0.11112379607793003 0.10393970740201834 0.05798867742743065 0.5130880973671504 0.0610306132791696 0.4900915868387061 0.08696437198938783 0.0908303041055125 0.09182724730705655 0.2352482077653212 0.224814066227867 0.11420475641167321 0.08937874066749886
70 0.159899123460416 0.4416985213310516 -0.024253438933366175 -0.10480609285832816 -0.03882693100965442 0.09638447462694931 -0.04986102657681215 0.20544137237575036 0.19487912514363093 0.06601632914453191 0.45915600916906424 -0.02425343903021101 0.09638447501107762 0.2816819902303273 0.24545114278868516 0.05452274772358506 0.8499297644028687 0.37057420398365837 0.24656594306654261 0.5555953475147916
146 0.35492674078390213 0.16627413541554914 0.05006455476169377 0.21027484899973584 0.2981481285374883 0.2396256944351428 0.07331985013764357 0.20750562348447113 0.31679892854803043 0.13774368918764313 0.7975506769773688 0.05006455479928664 0.2396256946654462 0.1567671847529478 0.17423635399605536 0.14725889697413028 0.3187538694614445 0.6627103312292073 0.3495715720876942 0.20394699526726745
2 0.2325041088463565 0.2442672758041925 0.08194854304119821 0.10923561293751838 0.14552949206265375 0.18278941600173884 0.049087435227039275 0.5497089667294706 0.18057393248816064 0.29553459614838967 0.15262691450770038 0.08194854326688736 0.1827894165677894 0.6160530551955561 0.5468170453612653 0.25522101664390434 0.5086957907996987 0.25609891916787797 0.25922033792790217 0.4331048522259147
46 0.1359559868847844 0.48419921703417296 -0.009234116627603525 0.054312708592478665 0.058179533221689464 0.11515620270155291 -0.01160561465073879 0.5004325927118106 0.15169903265641427 0.37506666670356326 0.15822480921695287 -0.009234116706458472 0.11515620308770005 0.4037628747890944 0.5081847024648313 0.34438905646236273 0.4715692113619786 0.20451651100321355 0.17500099305949746 0.6625396209532081
85 0.5130880973671481 0.1150071752081362 0.050951559741554325 0.43320815469461255 0.38370909392980285 0.3312384762500006 0.19062652247664275 0.14132247422047015 0.24271633693890524 0.11585447902766559 0.8100790147822388 0.05095155964384786 0.3312384764743735 0.115653834765275 0.12323324429058917 0.15190603048247614 0.21773900285375186 0.46672652105565454 0.2010301287459015 0.14769997149565844
114 0.10393970740200699 0.20065143626376702 0.24769496944428687 0.265578914217126 0.2362658957775016 0.08887639138124322 0.2456262871037381 0.1418943102917035 0.8130191892574204 0.14140126833678648 0.2427163369389031 0.24769496973596805 0.08887639166495949 0.16489004744322847 0.18636405776006326 0.17802551154260982 0.16605835641485253 0.48104642594744657 0.7024677524452091 0.13285637584899415
74 0.061935799515463935 0.10907247568202347 0.8744212008643094 0.16011774387574954 0.1805843028286593 0.13340447246046613 0.3678092802730797 0.028405533748137316 0.2793846501323768 0.044091124003991435 0.04596597686647023 0.87442120103587 0.13340447271693429 0.08490656212350688 0.08700131824467695 0.1205667290531182 0.08847700531053998 0.1565104740559657 0.28069623785625136 -0.027097395425091524
50 0.05798867742735998 0.4734179198529205 0.03978944512062864 0.06847363986230429 0.06941027778455916 0.07302229202499692 -0.006307684068480255 0.5070042031031436 0.14140126833676914 0.6156645814991014 0.11585447902763706 0.03978944485773489 0.07302229238928429 0.5382823922423489 0.4792996195479333 0.4393154105716478 0.24837675782926072 0.13663256220638384 0.14224543741187307 0.5162902488769531
65 0.10393970740200699 0.20065143626376702 0.24769496944428687 0.265578914217126 0.2362658957775016 0.08887639138124322 0.2456262871037381 0.1418943102917035 0.8130191892574204 0.14140126833678648 0.2427163369389031 0.24769496973596805 0.08887639166495949 0.16489004744322847 0.18636405776006326 0.17802551154260982 0.16605835641485253 0.48104642594744657 0.7024677524452091 0.13285637584899415
133 0.3724876779532954 0.3008618509390382 0.02784396065467332 0.1143096353057921 0.18440362687561693 0.3365539690706221 0.049338605586576136 0.36999123398297173 0.2143617782348023 0.1168092091781137 0.27381377416222874 0.027843961038743 0.3365539695832252 0.3260068241353969 0.3253021050438729 0.17779632113008315 0.7558816624088249 0.3628927164567404 0.2605607107120637 0.43708720047931515
91 0.06103061324575031 0.10958332820700634 0.8867943136247092 0.16498777876489343 0.17222486975230106 0.13672286401911657 0.34097517016625284 0.031428977554093705 0.2476949696563146 0.03978944497503531 0.050951559653032774 0.8867943138282135 0.13672286439912318 0.09017244006868497 0.08717038223732036 0.12435981972050725 0.08658843189154604 0.17106193601940461 0.25630525027971535 -0.027543660125965194
107 0.8418685450601225 -0.06527678767920028 0.09573911398677336 0.5438781048756327 0.6603993063948144 0.2544516985949582 0.39704499117225167 -0.11189872186136873 -0.0004994850944981419 0.00960578652616138 0.3232173783885149 0.09573911365135472 0.25445169872072915 0.030652284417589395 0.01714911110006881 0.11875847440718956 -0.05996513284416292 -0.006488505673493698 0.0832505096627561 0.0033956519032467274
121 0.04629901391442375 -0.023672765448531297 0.5217779741396128 0.42568592616554907 0.4247547689850622 0.4547356189264776 0.7066692486541306 0.058833137688644344 0.14070526146444495 0.01645319892159721 0.20056200509432198 0.5217779743316415 0.4547356194279171 0.021791503700656703 0.010421916363848604 0.1394633528254569 0.10958462330297532 0.17756828314042064 0.12208043979510415 -0.017977039604905383
27 0.06642155960018298 0.49328903771175714 0.033955940465537376 0.06291517283214225 0.06753345526839835 0.07454234500536805 -0.001935113794299732 0.5222021853588864 0.15205815497544337 0.5822025081705972 0.11870072267896728 0.033955940350570396 0.07454234542720883 0.5171202583097767 0.48549819150268747 0.43412310906806484 0.23843139009602307 0.13264079838754228 0.14445475044514186 0.5425993994703
102 0.4900915867651864 0.10147045770037255 0.13672286425122984 0.3939272706549168 0.3829902598628345 0.6697250420819684 0.3120721914670753 0.11871846854548808 0.08887639156062976 0.07302229221574122 0.33123847633199777 0.1367228642169839 0.6697250425897829 0.08232129571147204 0.09244684368982113 0.18208266668282255 0.3844042615606059 0.26005219274373736 0.08405766856752174 0.08851042099873518
38 0.09946062342859564 0.31092669172882464 0.0037785614203817443 0.07203227096276121 0.06796471070606715 0.0928618136427817 -0.0039751436825575465 0.5391933867036227 0.1093715691629475 0.57258392129412 0.1283494056950718 0.0037785610020727015 0.09286181387341202 0.6071050432452307 0.479404216159049 0.329306102558878 0.3647312232765797 0.13951307921233885 0.1299665366285476 0.5844322619145951
78 0.8400051987535736 0.07198119051303878 0.06103061326577749 0.39014742610448455 0.3985437965484776 0.49009158662329794 0.22225031402917242 0.11112379607793003 0.10393970740201834 0.05798867742743065 0.5130880973671504 0.0610306132791696 0.4900915868387061 0.08696437198938783 0.0908303041055125 0.09182724730705655 0.2352482077653212 0.224814066227867 0.11420475641167321 0.08937874066749886
147 0.22481406622788658 0.20229563865920888 0.17106193595415314 0.37987269508336907 0.3997404911577057 0.2600521926255679 0.21377182090842423 0.15511272575151144 0.48104642594745306 0.136632562206426 0.4667265210556617 0.17106193618288099 0.2600521929669479 0.15117926853837668 0.19430888977599503 0.20976317335601052 0.31226416995481493 0.6542890127776106 0.4675752290803924 0.15541328261616832
164 0.06103061324575031 0.10958332820700634 0.8867943136247092 0.16498777876489343 0.17222486975230106 0.13672286401911657 0.34097517016625284 0.031428977554093705 0.2476949696563146 0.03978944497503531 0.050951559653032774 0.8867943138282135 0.13672286439912318 0.09017244006868497 0.08717038223732036 0.12435981972050725 0.08658843189154604 0.17106193601940461 0.25630525027971535 -0.027543660125965194
87 0.11320931516728548 0.4855945056063256 -0.01398387614520134 -0.06894759658130514 -0.043885494902493175 0.06790607386454509 -0.0740794244498443 0.15735243705508306 0.1886639927367007 0.11033904476213104 0.39417671856289954 -0.013983876153238201 0.0679060742233332 0.28554891895735146 0.26890225625367786 0.10067288581370765 0.8995960134360517 0.35398036721411325 0.23105552324334852 0.5298472148060203
1 0.07032822471935289 0.45314079673015395 0.039445491521504596 0.07297385189940671 0.06532013932386856 0.07727921581281526 -0.014663415150839052 0.48240431018749963 0.14716686701488083 0.5708014564011095 0.11354626571506184 0.03944549132723695 0.0772792160535854 0.5535846226834851 0.5106419624402238 0.39475044211328425 0.33167482246882474 0.16058101840946776 0.15442365988831966 0.5374966571237952
40 0.14747768938674302 0.31606713185492835 -0.011699115257907905 0.041886410740972845 0.05438098851120949 0.09897509431728439 -0.0043781280371487895 0.539260732864443 0.13100058263333345 0.4182329104084882 0.15712774093581441 -0.011699115459290917 0.09897509466533361 0.5748278286692429 0.510052823840125 0.22906189483323935 0.44409869024255233 0.17865329095364935 0.17462271133865934 0.66432428432631
207 0.10393970740200699 0.20065143626376702 0.24769496944428687 0.265578914217126 0.2362658957775016 0.08887639138124322 0.2456262871037381 0.1418943102917035 0.8130191892574204 0.14140126833678648 0.2427163369389031 0.24769496973596805 0.08887639166495949 0.16489004744322847 0.18636405776006326 0.17802551154260982 0.16605835641485253 0.48104642594744657 0.7024677524452091 0.13285637584899415
56 0.13463534338852406 0.3943712338338899 -0.050314778093540784 0.05586406983836343 0.05347559200693831 0.12121625639532566 -0.01859630930187132 0.5479629328437241 0.12527353076588402 0.40907696155555384 0.19570159169353496 -0.05031477836391649 0.12121625677561966 0.3878052870327392 0.4717543057009678 0.34400138593388696 0.42850669840726385 0.18749874899046204 0.1179735218284249 0.734200775303594
174 0.1278837236886092 0.37941000142563486 -0.03159290432315275 -0.20548569738240025 -0.08403859323121876 0.05141411224267691 -0.027551317554581272 0.24085151821729658 0.19418391758408546 0.05639977051939101 0.5769591078560057 -0.031592904392744536 0.051414112638629245 0.293208244344154 0.18223701974137066 -0.001064037447976914 0.6888868938030124 0.42921049648513226 0.27059737859698846 0.5452170396582114
203 0.22225031402918252 0.016802915018474893 0.34097517005630307 0.5082128995606673 0.4802189020496869 0.3120721912358651 0.9082451027081321 0.043544776059893674 0.24562628710374756 -0.006307684068452767 0.1906265224766458 0.3409751701759427 0.3120721919028516 0.017972228485713074 0.02192592690385239 0.12810771358845982 0.04705851050445812 0.21377182090842317 0.21163282583092424 -0.026327737403644937
25 0.09182724730702209 0.5365273507248077 0.12435981966848306 0.13851865827221277 0.13541587619162435 0.1820826665033469 0.12810771358844772 0.47863842396626216 0.17802551154260793 0.4393154105716683 0.15190603048246334 0.12435981966565521 0.18208266690617547 0.35976378480711635 0.4207502706529283 0.6813990334567301 0.31204489842069005 0.2097631733559984 0.1671953343206427 0.36820805609412055
179 0.06103061324575031 0.10958332820700634 0.8867943136247092 0.16498777876489343 0.17222486975230106 0.13672286401911657 0.34097517016625284 0.031428977554093705 0.2476949696563146 0.03978944497503531 0.050951559653032774 0.8867943138282135 0.13672286439912318 0.09017244006868497 0.08717038223732036 0.12435981972050725 0.08658843189154604 0.17106193601940461 0.25630525027971535 -0.027543660125965194
210 0.39854379654846905 0.07957513474314191 0.17222486958013908 0.5475426740678003 0.6579235270829453 0.38299025956516036 0.48021890204968115 0.0928536851118939 0.23626589577750526 0.06941027778458861 0.3837090939298013 0.17222486965146444 0.38299026012633897 0.07825775313043752 0.07779071543450956 0.1354158761916311 0.17014844757411018 0.3997404911576988 0.28311920206098945 0.054422471019673985
79 0.8418685450601225 -0.06527678767920028 0.09573911398677336 0.5438781048756327 0.6603993063948144 0.2544516985949582 0.39704499117225167 -0.11189872186136873 -0.0004994850944981419 0.00960578652616138 0.3232173783885149 0.09573911365135472 0.25445169872072915 0.030652284417589395 0.01714911110006881 0.11875847440718956 -0.05996513284416292 -0.006488505673493698 0.0832505096627561 0.0033956519032467274
124 0.061935799515463935 0.10907247568202347 0.8744212008643094 0.16011774387574954 0.1805843028286593 0.13340447246046613 0.3678092802730797 0.028405533748137316 0.2793846501323768 0.044091124003991435 0.04596597686647023 0.87442120103587 0.13340447271693429 0.08490656212350688 0.08700131824467695 0.1205667290531182 0.08847700531053998 0.1565104740559657 0.28069623785625136 -0.027097395425091524
221 0.8418685450601225 -0.06527678767920028 0.09573911398677336 0.5438781048756327 0.6603993063948144 0.2544516985949582 0.39704499117225167 -0.11189872186136873 -0.0004994850944981419 0.00960578652616138 0.3232173783885149 0.09573911365135472 0.25445169872072915 0.030652284417589395 0.01714911110006881 0.11875847440718956 -0.05996513284416292 -0.006488505673493698 0.0832505096627561 0.0033956519032467274
103 0.8418685450601225 -0.06527678767920028 0.09573911398677336 0.5438781048756327 0.6603993063948144 0.2544516985949582 0.39704499117225167 -0.11189872186136873 -0.0004994850944981419 0.00960578652616138 0.3232173783885149 0.09573911365135472 0.25445169872072915 0.030652284417589395 0.01714911110006881 0.11875847440718956 -0.05996513284416292 -0.006488505673493698 0.0832505096627561 0.0033956519032467274
19 0.09083030410538442 0.4869000012791232 0.08717038227113802 0.07797633425330462 0.07779071543446116 0.09244684348309529 0.021925926903801077 0.49095944811631786 0.18636405776002832 0.4792996195479076 0.12323324429053047 0.0871703821970543 0.0924468438598475 0.5415551191690812 0.5658033645053063 0.4207502706529174 0.3093402994568027 0.19430888977594388 0.18929908491565542 0.4789160804509894
116 0.06362591314929308 0.10832892817241654 0.8577466161704029 0.15433122021209553 0.18936938174847995 0.12915184826062576 0.39715348039762494 0.025699700168811658 0.3147454901613732 0.048540965097145714 0.041038351159019826 0.8577466163949381 0.1291518485743194 0.07943843707551386 0.08697682075919465 0.11594600943619086 0.0902042767469 0.13906891798310095 0.3078237985549382 -0.02734107769817567
72 0.061935799515463935 0.10907247568202347 0.8744212008643094 0.16011774387574954 0.1805843028286593 0.13340447246046613 0.3678092802730797 0.028405533748137316 0.2793846501323768 0.044091124003991435 0.04596597686647023 0.87442120103587 0.13340447271693429 0.08490656212350688 0.08700131824467695 0.1205667290531182 0.08847700531053998 0.1565104740559657 0.28069623785625136 -0.027097395425091524
152 0.8418685450601225 -0.06527678767920028 0.09573911398677336 0.5438781048756327 0.6603993063948144 0.2544516985949582 0.39704499117225167 -0.11189872186136873 -0.0004994850944981419 0.00960578652616138 0.3232173783885149 0.09573911365135472 0.25445169872072915 0.030652284417589395 0.01714911110006881 0.11875847440718956 -0.05996513284416292 -0.006488505673493698 0.0832505096627561 0.0033956519032467274
218 0.4900915867651864 0.10147045770037255 0.13672286425122984 0.3939272706549168 0.3829902598628345 0.6697250420819684 0.3120721914670753 0.11871846854548808 0.08887639156062976 0.07302229221574122 0.33123847633199777 0.1367228642169839 0.6697250425897829 0.08232129571147204 0.09244684368982113 0.18208266668282255 0.3844042615606059 0.26005219274373736 0.08405766856752174 0.08851042099873518
160 0.21372497992982326 0.2099420643480892 0.16654822444708287 0.4330129582665664 0.3261033138757824 0.26821794676019867 0.23540112815876163 0.15200383063374662 0.5394995969861163 0.13357627514940731 0.5176959427973604 0.16654822482184792 0.2682179470947528 0.1505104935849982 0.1879565456323958 0.21939177837170393 0.29799884138322585 0.6363783530960394 0.3638470558048206 0.16864985863717608
22 0.09603849190377894 0.32744933276046667 0.09564947539151125 0.09031864585229742 0.07772246643861953 0.08744829241732233 -0.004281604187002671 0.44649009859850686 0.16869874299259113 0.5040940161093326 0.11117506943537128 0.09564947521400402 0.08744829268432644 0.7085511785021048 0.5469305692450698 0.29488756899319996 0.41668689178567864 0.18891244010338953 0.20456898434112392 0.44891128512178646
93 0.06103061324575031 0.10958332820700634 0.8867943136247092 0.16498777876489343 0.17222486975230106 0.13672286401911657 0.34097517016625284 0.031428977554093705 0.2476949696563146 0.03978944497503531 0.050951559653032774 0.8867943138282135 0.13672286439912318 0.09017244006868497 0.08717038223732036 0.12435981972050725 0.08658843189154604 0.17106193601940461 0.25630525027971535 -0.027543660125965194
178 0.06103061324575031 0.10958332820700634 0.8867943136247092 0.16498777876489343 0.17222486975230106 0.13672286401911657 0.34097517016625284 0.031428977554093705 0.2476949696563146 0.03978944497503531 0.050951559653032774 0.8867943138282135 0.13672286439912318 0.09017244006868497 0.08717038223732036 0.12435981972050725 0.08658843189154604 0.17106193601940461 0.25630525027971535 -0.027543660125965194
29 0.0719811905131238 0.6530045196744788 0.10958332811234316 0.0901819766682468 0.07957513474318853 0.10147045750944352 0.016802915018514206 0.42277478364641813 0.20065143626378856 0.47341791985297543 0.11500717520819742 0.1095833282267642 0.10147045786155005 0.37440279441576574 0.4869000012791911 0.5365273507248312 0.35023933136308777 0.20229563865924355 0.19242283425222706 0.4323978954758804
64 0.21372497992982326 0.2099420643480892 0.16654822444708287 0.4330129582665664 0.3261033138757824 0.26821794676019867 0.23540112815876163 0.15200383063374662 0.5394995969861163 0.13357627514940731 0.5176959427973604 0.16654822482184792 0.2682179470947528 0.1505104935849982 0.1879565456323958 0.21939177837170393 0.29799884138322585 0.6363783530960394 0.3638470558048206 0.16864985863717608
3 0.10429243406378981 0.30293128640337513 0.1798443973297124 0.10641537434746329 0.11277804789446405 0.0931571142711154 0.05575257733926411 0.47579927855463483 0.21458313913538773 0.45226405024916705 0.10843767926069724 0.17984439749770825 0.09315711471975135 0.7869144108415903 0.5620606693104184 0.3411854860518121 0.28939907663744213 0.14160975967275255 0.22545920603947595 0.2999203684235575
16 0.1940324817894494 0.448309736576398 0.09054656588872452 0.13192264603184423 0.14529792137770653 0.20633697221350245 0.08840800060625126 0.48875008040521745 0.22593992438670635 0.2742533425423778 0.13955483368643368 0.09054656630004763 0.206336972848396 0.42566168704403895 0.5150272114302915 0.444078358785235 0.4766204724902691 0.2882584064425083 0.251428302969554 0.4557430167120477
69 0.8418685450601225 -0.06527678767920028 0.09573911398677336 0.5438781048756327 0.6603993063948144 0.2544516985949582 0.39704499117225167 -0.11189872186136873 -0.0004994850944981419 0.00960578652616138 0.3232173783885149 0.09573911365135472 0.25445169872072915 0.030652284417589395 0.01714911110006881 0.11875847440718956 -0.05996513284416292 -0.006488505673493698 0.0832505096627561 0.0033956519032467274
32 0.18451574025810358 0.4260721937532501 0.09538419908980929 0.14931659633625816 0.14978926943671106 0.20941823671393264 0.07792712625285822 0.4632670721058259 0.24531900757648717 0.28905189378915164 0.13147548212065358 0.09538419939078235 0.20941823719714306 0.45354312820753506 0.49744725483548907 0.4318176206374659 0.5090466493006278 0.287803616104733 0.2519775245973096 0.44666400804176887
97 0.03171154425350586 -0.02766610897624313 0.5458818338396714 0.4048857049733559 0.4113616406826719 0.4735706981179563 0.6578196276820063 0.05983796184784741 0.10984196210368946 0.010047004157078545 0.21198925995283494 0.5458818338119039 0.4735706986694811 0.026948859832394426 0.013601524530670771 0.1510739988549793 0.10835083079840792 0.1743096538826786 0.1038820039784594 -0.01706325475097549
41 0.08911699474448934 0.36658725745042287 0.19584312085840508 0.11226281089908086 0.11319152034897136 0.09624617419635716 0.06401228505549954 0.45366923486470107 0.21969979453725053 0.4759154136832247 0.10442666633699096 0.19584312086410602 0.09624617457172366 0.7308672034003545 0.5486980605068511 0.4116084427619275 0.2871895568058305 0.14917382047452662 0.21179283584152608 0.2897858031577891
125 0.03171154425350586 -0.02766610897624313 0.5458818338396714 0.4048857049733559 0.4113616406826719 0.4735706981179563 0.6578196276820063 0.05983796184784741 0.10984196210368946 0.010047004157078545 0.21198925995283494 0.5458818338119039 0.4735706986694811 0.026948859832394426 0.013601524530670771 0.1510739988549793 0.10835083079840792 0.1743096538826786 0.1038820039784594 -0.01706325475097549
214 0.2988557322792554 0.10796954847307005 0.1676595558164648 0.375769527402095 0.36212319129993864 0.6975692576707113 0.38457335801800274 0.1183184330381609 0.09281145079838161 0.1013639570764952 0.23060267508086763 0.16765955575880534 0.697569258196251 0.0866852796217176 0.04418203798888711 0.2531117668347207 0.4461567014551101 0.24968535442728437 0.08651054478153297 0.08700719110211343
54 0.11367673875943564 0.35421466476623725 -0.010449513094233512 0.056220534673962486 0.06469513252554744 0.09138051358840438 0.008525307875110346 0.5990459771046786 0.12824940993779874 0.5123068129681464 0.1467652883198266 -0.010449513281842671 0.09138051396564549 0.5469385588665362 0.48732332264262623 0.3417287311444274 0.27066801283393976 0.1362790051688469 0.1342188944055977 0.6436420599060034
182 0.4900915867651864 0.10147045770037255 0.13672286425122984 0.3939272706549168 0.3829902598628345 0.6697250420819684 0.3120721914670753 0.11871846854548808 0.08887639156062976 0.07302229221574122 0.33123847633199777 0.1367228642169839 0.6697250425897829 0.08232129571147204 0.09244684368982113 0.18208266668282255 0.3844042615606059 0.26005219274373736 0.08405766856752174 0.08851042099873518
128 0.03171154425350586 -0.02766610897624313 0.5458818338396714 0.4048857049733559 0.4113616406826719 0.4735706981179563 0.6578196276820063 0.05983796184784741 0.10984196210368946 0.010047004157078545 0.21198925995283494 0.5458818338119039 0.4735706986694811 0.026948859832394426 0.013601524530670771 0.1510739988549793 0.10835083079840792 0.1743096538826786 0.1038820039784594 -0.01706325475097549
201 0.06103061324575031 0.10958332820700634 0.8867943136247092 0.16498777876489343 0.17222486975230106 0.13672286401911657 0.34097517016625284 0.031428977554093705 0.2476949696563146 0.03978944497503531 0.050951559653032774 0.8867943138282135 0.13672286439912318 0.09017244006868497 0.08717038223732036 0.12435981972050725 0.08658843189154604 0.17106193601940461 0.25630525027971535 -0.027543660125965194
217 0.8418685450601225 -0.06527678767920028 0.09573911398677336 0.5438781048756327 0.6603993063948144 0.2544516985949582 0.39704499117225167 -0.11189872186136873 -0.0004994850944981419 0.00960578652616138 0.3232173783885149 0.09573911365135472 0.25445169872072915 0.030652284417589395 0.01714911110006881 0.11875847440718956 -0.05996513284416292 -0.006488505673493698 0.0832505096627561 0.0033956519032467274
84 0.5130880973671481 0.1150071752081362 0.050951559741554325 0.43320815469461255 0.38370909392980285 0.3312384762500006 0.19062652247664275 0.14132247422047015 0.24271633693890524 0.11585447902766559 0.8100790147822388 0.05095155964384786 0.3312384764743735 0.115653834765275 0.12323324429058917 0.15190603048247614 0.21773900285375186 0.46672652105565454 0.2010301287459015 0.14769997149565844
42 0.08696437198947346 0.37440279441576296 0.09017244018174327 0.07955421592095772 0.07825775313047928 0.08232129559704639 0.017972228485744583 0.49522592412372185 0.164890047443249 0.5382823922423795 0.11565383476532337 0.09017244010702426 0.08232129590901383 0.6760838790495383 0.5415551191691372 0.35976378480712395 0.30826112773667363 0.1511792685384031 0.17222714202316453 0.45471205944399234
115 0.20379674816817953 0.3962967685690855 -0.026844636469475498 -0.13893490261221106 -0.03184988533112185 0.12268037467253134 -0.02820143119253502 0.23817172527359187 0.17549615974479846 0.06667453162634125 0.5402692403710484 -0.026844636523498486 0.12268037498430738 0.2655469334622446 0.22938833070470457 0.030651292009292355 0.8073407324742988 0.39508293063966077 0.24489296867652338 0.5318771245748942
143 0.23524820776530328 0.3502393313630507 0.08658843184151066 0.15607168983660344 0.17014844757410402 0.3844042613372843 0.04705851050445071 0.2700451253414817 0.16605835641484645 0.2483767578292782 0.21773900285374137 0.08658843191170305 0.38440426158723034 0.30826112773664033 0.3093402994568363 0.3120448984206884 0.8460960142859076 0.3122641699547945 0.178757955044715 0.33601749223874067
130 0.2988557322792554 0.10796954847307005 0.1676595558164648 0.375769527402095 0.36212319129993864 0.6975692576707113 0.38457335801800274 0.1183184330381609 0.09281145079838161 0.1013639570764952 0.23060267508086763 0.16765955575880534 0.697569258196251 0.0866852796217176 0.04418203798888711 0.2531117668347207 0.4461567014551101 0.24968535442728437 0.08651054478153297 0.08700719110211343
129 0.2988557322792554 0.10796954847307005 0.1676595558164648 0.375769527402095 0.36212319129993864 0.6975692576707113 0.38457335801800274 0.1183184330381609 0.09281145079838161 0.1013639570764952 0.23060267508086763 0.16765955575880534 0.697569258196251 0.0866852796217176 0.04418203798888711 0.2531117668347207 0.4461567014551101 0.24968535442728437 0.08651054478153297 0.08700719110211343
100 0.061935799515463935 0.10907247568202347 0.8744212008643094 0.16011774387574954 0.1805843028286593 0.13340447246046613 0.3678092802730797 0.028405533748137316 0.2793846501323768 0.044091124003991435 0.04596597686647023 0.87442120103587 0.13340447271693429 0.08490656212350688 0.08700131824467695 0.1205667290531182 0.08847700531053998 0.1565104740559657 0.28069623785625136 -0.027097395425091524
11 0.07786987251219153 0.5253077421431268 0.0011200363786220927 0.07204413537709882 0.0754889842167867 0.10041633765695414 0.004545973278115341 0.557631789408369 0.12668715515800263 0.5560576955071017 0.13789538672402601 0.0011200362645395262 0.10041633797452779 0.38688091414161896 0.4407145167797266 0.5072264201077342 0.2460260355328736 0.1384433353455329 0.12597235591879316 0.5778987992011666
90 0.06103061324575031 0.10958332820700634 0.8867943136247092 0.16498777876489343 0.17222486975230106 0.13672286401911657 0.34097517016625284 0.031428977554093705 0.2476949696563146 0.03978944497503531 0.050951559653032774 0.8867943138282135 0.13672286439912318 0.09017244006868497 0.08717038223732036 0.12435981972050725 0.08658843189154604 0.17106193601940461 0.25630525027971535 -0.027543660125965194
49 0.07793558877692457 0.4800885797087724 -0.003650277448094014 0.04680058315950366 0.04805660399129901 0.07317465992774111 -0.028763317758529094 0.5127774733364335 0.13724346339743965 0.5139113918630285 0.14094334487318486 -0.0036502776197668892 0.07317466022382357 0.46297457094272987 0.520421359368917 0.35816597437892833 0.3265825582129949 0.1697254747841015 0.1418707344882632 0.6419688178199069
216 0.8418685450601225 -0.06527678767920028 0.09573911398677336 0.5438781048756327 0.6603993063948144 0.2544516985949582 0.39704499117225167 -0.11189872186136873 -0.0004994850944981419 0.00960578652616138 0.3232173783885149 0.09573911365135472 0.25445169872072915 0.030652284417589395 0.01714911110006881 0.11875847440718956 -0.05996513284416292 -0.006488505673493698 0.0832505096627561 0.0033956519032467274
75 0.061935799515463935 0.10907247568202347 0.8744212008643094 0.16011774387574954 0.1805843028286593 0.13340447246046613 0.3678092802730797 0.028405533748137316 0.2793846501323768 0.044091124003991435 0.04596597686647023 0.87442120103587 0.13340447271693429 0.08490656212350688 0.08700131824467695 0.1205667290531182 0.08847700531053998 0.1565104740559657 0.28069623785625136 -0.027097395425091524
66 0.8400051987535736 0.07198119051303878 0.06103061326577749 0.39014742610448455 0.3985437965484776 0.49009158662329794 0.22225031402917242 0.11112379607793003 0.10393970740201834 0.05798867742743065 0.5130880973671504 0.0610306132791696 0.4900915868387061 0.08696437198938783 0.0908303041055125 0.09182724730705655 0.2352482077653212 0.224814066227867 0.11420475641167321 0.08937874066749886
197 0.06103061324575031 0.10958332820700634 0.8867943136247092 0.16498777876489343 0.17222486975230106 0.13672286401911657 0.34097517016625284 0.031428977554093705 0.2476949696563146 0.03978944497503531 0.050951559653032774 0.8867943138282135 0.13672286439912318 0.09017244006868497 0.08717038223732036 0.12435981972050725 0.08658843189154604 0.17106193601940461 0.25630525027971535 -0.027543660125965194
43 0.16325650271927558 0.3012583396827158 0.08883845951080664 0.12678530836817195 0.13095931312825532 0.15786245985787348 0.09940399620461635 0.612456589017231 0.16454493347083032 0.4113583612340875 0.15024926047560985 0.08883845964383735 0.15786246030466647 0.5963908291139893 0.5326506295685783 0.45760863308123695 0.3150540386156469 0.16990346575360324 0.16282414286468222 0.4193431565029055
113 0.21372497992982326 0.2099420643480892 0.16654822444708287 0.4330129582665664 0.3261033138757824 0.26821794676019867 0.23540112815876163 0.15200383063374662 0.5394995969861163 0.13357627514940731 0.5176959427973604 0.16654822482184792 0.2682179470947528 0.1505104935849982 0.1879565456323958 0.21939177837170393 0.29799884138322585 0.6363783530960394 0.3638470558048206 0.16864985863717608
63 0.21372497992982326 0.2099420643480892 0.16654822444708287 0.4330129582665664 0.3261033138757824 0.26821794676019867 0.23540112815876163 0.15200383063374662 0.5394995969861163 0.13357627514940731 0.5176959427973604 0.16654822482184792 0.2682179470947528 0.1505104935849982 0.1879565456323958 0.21939177837170393 0.29799884138322585 0.6363783530960394 0.3638470558048206 0.16864985863717608
104 0.8418685450601225 -0.06527678767920028 0.09573911398677336 0.5438781048756327 0.6603993063948144 0.2544516985949582 0.39704499117225167 -0.11189872186136873 -0.0004994850944981419 0.00960578652616138 0.3232173783885149 0.09573911365135472 0.25445169872072915 0.030652284417589395 0.01714911110006881 0.11875847440718956 -0.05996513284416292 -0.006488505673493698 0.0832505096627561 0.0033956519032467274
184 0.8418685450601225 -0.06527678767920028 0.09573911398677336 0.5438781048756327 0.6603993063948144 0.2544516985949582 0.39704499117225167 -0.11189872186136873 -0.0004994850944981419 0.00960578652616138 0.3232173783885149 0.09573911365135472 0.25445169872072915 0.030652284417589395 0.01714911110006881 0.11875847440718956 -0.05996513284416292 -0.006488505673493698 0.0832505096627561 0.0033956519032467274
157 0.33645370793382656 0.29077125655255026 0.0007798980927435466 0.008070975889853378 0.0837365025186451 0.2164533725154764 0.007108683691901317 0.38012158160441056 0.25361531987944314 0.06264931043872199 0.48279951317481995 0.0007798983369441877 0.21645337309599147 0.3337818497485886 0.3606132281233329 0.06632976848537298 0.6605946820263867 0.4568514876684599 0.28156657872749546 0.5121419811531118
28 0.11218819998995026 0.3780894324830759 -0.0444189762737319 0.040005712661647846 0.05011127921778397 0.08863650105057587 -0.013641775181121429 0.5886372785856677 0.09612427525110154 0.5053598667005641 0.15448885899238718 -0.04441897656399336 0.08863650139550597 0.46041006129654694 0.4646004467356471 0.32178413101538883 0.32011796899145584 0.13376306177168873 0.11546594526565475 0.7209009011665182
212 0.6507220564278837 0.05093495994556707 0.048869893750546727 0.5645983057026681 0.49279740455962096 0.3872840380358297 0.2880886207720164 0.049592671571810874 0.10447182232645111 0.07909978621855579 0.6817075058581109 0.04886989347269344 0.3872840383171105 0.07952764765248618 0.0676698990564207 0.14372445379613746 0.11127388034251785 0.2550053480854151 0.1279142623419226 0.08880668136832669
109 0.31810402287668604 0.2963056782597402 0.01594841188721774 0.008635217503852743 0.08275757795114552 0.22646628939543498 0.0016376944827770493 0.3596204083527893 0.2238465011429302 0.09570751692653567 0.4878427327108461 0.01594841216776006 0.22646628964993124 0.3219402501615613 0.38422431286523806 0.08842301126922814 0.6935161494462528 0.46579185642988336 0.2611458202769828 0.4803956720476848
21 0.10167959530908781 0.4567153944576129 0.20611081423105806 0.11637107217504053 0.11404138377467755 0.1144200996012847 0.062275648754520414 0.418835644166673 0.23289241846915595 0.40667292925477583 0.10008288593870189 0.2061108145632729 0.11442009994908892 0.6018691839582538 0.5873962932795318 0.4313549289820136 0.35465712405277555 0.23459892907581134 0.25562588318456086 0.30632429874624784
105 0.8400051987535736 0.07198119051303878 0.06103061326577749 0.39014742610448455 0.3985437965484776 0.49009158662329794 0.22225031402917242 0.11112379607793003 0.10393970740201834 0.05798867742743065 0.5130880973671504 0.0610306132791696 0.4900915868387061 0.08696437198938783 0.0908303041055125 0.09182724730705655 0.2352482077653212 0.224814066227867 0.11420475641167321 0.08937874066749886
59 0.06479648344720385 0.5434076686392167 0.10403199391786028 0.09561695332564282 0.08430437405846461 0.09428833798124707 0.013989165074066771 0.44767323990282143 0.19150609502449017 0.5252428784876266 0.11728543867803579 0.10403199387748437 0.09428833832927404 0.4857362480893813 0.5208546989709185 0.5009661166915177 0.31242166995755577 0.2015602240848189 0.18329604258243226 0.43321491905137943
142 0.8418685450601225 -0.06527678767920028 0.09573911398677336 0.5438781048756327 0.6603993063948144 0.2544516985949582 0.39704499117225167 -0.11189872186136873 -0.0004994850944981419 0.00960578652616138 0.3232173783885149 0.09573911365135472 0.25445169872072915 0.030652284417589395 0.01714911110006881 0.11875847440718956 -0.05996513284416292 -0.006488505673493698 0.0832505096627561 0.0033956519032467274
166 0.06103061324575031 0.10958332820700634 0.8867943136247092 0.16498777876489343 0.17222486975230106 0.13672286401911657 0.34097517016625284 0.031428977554093705 0.2476949696563146 0.03978944497503531 0.050951559653032774 0.8867943138282135 0.13672286439912318 0.09017244006868497 0.08717038223732036 0.12435981972050725 0.08658843189154604 0.17106193601940461 0.25630525027971535 -0.027543660125965194
206 0.21372497992982326 0.2099420643480892 0.16654822444708287 0.4330129582665664 0.3261033138757824 0.26821794676019867 0.23540112815876163 0.15200383063374662 0.5394995969861163 0.13357627514940731 0.5176959427973604 0.16654822482184792 0.2682179470947528 0.1505104935849982 0.1879565456323958 0.21939177837170393 0.29799884138322585 0.6363783530960394 0.3638470558048206 0.16864985863717608
34 0.11641089115172722 0.34519189081030366 0.00043219888929053337 0.06829057614913067 0.0649804957551235 0.10254284536880769 -0.013100928467250016 0.5058337850579395 0.12056091486274771 0.4982533022159426 0.13475744130389664 0.000432198628200001 0.10254284552709335 0.5618060066825145 0.5045674902420918 0.3069608432521398 0.4535965794540034 0.17782643697614076 0.1568148945158246 0.6103362798147899
96 0.061935799515463935 0.10907247568202347 0.8744212008643094 0.16011774387574954 0.1805843028286593 0.13340447246046613 0.3678092802730797 0.028405533748137316 0.2793846501323768 0.044091124003991435 0.04596597686647023 0.87442120103587 0.13340447271693429 0.08490656212350688 0.08700131824467695 0.1205667290531182 0.08847700531053998 0.1565104740559657 0.28069623785625136 -0.027097395425091524
159 0.22225031402918252 0.016802915018474893 0.34097517005630307 0.5082128995606673 0.4802189020496869 0.3120721912358651 0.9082451027081321 0.043544776059893674 0.24562628710374756 -0.006307684068452767 0.1906265224766458 0.3409751701759427 0.3120721919028516 0.017972228485713074 0.02192592690385239 0.12810771358845982 0.04705851050445812 0.21377182090842317 0.21163282583092424 -0.026327737403644937
12 0.09288321357272442 0.2964770408053688 -0.023302595527525477 0.042750663470098454 0.05196707014433422 0.07267976853590379 -0.008537462608559929 0.5793374527663065 0.09175808906159948 0.5895006950677658 0.13762490894690335 -0.023302595942142266 0.07267976871664814 0.5984698313475865 0.45764020422781587 0.28491724445701827 0.2759166768446034 0.11650745325044666 0.11744479473628448 0.6494300315014141
139 0.2742251135968571 0.10408347398894391 0.18073764691844266 0.3615800346942235 0.3592772654477431 0.7077092797638698 0.37024294383066153 0.11350833556662342 0.07634242127433698 0.10854283812331697 0.24323642744449464 0.1807376467710901 0.7077092800689585 0.08546672411952552 0.05063090948394729 0.26283419329548036 0.44862416702560165 0.2414858604326628 0.0783933378335314 0.07850938818590897
168 0.06103061324575031 0.10958332820700634 0.8867943136247092 0.16498777876489343 0.17222486975230106 0.13672286401911657 0.34097517016625284 0.031428977554093705 0.2476949696563146 0.03978944497503531 0.050951559653032774 0.8867943138282135 0.13672286439912318 0.09017244006868497 0.08717038223732036 0.12435981972050725 0.08658843189154604 0.17106193601940461 0.25630525027971535 -0.027543660125965194
185 0.4900915867651864 0.10147045770037255 0.13672286425122984 0.3939272706549168 0.3829902598628345 0.6697250420819684 0.3120721914670753 0.11871846854548808 0.08887639156062976 0.07302229221574122 0.33123847633199777 0.1367228642169839 0.6697250425897829 0.08232129571147204 0.09244684368982113 0.18208266668282255 0.3844042615606059 0.26005219274373736 0.08405766856752174 0.08851042099873518
176 0.06103061324575031 0.10958332820700634 0.8867943136247092 0.16498777876489343 0.17222486975230106 0.13672286401911657 0.34097517016625284 0.031428977554093705 0.2476949696563146 0.03978944497503531 0.050951559653032774 0.8867943138282135 0.13672286439912318 0.09017244006868497 0.08717038223732036 0.12435981972050725 0.08658843189154604 0.17106193601940461 0.25630525027971535 -0.027543660125965194
80 0.8418685450601225 -0.06527678767920028 0.09573911398677336 0.5438781048756327 0.6603993063948144 0.2544516985949582 0.39704499117225167 -0.11189872186136873 -0.0004994850944981419 0.00960578652616138 0.3232173783885149 0.09573911365135472 0.25445169872072915 0.030652284417589395 0.01714911110006881 0.11875847440718956 -0.05996513284416292 -0.006488505673493698 0.0832505096627561 0.0033956519032467274
155 0.8418685450601225 -0.06527678767920028 0.09573911398677336 0.5438781048756327 0.6603993063948144 0.2544516985949582 0.39704499117225167 -0.11189872186136873 -0.0004994850944981419 0.00960578652616138 0.3232173783885149 0.09573911365135472 0.25445169872072915 0.030652284417589395 0.01714911110006881 0.11875847440718956 -0.05996513284416292 -0.006488505673493698 0.0832505096627561 0.0033956519032467274
47 0.08971494786346518 0.4035527103435534 -0.02674047589383029 0.0462348978967735 0.05584416916233854 0.07958605806060184 -0.011091961621911858 0.586928009175949 0.10792396608016791 0.5593752006678216 0.1402072698025178 -0.02674047612769279 0.07958605832148966 0.4893352383957417 0.46238569322082934 0.35923453377795556 0.25021081614666507 0.12214805072046035 0.11651448727654352 0.6685388529118058
165 0.06103061324575031 0.10958332820700634 0.8867943136247092 0.16498777876489343 0.17222486975230106 0.13672286401911657 0.34097517016625284 0.031428977554093705 0.2476949696563146 0.03978944497503531 0.050951559653032774 0.8867943138282135 0.13672286439912318 0.09017244006868497 0.08717038223732036 0.12435981972050725 0.08658843189154604 0.17106193601940461 0.25630525027971535 -0.027543660125965194
112 0.21372497992982326 0.2099420643480892 0.16654822444708287 0.4330129582665664 0.3261033138757824 0.26821794676019867 0.23540112815876163 0.15200383063374662 0.5394995969861163 0.13357627514940731 0.5176959427973604 0.16654822482184792 0.2682179470947528 0.1505104935849982 0.1879565456323958 0.21939177837170393 0.29799884138322585 0.6363783530960394 0.3638470558048206 0.16864985863717608
205 0.21372497992982326 0.2099420643480892 0.16654822444708287 0.4330129582665664 0.3261033138757824 0.26821794676019867 0.23540112815876163 0.15200383063374662 0.5394995969861163 0.13357627514940731 0.5176959427973604 0.16654822482184792 0.2682179470947528 0.1505104935849982 0.1879565456323958 0.21939177837170393 0.29799884138322585 0.6363783530960394 0.3638470558048206 0.16864985863717608
83 0.22688039271371518 0.003039225303090792 0.3508610734471717 0.43822880937353353 0.5857033636905515 0.30480959505667576 0.8738560186735875 0.04192349952694463 0.22658536733789125 -0.008665699979107575 0.1578999967009704 0.3508610734115769 0.3048095954356204 0.014838015975909672 0.020229491002130923 0.13145388411629946 0.05517193479534824 0.2191349172893996 0.2610529915906753 -0.019138695370591412
57 0.13665953506305809 0.556419536043273 0.24654455817466436 0.13965186186271783 0.17783976145248406 0.26799496796659167 0.4163982909548415 0.34626537998572654 0.20136533230103099 0.16286100080676966 0.21671356078227505 0.24654455846863757 0.2679949687585886 0.15585298640077855 0.24669798324335118 0.7967591775361639 0.20239204612390857 0.27251858876238194 0.22023775984827412 0.21190664338922946
35 0.11264319096063567 0.4275519483320083 0.03513642203028347 0.0859834343090154 0.0925461010792856 0.12195109906245134 0.04082219031646498 0.5750810186806549 0.12931308755975227 0.5038754508359559 0.14168656615309871 0.03513642201237711 0.12195109936494354 0.48571136327831466 0.5040372047298779 0.4745125997732875 0.2960111743415879 0.16558712933731073 0.14680427603991866 0.5303305559606644
199 0.06103061324575031 0.10958332820700634 0.8867943136247092 0.16498777876489343 0.17222486975230106 0.13672286401911657 0.34097517016625284 0.031428977554093705 0.2476949696563146 0.03978944497503531 0.050951559653032774 0.8867943138282135 0.13672286439912318 0.09017244006868497 0.08717038223732036 0.12435981972050725 0.08658843189154604 0.17106193601940461 0.25630525027971535 -0.027543660125965194
67 0.8400051987535736 0.07198119051303878 0.06103061326577749 0.39014742610448455 0.3985437965484776 0.49009158662329794 0.22225031402917242 0.11112379607793003 0.10393970740201834 0.05798867742743065 0.5130880973671504 0.0610306132791696 0.4900915868387061 0.08696437198938783 0.0908303041055125 0.09182724730705655 0.2352482077653212 0.224814066227867 0.11420475641167321 0.08937874066749886
194 0.34151109076860603 0.12535127033618035 0.07128313000386272 0.31112098768860685 0.41727035390735934 0.15232197084447466 0.20825009504194375 0.22976274892005683 0.4958805585269133 0.09468746035986811 0.5875462259102818 0.07128313036636845 0.152321971422445 0.16148007384900476 0.13241420849975152 0.10842013738046814 0.14551619863513218 0.644039666179921 0.5641851493098868 0.15837486183150024
195 0.12807050678832482 0.4179078633796002 -0.026540952514560547 -0.1582808100724899 -0.07097026249379589 0.057827916642609015 -0.04277085712255662 0.2144515047584027 0.1921344921679653 0.059329654366117944 0.5105421593665248 -0.02654095259068552 0.05782791700358756 0.28975750504899744 0.2276949725468846 0.024657905018604646 0.7772550639430769 0.40307153035738147 0.25767519955008583 0.5563189300128204
117 0.04629901391442375 -0.023672765448531297 0.5217779741396128 0.42568592616554907 0.4247547689850622 0.4547356189264776 0.7066692486541306 0.058833137688644344 0.14070526146444495 0.01645319892159721 0.20056200509432198 0.5217779743316415 0.4547356194279171 0.021791503700656703 0.010421916363848604 0.1394633528254569 0.10958462330297532 0.17756828314042064 0.12208043979510415 -0.017977039604905383
118 0.04629901391442375 -0.023672765448531297 0.5217779741396128 0.42568592616554907 0.4247547689850622 0.4547356189264776 0.7066692486541306 0.058833137688644344 0.14070526146444495 0.01645319892159721 0.20056200509432198 0.5217779743316415 0.4547356194279171 0.021791503700656703 0.010421916363848604 0.1394633528254569 0.10958462330297532 0.17756828314042064 0.12208043979510415 -0.017977039604905383
209 0.28615774522070797 0.0067309665536778905 0.27429034464390256 0.44508276885567594 0.5832761618844758 0.2357792525309407 0.9223177818508012 0.05900288567677089 0.27912545121868493 -0.0026786450852190734 0.1386849676896862 0.27429034505750677 0.2357792530517018 0.012093882681837123 0.013508139911430957 0.11117491966642655 0.05602408556041173 0.19956395985176006 0.299815594416083 -0.03514433268012247
163 0.12669667302709833 0.45169354153625496 -0.024065628925819142 -0.11398378494533196 -0.056934784856117776 0.0633053288299588 -0.0582825941319828 0.19312183092620433 0.20223726053078922 0.06216907803397134 0.4484846867512865 -0.02406562902238579 0.06330532921777941 0.2924215269776647 0.24591426512080652 0.05074737796798811 0.8346260126544847 0.37341482945701415 0.25227101026564236 0.5666740128294917
86 0.3520270484170229 -0.014727585283134486 0.2508987429092655 0.5013756151688096 0.6622246094444965 0.2094798864700031 0.8281120529124544 0.07110474675343784 0.2989598558658973 0.03297982051543318 0.14296097211630063 0.2508987433079923 0.20947988708412388 0.0005321124119544729 0.03047180789074939 0.01556509891514865 0.053636871564246 0.18280229254195568 0.3203092949527123 -0.05555372261993043
18 0.09194843453882244 0.35828225847341766 0.08134508900671195 0.07689874337686917 0.07951422644935648 0.0814733303794416 0.018872411636562215 0.5076236737321599 0.17500151890965124 0.5211281479036262 0.11788186896987993 0.08134508890456749 0.08147333068489321 0.6865367522136729 0.5452298960195242 0.34258080659505324 0.29108168206483914 0.15415734781006807 0.1858877975344798 0.4702375430800299
136 0.39854379654846905 0.07957513474314191 0.17222486958013908 0.5475426740678003 0.6579235270829453 0.38299025956516036 0.48021890204968115 0.0928536851118939 0.23626589577750526 0.06941027778458861 0.3837090939298013 0.17222486965146444 0.38299026012633897 0.07825775313043752 0.07779071543450956 0.1354158761916311 0.17014844757411018 0.3997404911576988 0.28311920206098945 0.054422471019673985
169 0.06103061324575031 0.10958332820700634 0.8867943136247092 0.16498777876489343 0.17222486975230106 0.13672286401911657 0.34097517016625284 0.031428977554093705 0.2476949696563146 0.03978944497503531 0.050951559653032774 0.8867943138282135 0.13672286439912318 0.09017244006868497 0.08717038223732036 0.12435981972050725 0.08658843189154604 0.17106193601940461 0.25630525027971535 -0.027543660125965194
53 0.1533268893230904 0.351853143596154 0.03289565870119392 0.12886202562388488 0.12433432082974204 0.17144770579727528 0.09665159884385453 0.6300805258171103 0.13022778065939483 0.43875945105082664 0.16373237331925145 0.032895658868805765 0.17144770611137333 0.45855491105639107 0.4642820277372562 0.5496232044280702 0.3004896913400172 0.16774318895706408 0.1315482793265904 0.5030727598248578
167 0.06103061324575031 0.10958332820700634 0.8867943136247092 0.16498777876489343 0.17222486975230106 0.13672286401911657 0.34097517016625284 0.031428977554093705 0.2476949696563146 0.03978944497503531 0.050951559653032774 0.8867943138282135 0.13672286439912318 0.09017244006868497 0.08717038223732036 0.12435981972050725 0.08658843189154604 0.17106193601940461 0.25630525027971535 -0.027543660125965194
126 0.061935799515463935 0.10907247568202347 0.8744212008643094 0.16011774387574954 0.1805843028286593 0.13340447246046613 0.3678092802730797 0.028405533748137316 0.2793846501323768 0.044091124003991435 0.04596597686647023 0.87442120103587 0.13340447271693429 0.08490656212350688 0.08700131824467695 0.1205667290531182 0.08847700531053998 0.1565104740559657 0.28069623785625136 -0.027097395425091524
0 0.08937874066751172 0.43239789547585694 -0.027543659985204333 0.058958122412206215 0.05442247101968209 0.08851042088083005 -0.02632773740364711 0.5374661862926295 0.13285637584899956 0.5162902488769738 0.14769997149566771 -0.027543660278024212 0.08851042108739282 0.4547120594439651 0.47891608045104306 0.3682080560941223 0.3360174922387502 0.15541328261617227 0.12049602536458193 0.6801133668147585
39 0.09416914142421547 0.3429184030194889 -3.7352399837397415e-06 0.061760678344932284 0.07022189203798307 0.08713405712775478 0.008678898146875103 0.5877941823439445 0.1005979366694784 0.5902924547753958 0.13409226452703538 -3.735513325225505e-06 0.08713405752589956 0.5700941835323048 0.46921413110352844 0.37260334065719825 0.2595479992149131 0.12259018414161013 0.12454488949110122 0.5869628213397596
213 0.5788082938590507 0.042926688135770386 0.07613858277139626 0.5326745143303573 0.7029770107099396 0.21281117657880455 0.4397067117811292 0.11309161115341082 0.2552028341595754 0.05904655912686802 0.47289678997180923 0.07613858297818012 0.21281117713759337 0.0837922266579243 0.05130094579966006 0.07892450959597513 0.058672936393274186 0.3684097929099284 0.3482133798291346 0.04848155612264714
191 0.2822462061344936 0.02053940628172818 0.26347627745726243 0.5151499403729409 0.4777622785414413 0.24220508684975298 0.9572943026444903 0.060831192631027806 0.29880324373898415 -0.00024805616249899643 0.1711785755187326 0.26347627809549745 0.24220508735218427 0.015194831755418558 0.01512310191613954 0.10758293453395251 0.04792099074684322 0.19396363108267123 0.25086529554285936 -0.04252738952181644
150 0.8400051987535736 0.07198119051303878 0.06103061326577749 0.39014742610448455 0.3985437965484776 0.49009158662329794 0.22225031402917242 0.11112379607793003 0.10393970740201834 0.05798867742743065 0.5130880973671504 0.0610306132791696 0.4900915868387061 0.08696437198938783 0.0908303041055125 0.09182724730705655 0.2352482077653212 0.224814066227867 0.11420475641167321 0.08937874066749886
20 0.081041104207035 0.35514698991391963 0.031107223200103104 0.05956428152796205 0.06040426696654405 0.070434768669423 -0.005823306949530434 0.5158867795177285 0.1405062416702397 0.569232062001806 0.12181814349627285 0.031107222857981866 0.07043476884014206 0.6487846321384625 0.5110549517729461 0.315679694181221 0.2982977053773048 0.13979400215201274 0.1517826768177304 0.5565018584376176
73 0.03171154425350586 -0.02766610897624313 0.5458818338396714 0.4048857049733559 0.4113616406826719 0.4735706981179563 0.6578196276820063 0.05983796184784741 0.10984196210368946 0.010047004157078545 0.21198925995283494 0.5458818338119039 0.4735706986694811 0.026948859832394426 0.013601524530670771 0.1510739988549793 0.10835083079840792 0.1743096538826786 0.1038820039784594 -0.01706325475097549
175 0.06103061324575031 0.10958332820700634 0.8867943136247092 0.16498777876489343 0.17222486975230106 0.13672286401911657 0.34097517016625284 0.031428977554093705 0.2476949696563146 0.03978944497503531 0.050951559653032774 0.8867943138282135 0.13672286439912318 0.09017244006868497 0.08717038223732036 0.12435981972050725 0.08658843189154604 0.17106193601940461 0.25630525027971535 -0.027543660125965194
219 0.4900915867651864 0.10147045770037255 0.13672286425122984 0.3939272706549168 0.3829902598628345 0.6697250420819684 0.3120721914670753 0.11871846854548808 0.08887639156062976 0.07302229221574122 0.33123847633199777 0.1367228642169839 0.6697250425897829 0.08232129571147204 0.09244684368982113 0.18208266668282255 0.3844042615606059 0.26005219274373736 0.08405766856752174 0.08851042099873518
36 0.1636151508257705 0.3219780410734931 0.08446283695298012 0.14233330648006576 0.13928730401290257 0.16632499256058564 0.09750830017196772 0.5851179252627998 0.20170097062541464 0.387209162426081 0.14327186080080906 0.08446283708675237 0.16632499304075643 0.5748429166208178 0.5235917573501334 0.461987528138859 0.3386129369517493 0.19565451687687477 0.1850214733080689 0.4354529966356909
30 0.0931311913341166 0.3819629383346264 -0.04454938923458826 0.031725371480536085 0.03975554080931372 0.07382282670696398 -0.028737501090262595 0.5640780612053828 0.11695094145346155 0.5067118315485624 0.16031588301316088 -0.04454938963525762 0.07382282697567893 0.48074370171467967 0.4721010399691856 0.2908223876408733 0.3046140683807867 0.13953553179396067 0.11257958684789622 0.7408254736348886
68 0.8418685450601225 -0.06527678767920028 0.09573911398677336 0.5438781048756327 0.6603993063948144 0.2544516985949582 0.39704499117225167 -0.11189872186136873 -0.0004994850944981419 0.00960578652616138 0.3232173783885149 0.09573911365135472 0.25445169872072915 0.030652284417589395 0.01714911110006881 0.11875847440718956 -0.05996513284416292 -0.006488505673493698 0.0832505096627561 0.0033956519032467274
145 0.3404457078865017 0.09690224415108788 0.17425755912486748 0.556241588156939 0.612386456469568 0.35352079397613334 0.5129646742452215 0.07237114072201124 0.18038859011150501 0.04235524970387759 0.48554813590906465 0.17425755913800733 0.3535207944043722 0.05857046077724226 0.09229117996011531 0.2430945936559176 0.0823415569119245 0.4058685818348439 0.24683926324556743 0.07085805168035533
9 0.05983529715106996 0.5798867923002877 0.038620397927523586 0.0742503696926579 0.06916129789990708 0.08314997717787259 -0.015726938320259787 0.4835036434033747 0.16671744999846147 0.5451100810235513 0.12368273002609897 0.03862039779035414 0.08314997746499568 0.4103072753917395 0.4849072421440651 0.4890465877937367 0.28283825887413017 0.17251439220533157 0.15826225103011793 0.5301913834740526
24 0.1334263531207999 0.39837195407282333 -0.05099957835246123 0.05441376100786898 0.05234212780413929 0.12389168253930265 -0.022468717513697556 0.53756110740861 0.12806839982313736 0.3950587173713733 0.20948340432574555 -0.05099957861747314 0.12389168282836428 0.37218872849169116 0.47831143674774124 0.3447258386023244 0.4398165263317201 0.2049166756149917 0.12007976054266861 0.7338013600610237
111 0.22225031402918252 0.016802915018474893 0.34097517005630307 0.5082128995606673 0.4802189020496869 0.3120721912358651 0.9082451027081321 0.043544776059893674 0.24562628710374756 -0.006307684068452767 0.1906265224766458 0.3409751701759427 0.3120721919028516 0.017972228485713074 0.02192592690385239 0.12810771358845982 0.04705851050445812 0.21377182090842317 0.21163282583092424 -0.026327737403644937
122 0.16628051996847037 0.3697970726734525 -0.03190563296522399 -0.19742479807932606 -0.06543798466118342 0.07802100491678318 -0.02130819928315282 0.2531213519778597 0.1858648510335249 0.05912255952296372 0.5989470517820142 -0.031905632914416435 0.07802100534859106 0.28109086500787767 0.185309426245624 9.30797827802793e-06 0.7056719584428349 0.4270622031511338 0.265105678829452 0.5344705942776862
120 0.06362591314929308 0.10832892817241654 0.8577466161704029 0.15433122021209553 0.18936938174847995 0.12915184826062576 0.39715348039762494 0.025699700168811658 0.3147454901613732 0.048540965097145714 0.041038351159019826 0.8577466163949381 0.1291518485743194 0.07943843707551386 0.08697682075919465 0.11594600943619086 0.0902042767469 0.13906891798310095 0.3078237985549382 -0.02734107769817567
135 0.28615774522070797 0.0067309665536778905 0.27429034464390256 0.44508276885567594 0.5832761618844758 0.2357792525309407 0.9223177818508012 0.05900288567677089 0.27912545121868493 -0.0026786450852190734 0.1386849676896862 0.27429034505750677 0.2357792530517018 0.012093882681837123 0.013508139911430957 0.11117491966642655 0.05602408556041173 0.19956395985176006 0.299815594416083 -0.03514433268012247
153 0.4900915867651864 0.10147045770037255 0.13672286425122984 0.3939272706549168 0.3829902598628345 0.6697250420819684 0.3120721914670753 0.11871846854548808 0.08887639156062976 0.07302229221574122 0.33123847633199777 0.1367228642169839 0.6697250425897829 0.08232129571147204 0.09244684368982113 0.18208266668282255 0.3844042615606059 0.26005219274373736 0.08405766856752174 0.08851042099873518
77 0.8400051987535736 0.07198119051303878 0.06103061326577749 0.39014742610448455 0.3985437965484776 0.49009158662329794 0.22225031402917242 0.11112379607793003 0.10393970740201834 0.05798867742743065 0.5130880973671504 0.0610306132791696 0.4900915868387061 0.08696437198938783 0.0908303041055125 0.09182724730705655 0.2352482077653212 0.224814066227867 0.11420475641167321 0.08937874066749886
