id,x_0,x_1,x_2,x_3,x_4,x_5,x_6,x_7,x_8,x_9,x_10,x_11,x_12,x_13,x_14,x_15,x_16
0.0,2.220446049250313e-16,0.1680069162261521,0.09638980891253668,9.71445146547012e-17,2.220446049250313e-16,2.220446049250313e-16,2.220446049250313e-16,0.017511260410922953,2.220446049250313e-16,0.03785027435493595,0.11908048076086829,2.220446049250313e-16,0.5986987197342601,2.220446049250313e-16,0.08677522816776684,0.5445552976823723,0.20848409700766565
1.0,0.2843693646662052,2.220446049250313e-16,2.220446049250313e-16,2.220446049250313e-16,2.220446049250313e-16,2.220446049250313e-16,2.220446049250313e-16,2.220446049250313e-16,3.3306690738754696e-16,0.06310214265113048,0.5495828285054148,5.551115123125783e-17,0.04640024357054925,1.5777218104420236e-30,0.49647383072028844,0.56160403757442,2.220446049250313e-16
2.0,2.220446049250313e-16,2.220446049250313e-16,2.220446049250313e-16,2.220446049250313e-16,0.021590281428006213,2.220446049250313e-16,2.220446049250313e-16,2.220446049250313e-16,2.220446049250313e-16,2.220446049250313e-16,0.5263622592358714,2.220446049250313e-16,2.220446049250313e-16,0.4062565440160891,0.6092376256756051,0.47678480199226897,2.220446049250313e-16
3.0,0.2843693646662052,2.220446049250313e-16,2.220446049250313e-16,2.220446049250313e-16,2.220446049250313e-16,2.220446049250313e-16,2.220446049250313e-16,2.220446049250313e-16,3.3306690738754696e-16,0.06310214265113048,0.5495828285054148,5.551115123125783e-17,0.04640024357054925,1.5777218104420236e-30,0.49647383072028844,0.56160403757442,2.220446049250313e-16
4.0,0.2860694517205394,2.220446049250313e-16,2.220446049250313e-16,0.3901667664445091,2.220446049250313e-16,2.220446049250313e-16,2.220446049250313e-16,2.220446049250313e-16,1.1102230246251565e-16,0.0669419078684183,0.20381713549771197,0.3942511319994599,0.04710979258331422,2.220446049250313e-16,0.42803596585361425,0.5612881534528052,2.220446049250313e-16
5.0,2.220446049250313e-16,2.220446049250313e-16,0.14306789479713694,2.220446049250313e-16,2.220446049250313e-16,2.220446049250313e-16,0.514119103202563,0.3330768447443694,2.220446049250313e-16,2.220446049250313e-16,0.44985450030526963,0.39425113199946005,0.11729557267865831,2.220446049250313e-16,2.220446049250313e-16,0.4731733241543111,2.220446049250313e-16
6.0,2.220446049250313e-16,2.220446049250313e-16,0.10009274653181761,2.220446049250313e-16,0.021522317006634428,2.220446049250313e-16,2.220446049250313e-16,2.220446049250313e-16,2.220446049250313e-16,0.47573197346347995,0.06533177233378662,2.220446049250313e-16,2.220446049250313e-16,0.40625654401608924,0.6499691302372064,2.220446049250313e-16,0.1938211659955839
7.0,2.220446049250313e-16,0.5031711897983463,2.220446049250313e-16,2.220446049250313e-16,2.220446049250313e-16,2.220446049250313e-16,2.220446049250313e-16,2.220446049250313e-16,0.2983889806297267,0.06271459088595535,0.5911337688208183,2.220446049250313e-16,0.36697022022007625,2.220446049250313e-16,0.045522376617133854,0.30126853671471143,0.006970063874029138
8.0,2.220446049250313e-16,2.220446049250313e-16,2.220446049250313e-16,2.220446049250313e-16,0.021590281428006213,2.220446049250313e-16,2.220446049250313e-16,2.220446049250313e-16,2.220446049250313e-16,2.220446049250313e-16,0.5263622592358714,2.220446049250313e-16,2.220446049250313e-16,0.4062565440160891,0.6092376256756051,0.47678480199226897,2.220446049250313e-16
9.0,2.220446049250313e-16,0.5042525341305867,2.220446049250313e-16,2.220446049250313e-16,2.220446049250313e-16,2.220446049250313e-16,2.220446049250313e-16,2.220446049250313e-16,2.220446049250313e-16,0.04624972624524598,0.5866025631690498,2.220446049250313e-16,0.35493165703306523,2.220446049250313e-16,0.04595986922115406,0.5470720991052007,0.0059459450578605464
10.0,2.220446049250313e-16,0.5031711897983463,2.220446049250313e-16,2.220446049250313e-16,2.220446049250313e-16,2.220446049250313e-16,2.220446049250313e-16,2.220446049250313e-16,0.2983889806297267,0.06271459088595535,0.5911337688208183,2.220446049250313e-16,0.36697022022007625,2.220446049250313e-16,0.045522376617133854,0.30126853671471143,0.006970063874029138
11.0,0.2843693646662052,2.220446049250313e-16,2.220446049250313e-16,2.220446049250313e-16,2.220446049250313e-16,2.220446049250313e-16,2.220446049250313e-16,2.220446049250313e-16,3.3306690738754696e-16,0.06310214265113048,0.5495828285054148,5.551115123125783e-17,0.04640024357054925,1.5777218104420236e-30,0.49647383072028844,0.56160403757442,2.220446049250313e-16
12.0,0.28544820677849075,2.220446049250313e-16,0.012389922715152157,2.220446049250313e-16,2.220446049250313e-16,2.220446049250313e-16,2.220446049250313e-16,2.220446049250313e-16,0.5354663188369482,0.09552029452684495,0.558511450629456,2.220446049250313e-16,0.06995110662873451,2.7755575615628914e-17,0.49562213028486446,0.07775622103689914,2.220446049250313e-16
13.0,0.2843693646662052,2.220446049250313e-16,2.220446049250313e-16,2.220446049250313e-16,2.220446049250313e-16,2.220446049250313e-16,2.220446049250313e-16,2.220446049250313e-16,3.3306690738754696e-16,0.06310214265113048,0.5495828285054148,5.551115123125783e-17,0.04640024357054925,1.5777218104420236e-30,0.49647383072028844,0.56160403757442,2.220446049250313e-16
14.0,0.2846232424207263,1.1102230246251565e-16,2.220446049250313e-16,2.220446049250313e-16,2.220446049250313e-16,2.220446049250313e-16,2.220446049250313e-16,2.220446049250313e-16,5.551115123125783e-17,2.220446049250313e-16,0.5377881271272279,5.3878126737107944e-17,2.220446049250313e-16,0.4062565440160891,0.49762763485070366,0.47717504342319383,2.220446049250313e-16
15.0,2.220446049250313e-16,0.5031711897983463,2.220446049250313e-16,2.220446049250313e-16,2.220446049250313e-16,2.220446049250313e-16,2.220446049250313e-16,2.220446049250313e-16,0.2983889806297267,0.06271459088595535,0.5911337688208183,2.220446049250313e-16,0.36697022022007625,2.220446049250313e-16,0.045522376617133854,0.30126853671471143,0.006970063874029138
16.0,2.220446049250313e-16,2.220446049250313e-16,0.0991691250088322,2.220446049250313e-16,0.0075360891487009085,2.220446049250313e-16,2.220446049250313e-16,2.220446049250313e-16,2.220446049250313e-16,0.23692511812027037,0.06331902161907631,2.220446049250313e-16,2.220446049250313e-16,0.40625654401608946,0.6505916404429684,0.23260220489888417,0.1928914980120805
17.0,2.220446049250313e-16,0.16840937915184345,0.09687881963514189,1.3877787807814457e-17,2.220446049250313e-16,2.220446049250313e-16,2.220446049250313e-16,0.017694128873635834,2.220446049250313e-16,0.03911465772967102,2.220446049250313e-16,0.39425113199945994,0.5969247231125192,2.220446049250313e-16,2.220446049250313e-16,0.5469080801564781,0.20294810699443747
18.0,2.220446049250313e-16,2.220446049250313e-16,2.220446049250313e-16,0.39016676644450926,2.220446049250313e-16,0.39284961428870196,0.017015037854967018,0.302059553330833,5.551115123125783e-17,0.043666124676725274,2.220446049250313e-16,0.3942511319994598,0.5196709339181086,2.220446049250313e-16,2.220446049250313e-16,0.544326405118546,2.220446049250313e-16
19.0,2.220446049250313e-16,0.17347646305386008,0.048908143569336926,2.220446049250313e-16,2.220446049250313e-16,2.220446049250313e-16,2.220446049250313e-16,0.01795313898475592,2.220446049250313e-16,0.036517093181926814,0.21804511441561478,0.39425113199946,0.5953571844363219,2.220446049250313e-16,2.220446049250313e-16,0.5505309590911056,0.09369670439863664
20.0,0.28544820677849075,2.220446049250313e-16,0.012389922715152157,2.220446049250313e-16,2.220446049250313e-16,2.220446049250313e-16,2.220446049250313e-16,2.220446049250313e-16,0.5354663188369482,0.09552029452684495,0.558511450629456,2.220446049250313e-16,0.06995110662873451,2.7755575615628914e-17,0.49562213028486446,0.07775622103689914,2.220446049250313e-16
21.0,2.220446049250313e-16,2.220446049250313e-16,2.220446049250313e-16,2.220446049250313e-16,0.021590281428006213,2.220446049250313e-16,2.220446049250313e-16,2.220446049250313e-16,2.220446049250313e-16,2.220446049250313e-16,0.5263622592358714,2.220446049250313e-16,2.220446049250313e-16,0.4062565440160891,0.6092376256756051,0.47678480199226897,2.220446049250313e-16
22.0,2.220446049250313e-16,0.19390989465270198,0.011494918320251735,2.220446049250313e-16,2.220446049250313e-16,2.220446049250313e-16,2.220446049250313e-16,2.220446049250313e-16,0.5355988391897216,0.07883021064675597,0.45403683802347183,0.3942511319994601,0.40143922050821185,1.1102230246251565e-16,0.16008559041137607,0.0649041116853081,0.010415862290177802
23.0,2.220446049250313e-16,0.5042525341305867,2.220446049250313e-16,2.220446049250313e-16,2.220446049250313e-16,2.220446049250313e-16,2.220446049250313e-16,2.220446049250313e-16,2.220446049250313e-16,0.04624972624524598,0.5866025631690498,2.220446049250313e-16,0.35493165703306523,2.220446049250313e-16,0.04595986922115406,0.5470720991052007,0.0059459450578605464
24.0,0.28624061342053914,0.3028892955562276,0.0532677433044016,0.390166766444509,2.220446049250313e-16,1.1102230246251565e-16,2.220446049250313e-16,2.220446049250313e-16,2.220446049250313e-16,0.47654118761589753,0.09599257477117742,2.7755575615628914e-17,2.220446049250313e-16,0.4062565440160892,0.3352706658280039,2.220446049250313e-16,0.0720477652854152
25.0,2.220446049250313e-16,0.5042525341305867,2.220446049250313e-16,2.220446049250313e-16,2.220446049250313e-16,2.220446049250313e-16,2.220446049250313e-16,2.220446049250313e-16,2.220446049250313e-16,0.04624972624524598,0.5866025631690498,2.220446049250313e-16,0.35493165703306523,2.220446049250313e-16,0.04595986922115406,0.5470720991052007,0.0059459450578605464
26.0,2.220446049250313e-16,0.5042525341305867,2.220446049250313e-16,2.220446049250313e-16,2.220446049250313e-16,2.220446049250313e-16,2.220446049250313e-16,2.220446049250313e-16,2.220446049250313e-16,0.04624972624524598,0.5866025631690498,2.220446049250313e-16,0.35493165703306523,2.220446049250313e-16,0.04595986922115406,0.5470720991052007,0.0059459450578605464
27.0,2.220446049250313e-16,2.220446049250313e-16,2.220446049250313e-16,2.220446049250313e-16,0.021590281428006213,2.220446049250313e-16,2.220446049250313e-16,2.220446049250313e-16,2.220446049250313e-16,2.220446049250313e-16,0.5263622592358714,2.220446049250313e-16,2.220446049250313e-16,0.4062565440160891,0.6092376256756051,0.47678480199226897,2.220446049250313e-16
28.0,0.2846232424207263,1.1102230246251565e-16,2.220446049250313e-16,2.220446049250313e-16,2.220446049250313e-16,2.220446049250313e-16,2.220446049250313e-16,2.220446049250313e-16,5.551115123125783e-17,2.220446049250313e-16,0.5377881271272279,5.3878126737107944e-17,2.220446049250313e-16,0.4062565440160891,0.49762763485070366,0.47717504342319383,2.220446049250313e-16
29.0,0.2854482067784909,2.220446049250313e-16,0.012389922715152157,2.220446049250313e-16,2.220446049250313e-16,2.220446049250313e-16,2.220446049250313e-16,2.220446049250313e-16,0.5354663188369482,0.09552029452684489,0.5585114506294561,2.220446049250313e-16,0.06995110662873455,1.3877787807814457e-17,0.49562213028486435,0.07775622103689926,2.220446049250313e-16
30.0,0.2843693646662052,2.220446049250313e-16,2.220446049250313e-16,2.220446049250313e-16,2.220446049250313e-16,2.220446049250313e-16,2.220446049250313e-16,2.220446049250313e-16,3.3306690738754696e-16,0.06310214265113048,0.5495828285054148,5.551115123125783e-17,0.04640024357054925,1.5777218104420236e-30,0.49647383072028844,0.56160403757442,2.220446049250313e-16
31.0,2.220446049250313e-16,2.220446049250313e-16,0.14311607133322155,2.220446049250313e-16,2.220446049250313e-16,2.220446049250313e-16,0.5138792485830251,0.33290027501476693,2.220446049250313e-16,2.220446049250313e-16,0.5763506361469485,2.220446049250313e-16,0.11905395564412247,2.220446049250313e-16,0.047359525555598685,0.4706149830284854,2.220446049250313e-16
32.0,2.220446049250313e-16,2.220446049250313e-16,0.052004620800386245,0.3901667664445093,0.02169829744888223,1.1102230246251565e-16,2.220446049250313e-16,2.220446049250313e-16,2.220446049250313e-16,0.4757151841415517,0.06599281932643003,2.220446049250313e-16,2.220446049250313e-16,0.40625654401608924,0.6504404035831797,2.220446049250313e-16,0.0860491188267462
33.0,2.220446049250313e-16,2.220446049250313e-16,0.16159103573014694,2.220446049250313e-16,2.220446049250313e-16,2.220446049250313e-16,0.5017085715722445,0.3306422574359892,0.5133746014738564,2.220446049250313e-16,0.4588266858031438,0.3942511319994598,0.1433634762086202,2.220446049250313e-16,2.220446049250313e-16,2.220446049250313e-16,2.220446049250313e-16
34.0,2.220446049250313e-16,2.220446049250313e-16,2.220446049250313e-16,2.220446049250313e-16,0.021590281428006213,2.220446049250313e-16,2.220446049250313e-16,2.220446049250313e-16,2.220446049250313e-16,2.220446049250313e-16,0.5263622592358714,2.220446049250313e-16,2.220446049250313e-16,0.4062565440160891,0.6092376256756051,0.47678480199226897,2.220446049250313e-16
35.0,2.220446049250313e-16,0.5031711897983463,2.220446049250313e-16,2.220446049250313e-16,2.220446049250313e-16,2.220446049250313e-16,2.220446049250313e-16,2.220446049250313e-16,0.2983889806297267,0.06271459088595535,0.5911337688208183,2.220446049250313e-16,0.36697022022007625,2.220446049250313e-16,0.045522376617133854,0.30126853671471143,0.006970063874029138
36.0,2.220446049250313e-16,0.49931371488781656,0.0453862217606254,1.3877787807814457e-17,2.220446049250313e-16,0.3928496142887021,2.220446049250313e-16,2.220446049250313e-16,2.220446049250313e-16,0.05243938071962008,2.220446049250313e-16,0.3942511319994601,0.357056713607833,5.551115123125783e-17,2.220446049250313e-16,0.5504313310704728,0.11129445011299387
37.0,0.27949629003146914,0.5289600337728819,2.220446049250313e-16,2.220446049250313e-16,0.23902653971142743,0.39284961428870185,2.220446049250313e-16,2.220446049250313e-16,5.551115123125783e-17,0.05479963732160005,0.003484047709861371,0.39425113199946,0.07069959818407931,2.220446049250313e-16,2.220446049250313e-16,0.5649530862448477,2.220446049250313e-16
38.0,2.220446049250313e-16,0.2833299261925347,2.220446049250313e-16,2.220446049250313e-16,0.26279381291281345,0.3928496142887019,2.220446049250313e-16,0.4626099437789958,2.220446049250313e-16,0.04316646561043345,0.0005520706513523764,2.7755575615628914e-17,0.26530968144844663,2.220446049250313e-16,2.220446049250313e-16,0.5561462857622068,2.220446049250313e-16
39.0,2.220446049250313e-16,2.220446049250313e-16,0.14417073294533878,1.1102230246251565e-16,0.008891273787029075,0.39284961428870174,0.5049179392930357,0.567643926331728,2.220446049250313e-16,2.220446049250313e-16,0.21088798560192973,5.551115123125783e-17,0.09570152956099501,2.220446049250313e-16,2.220446049250313e-16,0.47884565689196884,2.220446049250313e-16
40.0,2.220446049250313e-16,2.220446049250313e-16,0.09817045033390692,2.220446049250313e-16,0.01994625348253165,2.220446049250313e-16,2.220446049250313e-16,2.220446049250313e-16,2.220446049250313e-16,2.220446049250313e-16,0.06097255852267531,2.220446049250313e-16,2.220446049250313e-16,0.4062565440160893,0.6504223276591399,0.48500256161657385,0.19184321951175431
41.0,2.220446049250313e-16,0.504658447963522,2.220446049250313e-16,2.220446049250313e-16,2.220446049250313e-16,2.220446049250313e-16,2.220446049250313e-16,2.220446049250313e-16,2.220446049250313e-16,0.047587591847536415,0.46000284765220084,0.3942511319994599,0.3531617252691846,2.220446049250313e-16,2.220446049250313e-16,0.5495704227021354,0.0003257751581655969
42.0,0.2848214644298482,2.220446049250313e-16,0.050207060274022025,0.3901667664445094,2.220446049250313e-16,2.220446049250313e-16,2.220446049250313e-16,2.220446049250313e-16,2.220446049250313e-16,0.06748949048024981,0.08480064011258945,2.220446049250313e-16,0.049850062645630466,2.220446049250313e-16,0.5381096753227709,0.5702257880610098,0.0785967560629102
43.0,2.220446049250313e-16,2.220446049250313e-16,0.20311534141893423,2.220446049250313e-16,0.008749703752691426,2.220446049250313e-16,0.47463355216046965,0.5681821270041185,2.220446049250313e-16,2.220446049250313e-16,0.21035355917287227,2.220446049250313e-16,0.09647805970674891,2.220446049250313e-16,2.220446049250313e-16,0.48563456385262505,0.060402998239407805
44.0,0.2730064616173484,0.5349247144449458,2.220446049250313e-16,2.220446049250313e-16,0.48471070362701935,1.1102230246251565e-16,2.220446049250313e-16,2.220446049250313e-16,2.220446049250313e-16,0.459595830558251,2.220446049250313e-16,0.39425113199945994,2.220446049250313e-16,0.4062565440160893,2.220446049250313e-16,2.220446049250313e-16,0.00253103831988834
45.0,2.220446049250313e-16,2.220446049250313e-16,0.1442369234883785,0.390166766444509,0.008908230254246755,0.39284961428870213,0.504567829662004,0.5673836054029432,2.220446049250313e-16,2.220446049250313e-16,2.220446049250313e-16,2.220446049250313e-16,0.09828113771232609,2.220446049250313e-16,2.220446049250313e-16,0.47606589665541166,2.220446049250313e-16
46.0,0.2719557757607571,0.5349262778951075,2.220446049250313e-16,2.220446049250313e-16,0.5180031233052681,2.220446049250313e-16,2.220446049250313e-16,0.19489077936550495,2.220446049250313e-16,0.45781489976996864,2.220446049250313e-16,2.220446049250313e-16,2.220446049250313e-16,0.40625654401608924,2.220446049250313e-16,2.220446049250313e-16,0.0024964076133294592
47.0,2.220446049250313e-16,2.220446049250313e-16,0.20305873607284267,0.390166766444509,0.00876436335721361,4.163336342344337e-17,0.47434942463447133,0.5679232446618171,2.220446049250313e-16,2.220446049250313e-16,2.220446049250313e-16,2.220446049250313e-16,0.09903251340855004,2.220446049250313e-16,2.220446049250313e-16,0.48283994059935054,0.06165239378829275
48.0,0.28655316188087465,0.3038270922871611,2.220446049250313e-16,0.3901667664445092,2.220446049250313e-16,0.39284961428870185,2.220446049250313e-16,2.220446049250313e-16,5.551115123125783e-17,0.06900440505679314,0.10410001149984807,2.220446049250313e-16,0.026922801296056908,2.220446049250313e-16,0.33484558793695646,0.5640355977784542,2.220446049250313e-16
49.0,2.220446049250313e-16,2.220446049250313e-16,0.16162505833897825,2.220446049250313e-16,2.220446049250313e-16,2.220446049250313e-16,0.5014913152510929,0.33047935442840753,0.5133695638582311,2.220446049250313e-16,0.5853526469567563,2.220446049250313e-16,0.14498469659417534,2.220446049250313e-16,0.04649671944344458,2.220446049250313e-16,2.220446049250313e-16
50.0,0.2406584034259757,2.220446049250313e-16,2.220446049250313e-16,2.220446049250313e-16,0.033976733360460226,2.220446049250313e-16,2.220446049250313e-16,2.220446049250313e-16,2.220446049250313e-16,2.220446049250313e-16,0.5253763936261512,2.220446049250313e-16,2.220446049250313e-16,2.220446049250313e-16,0.608908066382275,0.47630532620360233,0.006571880934126239
51.0,2.220446049250313e-16,0.5021867813392706,0.011855716048595644,2.220446049250313e-16,2.220446049250313e-16,1.0928757898653885e-16,2.220446049250313e-16,2.220446049250313e-16,0.535545417058487,0.07865919696460137,0.5955305768333312,2.220446049250313e-16,0.3786414726333524,2.220446049250313e-16,0.045104935049995694,0.06321991946623029,0.006546591338896988
52.0,2.220446049250313e-16,0.17678076974673657,2.220446049250313e-16,1.1102230246251565e-16,0.2479383759843011,0.39284961428870185,0.021375137252678377,2.220446049250313e-16,1.6653345369377348e-16,0.026027084188232907,2.220446049250313e-16,0.39425113199945966,0.6002198899319094,2.220446049250313e-16,2.220446049250313e-16,0.5417341346299446,0.011244518768529738
53.0,2.220446049250313e-16,2.220446049250313e-16,0.36334343888278703,0.3901667664445089,2.220446049250313e-16,2.220446049250313e-16,0.32091162166407966,0.2696580179999601,2.220446049250313e-16,2.220446049250313e-16,2.220446049250313e-16,0.3942511319994599,2.220446049250313e-16,2.220446049250313e-16,2.220446049250313e-16,0.4865605955348635,0.04352519289878219
54.0,0.2843693646662052,2.220446049250313e-16,2.220446049250313e-16,2.220446049250313e-16,2.220446049250313e-16,2.220446049250313e-16,2.220446049250313e-16,2.220446049250313e-16,3.3306690738754696e-16,0.06310214265113048,0.5495828285054148,5.551115123125783e-17,0.04640024357054925,1.5777218104420236e-30,0.49647383072028844,0.56160403757442,2.220446049250313e-16
55.0,2.220446049250313e-16,0.5007285016328514,0.049672483544664525,2.220446049250313e-16,2.220446049250313e-16,2.220446049250313e-16,2.220446049250313e-16,2.220446049250313e-16,2.220446049250313e-16,0.04940507414176788,0.2201304999929108,0.39425113199945994,0.3544224844169854,2.220446049250313e-16,2.220446049250313e-16,0.5608269732039372,0.08497364502454191
56.0,0.28684311292887543,0.30314525122999825,0.05377921019169656,0.3901667664445091,2.220446049250313e-16,2.220446049250313e-16,2.220446049250313e-16,2.220446049250313e-16,2.220446049250313e-16,0.47761220528926873,2.220446049250313e-16,0.39425113199945977,2.220446049250313e-16,0.4062565440160891,0.24427356923920018,2.220446049250313e-16,0.06637830037530452
57.0,2.220446049250313e-16,0.5042525341305867,2.220446049250313e-16,2.220446049250313e-16,2.220446049250313e-16,2.220446049250313e-16,2.220446049250313e-16,2.220446049250313e-16,2.220446049250313e-16,0.04624972624524598,0.5866025631690498,2.220446049250313e-16,0.35493165703306523,2.220446049250313e-16,0.04595986922115406,0.5470720991052007,0.0059459450578605464
58.0,0.2806027768798783,0.5349134109137798,2.220446049250313e-16,2.220446049250313e-16,0.24401105573332324,0.392849614288702,2.220446049250313e-16,2.220446049250313e-16,2.220446049250313e-16,0.464559179824719,2.220446049250313e-16,0.39425113199945994,2.220446049250313e-16,0.4062565440160893,2.220446049250313e-16,2.220446049250313e-16,0.002781413599174459
59.0,2.220446049250313e-16,2.220446049250313e-16,0.36334343888278703,0.3901667664445089,2.220446049250313e-16,2.220446049250313e-16,0.32091162166407966,0.2696580179999601,2.220446049250313e-16,2.220446049250313e-16,2.220446049250313e-16,0.3942511319994599,2.220446049250313e-16,2.220446049250313e-16,2.220446049250313e-16,0.4865605955348635,0.04352519289878219
60.0,0.2287611529260634,2.220446049250313e-16,2.220446049250313e-16,2.220446049250313e-16,0.5285295100654515,2.220446049250313e-16,2.220446049250313e-16,2.220446049250313e-16,2.7755575615628914e-17,0.4572518056346748,2.220446049250313e-16,0.39425113199945994,2.220446049250313e-16,2.220446049250313e-16,0.5413107939526746,2.220446049250313e-16,0.005052297782621841
61.0,2.220446049250313e-16,2.220446049250313e-16,0.014840792468130564,2.220446049250313e-16,2.220446049250313e-16,0.3928496142887018,0.4978320723695655,0.5595497676205661,2.220446049250313e-16,0.33189321752740564,0.22441030564449907,2.220446049250313e-16,0.16947048197069015,2.220446049250313e-16,2.220446049250313e-16,0.30691179659294815,2.220446049250313e-16
62.0,2.220446049250313e-16,0.290621942205109,2.220446049250313e-16,0.3901667664445094,0.01603091035295723,0.3928496142887017,2.220446049250313e-16,0.4894488601467362,2.220446049250313e-16,0.46654225362635116,2.220446049250313e-16,2.220446049250313e-16,0.18050181390062542,0.4062565440160892,2.220446049250313e-16,2.220446049250313e-16,2.220446049250313e-16
63.0,0.2719557757607571,0.5349262778951075,2.220446049250313e-16,2.220446049250313e-16,0.5180031233052681,2.220446049250313e-16,2.220446049250313e-16,0.19489077936550495,2.220446049250313e-16,0.45781489976996864,2.220446049250313e-16,2.220446049250313e-16,2.220446049250313e-16,0.40625654401608924,2.220446049250313e-16,2.220446049250313e-16,0.0024964076133294592
64.0,2.220446049250313e-16,2.220446049250313e-16,2.220446049250313e-16,2.220446049250313e-16,0.5010193059878065,2.220446049250313e-16,0.01079095151221765,0.500878293437906,2.220446049250313e-16,0.5396163772893262,0.003173725649060622,2.220446049250313e-16,0.49526860087024144,2.220446049250313e-16,2.220446049250313e-16,0.0314424991250146,2.220446049250313e-16
65.0,2.220446049250313e-16,2.220446049250313e-16,0.3040924707705194,5.551115123125783e-17,0.5051283042713655,2.220446049250313e-16,0.3417273659207074,0.4651096401562933,2.220446049250313e-16,2.220446049250313e-16,2.220446049250313e-16,2.220446049250313e-16,2.220446049250313e-16,2.220446049250313e-16,2.220446049250313e-16,0.4796626932221255,2.220446049250313e-16
66.0,0.5212478481450775,2.220446049250313e-16,2.220446049250313e-16,2.220446049250313e-16,2.220446049250313e-16,1.1102230246251565e-16,1.6653345369377348e-16,2.220446049250313e-16,2.220446049250313e-16,2.220446049250313e-16,0.5435337833656828,4.930380657631324e-32,2.220446049250313e-16,2.220446049250313e-16,0.4949434429675156,2.220446049250313e-16,0.43478567034842946
67.0,0.5212478481450775,2.220446049250313e-16,2.220446049250313e-16,2.220446049250313e-16,2.220446049250313e-16,1.1102230246251565e-16,1.6653345369377348e-16,2.220446049250313e-16,2.220446049250313e-16,2.220446049250313e-16,0.5435337833656828,4.930380657631324e-32,2.220446049250313e-16,2.220446049250313e-16,0.4949434429675156,2.220446049250313e-16,0.43478567034842946
68.0,2.220446049250313e-16,0.15728788670206054,0.0027863330439831246,2.220446049250313e-16,2.220446049250313e-16,2.7755575615628914e-17,0.027227732966870064,0.023437725894216783,2.220446049250313e-16,2.220446049250313e-16,0.35508333127169983,2.7755575615628914e-17,0.5371123283783911,0.4062565440160891,0.06378144746432152,2.220446049250313e-16,0.5632059482361046
69.0,2.220446049250313e-16,0.15728788670206054,0.0027863330439831246,2.220446049250313e-16,2.220446049250313e-16,2.7755575615628914e-17,0.027227732966870064,0.023437725894216783,2.220446049250313e-16,2.220446049250313e-16,0.35508333127169983,2.7755575615628914e-17,0.5371123283783911,0.4062565440160891,0.06378144746432152,2.220446049250313e-16,0.5632059482361046
70.0,0.2232718381685969,0.2963774133126065,2.220446049250313e-16,2.220446049250313e-16,0.5481261556541662,2.220446049250313e-16,5.551115123125783e-17,2.220446049250313e-16,3.191891195797325e-16,0.2018958281530813,2.220446049250313e-16,0.3942511319994599,2.220446049250313e-16,2.220446049250313e-16,0.3376954262300514,2.220446049250313e-16,0.21628714601529211
71.0,2.220446049250313e-16,2.220446049250313e-16,0.7380408649538178,2.220446049250313e-16,2.220446049250313e-16,2.220446049250313e-16,0.14262615164768788,2.220446049250313e-16,0.428021573980473,2.220446049250313e-16,2.220446049250313e-16,2.220446049250313e-16,2.220446049250313e-16,2.220446049250313e-16,2.220446049250313e-16,0.0035950679430238755,0.11458937554372275
72.0,2.220446049250313e-16,2.220446049250313e-16,0.7380408649538178,2.220446049250313e-16,2.220446049250313e-16,2.220446049250313e-16,0.14262615164768788,2.220446049250313e-16,0.428021573980473,2.220446049250313e-16,2.220446049250313e-16,2.220446049250313e-16,2.220446049250313e-16,2.220446049250313e-16,2.220446049250313e-16,0.0035950679430238755,0.11458937554372275
73.0,2.220446049250313e-16,2.220446049250313e-16,0.7380408649538178,2.220446049250313e-16,2.220446049250313e-16,2.220446049250313e-16,0.14262615164768788,2.220446049250313e-16,0.428021573980473,2.220446049250313e-16,2.220446049250313e-16,2.220446049250313e-16,2.220446049250313e-16,2.220446049250313e-16,2.220446049250313e-16,0.0035950679430238755,0.11458937554372275
74.0,2.220446049250313e-16,2.220446049250313e-16,0.7380408649538178,2.220446049250313e-16,2.220446049250313e-16,2.220446049250313e-16,0.14262615164768788,2.220446049250313e-16,0.428021573980473,2.220446049250313e-16,2.220446049250313e-16,2.220446049250313e-16,2.220446049250313e-16,2.220446049250313e-16,2.220446049250313e-16,0.0035950679430238755,0.11458937554372275
75.0,2.220446049250313e-16,2.220446049250313e-16,0.7380408649538178,2.220446049250313e-16,2.220446049250313e-16,2.220446049250313e-16,0.14262615164768788,2.220446049250313e-16,0.428021573980473,2.220446049250313e-16,2.220446049250313e-16,2.220446049250313e-16,2.220446049250313e-16,2.220446049250313e-16,2.220446049250313e-16,0.0035950679430238755,0.11458937554372275
76.0,2.220446049250313e-16,2.220446049250313e-16,0.7380408649538178,2.220446049250313e-16,2.220446049250313e-16,2.220446049250313e-16,0.14262615164768788,2.220446049250313e-16,0.428021573980473,2.220446049250313e-16,2.220446049250313e-16,2.220446049250313e-16,2.220446049250313e-16,2.220446049250313e-16,2.220446049250313e-16,0.0035950679430238755,0.11458937554372275
77.0,0.520454006651255,2.220446049250313e-16,0.008819926301267711,2.220446049250313e-16,2.220446049250313e-16,2.220446049250313e-16,2.220446049250313e-16,2.220446049250313e-16,2.220446049250313e-16,2.220446049250313e-16,0.1971574136583277,0.3942511319994599,2.220446049250313e-16,2.220446049250313e-16,0.42602315243868916,2.220446049250313e-16,0.5430488642670094
78.0,0.520454006651255,2.220446049250313e-16,0.008819926301267711,2.220446049250313e-16,2.220446049250313e-16,2.220446049250313e-16,2.220446049250313e-16,2.220446049250313e-16,2.220446049250313e-16,2.220446049250313e-16,0.1971574136583277,0.3942511319994599,2.220446049250313e-16,2.220446049250313e-16,0.42602315243868916,2.220446049250313e-16,0.5430488642670094
79.0,2.220446049250313e-16,0.15357899831241748,0.05968289041857533,2.220446049250313e-16,2.220446049250313e-16,2.220446049250313e-16,2.220446049250313e-16,0.02376310295278203,2.220446049250313e-16,2.220446049250313e-16,2.220446049250313e-16,0.3942511319994597,0.5391748979202028,0.40625654401608924,2.220446049250313e-16,2.220446049250313e-16,0.641430269008638
80.0,2.220446049250313e-16,0.15357899831241748,0.05968289041857533,2.220446049250313e-16,2.220446049250313e-16,2.220446049250313e-16,2.220446049250313e-16,0.02376310295278203,2.220446049250313e-16,2.220446049250313e-16,2.220446049250313e-16,0.3942511319994597,0.5391748979202028,0.40625654401608924,2.220446049250313e-16,2.220446049250313e-16,0.641430269008638
81.0,0.22770266048957608,2.220446049250313e-16,2.220446049250313e-16,2.220446049250313e-16,0.562065763687229,2.220446049250313e-16,2.220446049250313e-16,0.19166951980983418,2.7755575615628914e-17,0.45545783129529466,2.220446049250313e-16,2.220446049250313e-16,2.220446049250313e-16,2.220446049250313e-16,0.5402658498238303,2.220446049250313e-16,0.005022242761288117
82.0,2.220446049250313e-16,2.220446049250313e-16,0.01599695375514304,0.3901667664445092,0.24746049998728728,2.220446049250313e-16,0.49786544286704176,0.541110638333833,2.220446049250313e-16,0.5705141444025587,0.005764654324572477,2.220446049250313e-16,0.17283610147432493,1.0408340855860843e-17,2.220446049250313e-16,0.04401566689309009,2.220446049250313e-16
83.0,2.220446049250313e-16,2.220446049250313e-16,0.01599695375514304,0.3901667664445092,0.24746049998728728,2.220446049250313e-16,0.49786544286704176,0.541110638333833,2.220446049250313e-16,0.5705141444025587,0.005764654324572477,2.220446049250313e-16,0.17283610147432493,1.0408340855860843e-17,2.220446049250313e-16,0.04401566689309009,2.220446049250313e-16
84.0,2.220446049250313e-16,2.220446049250313e-16,2.220446049250313e-16,2.220446049250313e-16,0.5010193059878065,2.220446049250313e-16,0.01079095151221765,0.500878293437906,2.220446049250313e-16,0.5396163772893262,0.003173725649060622,2.220446049250313e-16,0.49526860087024144,2.220446049250313e-16,2.220446049250313e-16,0.0314424991250146,2.220446049250313e-16
85.0,2.220446049250313e-16,2.220446049250313e-16,2.220446049250313e-16,2.220446049250313e-16,0.5010193059878065,2.220446049250313e-16,0.01079095151221765,0.500878293437906,2.220446049250313e-16,0.5396163772893262,0.003173725649060622,2.220446049250313e-16,0.49526860087024144,2.220446049250313e-16,2.220446049250313e-16,0.0314424991250146,2.220446049250313e-16
86.0,2.220446049250313e-16,2.220446049250313e-16,0.3040924707705194,5.551115123125783e-17,0.5051283042713655,2.220446049250313e-16,0.3417273659207074,0.4651096401562933,2.220446049250313e-16,2.220446049250313e-16,2.220446049250313e-16,2.220446049250313e-16,2.220446049250313e-16,2.220446049250313e-16,2.220446049250313e-16,0.4796626932221255,2.220446049250313e-16
87.0,0.21892290396718317,0.2868638910138319,2.220446049250313e-16,2.220446049250313e-16,0.5319870093297558,2.220446049250313e-16,4.163336342344337e-17,2.220446049250313e-16,1.322315634227055e-16,2.220446049250313e-16,2.220446049250313e-16,0.3942511319994598,2.220446049250313e-16,2.220446049250313e-16,0.33714927621811075,2.220446049250313e-16,0.42701340204968247
88.0,2.220446049250313e-16,2.220446049250313e-16,0.6200861682497791,0.3901667664445092,2.220446049250313e-16,0.392849614288702,0.20297099903704072,2.220446049250313e-16,0.4454867374003534,2.220446049250313e-16,2.220446049250313e-16,2.220446049250313e-16,2.220446049250313e-16,2.220446049250313e-16,2.220446049250313e-16,2.220446049250313e-16,2.220446049250313e-16
89.0,2.220446049250313e-16,2.220446049250313e-16,0.6200861682497791,0.3901667664445092,2.220446049250313e-16,0.392849614288702,0.20297099903704072,2.220446049250313e-16,0.4454867374003534,2.220446049250313e-16,2.220446049250313e-16,2.220446049250313e-16,2.220446049250313e-16,2.220446049250313e-16,2.220446049250313e-16,2.220446049250313e-16,2.220446049250313e-16
90.0,2.220446049250313e-16,2.220446049250313e-16,0.6200861682497791,0.3901667664445092,2.220446049250313e-16,0.392849614288702,0.20297099903704072,2.220446049250313e-16,0.4454867374003534,2.220446049250313e-16,2.220446049250313e-16,2.220446049250313e-16,2.220446049250313e-16,2.220446049250313e-16,2.220446049250313e-16,2.220446049250313e-16,2.220446049250313e-16
91.0,2.220446049250313e-16,2.220446049250313e-16,0.6200861682497791,0.3901667664445092,2.220446049250313e-16,0.392849614288702,0.20297099903704072,2.220446049250313e-16,0.4454867374003534,2.220446049250313e-16,2.220446049250313e-16,2.220446049250313e-16,2.220446049250313e-16,2.220446049250313e-16,2.220446049250313e-16,2.220446049250313e-16,2.220446049250313e-16
92.0,2.220446049250313e-16,2.220446049250313e-16,0.6200861682497791,0.3901667664445092,2.220446049250313e-16,0.392849614288702,0.20297099903704072,2.220446049250313e-16,0.4454867374003534,2.220446049250313e-16,2.220446049250313e-16,2.220446049250313e-16,2.220446049250313e-16,2.220446049250313e-16,2.220446049250313e-16,2.220446049250313e-16,2.220446049250313e-16
93.0,2.220446049250313e-16,2.220446049250313e-16,0.6200861682497791,0.3901667664445092,2.220446049250313e-16,0.392849614288702,0.20297099903704072,2.220446049250313e-16,0.4454867374003534,2.220446049250313e-16,2.220446049250313e-16,2.220446049250313e-16,2.220446049250313e-16,2.220446049250313e-16,2.220446049250313e-16,2.220446049250313e-16,2.220446049250313e-16
94.0,0.22280326863854236,0.29612192902759027,2.220446049250313e-16,2.220446049250313e-16,0.5452585394706073,2.220446049250313e-16,2.220446049250313e-16,2.220446049250313e-16,5.551115123125783e-17,0.2010761000223306,0.08721890136294509,2.220446049250313e-16,2.220446049250313e-16,2.220446049250313e-16,0.4295754053552326,2.220446049250313e-16,0.22194616957840105
95.0,2.220446049250313e-16,2.220446049250313e-16,0.6806094960076955,2.220446049250313e-16,2.220446049250313e-16,2.220446049250313e-16,0.1720087846825289,2.220446049250313e-16,0.4365252476119544,2.220446049250313e-16,0.2388660144623674,2.220446049250313e-16,2.220446049250313e-16,2.220446049250313e-16,2.220446049250313e-16,2.220446049250313e-16,0.03095601807260781
96.0,2.220446049250313e-16,2.220446049250313e-16,0.6806094960076955,2.220446049250313e-16,2.220446049250313e-16,2.220446049250313e-16,0.1720087846825289,2.220446049250313e-16,0.4365252476119544,2.220446049250313e-16,0.2388660144623674,2.220446049250313e-16,2.220446049250313e-16,2.220446049250313e-16,2.220446049250313e-16,2.220446049250313e-16,0.03095601807260781
97.0,2.220446049250313e-16,2.220446049250313e-16,0.6806094960076955,2.220446049250313e-16,2.220446049250313e-16,2.220446049250313e-16,0.1720087846825289,2.220446049250313e-16,0.4365252476119544,2.220446049250313e-16,0.2388660144623674,2.220446049250313e-16,2.220446049250313e-16,2.220446049250313e-16,2.220446049250313e-16,2.220446049250313e-16,0.03095601807260781
98.0,2.220446049250313e-16,2.220446049250313e-16,0.6806094960076955,2.220446049250313e-16,2.220446049250313e-16,2.220446049250313e-16,0.1720087846825289,2.220446049250313e-16,0.4365252476119544,2.220446049250313e-16,0.2388660144623674,2.220446049250313e-16,2.220446049250313e-16,2.220446049250313e-16,2.220446049250313e-16,2.220446049250313e-16,0.03095601807260781
99.0,2.220446049250313e-16,2.220446049250313e-16,0.6806094960076955,2.220446049250313e-16,2.220446049250313e-16,2.220446049250313e-16,0.1720087846825289,2.220446049250313e-16,0.4365252476119544,2.220446049250313e-16,0.2388660144623674,2.220446049250313e-16,2.220446049250313e-16,2.220446049250313e-16,2.220446049250313e-16,2.220446049250313e-16,0.03095601807260781
100.0,2.220446049250313e-16,2.220446049250313e-16,0.6806094960076955,2.220446049250313e-16,2.220446049250313e-16,2.220446049250313e-16,0.1720087846825289,2.220446049250313e-16,0.4365252476119544,2.220446049250313e-16,0.2388660144623674,2.220446049250313e-16,2.220446049250313e-16,2.220446049250313e-16,2.220446049250313e-16,2.220446049250313e-16,0.03095601807260781
101.0,0.5215857217768322,0.5098558241341313,0.011926398489152433,0.3901667664445091,0.003989370164785493,2.220446049250313e-16,2.220446049250313e-16,2.220446049250313e-16,2.220446049250313e-16,2.220446049250313e-16,2.220446049250313e-16,0.3942511319994598,0.01454880769012781,2.220446049250313e-16,2.220446049250313e-16,0.004206742711515791,0.5301028339892743
102.0,0.5215857217768322,0.5098558241341313,0.011926398489152433,0.3901667664445091,0.003989370164785493,2.220446049250313e-16,2.220446049250313e-16,2.220446049250313e-16,2.220446049250313e-16,2.220446049250313e-16,2.220446049250313e-16,0.3942511319994598,0.01454880769012781,2.220446049250313e-16,2.220446049250313e-16,0.004206742711515791,0.5301028339892743
103.0,2.220446049250313e-16,0.16241932526548636,2.220446049250313e-16,0.39016676644450854,2.220446049250313e-16,0.39284961428870246,0.028404581693181687,0.023204874518842563,2.220446049250313e-16,2.220446049250313e-16,2.220446049250313e-16,0.3942511319994598,0.5391402241091584,0.4062565440160892,2.220446049250313e-16,2.220446049250313e-16,0.4456814502631228
104.0,2.220446049250313e-16,0.16241932526548636,2.220446049250313e-16,0.39016676644450854,2.220446049250313e-16,0.39284961428870246,0.028404581693181687,0.023204874518842563,2.220446049250313e-16,2.220446049250313e-16,2.220446049250313e-16,0.3942511319994598,0.5391402241091584,0.4062565440160892,2.220446049250313e-16,2.220446049250313e-16,0.4456814502631228
105.0,0.5194779822266008,2.220446049250313e-16,0.06099657519917423,2.220446049250313e-16,2.220446049250313e-16,2.220446049250313e-16,2.220446049250313e-16,2.220446049250313e-16,2.220446049250313e-16,2.220446049250313e-16,2.220446049250313e-16,0.3942511319994598,2.220446049250313e-16,2.220446049250313e-16,0.44343559973553603,0.0040867936259387306,0.626994884521177
106.0,0.5194779822266008,2.220446049250313e-16,0.06099657519917423,2.220446049250313e-16,2.220446049250313e-16,2.220446049250313e-16,2.220446049250313e-16,2.220446049250313e-16,2.220446049250313e-16,2.220446049250313e-16,2.220446049250313e-16,0.3942511319994598,2.220446049250313e-16,2.220446049250313e-16,0.44343559973553603,0.0040867936259387306,0.626994884521177
107.0,2.220446049250313e-16,0.15357899831241748,0.05968289041857533,2.220446049250313e-16,2.220446049250313e-16,2.220446049250313e-16,2.220446049250313e-16,0.02376310295278203,2.220446049250313e-16,2.220446049250313e-16,2.220446049250313e-16,0.3942511319994597,0.5391748979202028,0.40625654401608924,2.220446049250313e-16,2.220446049250313e-16,0.641430269008638
108.0,2.220446049250313e-16,0.15357899831241748,0.05968289041857533,2.220446049250313e-16,2.220446049250313e-16,2.220446049250313e-16,2.220446049250313e-16,0.02376310295278203,2.220446049250313e-16,2.220446049250313e-16,2.220446049250313e-16,0.3942511319994597,0.5391748979202028,0.40625654401608924,2.220446049250313e-16,2.220446049250313e-16,0.641430269008638
109.0,0.22770266048957608,2.220446049250313e-16,2.220446049250313e-16,2.220446049250313e-16,0.562065763687229,2.220446049250313e-16,2.220446049250313e-16,0.19166951980983418,2.7755575615628914e-17,0.45545783129529466,2.220446049250313e-16,2.220446049250313e-16,2.220446049250313e-16,2.220446049250313e-16,0.5402658498238303,2.220446049250313e-16,0.005022242761288117
110.0,2.220446049250313e-16,0.290621942205109,2.220446049250313e-16,0.3901667664445094,0.01603091035295723,0.3928496142887017,2.220446049250313e-16,0.4894488601467362,2.220446049250313e-16,0.46654225362635116,2.220446049250313e-16,2.220446049250313e-16,0.18050181390062542,0.4062565440160892,2.220446049250313e-16,2.220446049250313e-16,2.220446049250313e-16
111.0,2.220446049250313e-16,2.220446049250313e-16,0.014840792468130564,2.220446049250313e-16,2.220446049250313e-16,0.3928496142887018,0.4978320723695655,0.5595497676205661,2.220446049250313e-16,0.33189321752740564,0.22441030564449907,2.220446049250313e-16,0.16947048197069015,2.220446049250313e-16,2.220446049250313e-16,0.30691179659294815,2.220446049250313e-16
112.0,2.220446049250313e-16,2.220446049250313e-16,2.220446049250313e-16,2.220446049250313e-16,0.5010193059878065,2.220446049250313e-16,0.01079095151221765,0.500878293437906,2.220446049250313e-16,0.5396163772893262,0.003173725649060622,2.220446049250313e-16,0.49526860087024144,2.220446049250313e-16,2.220446049250313e-16,0.0314424991250146,2.220446049250313e-16
113.0,0.2719557757607571,0.5349262778951075,2.220446049250313e-16,2.220446049250313e-16,0.5180031233052681,2.220446049250313e-16,2.220446049250313e-16,0.19489077936550495,2.220446049250313e-16,0.45781489976996864,2.220446049250313e-16,2.220446049250313e-16,2.220446049250313e-16,0.40625654401608924,2.220446049250313e-16,2.220446049250313e-16,0.0024964076133294592
114.0,2.220446049250313e-16,2.220446049250313e-16,0.3040924707705194,5.551115123125783e-17,0.5051283042713655,2.220446049250313e-16,0.3417273659207074,0.4651096401562933,2.220446049250313e-16,2.220446049250313e-16,2.220446049250313e-16,2.220446049250313e-16,2.220446049250313e-16,2.220446049250313e-16,2.220446049250313e-16,0.4796626932221255,2.220446049250313e-16
115.0,0.22280326863854236,0.29612192902759027,2.220446049250313e-16,2.220446049250313e-16,0.5452585394706073,2.220446049250313e-16,2.220446049250313e-16,2.220446049250313e-16,5.551115123125783e-17,0.2010761000223306,0.08721890136294509,2.220446049250313e-16,2.220446049250313e-16,2.220446049250313e-16,0.4295754053552326,2.220446049250313e-16,0.22194616957840105
116.0,2.220446049250313e-16,2.220446049250313e-16,0.7380408649538178,2.220446049250313e-16,2.220446049250313e-16,2.220446049250313e-16,0.14262615164768788,2.220446049250313e-16,0.428021573980473,2.220446049250313e-16,2.220446049250313e-16,2.220446049250313e-16,2.220446049250313e-16,2.220446049250313e-16,2.220446049250313e-16,0.0035950679430238755,0.11458937554372275
117.0,2.220446049250313e-16,2.220446049250313e-16,0.7380408649538178,2.220446049250313e-16,2.220446049250313e-16,2.220446049250313e-16,0.14262615164768788,2.220446049250313e-16,0.428021573980473,2.220446049250313e-16,2.220446049250313e-16,2.220446049250313e-16,2.220446049250313e-16,2.220446049250313e-16,2.220446049250313e-16,0.0035950679430238755,0.11458937554372275
118.0,2.220446049250313e-16,2.220446049250313e-16,0.7380408649538178,2.220446049250313e-16,2.220446049250313e-16,2.220446049250313e-16,0.14262615164768788,2.220446049250313e-16,0.428021573980473,2.220446049250313e-16,2.220446049250313e-16,2.220446049250313e-16,2.220446049250313e-16,2.220446049250313e-16,2.220446049250313e-16,0.0035950679430238755,0.11458937554372275
119.0,2.220446049250313e-16,2.220446049250313e-16,0.7380408649538178,2.220446049250313e-16,2.220446049250313e-16,2.220446049250313e-16,0.14262615164768788,2.220446049250313e-16,0.428021573980473,2.220446049250313e-16,2.220446049250313e-16,2.220446049250313e-16,2.220446049250313e-16,2.220446049250313e-16,2.220446049250313e-16,0.0035950679430238755,0.11458937554372275
120.0,2.220446049250313e-16,2.220446049250313e-16,0.7380408649538178,2.220446049250313e-16,2.220446049250313e-16,2.220446049250313e-16,0.14262615164768788,2.220446049250313e-16,0.428021573980473,2.220446049250313e-16,2.220446049250313e-16,2.220446049250313e-16,2.220446049250313e-16,2.220446049250313e-16,2.220446049250313e-16,0.0035950679430238755,0.11458937554372275
121.0,2.220446049250313e-16,2.220446049250313e-16,0.7380408649538178,2.220446049250313e-16,2.220446049250313e-16,2.220446049250313e-16,0.14262615164768788,2.220446049250313e-16,0.428021573980473,2.220446049250313e-16,2.220446049250313e-16,2.220446049250313e-16,2.220446049250313e-16,2.220446049250313e-16,2.220446049250313e-16,0.0035950679430238755,0.11458937554372275
122.0,0.2184514622598306,0.28660861925790226,2.220446049250313e-16,2.220446049250313e-16,0.5290790076959181,2.220446049250313e-16,2.220446049250313e-16,2.220446049250313e-16,2.220446049250313e-16,2.220446049250313e-16,0.08808491052476251,2.220446049250313e-16,2.220446049250313e-16,2.220446049250313e-16,0.4289522178446926,2.220446049250313e-16,0.4326677180547444
123.0,2.220446049250313e-16,2.220446049250313e-16,0.6852008617903208,2.220446049250313e-16,2.220446049250313e-16,2.220446049250313e-16,0.16965574055420296,2.220446049250313e-16,0.43584541920363545,2.220446049250313e-16,0.220992957830703,2.220446049250313e-16,2.220446049250313e-16,2.220446049250313e-16,2.220446049250313e-16,0.00693110666206852,0.006056145161186451
124.0,2.220446049250313e-16,2.220446049250313e-16,0.6852008617903208,2.220446049250313e-16,2.220446049250313e-16,2.220446049250313e-16,0.16965574055420296,2.220446049250313e-16,0.43584541920363545,2.220446049250313e-16,0.220992957830703,2.220446049250313e-16,2.220446049250313e-16,2.220446049250313e-16,2.220446049250313e-16,0.00693110666206852,0.006056145161186451
125.0,2.220446049250313e-16,2.220446049250313e-16,0.6852008617903208,2.220446049250313e-16,2.220446049250313e-16,2.220446049250313e-16,0.16965574055420296,2.220446049250313e-16,0.43584541920363545,2.220446049250313e-16,0.220992957830703,2.220446049250313e-16,2.220446049250313e-16,2.220446049250313e-16,2.220446049250313e-16,0.00693110666206852,0.006056145161186451
126.0,2.220446049250313e-16,2.220446049250313e-16,0.014759737498470286,2.220446049250313e-16,0.484791264030918,4.440892098500626e-16,0.4986963869846287,0.5233286245879885,2.220446049250313e-16,0.3160449379698271,0.0033751063210445418,2.220446049250313e-16,0.17679513928927273,2.220446049250313e-16,2.220446049250313e-16,0.3051870734351859,2.220446049250313e-16
127.0,2.220446049250313e-16,2.220446049250313e-16,0.6852008617903208,2.220446049250313e-16,2.220446049250313e-16,2.220446049250313e-16,0.16965574055420296,2.220446049250313e-16,0.43584541920363545,2.220446049250313e-16,0.220992957830703,2.220446049250313e-16,2.220446049250313e-16,2.220446049250313e-16,2.220446049250313e-16,0.00693110666206852,0.006056145161186451
128.0,2.220446049250313e-16,2.220446049250313e-16,0.014759737498470286,2.220446049250313e-16,0.484791264030918,4.440892098500626e-16,0.4986963869846287,0.5233286245879885,2.220446049250313e-16,0.3160449379698271,0.0033751063210445418,2.220446049250313e-16,0.17679513928927273,2.220446049250313e-16,2.220446049250313e-16,0.3051870734351859,2.220446049250313e-16
129.0,0.5236167742613385,0.51373353269037,2.220446049250313e-16,0.390166766444509,0.004090242724066317,0.3928496142887021,2.220446049250313e-16,2.220446049250313e-16,2.220446049250313e-16,2.220446049250313e-16,2.220446049250313e-16,0.3942511319994598,0.015552810535585927,2.220446049250313e-16,2.220446049250313e-16,2.220446049250313e-16,0.44229872364087747
130.0,0.5236167742613385,0.51373353269037,2.220446049250313e-16,0.390166766444509,0.004090242724066317,0.3928496142887021,2.220446049250313e-16,2.220446049250313e-16,2.220446049250313e-16,2.220446049250313e-16,2.220446049250313e-16,0.3942511319994598,0.015552810535585927,2.220446049250313e-16,2.220446049250313e-16,2.220446049250313e-16,0.44229872364087747
131.0,2.220446049250313e-16,2.220446049250313e-16,2.220446049250313e-16,0.3901667664445092,2.220446049250313e-16,0.39284961428870196,0.024632062357144886,0.3080116106655053,1.1102230246251565e-16,2.220446049250313e-16,2.220446049250313e-16,0.39425113199946,0.46056195736850947,0.40625654401608924,2.220446049250313e-16,2.220446049250313e-16,0.42591098323347043
132.0,2.220446049250313e-16,2.220446049250313e-16,2.220446049250313e-16,0.3901667664445092,2.220446049250313e-16,0.39284961428870196,0.024632062357144886,0.3080116106655053,1.1102230246251565e-16,2.220446049250313e-16,2.220446049250313e-16,0.39425113199946,0.46056195736850947,0.40625654401608924,2.220446049250313e-16,2.220446049250313e-16,0.42591098323347043
133.0,0.22761415989837178,0.30614198952288596,2.220446049250313e-16,2.220446049250313e-16,0.5685342832206387,2.220446049250313e-16,2.220446049250313e-16,0.19119662984733082,2.220446049250313e-16,0.45511180701400106,2.220446049250313e-16,2.220446049250313e-16,2.220446049250313e-16,2.220446049250313e-16,0.33813622630103507,2.220446049250313e-16,2.220446049250313e-16
134.0,2.220446049250313e-16,2.220446049250313e-16,0.30882352548732744,2.220446049250313e-16,0.4863503661882943,2.220446049250313e-16,0.36549963109752837,0.010131240574419187,2.220446049250313e-16,0.5543032221038108,0.00536977624492867,2.220446049250313e-16,0.2381718069282843,2.220446049250313e-16,2.220446049250313e-16,0.040295009137813205,2.220446049250313e-16
135.0,2.220446049250313e-16,2.220446049250313e-16,0.30882352548732744,2.220446049250313e-16,0.4863503661882943,2.220446049250313e-16,0.36549963109752837,0.010131240574419187,2.220446049250313e-16,0.5543032221038108,0.00536977624492867,2.220446049250313e-16,0.2381718069282843,2.220446049250313e-16,2.220446049250313e-16,0.040295009137813205,2.220446049250313e-16
136.0,2.220446049250313e-16,2.220446049250313e-16,2.220446049250313e-16,2.220446049250313e-16,0.5010193059878065,2.220446049250313e-16,0.01079095151221765,0.500878293437906,2.220446049250313e-16,0.5396163772893262,0.003173725649060622,2.220446049250313e-16,0.49526860087024144,2.220446049250313e-16,2.220446049250313e-16,0.0314424991250146,2.220446049250313e-16
137.0,2.220446049250313e-16,2.220446049250313e-16,2.220446049250313e-16,2.220446049250313e-16,0.5010193059878065,2.220446049250313e-16,0.01079095151221765,0.500878293437906,2.220446049250313e-16,0.5396163772893262,0.003173725649060622,2.220446049250313e-16,0.49526860087024144,2.220446049250313e-16,2.220446049250313e-16,0.0314424991250146,2.220446049250313e-16
138.0,2.220446049250313e-16,2.220446049250313e-16,0.595959559940068,2.220446049250313e-16,0.4895582771844568,2.220446049250313e-16,0.2150228431683214,2.220446049250313e-16,2.220446049250313e-16,2.220446049250313e-16,2.220446049250313e-16,2.220446049250313e-16,2.220446049250313e-16,2.220446049250313e-16,2.220446049250313e-16,0.47786756777114664,2.220446049250313e-16
139.0,0.519833512717563,0.28176950876724516,0.009108067685003407,2.220446049250313e-16,2.220446049250313e-16,2.220446049250313e-16,2.220446049250313e-16,2.220446049250313e-16,2.220446049250313e-16,2.220446049250313e-16,0.33839257418502655,2.220446049250313e-16,2.220446049250313e-16,2.220446049250313e-16,0.3110197137138814,2.220446049250313e-16,0.5398548990175985
140.0,0.519833512717563,0.28176950876724516,0.009108067685003407,2.220446049250313e-16,2.220446049250313e-16,2.220446049250313e-16,2.220446049250313e-16,2.220446049250313e-16,2.220446049250313e-16,2.220446049250313e-16,0.33839257418502655,2.220446049250313e-16,2.220446049250313e-16,2.220446049250313e-16,0.3110197137138814,2.220446049250313e-16,0.5398548990175985
141.0,2.220446049250313e-16,0.15848076678060968,0.0078050867636910715,0.3901667664445095,2.220446049250313e-16,2.220446049250313e-16,0.024474888389028834,0.023339933045611102,2.220446049250313e-16,2.220446049250313e-16,2.220446049250313e-16,0.3942511319994597,0.5385959070018734,0.4062565440160893,2.220446049250313e-16,2.220446049250313e-16,0.5339579104213797
142.0,2.220446049250313e-16,0.15848076678060968,0.0078050867636910715,0.3901667664445095,2.220446049250313e-16,2.220446049250313e-16,0.024474888389028834,0.023339933045611102,2.220446049250313e-16,2.220446049250313e-16,2.220446049250313e-16,0.3942511319994597,0.5385959070018734,0.4062565440160893,2.220446049250313e-16,2.220446049250313e-16,0.5339579104213797
143.0,0.22770266048957608,2.220446049250313e-16,2.220446049250313e-16,2.220446049250313e-16,0.562065763687229,2.220446049250313e-16,2.220446049250313e-16,0.19166951980983418,2.7755575615628914e-17,0.45545783129529466,2.220446049250313e-16,2.220446049250313e-16,2.220446049250313e-16,2.220446049250313e-16,0.5402658498238303,2.220446049250313e-16,0.005022242761288117
144.0,2.220446049250313e-16,2.220446049250313e-16,0.01599695375514304,0.3901667664445092,0.24746049998728728,2.220446049250313e-16,0.49786544286704176,0.541110638333833,2.220446049250313e-16,0.5705141444025587,0.005764654324572477,2.220446049250313e-16,0.17283610147432493,1.0408340855860843e-17,2.220446049250313e-16,0.04401566689309009,2.220446049250313e-16
145.0,2.220446049250313e-16,2.220446049250313e-16,0.01599695375514304,0.3901667664445092,0.24746049998728728,2.220446049250313e-16,0.49786544286704176,0.541110638333833,2.220446049250313e-16,0.5705141444025587,0.005764654324572477,2.220446049250313e-16,0.17283610147432493,1.0408340855860843e-17,2.220446049250313e-16,0.04401566689309009,2.220446049250313e-16
146.0,2.220446049250313e-16,2.220446049250313e-16,2.220446049250313e-16,2.220446049250313e-16,0.5010193059878065,2.220446049250313e-16,0.01079095151221765,0.500878293437906,2.220446049250313e-16,0.5396163772893262,0.003173725649060622,2.220446049250313e-16,0.49526860087024144,2.220446049250313e-16,2.220446049250313e-16,0.0314424991250146,2.220446049250313e-16
147.0,2.220446049250313e-16,2.220446049250313e-16,2.220446049250313e-16,2.220446049250313e-16,0.5010193059878065,2.220446049250313e-16,0.01079095151221765,0.500878293437906,2.220446049250313e-16,0.5396163772893262,0.003173725649060622,2.220446049250313e-16,0.49526860087024144,2.220446049250313e-16,2.220446049250313e-16,0.0314424991250146,2.220446049250313e-16
148.0,2.220446049250313e-16,2.220446049250313e-16,0.3040924707705194,5.551115123125783e-17,0.5051283042713655,2.220446049250313e-16,0.3417273659207074,0.4651096401562933,2.220446049250313e-16,2.220446049250313e-16,2.220446049250313e-16,2.220446049250313e-16,2.220446049250313e-16,2.220446049250313e-16,2.220446049250313e-16,0.4796626932221255,2.220446049250313e-16
149.0,0.519012184903822,0.19641159218820614,0.05916527293738127,2.220446049250313e-16,2.220446049250313e-16,8.326672684688674e-17,2.220446049250313e-16,2.220446049250313e-16,2.220446049250313e-16,2.220446049250313e-16,2.220446049250313e-16,0.3942511319994598,0.0378961253917481,2.220446049250313e-16,0.19865890937053365,0.0022388806526032435,0.647383071420825
150.0,0.519012184903822,0.19641159218820614,0.05916527293738127,2.220446049250313e-16,2.220446049250313e-16,8.326672684688674e-17,2.220446049250313e-16,2.220446049250313e-16,2.220446049250313e-16,2.220446049250313e-16,2.220446049250313e-16,0.3942511319994598,0.0378961253917481,2.220446049250313e-16,0.19865890937053365,0.0022388806526032435,0.647383071420825
151.0,2.220446049250313e-16,0.15738374003452268,0.0032239127582009974,2.7755575615628914e-16,2.220446049250313e-16,0.39284961428870213,0.026867031254891708,0.023330607566487666,2.220446049250313e-16,2.220446049250313e-16,2.220446049250313e-16,0.39425113199945977,0.5382207697890375,0.40625654401608924,2.220446049250313e-16,2.220446049250313e-16,0.5589717148185618
152.0,2.220446049250313e-16,0.15738374003452268,0.0032239127582009974,2.7755575615628914e-16,2.220446049250313e-16,0.39284961428870213,0.026867031254891708,0.023330607566487666,2.220446049250313e-16,2.220446049250313e-16,2.220446049250313e-16,0.39425113199945977,0.5382207697890375,0.40625654401608924,2.220446049250313e-16,2.220446049250313e-16,0.5589717148185618
153.0,0.5197239186095068,2.220446049250313e-16,0.008322555453356029,2.220446049250313e-16,2.220446049250313e-16,2.220446049250313e-16,2.220446049250313e-16,2.220446049250313e-16,2.220446049250313e-16,2.220446049250313e-16,0.31984330926486887,2.220446049250313e-16,2.220446049250313e-16,2.220446049250313e-16,0.5146069568813801,2.220446049250313e-16,0.5485620785915246
154.0,0.5197239186095068,2.220446049250313e-16,0.008322555453356029,2.220446049250313e-16,2.220446049250313e-16,2.220446049250313e-16,2.220446049250313e-16,2.220446049250313e-16,2.220446049250313e-16,2.220446049250313e-16,0.31984330926486887,2.220446049250313e-16,2.220446049250313e-16,2.220446049250313e-16,0.5146069568813801,2.220446049250313e-16,0.5485620785915246
155.0,2.220446049250313e-16,0.1531871584495754,0.05918075616844598,2.220446049250313e-16,2.220446049250313e-16,2.7755575615628914e-17,2.220446049250313e-16,0.023594792065810284,2.220446049250313e-16,2.220446049250313e-16,0.11348559041934292,9.020562075079397e-17,0.540808380730146,0.4062565440160893,0.08520677867441795,2.220446049250313e-16,0.6469985696034724
156.0,2.220446049250313e-16,0.1531871584495754,0.05918075616844598,2.220446049250313e-16,2.220446049250313e-16,2.7755575615628914e-17,2.220446049250313e-16,0.023594792065810284,2.220446049250313e-16,2.220446049250313e-16,0.11348559041934292,9.020562075079397e-17,0.540808380730146,0.4062565440160893,0.08520677867441795,2.220446049250313e-16,0.6469985696034724
157.0,0.22761415989837178,0.30614198952288596,2.220446049250313e-16,2.220446049250313e-16,0.5685342832206387,2.220446049250313e-16,2.220446049250313e-16,0.19119662984733082,2.220446049250313e-16,0.45511180701400106,2.220446049250313e-16,2.220446049250313e-16,2.220446049250313e-16,2.220446049250313e-16,0.33813622630103507,2.220446049250313e-16,2.220446049250313e-16
158.0,2.220446049250313e-16,2.220446049250313e-16,0.30882352548732744,2.220446049250313e-16,0.4863503661882943,2.220446049250313e-16,0.36549963109752837,0.010131240574419187,2.220446049250313e-16,0.5543032221038108,0.00536977624492867,2.220446049250313e-16,0.2381718069282843,2.220446049250313e-16,2.220446049250313e-16,0.040295009137813205,2.220446049250313e-16
159.0,2.220446049250313e-16,2.220446049250313e-16,0.30882352548732744,2.220446049250313e-16,0.4863503661882943,2.220446049250313e-16,0.36549963109752837,0.010131240574419187,2.220446049250313e-16,0.5543032221038108,0.00536977624492867,2.220446049250313e-16,0.2381718069282843,2.220446049250313e-16,2.220446049250313e-16,0.040295009137813205,2.220446049250313e-16
160.0,2.220446049250313e-16,2.220446049250313e-16,2.220446049250313e-16,2.220446049250313e-16,0.5010193059878065,2.220446049250313e-16,0.01079095151221765,0.500878293437906,2.220446049250313e-16,0.5396163772893262,0.003173725649060622,2.220446049250313e-16,0.49526860087024144,2.220446049250313e-16,2.220446049250313e-16,0.0314424991250146,2.220446049250313e-16
161.0,2.220446049250313e-16,2.220446049250313e-16,2.220446049250313e-16,2.220446049250313e-16,0.5010193059878065,2.220446049250313e-16,0.01079095151221765,0.500878293437906,2.220446049250313e-16,0.5396163772893262,0.003173725649060622,2.220446049250313e-16,0.49526860087024144,2.220446049250313e-16,2.220446049250313e-16,0.0314424991250146,2.220446049250313e-16
162.0,2.220446049250313e-16,2.220446049250313e-16,0.595959559940068,2.220446049250313e-16,0.4895582771844568,2.220446049250313e-16,0.2150228431683214,2.220446049250313e-16,2.220446049250313e-16,2.220446049250313e-16,2.220446049250313e-16,2.220446049250313e-16,2.220446049250313e-16,2.220446049250313e-16,2.220446049250313e-16,0.47786756777114664,2.220446049250313e-16
163.0,0.21786687330592047,0.2868652467836873,2.220446049250313e-16,2.220446049250313e-16,0.5654452996035125,2.220446049250313e-16,2.220446049250313e-16,0.1914224542170852,5.551115123125783e-17,2.220446049250313e-16,2.220446049250313e-16,2.220446049250313e-16,2.220446049250313e-16,2.220446049250313e-16,0.33610676154735325,2.220446049250313e-16,0.42698337149983623
164.0,2.220446049250313e-16,2.220446049250313e-16,0.6200861682497791,0.3901667664445092,2.220446049250313e-16,0.392849614288702,0.20297099903704072,2.220446049250313e-16,0.4454867374003534,2.220446049250313e-16,2.220446049250313e-16,2.220446049250313e-16,2.220446049250313e-16,2.220446049250313e-16,2.220446049250313e-16,2.220446049250313e-16,2.220446049250313e-16
165.0,2.220446049250313e-16,2.220446049250313e-16,0.6200861682497791,0.3901667664445092,2.220446049250313e-16,0.392849614288702,0.20297099903704072,2.220446049250313e-16,0.4454867374003534,2.220446049250313e-16,2.220446049250313e-16,2.220446049250313e-16,2.220446049250313e-16,2.220446049250313e-16,2.220446049250313e-16,2.220446049250313e-16,2.220446049250313e-16
166.0,2.220446049250313e-16,2.220446049250313e-16,0.6200861682497791,0.3901667664445092,2.220446049250313e-16,0.392849614288702,0.20297099903704072,2.220446049250313e-16,0.4454867374003534,2.220446049250313e-16,2.220446049250313e-16,2.220446049250313e-16,2.220446049250313e-16,2.220446049250313e-16,2.220446049250313e-16,2.220446049250313e-16,2.220446049250313e-16
167.0,2.220446049250313e-16,2.220446049250313e-16,0.6200861682497791,0.3901667664445092,2.220446049250313e-16,0.392849614288702,0.20297099903704072,2.220446049250313e-16,0.4454867374003534,2.220446049250313e-16,2.220446049250313e-16,2.220446049250313e-16,2.220446049250313e-16,2.220446049250313e-16,2.220446049250313e-16,2.220446049250313e-16,2.220446049250313e-16
168.0,2.220446049250313e-16,2.220446049250313e-16,0.6200861682497791,0.3901667664445092,2.220446049250313e-16,0.392849614288702,0.20297099903704072,2.220446049250313e-16,0.4454867374003534,2.220446049250313e-16,2.220446049250313e-16,2.220446049250313e-16,2.220446049250313e-16,2.220446049250313e-16,2.220446049250313e-16,2.220446049250313e-16,2.220446049250313e-16
169.0,2.220446049250313e-16,2.220446049250313e-16,0.6200861682497791,0.3901667664445092,2.220446049250313e-16,0.392849614288702,0.20297099903704072,2.220446049250313e-16,0.4454867374003534,2.220446049250313e-16,2.220446049250313e-16,2.220446049250313e-16,2.220446049250313e-16,2.220446049250313e-16,2.220446049250313e-16,2.220446049250313e-16,2.220446049250313e-16
170.0,0.5189641701199191,2.220446049250313e-16,0.060483198639113445,2.220446049250313e-16,2.220446049250313e-16,2.220446049250313e-16,2.220446049250313e-16,2.220446049250313e-16,2.220446049250313e-16,2.220446049250313e-16,0.0782324483188648,2.220446049250313e-16,2.220446049250313e-16,2.220446049250313e-16,0.5360383955362683,0.0025301948310035294,0.6327602533844885
171.0,0.5189641701199191,2.220446049250313e-16,0.060483198639113445,2.220446049250313e-16,2.220446049250313e-16,2.220446049250313e-16,2.220446049250313e-16,2.220446049250313e-16,2.220446049250313e-16,2.220446049250313e-16,0.0782324483188648,2.220446049250313e-16,2.220446049250313e-16,2.220446049250313e-16,0.5360383955362683,0.0025301948310035294,0.6327602533844885
172.0,2.220446049250313e-16,0.1531871584495754,0.05918075616844598,2.220446049250313e-16,2.220446049250313e-16,2.7755575615628914e-17,2.220446049250313e-16,0.023594792065810284,2.220446049250313e-16,2.220446049250313e-16,0.11348559041934292,9.020562075079397e-17,0.540808380730146,0.4062565440160893,0.08520677867441795,2.220446049250313e-16,0.6469985696034724
173.0,2.220446049250313e-16,0.1531871584495754,0.05918075616844598,2.220446049250313e-16,2.220446049250313e-16,2.7755575615628914e-17,2.220446049250313e-16,0.023594792065810284,2.220446049250313e-16,2.220446049250313e-16,0.11348559041934292,9.020562075079397e-17,0.540808380730146,0.4062565440160893,0.08520677867441795,2.220446049250313e-16,0.6469985696034724
174.0,0.2232718381685969,0.2963774133126065,2.220446049250313e-16,2.220446049250313e-16,0.5481261556541662,2.220446049250313e-16,5.551115123125783e-17,2.220446049250313e-16,3.191891195797325e-16,0.2018958281530813,2.220446049250313e-16,0.3942511319994599,2.220446049250313e-16,2.220446049250313e-16,0.3376954262300514,2.220446049250313e-16,0.21628714601529211
175.0,2.220446049250313e-16,2.220446049250313e-16,0.7380408649538178,2.220446049250313e-16,2.220446049250313e-16,2.220446049250313e-16,0.14262615164768788,2.220446049250313e-16,0.428021573980473,2.220446049250313e-16,2.220446049250313e-16,2.220446049250313e-16,2.220446049250313e-16,2.220446049250313e-16,2.220446049250313e-16,0.0035950679430238755,0.11458937554372275
176.0,2.220446049250313e-16,2.220446049250313e-16,0.7380408649538178,2.220446049250313e-16,2.220446049250313e-16,2.220446049250313e-16,0.14262615164768788,2.220446049250313e-16,0.428021573980473,2.220446049250313e-16,2.220446049250313e-16,2.220446049250313e-16,2.220446049250313e-16,2.220446049250313e-16,2.220446049250313e-16,0.0035950679430238755,0.11458937554372275
177.0,2.220446049250313e-16,2.220446049250313e-16,0.7380408649538178,2.220446049250313e-16,2.220446049250313e-16,2.220446049250313e-16,0.14262615164768788,2.220446049250313e-16,0.428021573980473,2.220446049250313e-16,2.220446049250313e-16,2.220446049250313e-16,2.220446049250313e-16,2.220446049250313e-16,2.220446049250313e-16,0.0035950679430238755,0.11458937554372275
178.0,2.220446049250313e-16,2.220446049250313e-16,0.7380408649538178,2.220446049250313e-16,2.220446049250313e-16,2.220446049250313e-16,0.14262615164768788,2.220446049250313e-16,0.428021573980473,2.220446049250313e-16,2.220446049250313e-16,2.220446049250313e-16,2.220446049250313e-16,2.220446049250313e-16,2.220446049250313e-16,0.0035950679430238755,0.11458937554372275
179.0,2.220446049250313e-16,2.220446049250313e-16,0.7380408649538178,2.220446049250313e-16,2.220446049250313e-16,2.220446049250313e-16,0.14262615164768788,2.220446049250313e-16,0.428021573980473,2.220446049250313e-16,2.220446049250313e-16,2.220446049250313e-16,2.220446049250313e-16,2.220446049250313e-16,2.220446049250313e-16,0.0035950679430238755,0.11458937554372275
180.0,2.220446049250313e-16,2.220446049250313e-16,0.7380408649538178,2.220446049250313e-16,2.220446049250313e-16,2.220446049250313e-16,0.14262615164768788,2.220446049250313e-16,0.428021573980473,2.220446049250313e-16,2.220446049250313e-16,2.220446049250313e-16,2.220446049250313e-16,2.220446049250313e-16,2.220446049250313e-16,0.0035950679430238755,0.11458937554372275
181.0,0.5226391698607795,0.5150673285210974,2.220446049250313e-16,0.39016676644450937,0.03498721288066188,0.39284961428870196,2.220446049250313e-16,0.23020231774606573,1.1102230246251565e-16,2.220446049250313e-16,2.220446049250313e-16,2.220446049250313e-16,2.220446049250313e-16,2.220446049250313e-16,2.220446049250313e-16,2.220446049250313e-16,0.4423757623819378
182.0,0.5226391698607795,0.5150673285210974,2.220446049250313e-16,0.39016676644450937,0.03498721288066188,0.39284961428870196,2.220446049250313e-16,0.23020231774606573,1.1102230246251565e-16,2.220446049250313e-16,2.220446049250313e-16,2.220446049250313e-16,2.220446049250313e-16,2.220446049250313e-16,2.220446049250313e-16,2.220446049250313e-16,0.4423757623819378
183.0,2.220446049250313e-16,2.220446049250313e-16,2.220446049250313e-16,0.3901667664445092,0.009761156312759095,0.3928496142887021,0.016307317212379602,0.5427529643059222,1.3877787807814457e-16,2.220446049250313e-16,2.220446049250313e-16,2.220446049250313e-16,0.436492383384452,0.4062565440160892,2.220446049250313e-16,2.220446049250313e-16,0.4261333666619909
184.0,2.220446049250313e-16,2.220446049250313e-16,2.220446049250313e-16,0.3901667664445092,0.009761156312759095,0.3928496142887021,0.016307317212379602,0.5427529643059222,1.3877787807814457e-16,2.220446049250313e-16,2.220446049250313e-16,2.220446049250313e-16,0.436492383384452,0.4062565440160892,2.220446049250313e-16,2.220446049250313e-16,0.4261333666619909
185.0,0.5226391698607795,0.5150673285210974,2.220446049250313e-16,0.39016676644450937,0.03498721288066188,0.39284961428870196,2.220446049250313e-16,0.23020231774606573,1.1102230246251565e-16,2.220446049250313e-16,2.220446049250313e-16,2.220446049250313e-16,2.220446049250313e-16,2.220446049250313e-16,2.220446049250313e-16,2.220446049250313e-16,0.4423757623819378
186.0,0.5226391698607795,0.5150673285210974,2.220446049250313e-16,0.39016676644450937,0.03498721288066188,0.39284961428870196,2.220446049250313e-16,0.23020231774606573,1.1102230246251565e-16,2.220446049250313e-16,2.220446049250313e-16,2.220446049250313e-16,2.220446049250313e-16,2.220446049250313e-16,2.220446049250313e-16,2.220446049250313e-16,0.4423757623819378
187.0,2.220446049250313e-16,2.220446049250313e-16,2.220446049250313e-16,0.3901667664445092,0.009761156312759095,0.3928496142887021,0.016307317212379602,0.5427529643059222,1.3877787807814457e-16,2.220446049250313e-16,2.220446049250313e-16,2.220446049250313e-16,0.436492383384452,0.4062565440160892,2.220446049250313e-16,2.220446049250313e-16,0.4261333666619909
188.0,2.220446049250313e-16,2.220446049250313e-16,2.220446049250313e-16,0.3901667664445092,0.009761156312759095,0.3928496142887021,0.016307317212379602,0.5427529643059222,1.3877787807814457e-16,2.220446049250313e-16,2.220446049250313e-16,2.220446049250313e-16,0.436492383384452,0.4062565440160892,2.220446049250313e-16,2.220446049250313e-16,0.4261333666619909
189.0,0.22770266048957608,2.220446049250313e-16,2.220446049250313e-16,2.220446049250313e-16,0.562065763687229,2.220446049250313e-16,2.220446049250313e-16,0.19166951980983418,2.7755575615628914e-17,0.45545783129529466,2.220446049250313e-16,2.220446049250313e-16,2.220446049250313e-16,2.220446049250313e-16,0.5402658498238303,2.220446049250313e-16,0.005022242761288117
190.0,2.220446049250313e-16,2.220446049250313e-16,0.3088953462495708,0.3901667664445091,0.23509917727809704,1.6653345369377348e-16,0.36490630424276854,0.028796623409193933,2.220446049250313e-16,0.5679551326977288,0.005265035625408888,2.220446049250313e-16,0.23543963237371743,1.0408340855860843e-17,2.220446049250313e-16,0.03949691086718229,2.220446049250313e-16
191.0,2.220446049250313e-16,2.220446049250313e-16,0.3088953462495708,0.3901667664445091,0.23509917727809704,1.6653345369377348e-16,0.36490630424276854,0.028796623409193933,2.220446049250313e-16,0.5679551326977288,0.005265035625408888,2.220446049250313e-16,0.23543963237371743,1.0408340855860843e-17,2.220446049250313e-16,0.03949691086718229,2.220446049250313e-16
192.0,2.220446049250313e-16,2.220446049250313e-16,2.220446049250313e-16,2.220446049250313e-16,0.5010193059878065,2.220446049250313e-16,0.01079095151221765,0.500878293437906,2.220446049250313e-16,0.5396163772893262,0.003173725649060622,2.220446049250313e-16,0.49526860087024144,2.220446049250313e-16,2.220446049250313e-16,0.0314424991250146,2.220446049250313e-16
193.0,2.220446049250313e-16,2.220446049250313e-16,2.220446049250313e-16,2.220446049250313e-16,0.5010193059878065,2.220446049250313e-16,0.01079095151221765,0.500878293437906,2.220446049250313e-16,0.5396163772893262,0.003173725649060622,2.220446049250313e-16,0.49526860087024144,2.220446049250313e-16,2.220446049250313e-16,0.0314424991250146,2.220446049250313e-16
194.0,2.220446049250313e-16,2.220446049250313e-16,0.3040924707705194,5.551115123125783e-17,0.5051283042713656,2.220446049250313e-16,0.3417273659207074,0.4651096401562933,2.220446049250313e-16,2.220446049250313e-16,2.220446049250313e-16,2.220446049250313e-16,2.220446049250313e-16,2.220446049250313e-16,2.220446049250313e-16,0.47966269322212557,2.220446049250313e-16
195.0,0.2283911209609999,2.220446049250313e-16,2.220446049250313e-16,2.220446049250313e-16,0.5255896069092163,2.220446049250313e-16,1.6653345369377348e-16,2.220446049250313e-16,5.551115123125783e-17,0.4566597562299354,0.06715921885516461,2.220446049250313e-16,2.220446049250313e-16,2.220446049250313e-16,0.6350066639634234,2.220446049250313e-16,0.010812547439922379
196.0,2.220446049250313e-16,2.220446049250313e-16,0.6200861682497791,2.220446049250313e-16,1.1102230246251565e-16,2.220446049250313e-16,0.20297099903704033,2.220446049250313e-16,0.44548673740035327,2.220446049250313e-16,0.4602358141405299,2.220446049250313e-16,2.220446049250313e-16,2.220446049250313e-16,2.220446049250313e-16,2.220446049250313e-16,2.220446049250313e-16
197.0,2.220446049250313e-16,2.220446049250313e-16,0.6200861682497791,2.220446049250313e-16,1.1102230246251565e-16,2.220446049250313e-16,0.20297099903704033,2.220446049250313e-16,0.44548673740035327,2.220446049250313e-16,0.4602358141405299,2.220446049250313e-16,2.220446049250313e-16,2.220446049250313e-16,2.220446049250313e-16,2.220446049250313e-16,2.220446049250313e-16
198.0,2.220446049250313e-16,2.220446049250313e-16,0.6200861682497791,2.220446049250313e-16,1.1102230246251565e-16,2.220446049250313e-16,0.20297099903704033,2.220446049250313e-16,0.44548673740035327,2.220446049250313e-16,0.4602358141405299,2.220446049250313e-16,2.220446049250313e-16,2.220446049250313e-16,2.220446049250313e-16,2.220446049250313e-16,2.220446049250313e-16
199.0,2.220446049250313e-16,2.220446049250313e-16,0.6200861682497791,2.220446049250313e-16,1.1102230246251565e-16,2.220446049250313e-16,0.20297099903704033,2.220446049250313e-16,0.44548673740035327,2.220446049250313e-16,0.4602358141405299,2.220446049250313e-16,2.220446049250313e-16,2.220446049250313e-16,2.220446049250313e-16,2.220446049250313e-16,2.220446049250313e-16
200.0,2.220446049250313e-16,2.220446049250313e-16,0.6200861682497791,2.220446049250313e-16,1.1102230246251565e-16,2.220446049250313e-16,0.20297099903704033,2.220446049250313e-16,0.44548673740035327,2.220446049250313e-16,0.4602358141405299,2.220446049250313e-16,2.220446049250313e-16,2.220446049250313e-16,2.220446049250313e-16,2.220446049250313e-16,2.220446049250313e-16
201.0,2.220446049250313e-16,2.220446049250313e-16,0.6200861682497791,2.220446049250313e-16,1.1102230246251565e-16,2.220446049250313e-16,0.20297099903704033,2.220446049250313e-16,0.44548673740035327,2.220446049250313e-16,0.4602358141405299,2.220446049250313e-16,2.220446049250313e-16,2.220446049250313e-16,2.220446049250313e-16,2.220446049250313e-16,2.220446049250313e-16
202.0,0.22761415989837178,0.30614198952288596,2.220446049250313e-16,2.220446049250313e-16,0.5685342832206387,2.220446049250313e-16,2.220446049250313e-16,0.19119662984733082,2.220446049250313e-16,0.45511180701400106,2.220446049250313e-16,2.220446049250313e-16,2.220446049250313e-16,2.220446049250313e-16,0.33813622630103507,2.220446049250313e-16,2.220446049250313e-16
203.0,2.220446049250313e-16,2.220446049250313e-16,0.30882352548732744,2.220446049250313e-16,0.4863503661882943,2.220446049250313e-16,0.36549963109752837,0.010131240574419187,2.220446049250313e-16,0.5543032221038108,0.00536977624492867,2.220446049250313e-16,0.2381718069282843,2.220446049250313e-16,2.220446049250313e-16,0.040295009137813205,2.220446049250313e-16
204.0,2.220446049250313e-16,2.220446049250313e-16,0.30882352548732744,2.220446049250313e-16,0.4863503661882943,2.220446049250313e-16,0.36549963109752837,0.010131240574419187,2.220446049250313e-16,0.5543032221038108,0.00536977624492867,2.220446049250313e-16,0.2381718069282843,2.220446049250313e-16,2.220446049250313e-16,0.040295009137813205,2.220446049250313e-16
205.0,2.220446049250313e-16,2.220446049250313e-16,2.220446049250313e-16,2.220446049250313e-16,0.5010193059878065,2.220446049250313e-16,0.01079095151221765,0.500878293437906,2.220446049250313e-16,0.5396163772893262,0.003173725649060622,2.220446049250313e-16,0.49526860087024144,2.220446049250313e-16,2.220446049250313e-16,0.0314424991250146,2.220446049250313e-16
206.0,2.220446049250313e-16,2.220446049250313e-16,2.220446049250313e-16,2.220446049250313e-16,0.5010193059878065,2.220446049250313e-16,0.01079095151221765,0.500878293437906,2.220446049250313e-16,0.5396163772893262,0.003173725649060622,2.220446049250313e-16,0.49526860087024144,2.220446049250313e-16,2.220446049250313e-16,0.0314424991250146,2.220446049250313e-16
207.0,2.220446049250313e-16,2.220446049250313e-16,0.595959559940068,2.220446049250313e-16,0.4895582771844568,2.220446049250313e-16,0.2150228431683214,2.220446049250313e-16,2.220446049250313e-16,2.220446049250313e-16,2.220446049250313e-16,2.220446049250313e-16,2.220446049250313e-16,2.220446049250313e-16,2.220446049250313e-16,0.47786756777114664,2.220446049250313e-16
208.0,0.23636580592927933,2.220446049250313e-16,2.220446049250313e-16,2.220446049250313e-16,0.28759101770568424,0.3928496142887018,2.220446049250313e-16,2.220446049250313e-16,2.220446049250313e-16,0.4622279315472185,2.220446049250313e-16,0.39425113199946005,2.220446049250313e-16,2.220446049250313e-16,0.5488181102392059,2.220446049250313e-16,0.005268225644142855
209.0,2.220446049250313e-16,2.220446049250313e-16,0.014840792468130564,2.220446049250313e-16,2.220446049250313e-16,0.3928496142887018,0.4978320723695655,0.5595497676205661,2.220446049250313e-16,0.33189321752740564,0.22441030564449907,2.220446049250313e-16,0.16947048197069015,2.220446049250313e-16,2.220446049250313e-16,0.30691179659294815,2.220446049250313e-16
210.0,2.220446049250313e-16,2.220446049250313e-16,0.014840792468130564,2.220446049250313e-16,2.220446049250313e-16,0.3928496142887018,0.4978320723695655,0.5595497676205661,2.220446049250313e-16,0.33189321752740564,0.22441030564449907,2.220446049250313e-16,0.16947048197069015,2.220446049250313e-16,2.220446049250313e-16,0.30691179659294815,2.220446049250313e-16
211.0,0.5200994392502496,0.5242290705061283,2.220446049250313e-16,2.220446049250313e-16,0.26942297417698957,0.392849614288702,2.220446049250313e-16,2.220446049250313e-16,2.220446049250313e-16,0.2086530940242287,2.220446049250313e-16,0.3942511319994598,0.004224773993773616,2.220446049250313e-16,2.220446049250313e-16,2.220446049250313e-16,0.23139527787274908
212.0,0.5200994392502496,0.5242290705061283,2.220446049250313e-16,2.220446049250313e-16,0.26942297417698957,0.392849614288702,2.220446049250313e-16,2.220446049250313e-16,2.220446049250313e-16,0.2086530940242287,2.220446049250313e-16,0.3942511319994598,0.004224773993773616,2.220446049250313e-16,2.220446049250313e-16,2.220446049250313e-16,0.23139527787274908
213.0,2.220446049250313e-16,2.220446049250313e-16,0.06871413500568653,2.7755575615628914e-16,0.0055682378053722404,0.39284961428870235,0.470220841475421,0.559529027043503,2.220446049250313e-16,0.5757230971271241,0.0050718969959803895,2.220446049250313e-16,0.1711294266838546,2.220446049250313e-16,2.220446049250313e-16,0.04290765580384475,0.10337922938000128
214.0,0.5236167742613385,0.51373353269037,2.220446049250313e-16,0.390166766444509,0.004090242724066317,0.3928496142887021,2.220446049250313e-16,2.220446049250313e-16,2.220446049250313e-16,2.220446049250313e-16,2.220446049250313e-16,0.3942511319994598,0.015552810535585927,2.220446049250313e-16,2.220446049250313e-16,2.220446049250313e-16,0.44229872364087747
215.0,0.5236167742613385,0.51373353269037,2.220446049250313e-16,0.390166766444509,0.004090242724066317,0.3928496142887021,2.220446049250313e-16,2.220446049250313e-16,2.220446049250313e-16,2.220446049250313e-16,2.220446049250313e-16,0.3942511319994598,0.015552810535585927,2.220446049250313e-16,2.220446049250313e-16,2.220446049250313e-16,0.44229872364087747
216.0,2.220446049250313e-16,2.220446049250313e-16,2.220446049250313e-16,0.3901667664445092,2.220446049250313e-16,0.39284961428870196,0.024632062357144886,0.3080116106655053,1.1102230246251565e-16,2.220446049250313e-16,2.220446049250313e-16,0.39425113199946,0.46056195736850947,0.40625654401608924,2.220446049250313e-16,2.220446049250313e-16,0.42591098323347043
217.0,2.220446049250313e-16,2.220446049250313e-16,2.220446049250313e-16,0.3901667664445092,2.220446049250313e-16,0.39284961428870196,0.024632062357144886,0.3080116106655053,1.1102230246251565e-16,2.220446049250313e-16,2.220446049250313e-16,0.39425113199946,0.46056195736850947,0.40625654401608924,2.220446049250313e-16,2.220446049250313e-16,0.42591098323347043
218.0,0.5236167742613385,0.51373353269037,2.220446049250313e-16,0.390166766444509,0.004090242724066317,0.3928496142887021,2.220446049250313e-16,2.220446049250313e-16,2.220446049250313e-16,2.220446049250313e-16,2.220446049250313e-16,0.3942511319994598,0.015552810535585927,2.220446049250313e-16,2.220446049250313e-16,2.220446049250313e-16,0.44229872364087747
219.0,0.5236167742613385,0.51373353269037,2.220446049250313e-16,0.390166766444509,0.004090242724066317,0.3928496142887021,2.220446049250313e-16,2.220446049250313e-16,2.220446049250313e-16,2.220446049250313e-16,2.220446049250313e-16,0.3942511319994598,0.015552810535585927,2.220446049250313e-16,2.220446049250313e-16,2.220446049250313e-16,0.44229872364087747
220.0,2.220446049250313e-16,2.220446049250313e-16,2.220446049250313e-16,0.3901667664445092,2.220446049250313e-16,0.39284961428870196,0.024632062357144886,0.3080116106655053,1.1102230246251565e-16,2.220446049250313e-16,2.220446049250313e-16,0.39425113199946,0.46056195736850947,0.40625654401608924,2.220446049250313e-16,2.220446049250313e-16,0.42591098323347043
221.0,2.220446049250313e-16,2.220446049250313e-16,2.220446049250313e-16,0.3901667664445092,2.220446049250313e-16,0.39284961428870196,0.024632062357144886,0.3080116106655053,1.1102230246251565e-16,2.220446049250313e-16,2.220446049250313e-16,0.39425113199946,0.46056195736850947,0.40625654401608924,2.220446049250313e-16,2.220446049250313e-16,0.42591098323347043
