id,x_0,x_1,x_2,x_3,x_4,x_5,x_6,x_7,x_8,x_9,x_10,x_11,x_12,x_13,x_14
0.0,2.220446049250313e-16,0.29159238588879416,0.11858894969828417,2.220446049250313e-16,2.220446049250313e-16,2.220446049250313e-16,0.49274759804987134,0.3707786448059618,2.220446049250313e-16,0.45211270149709176,2.220446049250313e-16,2.220446049250313e-16,0.5507900786428419,2.220446049250313e-16,2.220446049250313e-16
1.0,2.220446049250313e-16,0.33864053079998385,2.220446049250313e-16,2.220446049250313e-16,0.20681613973919824,2.220446049250313e-16,0.4812276408636255,2.220446049250313e-16,0.12598993636873923,0.529199287009239,2.220446049250313e-16,2.220446049250313e-16,2.220446049250313e-16,0.36399459326273037,0.26455691509606233
2.0,2.220446049250313e-16,2.220446049250313e-16,0.577791902164769,1.1102230246251565e-16,2.220446049250313e-16,0.0008315848880456665,0.5932332174020343,0.3713784066585893,2.220446049250313e-16,0.001283341556331844,2.220446049250313e-16,0.09844590332009479,0.5305003282442228,2.220446049250313e-16,2.220446049250313e-16
3.0,0.028065209337899005,1.1102230246251565e-16,0.44094632208082896,0.4145569783793584,0.04006841499682657,2.220446049250313e-16,0.24421070929380137,2.220446049250313e-16,1.4334964530807534e-07,0.05162325678499301,0.048291827551974545,2.220446049250313e-16,0.6661960371871999,2.220446049250313e-16,0.4707800003842436
4.0,2.220446049250313e-16,0.29159238588879405,0.5860414106290249,2.220446049250313e-16,0.08798131425557143,2.220446049250313e-16,0.21586494235145157,0.5030852335013867,2.220446049250313e-16,0.003355990293639167,2.220446049250313e-16,0.30455999168498554,0.3253676418438851,2.220446049250313e-16,2.220446049250313e-16
5.0,0.011218671544603329,0.2012514965735137,0.43986933687484364,0.41615085856389616,0.3167665535736636,0.0014555128411905382,2.220446049250313e-16,0.0941711071463299,2.220446049250313e-16,0.0504818733699907,0.057529621946162575,0.32639274602615054,0.011945313435358984,0.20129055356039313,0.47127076812253715
6.0,0.2865068565923081,2.220446049250313e-16,0.44129102842458867,0.4529948167828537,0.04306223425334805,2.220446049250313e-16,2.220446049250313e-16,2.220446049250313e-16,0.00046472453525673945,0.05186116983818907,0.04103397875976821,2.220446049250313e-16,0.660946861277806,2.220446049250313e-16,0.470674469143915
7.0,0.2865068565923081,2.220446049250313e-16,0.44129102842458867,0.4529948167828537,0.04306223425334805,2.220446049250313e-16,2.220446049250313e-16,2.220446049250313e-16,0.00046472453525673945,0.05186116983818907,0.04103397875976821,2.220446049250313e-16,0.660946861277806,2.220446049250313e-16,0.470674469143915
8.0,0.06668621063009524,2.220446049250313e-16,0.5747264757376817,2.220446049250313e-16,2.220446049250313e-16,0.0004681359426737028,0.4882706361096031,0.3691364894172691,2.220446049250313e-16,0.0008050505873361076,0.044928076505137145,2.220446049250313e-16,0.5939169587723814,2.220446049250313e-16,2.220446049250313e-16
9.0,0.18895705227221993,0.5113313238004513,2.220446049250313e-16,2.220446049250313e-16,0.3180926324166575,2.220446049250313e-16,2.220446049250313e-16,0.09116625898019913,0.0002592059735429078,0.5359616486599698,2.220446049250313e-16,0.4077266009555513,0.12332395284270263,2.220446049250313e-16,0.2625246242465203
10.0,0.1681188329530078,0.5113313238004508,2.220446049250313e-16,2.220446049250313e-16,2.220446049250313e-16,2.220446049250313e-16,2.220446049250313e-16,0.004851052188828205,0.00026086081368917536,0.5320636605640212,2.220446049250313e-16,0.41544322826469743,0.540072004914452,2.220446049250313e-16,0.26420065154473377
11.0,0.2259286428840468,0.04482980001291115,2.220446049250313e-16,2.220446049250313e-16,0.2177026161056297,2.220446049250313e-16,0.33439417000483634,2.220446049250313e-16,0.12594750962712067,0.5293132848433805,2.220446049250313e-16,0.20041618702923994,2.220446049250313e-16,0.38817563978388725,0.26450819421868543
12.0,0.25485669452416154,2.220446049250313e-16,0.4416184361877914,2.220446049250313e-16,0.038394048187599256,2.220446049250313e-16,2.220446049250313e-16,2.220446049250313e-16,0.00046473061875017404,0.05184684012452481,0.04276538869057861,0.4007491432231707,0.6624385712309427,2.220446049250313e-16,0.4706806305252955
13.0,0.30982613314285573,2.220446049250313e-16,0.4563765135385445,0.45078853954846226,0.24623329215595066,2.220446049250313e-16,0.005856350737110179,0.46543444111685356,0.0004516115358116632,0.056500534688178394,0.053930605377382805,2.220446049250313e-16,0.16259210774458688,2.220446049250313e-16,0.46867974788549427
14.0,2.220446049250313e-16,2.220446049250313e-16,0.5676754732976301,0.4172122765532289,0.09546796131721678,2.220446049250313e-16,2.220446049250313e-16,2.220446049250313e-16,2.220446049250313e-16,0.0003513142281132735,0.05020030832185614,0.33160238943842096,0.6868433769311025,2.220446049250313e-16,2.220446049250313e-16
15.0,0.20109899915360943,0.044872763008544925,0.011877671124507926,0.4610754024346746,2.220446049250313e-16,2.220446049250313e-16,0.1108955666587004,2.220446049250313e-16,0.1263763749280184,0.535526781303766,2.220446049250313e-16,0.12551012635376033,0.14942081260011691,0.3877073220768764,0.2618335580350293
16.0,0.01663331237185509,2.220446049250313e-16,0.5666498317734219,2.220446049250313e-16,0.09433809966453736,2.220446049250313e-16,0.20751532643829865,2.220446049250313e-16,2.220446049250313e-16,0.0002358230179034912,0.04543717172725429,0.30280572961865587,0.6828681298796861,2.220446049250313e-16,2.220446049250313e-16
17.0,2.220446049250313e-16,0.2197389379116572,2.220446049250313e-16,0.4172122765532289,0.33021548488336083,2.220446049250313e-16,0.35609630217292826,0.08955194649559695,2.220446049250313e-16,0.5356883853953555,2.220446049250313e-16,0.12378880919411417,0.12300966087780618,2.220446049250313e-16,0.2626439253506103
18.0,2.220446049250313e-16,0.5113313238004513,0.5807338981986798,2.220446049250313e-16,0.3498645420448864,2.220446049250313e-16,0.49551688592704995,0.08698007739142662,2.220446049250313e-16,0.004956695901299516,2.220446049250313e-16,2.220446049250313e-16,0.1209914789732131,2.220446049250313e-16,2.220446049250313e-16
19.0,0.05279392709447666,0.21646422201704418,0.4476286802220911,2.220446049250313e-16,2.220446049250313e-16,0.14031805733084532,0.2645703140985559,0.0019628482504404792,2.220446049250313e-16,0.0012373632106478366,0.19814172755390522,2.220446049250313e-16,0.5790305218529905,0.013367071479826936,2.220446049250313e-16
20.0,2.220446049250313e-16,2.220446049250313e-16,0.5686369392750739,2.220446049250313e-16,0.11340566725220258,2.220446049250313e-16,0.30564516982230644,2.220446049250313e-16,2.220446049250313e-16,0.0007489028996232666,2.220446049250313e-16,0.4659678354363942,0.616199669685906,2.220446049250313e-16,2.220446049250313e-16
21.0,0.029900159185569958,2.220446049250313e-16,2.220446049250313e-16,0.41438337058897995,0.06516628793292487,2.220446049250313e-16,0.2460925094965109,2.220446049250313e-16,2.220446049250313e-16,0.5305510736161096,0.0459285137504852,2.220446049250313e-16,0.6813868959395997,2.220446049250313e-16,0.2648528428120952
22.0,2.220446049250313e-16,2.220446049250313e-16,0.4444103314109186,0.4172122765532289,0.05798509974374438,2.220446049250313e-16,0.061111060230217965,2.220446049250313e-16,0.00034824277390839653,0.05233256266390145,2.220446049250313e-16,0.4974678858258057,0.6051020974576324,2.220446049250313e-16,0.4704725928110008
23.0,0.3223516897542782,2.220446049250313e-16,0.11550324925413663,2.220446049250313e-16,2.220446049250313e-16,0.0003904418213348678,0.24945746388842843,0.3687995397858948,2.220446049250313e-16,0.45179486145184045,0.037073445775912185,0.02597596695037251,0.6074624419561784,2.220446049250313e-16,2.220446049250313e-16
24.0,0.2914437260395128,2.220446049250313e-16,0.5665977209171892,0.45252773099454036,0.10054909723242482,2.220446049250313e-16,0.0006067595872724898,2.220446049250313e-16,2.220446049250313e-16,0.00044611736815177474,0.0365049625754171,2.220446049250313e-16,0.6761571291424352,2.220446049250313e-16,2.220446049250313e-16
25.0,2.220446049250313e-16,2.220446049250313e-16,2.220446049250313e-16,0.41721227655322884,2.220446049250313e-16,0.00041933466676153687,2.220446049250313e-16,0.3687878134148059,0.0002592224046676282,0.5314825402937589,0.057657929186437425,0.33289638086382833,0.6022018271848122,2.220446049250313e-16,0.2644505303467283
26.0,0.14294063430248355,2.220446049250313e-16,2.220446049250313e-16,2.220446049250313e-16,2.220446049250313e-16,0.0008184065136604968,0.056560503946454274,0.37131915184463954,0.00014898051937040806,0.532090637908048,2.220446049250313e-16,0.5854871292929438,0.5325028417355322,4.259671499870091e-05,0.2641898308806279
27.0,2.220446049250313e-16,0.21973893791165722,2.220446049250313e-16,0.41721227655322884,2.220446049250313e-16,2.220446049250313e-16,0.06541385414077164,0.004700276660492775,0.000136433599858482,0.531965328178404,2.220446049250313e-16,0.49771277366644934,0.5451664560587938,2.220446049250313e-16,0.2642437983299651
28.0,2.220446049250313e-16,2.220446049250313e-16,0.442321032974265,2.220446049250313e-16,0.0509254563243523,2.220446049250313e-16,0.6071487991574568,2.220446049250313e-16,2.220446049250313e-16,0.0008750635497801787,0.1021478740050728,0.09593178653781696,0.5924097325032545,0.039549626571114445,2.220446049250313e-16
29.0,0.17248205664627952,0.26701025817097457,0.5725849904857592,2.220446049250313e-16,0.2485366692182545,2.220446049250313e-16,0.04795533899283912,2.220446049250313e-16,2.220446049250313e-16,2.220446049250313e-16,2.220446049250313e-16,0.5776962491404009,2.220446049250313e-16,0.36156187259804984,2.220446049250313e-16
30.0,2.220446049250313e-16,2.220446049250313e-16,0.577791902164769,1.1102230246251565e-16,2.220446049250313e-16,0.0008315848880456665,0.5932332174020343,0.3713784066585893,2.220446049250313e-16,0.001283341556331844,2.220446049250313e-16,0.09844590332009479,0.5305003282442228,2.220446049250313e-16,2.220446049250313e-16
31.0,0.19509454294532383,0.3382806881414408,2.220446049250313e-16,2.220446049250313e-16,0.2069365337334758,2.220446049250313e-16,2.220446049250313e-16,2.220446049250313e-16,0.12685325884177442,0.529572176726175,2.220446049250313e-16,0.4075414300449642,2.220446049250313e-16,0.36791705458661556,0.26439057111430525
32.0,2.220446049250313e-16,2.220446049250313e-16,0.577791902164769,1.1102230246251565e-16,2.220446049250313e-16,0.0008315848880456665,0.5932332174020343,0.3713784066585893,2.220446049250313e-16,0.001283341556331844,2.220446049250313e-16,0.09844590332009479,0.5305003282442228,2.220446049250313e-16,2.220446049250313e-16
33.0,0.16355636054326966,0.21973893791165722,2.220446049250313e-16,2.220446049250313e-16,0.3279417634328452,2.220446049250313e-16,0.06261307418411645,0.08987636651582315,0.0001400829929512455,0.5359223653313652,2.220446049250313e-16,0.5769123632520936,0.12233726039457932,2.220446049250313e-16,0.26254234446349595
34.0,0.2914437260395128,2.220446049250313e-16,0.5665977209171892,0.45252773099454036,0.10054909723242482,2.220446049250313e-16,0.0006067595872724898,2.220446049250313e-16,2.220446049250313e-16,0.00044611736815177474,0.0365049625754171,2.220446049250313e-16,0.6761571291424352,2.220446049250313e-16,2.220446049250313e-16
35.0,2.220446049250313e-16,0.2176591178348878,0.5528908658356403,2.220446049250313e-16,0.5869155640270913,0.1424679950459809,0.3411772298741976,0.05868690372583045,2.220446049250313e-16,2.220446049250313e-16,2.220446049250313e-16,0.12218544042649677,2.220446049250313e-16,2.220446049250313e-16,2.220446049250313e-16
36.0,2.220446049250313e-16,0.5815048023627394,0.587927606703055,2.220446049250313e-16,0.2070825238101488,2.220446049250313e-16,0.4957975403735055,2.220446049250313e-16,2.220446049250313e-16,0.004828531725885144,2.220446049250313e-16,2.220446049250313e-16,0.13464016242104038,0.11191712358330781,2.220446049250313e-16
37.0,2.220446049250313e-16,2.220446049250313e-16,0.577791902164769,1.1102230246251565e-16,2.220446049250313e-16,0.0008315848880456665,0.5932332174020343,0.3713784066585893,2.220446049250313e-16,0.001283341556331844,2.220446049250313e-16,0.09844590332009479,0.5305003282442228,2.220446049250313e-16,2.220446049250313e-16
38.0,2.220446049250313e-16,0.5113313238004513,0.5807338981986798,2.220446049250313e-16,0.3498645420448864,2.220446049250313e-16,0.49551688592704995,0.08698007739142662,2.220446049250313e-16,0.004956695901299516,2.220446049250313e-16,2.220446049250313e-16,0.1209914789732131,2.220446049250313e-16,2.220446049250313e-16
39.0,0.0019582481648733655,0.3402407986227498,0.12277092235928594,2.220446049250313e-16,0.05344421192990313,2.220446049250313e-16,0.4860897784531224,2.220446049250313e-16,0.25511347858105443,0.4495093131616633,2.220446049250313e-16,2.220446049250313e-16,0.0026061630357598346,0.3465508897617056,2.220446049250313e-16
40.0,0.06283894186796278,2.220446049250313e-16,0.5650497232238465,2.220446049250313e-16,0.09591490438613381,2.220446049250313e-16,0.4857247763696968,2.220446049250313e-16,2.220446049250313e-16,9.084193795643861e-05,0.037769516621152285,2.220446049250313e-16,0.6764469977812166,2.220446049250313e-16,2.220446049250313e-16
41.0,2.220446049250313e-16,0.04475254228600255,0.012611053834119978,0.4172122765532289,2.220446049250313e-16,2.220446049250313e-16,0.07232352196993645,2.220446049250313e-16,0.12643235140497283,0.5354797494018271,2.220446049250313e-16,0.4961155250136146,0.15755532091006605,0.38901778686838245,0.26185339087637904
42.0,0.13864305478236405,2.220446049250313e-16,2.220446049250313e-16,2.220446049250313e-16,0.08240326321743097,2.220446049250313e-16,0.05393371375548027,2.220446049250313e-16,0.00015694057535686447,0.5313164161439008,2.220446049250313e-16,0.5854026371819784,0.6154950895670059,0.0001212037010944416,0.26452267174012
43.0,2.220446049250313e-16,2.220446049250313e-16,2.220446049250313e-16,0.41721227655322884,2.220446049250313e-16,0.0007898179933595801,0.06557456789089205,0.37116640085557895,0.00013254743799363556,0.5320353709223135,2.220446049250313e-16,0.49769256476354684,0.5376648932150565,2.220446049250313e-16,0.2642137087323105
44.0,0.14175036197138202,2.220446049250313e-16,0.5694435057167458,2.220446049250313e-16,0.11446378696053894,2.220446049250313e-16,0.05482338715040703,2.220446049250313e-16,2.220446049250313e-16,0.0009395278903576587,2.220446049250313e-16,0.5843484985202615,0.6152611709304328,9.589697108654705e-05,2.220446049250313e-16
45.0,2.220446049250313e-16,0.5113313238004513,0.11819026864861211,2.220446049250313e-16,2.220446049250313e-16,2.220446049250313e-16,0.49259126872553893,0.004311434458879022,2.220446049250313e-16,0.4520470915310904,2.220446049250313e-16,2.220446049250313e-16,0.5583047791066441,2.220446049250313e-16,2.220446049250313e-16
46.0,0.14589832840067019,2.220446049250313e-16,0.5800522408613392,2.220446049250313e-16,2.220446049250313e-16,0.0008082871956503045,0.057632493769033476,0.3712600296026785,2.220446049250313e-16,0.001636954173486086,2.220446049250313e-16,0.5848690692046404,0.5345007845857086,1.6611815255152456e-05,2.220446049250313e-16
47.0,2.220446049250313e-16,0.04504945635689909,0.3343167096277617,8.326672684688674e-17,0.26290970629192456,2.220446049250313e-16,0.5858473656040754,2.220446049250313e-16,0.12500453520246557,0.2287210090413533,2.220446049250313e-16,0.09508877097179666,2.220446049250313e-16,0.3857812779888546,2.220446049250313e-16
48.0,2.220446049250313e-16,2.220446049250313e-16,0.3435829327786141,2.220446049250313e-16,2.220446049250313e-16,0.0007485137509232187,0.3095006527165231,0.3709496857192283,2.220446049250313e-16,0.23133249536474476,2.220446049250313e-16,0.4670201514829834,0.5449885648255753,2.220446049250313e-16,2.220446049250313e-16
49.0,2.220446049250313e-16,0.2197389379116572,0.11730770362177688,2.220446049250313e-16,0.007306554837315182,2.220446049250313e-16,0.5952215709384427,0.00340364798026832,2.220446049250313e-16,0.4519941266329188,2.220446049250313e-16,0.09809684391990345,0.5559132150473175,2.220446049250313e-16,2.220446049250313e-16
50.0,2.220446049250313e-16,0.2915923858887941,0.5681720583239549,2.220446049250313e-16,0.10483303428317091,2.220446049250313e-16,0.48779891134954995,2.220446049250313e-16,2.220446049250313e-16,0.0006382280940756677,2.220446049250313e-16,2.220446049250313e-16,0.6137128266648508,2.220446049250313e-16,2.220446049250313e-16
51.0,2.220446049250313e-16,2.220446049250313e-16,0.5790490102702874,2.220446049250313e-16,2.220446049250313e-16,0.142498864135578,0.35147649306197265,0.37116060343303114,2.220446049250313e-16,0.001431011343219256,2.220446049250313e-16,0.12884553100900895,0.5336333542657992,2.220446049250313e-16,2.220446049250313e-16
52.0,2.220446049250313e-16,0.5113313238004513,0.11966866683291394,2.220446049250313e-16,0.3763326398518563,2.220446049250313e-16,0.4974594963185844,0.08295119618984696,2.220446049250313e-16,0.45574789725612935,2.220446049250313e-16,2.220446049250313e-16,0.1373452753792213,2.220446049250313e-16,2.220446049250313e-16
53.0,2.220446049250313e-16,2.220446049250313e-16,0.3421716261614261,2.220446049250313e-16,2.220446049250313e-16,0.0007772217593604069,0.5943618979914839,0.37109784457163886,2.220446049250313e-16,0.23116999967036125,2.220446049250313e-16,0.09830397771371249,0.5399816703441844,2.220446049250313e-16,2.220446049250313e-16
54.0,2.220446049250313e-16,0.5815048023627394,0.587927606703055,2.220446049250313e-16,0.2070825238101488,2.220446049250313e-16,0.4957975403735055,2.220446049250313e-16,2.220446049250313e-16,0.004828531725885144,2.220446049250313e-16,2.220446049250313e-16,0.13464016242104038,0.11191712358330781,2.220446049250313e-16
55.0,0.0033598340031547142,0.3386431772323272,0.3354617443385791,2.220446049250313e-16,0.2528878990690108,2.220446049250313e-16,0.4831584631712,2.220446049250313e-16,0.1254901462726999,0.22879399452630117,2.220446049250313e-16,2.220446049250313e-16,2.220446049250313e-16,0.3639657458532746,2.220446049250313e-16
56.0,2.220446049250313e-16,2.220446049250313e-16,0.4497098224066647,2.220446049250313e-16,2.220446049250313e-16,0.00012073927307842958,0.6093194340357823,0.3712251138362143,2.220446049250313e-16,0.001623111510177725,0.10682507737835782,0.09634979206494912,0.5063488763414509,0.03917696531428058,2.220446049250313e-16
57.0,2.220446049250313e-16,2.220446049250313e-16,0.577791902164769,1.1102230246251565e-16,2.220446049250313e-16,0.0008315848880456665,0.5932332174020343,0.3713784066585893,2.220446049250313e-16,0.001283341556331844,2.220446049250313e-16,0.09844590332009479,0.5305003282442228,2.220446049250313e-16,2.220446049250313e-16
58.0,2.220446049250313e-16,0.5113032480825013,0.42690337523239563,2.220446049250313e-16,0.5112925054339164,2.220446049250313e-16,0.49591385700260254,0.06803292614406183,2.220446049250313e-16,2.220446049250313e-16,0.11165231752798628,2.220446049250313e-16,2.220446049250313e-16,0.0003060390845396178,2.220446049250313e-16
59.0,2.220446049250313e-16,0.04504945635689909,0.3343167096277617,8.326672684688674e-17,0.26290970629192456,2.220446049250313e-16,0.5858473656040754,2.220446049250313e-16,0.12500453520246557,0.2287210090413533,2.220446049250313e-16,0.09508877097179666,2.220446049250313e-16,0.3857812779888546,2.220446049250313e-16
60.0,2.220446049250313e-16,0.29331895455079576,2.220446049250313e-16,2.220446049250313e-16,0.27497173919869955,0.6640614679230288,2.220446049250313e-16,0.48273175403338736,0.00017837311065252654,2.220446049250313e-16,2.220446049250313e-16,2.220446049250313e-16,0.1470850046232225,2.220446049250313e-16,2.220446049250313e-16
61.0,2.220446049250313e-16,0.0014844766237238022,2.220446049250313e-16,2.220446049250313e-16,2.220446049250313e-16,0.6518336235923591,1.2770324783196854e-05,2.220446049250313e-16,0.6153211927550514,2.220446049250313e-16,2.220446049250313e-16,2.220446049250313e-16,2.220446049250313e-16,0.004584749542951765,2.220446049250313e-16
62.0,2.220446049250313e-16,0.0014844766237238022,2.220446049250313e-16,2.220446049250313e-16,2.220446049250313e-16,0.6518336235923591,1.2770324783196854e-05,2.220446049250313e-16,0.6153211927550514,2.220446049250313e-16,2.220446049250313e-16,2.220446049250313e-16,2.220446049250313e-16,0.004584749542951765,2.220446049250313e-16
63.0,2.220446049250313e-16,0.5431798897472178,2.220446049250313e-16,2.220446049250313e-16,2.220446049250313e-16,0.6386499012896201,2.220446049250313e-16,2.220446049250313e-16,2.220446049250313e-16,2.220446049250313e-16,2.220446049250313e-16,2.220446049250313e-16,2.220446049250313e-16,0.5525416623560653,2.220446049250313e-16
64.0,2.220446049250313e-16,0.5431798897472178,2.220446049250313e-16,2.220446049250313e-16,2.220446049250313e-16,0.6386499012896201,2.220446049250313e-16,2.220446049250313e-16,2.220446049250313e-16,2.220446049250313e-16,2.220446049250313e-16,2.220446049250313e-16,2.220446049250313e-16,0.5525416623560653,2.220446049250313e-16
65.0,2.220446049250313e-16,2.220446049250313e-16,0.45818927057038017,2.220446049250313e-16,2.220446049250313e-16,0.40845277995379486,2.220446049250313e-16,2.220446049250313e-16,0.6164763310772658,2.220446049250313e-16,2.220446049250313e-16,2.220446049250313e-16,2.220446049250313e-16,2.220446049250313e-16,2.220446049250313e-16
66.0,2.220446049250313e-16,2.220446049250313e-16,2.220446049250313e-16,2.220446049250313e-16,0.6996359195337817,0.00031864621001931326,0.3059366909149219,0.03940479361730236,2.220446049250313e-16,2.220446049250313e-16,0.5301206161000485,0.45796835616543585,2.220446049250313e-16,0.009048580047504006,2.220446049250313e-16
67.0,2.220446049250313e-16,2.220446049250313e-16,2.220446049250313e-16,2.220446049250313e-16,0.6996359195337817,0.00031864621001931326,0.3059366909149219,0.03940479361730236,2.220446049250313e-16,2.220446049250313e-16,0.5301206161000485,0.45796835616543585,2.220446049250313e-16,0.009048580047504006,2.220446049250313e-16
68.0,0.2530097677640912,0.026015252308546177,2.220446049250313e-16,2.220446049250313e-16,2.220446049250313e-16,2.220446049250313e-16,2.220446049250313e-16,0.3605402046146748,2.220446049250313e-16,2.220446049250313e-16,0.6138027945421471,0.4004605239771643,0.024095180493052034,0.5932634300849711,2.220446049250313e-16
69.0,0.2530097677640912,0.026015252308546177,2.220446049250313e-16,2.220446049250313e-16,2.220446049250313e-16,2.220446049250313e-16,2.220446049250313e-16,0.3605402046146748,2.220446049250313e-16,2.220446049250313e-16,0.6138027945421471,0.4004605239771643,0.024095180493052034,0.5932634300849711,2.220446049250313e-16
70.0,0.0432685010442232,2.220446049250313e-16,2.220446049250313e-16,2.220446049250313e-16,0.29706516489357915,0.42086327278979463,2.220446049250313e-16,2.220446049250313e-16,0.0012716583739473435,2.220446049250313e-16,0.47107333179263494,2.220446049250313e-16,0.48545497978886337,2.220446049250313e-16,2.220446049250313e-16
71.0,2.220446049250313e-16,2.220446049250313e-16,2.220446049250313e-16,0.41721227655322884,2.220446049250313e-16,2.220446049250313e-16,2.220446049250313e-16,2.220446049250313e-16,0.6154168745291964,0.5292195920719921,2.220446049250313e-16,0.33289638086382867,2.220446049250313e-16,2.220446049250313e-16,0.2611407136379177
72.0,2.220446049250313e-16,2.220446049250313e-16,2.220446049250313e-16,0.41721227655322884,2.220446049250313e-16,2.220446049250313e-16,2.220446049250313e-16,2.220446049250313e-16,0.6154168745291964,0.5292195920719921,2.220446049250313e-16,0.33289638086382867,2.220446049250313e-16,2.220446049250313e-16,0.2611407136379177
73.0,2.220446049250313e-16,2.220446049250313e-16,0.23475126657361126,2.220446049250313e-16,2.220446049250313e-16,0.3901769192160055,0.015223890666465635,2.220446049250313e-16,0.4986131922525194,2.220446049250313e-16,0.14033550583004453,2.220446049250313e-16,2.220446049250313e-16,0.2643973230018427,2.220446049250313e-16
74.0,2.220446049250313e-16,2.220446049250313e-16,0.23475126657361126,2.220446049250313e-16,2.220446049250313e-16,0.3901769192160055,0.015223890666465635,2.220446049250313e-16,0.4986131922525194,2.220446049250313e-16,0.14033550583004453,2.220446049250313e-16,2.220446049250313e-16,0.2643973230018427,2.220446049250313e-16
75.0,2.220446049250313e-16,2.220446049250313e-16,2.220446049250313e-16,0.41721227655322884,2.220446049250313e-16,2.220446049250313e-16,2.220446049250313e-16,2.220446049250313e-16,0.6154168745291964,0.5292195920719921,2.220446049250313e-16,0.33289638086382867,2.220446049250313e-16,2.220446049250313e-16,0.2611407136379177
76.0,2.220446049250313e-16,2.220446049250313e-16,2.220446049250313e-16,0.41721227655322884,2.220446049250313e-16,2.220446049250313e-16,2.220446049250313e-16,2.220446049250313e-16,0.6154168745291964,0.5292195920719921,2.220446049250313e-16,0.33289638086382867,2.220446049250313e-16,2.220446049250313e-16,0.2611407136379177
77.0,0.5761706476639803,2.220446049250313e-16,0.07899033510436798,0.008376946128809272,0.587813971281122,0.000977929366678557,2.220446049250313e-16,2.220446049250313e-16,2.220446049250313e-16,2.220446049250313e-16,0.4362321604075645,0.007900457436037824,0.28167412288799354,2.220446049250313e-16,2.220446049250313e-16
78.0,0.5761706476639803,2.220446049250313e-16,0.07899033510436798,0.008376946128809272,0.587813971281122,0.000977929366678557,2.220446049250313e-16,2.220446049250313e-16,2.220446049250313e-16,2.220446049250313e-16,0.4362321604075645,0.007900457436037824,0.28167412288799354,2.220446049250313e-16,2.220446049250313e-16
79.0,0.5732715992589567,2.220446049250313e-16,2.220446049250313e-16,0.008651230130867604,0.09266399709074709,2.220446049250313e-16,0.0016368963222766065,0.4862171899057072,2.220446049250313e-16,2.220446049250313e-16,0.6131188891177013,0.014069154258509034,0.0016733833661161507,0.4329005128224113,2.220446049250313e-16
80.0,0.5732715992589567,2.220446049250313e-16,2.220446049250313e-16,0.008651230130867604,0.09266399709074709,2.220446049250313e-16,0.0016368963222766065,0.4862171899057072,2.220446049250313e-16,2.220446049250313e-16,0.6131188891177013,0.014069154258509034,0.0016733833661161507,0.4329005128224113,2.220446049250313e-16
81.0,2.220446049250313e-16,0.29331895455079576,2.220446049250313e-16,2.220446049250313e-16,0.27497173919869955,0.6640614679230288,2.220446049250313e-16,0.48273175403338736,0.00017837311065252654,2.220446049250313e-16,2.220446049250313e-16,2.220446049250313e-16,0.1470850046232225,2.220446049250313e-16,2.220446049250313e-16
82.0,2.220446049250313e-16,0.0014844766237238022,2.220446049250313e-16,2.220446049250313e-16,2.220446049250313e-16,0.6518336235923591,1.2770324783196854e-05,2.220446049250313e-16,0.6153211927550514,2.220446049250313e-16,2.220446049250313e-16,2.220446049250313e-16,2.220446049250313e-16,0.004584749542951765,2.220446049250313e-16
83.0,2.220446049250313e-16,0.0014844766237238022,2.220446049250313e-16,2.220446049250313e-16,2.220446049250313e-16,0.6518336235923591,1.2770324783196854e-05,2.220446049250313e-16,0.6153211927550514,2.220446049250313e-16,2.220446049250313e-16,2.220446049250313e-16,2.220446049250313e-16,0.004584749542951765,2.220446049250313e-16
84.0,2.220446049250313e-16,0.5431798897472178,2.220446049250313e-16,2.220446049250313e-16,2.220446049250313e-16,0.6386499012896201,2.220446049250313e-16,2.220446049250313e-16,2.220446049250313e-16,2.220446049250313e-16,2.220446049250313e-16,2.220446049250313e-16,2.220446049250313e-16,0.5525416623560653,2.220446049250313e-16
85.0,2.220446049250313e-16,0.5431798897472178,2.220446049250313e-16,2.220446049250313e-16,2.220446049250313e-16,0.6386499012896201,2.220446049250313e-16,2.220446049250313e-16,2.220446049250313e-16,2.220446049250313e-16,2.220446049250313e-16,2.220446049250313e-16,2.220446049250313e-16,0.5525416623560653,2.220446049250313e-16
86.0,2.220446049250313e-16,2.220446049250313e-16,0.45818927057038017,2.220446049250313e-16,2.220446049250313e-16,0.40845277995379486,2.220446049250313e-16,2.220446049250313e-16,0.6164763310772658,2.220446049250313e-16,2.220446049250313e-16,2.220446049250313e-16,2.220446049250313e-16,2.220446049250313e-16,2.220446049250313e-16
87.0,0.0432685010442232,2.220446049250313e-16,2.220446049250313e-16,2.220446049250313e-16,0.29706516489357915,0.42086327278979463,2.220446049250313e-16,2.220446049250313e-16,0.0012716583739473435,2.220446049250313e-16,0.47107333179263494,2.220446049250313e-16,0.48545497978886337,2.220446049250313e-16,2.220446049250313e-16
88.0,0.22802893689770604,2.220446049250313e-16,2.220446049250313e-16,0.4585275142770118,2.220446049250313e-16,2.220446049250313e-16,2.220446049250313e-16,2.220446049250313e-16,0.6154168745291964,0.529219592071992,2.220446049250313e-16,2.220446049250313e-16,2.220446049250313e-16,2.220446049250313e-16,0.26114071363791774
89.0,0.22802893689770604,2.220446049250313e-16,2.220446049250313e-16,0.4585275142770118,2.220446049250313e-16,2.220446049250313e-16,2.220446049250313e-16,2.220446049250313e-16,0.6154168745291964,0.529219592071992,2.220446049250313e-16,2.220446049250313e-16,2.220446049250313e-16,2.220446049250313e-16,0.26114071363791774
90.0,2.220446049250313e-16,2.220446049250313e-16,0.23475126657361126,2.220446049250313e-16,2.220446049250313e-16,0.3901769192160055,0.015223890666465635,2.220446049250313e-16,0.4986131922525194,2.220446049250313e-16,0.14033550583004453,2.220446049250313e-16,2.220446049250313e-16,0.2643973230018427,2.220446049250313e-16
91.0,2.220446049250313e-16,2.220446049250313e-16,0.23475126657361126,2.220446049250313e-16,2.220446049250313e-16,0.3901769192160055,0.015223890666465635,2.220446049250313e-16,0.4986131922525194,2.220446049250313e-16,0.14033550583004453,2.220446049250313e-16,2.220446049250313e-16,0.2643973230018427,2.220446049250313e-16
92.0,0.22802893689770604,2.220446049250313e-16,2.220446049250313e-16,0.4585275142770118,2.220446049250313e-16,2.220446049250313e-16,2.220446049250313e-16,2.220446049250313e-16,0.6154168745291964,0.529219592071992,2.220446049250313e-16,2.220446049250313e-16,2.220446049250313e-16,2.220446049250313e-16,0.26114071363791774
93.0,0.22802893689770604,2.220446049250313e-16,2.220446049250313e-16,0.4585275142770118,2.220446049250313e-16,2.220446049250313e-16,2.220446049250313e-16,2.220446049250313e-16,0.6154168745291964,0.529219592071992,2.220446049250313e-16,2.220446049250313e-16,2.220446049250313e-16,2.220446049250313e-16,0.26114071363791774
94.0,0.05881154107919584,0.0018683333330983265,2.220446049250313e-16,2.220446049250313e-16,0.04744664711943731,0.6543505661555672,1.4251200241547991e-05,2.220446049250313e-16,0.00022100340077877938,0.000978566305738064,0.05049937096827378,2.220446049250313e-16,0.6854809946647301,2.220446049250313e-16,2.220446049250313e-16
95.0,0.22802893689770604,2.220446049250313e-16,2.220446049250313e-16,0.4585275142770118,2.220446049250313e-16,2.220446049250313e-16,2.220446049250313e-16,2.220446049250313e-16,0.6154168745291964,0.529219592071992,2.220446049250313e-16,2.220446049250313e-16,2.220446049250313e-16,2.220446049250313e-16,0.26114071363791774
96.0,0.22802893689770604,2.220446049250313e-16,2.220446049250313e-16,0.4585275142770118,2.220446049250313e-16,2.220446049250313e-16,2.220446049250313e-16,2.220446049250313e-16,0.6154168745291964,0.529219592071992,2.220446049250313e-16,2.220446049250313e-16,2.220446049250313e-16,2.220446049250313e-16,0.26114071363791774
97.0,0.22802893689770604,2.220446049250313e-16,2.220446049250313e-16,0.4585275142770118,2.220446049250313e-16,2.220446049250313e-16,2.220446049250313e-16,2.220446049250313e-16,0.6154168745291964,0.529219592071992,2.220446049250313e-16,2.220446049250313e-16,2.220446049250313e-16,2.220446049250313e-16,0.26114071363791774
98.0,0.22802893689770604,2.220446049250313e-16,2.220446049250313e-16,0.4585275142770118,2.220446049250313e-16,2.220446049250313e-16,2.220446049250313e-16,2.220446049250313e-16,0.6154168745291964,0.529219592071992,2.220446049250313e-16,2.220446049250313e-16,2.220446049250313e-16,2.220446049250313e-16,0.26114071363791774
99.0,0.0006496159065929237,0.3377283037786123,0.36074386815932485,2.220446049250313e-16,0.034492172415492316,0.2501422576611944,0.24651977076421944,2.220446049250313e-16,0.25464634335628866,2.220446049250313e-16,2.220446049250313e-16,2.220446049250313e-16,2.220446049250313e-16,0.36583979709524117,2.220446049250313e-16
100.0,0.0006496159065929237,0.3377283037786123,0.36074386815932485,2.220446049250313e-16,0.034492172415492316,0.2501422576611944,0.24651977076421944,2.220446049250313e-16,0.25464634335628866,2.220446049250313e-16,2.220446049250313e-16,2.220446049250313e-16,2.220446049250313e-16,0.36583979709524117,2.220446049250313e-16
101.0,0.30301472288757647,0.006827066508091173,0.10514624748963593,0.4514329788966452,0.3355738610468557,0.23413685339660706,0.005057865469921751,2.220446049250313e-16,2.220446049250313e-16,0.0025752043908641967,0.02807030712023746,2.220446049250313e-16,0.49078932108764395,0.012816358136253838,2.220446049250313e-16
102.0,0.30301472288757647,0.006827066508091173,0.10514624748963593,0.4514329788966452,0.3355738610468557,0.23413685339660706,0.005057865469921751,2.220446049250313e-16,2.220446049250313e-16,0.0025752043908641967,0.02807030712023746,2.220446049250313e-16,0.49078932108764395,0.012816358136253838,2.220446049250313e-16
103.0,0.5732715992589567,2.220446049250313e-16,2.220446049250313e-16,0.008651230130867604,0.09266399709074709,2.220446049250313e-16,0.0016368963222766065,0.4862171899057072,2.220446049250313e-16,2.220446049250313e-16,0.6131188891177013,0.014069154258509034,0.0016733833661161507,0.4329005128224113,2.220446049250313e-16
104.0,0.5732715992589567,2.220446049250313e-16,2.220446049250313e-16,0.008651230130867604,0.09266399709074709,2.220446049250313e-16,0.0016368963222766065,0.4862171899057072,2.220446049250313e-16,2.220446049250313e-16,0.6131188891177013,0.014069154258509034,0.0016733833661161507,0.4329005128224113,2.220446049250313e-16
105.0,0.32194461741753566,0.0067338293433418794,0.08211660134196386,0.449641988714752,0.7356861623795804,0.24248784456459652,2.220446049250313e-16,0.03575925783147227,2.220446049250313e-16,2.220446049250313e-16,0.02732667506181849,2.220446049250313e-16,0.09096700120408299,0.012503788312197736,2.220446049250313e-16
106.0,0.32194461741753566,0.0067338293433418794,0.08211660134196386,0.449641988714752,0.7356861623795804,0.24248784456459652,2.220446049250313e-16,0.03575925783147227,2.220446049250313e-16,2.220446049250313e-16,0.02732667506181849,2.220446049250313e-16,0.09096700120408299,0.012503788312197736,2.220446049250313e-16
107.0,0.5732715992589567,2.220446049250313e-16,2.220446049250313e-16,0.008651230130867604,0.09266399709074709,2.220446049250313e-16,0.0016368963222766065,0.4862171899057072,2.220446049250313e-16,2.220446049250313e-16,0.6131188891177013,0.014069154258509034,0.0016733833661161507,0.4329005128224113,2.220446049250313e-16
108.0,0.5732715992589567,2.220446049250313e-16,2.220446049250313e-16,0.008651230130867604,0.09266399709074709,2.220446049250313e-16,0.0016368963222766065,0.4862171899057072,2.220446049250313e-16,2.220446049250313e-16,0.6131188891177013,0.014069154258509034,0.0016733833661161507,0.4329005128224113,2.220446049250313e-16
109.0,2.220446049250313e-16,0.2921822591701764,2.220446049250313e-16,2.220446049250313e-16,0.29081982222425085,0.5426751994032641,2.220446049250313e-16,0.4793746789060045,0.0007240589800162749,2.220446049250313e-16,0.19479829673855337,2.220446049250313e-16,0.13889477866775923,2.220446049250313e-16,2.220446049250313e-16
110.0,2.220446049250313e-16,0.0014844766237238022,2.220446049250313e-16,2.220446049250313e-16,2.220446049250313e-16,0.6518336235923591,1.2770324783196854e-05,2.220446049250313e-16,0.6153211927550514,2.220446049250313e-16,2.220446049250313e-16,2.220446049250313e-16,2.220446049250313e-16,0.004584749542951765,2.220446049250313e-16
111.0,2.220446049250313e-16,0.0014844766237238022,2.220446049250313e-16,2.220446049250313e-16,2.220446049250313e-16,0.6518336235923591,1.2770324783196854e-05,2.220446049250313e-16,0.6153211927550514,2.220446049250313e-16,2.220446049250313e-16,2.220446049250313e-16,2.220446049250313e-16,0.004584749542951765,2.220446049250313e-16
112.0,2.220446049250313e-16,0.5431798897472178,2.220446049250313e-16,2.220446049250313e-16,2.220446049250313e-16,0.6386499012896201,2.220446049250313e-16,2.220446049250313e-16,2.220446049250313e-16,2.220446049250313e-16,2.220446049250313e-16,2.220446049250313e-16,2.220446049250313e-16,0.5525416623560653,2.220446049250313e-16
113.0,2.220446049250313e-16,0.5431798897472178,2.220446049250313e-16,2.220446049250313e-16,2.220446049250313e-16,0.6386499012896201,2.220446049250313e-16,2.220446049250313e-16,2.220446049250313e-16,2.220446049250313e-16,2.220446049250313e-16,2.220446049250313e-16,2.220446049250313e-16,0.5525416623560653,2.220446049250313e-16
114.0,2.220446049250313e-16,2.220446049250313e-16,0.45818927057038017,2.220446049250313e-16,2.220446049250313e-16,0.40845277995379486,2.220446049250313e-16,2.220446049250313e-16,0.6164763310772658,2.220446049250313e-16,2.220446049250313e-16,2.220446049250313e-16,2.220446049250313e-16,2.220446049250313e-16,2.220446049250313e-16
115.0,0.03440832526861901,2.220446049250313e-16,2.220446049250313e-16,2.220446049250313e-16,0.06636747858220626,0.41061669505560533,2.220446049250313e-16,2.220446049250313e-16,0.0013165817313674174,0.0011180270098634345,0.47812375062741674,2.220446049250313e-16,0.6694379159890317,2.220446049250313e-16,2.220446049250313e-16
116.0,2.220446049250313e-16,0.5632255669755888,2.220446049250313e-16,2.220446049250313e-16,0.19287815947912085,0.2400843537243363,0.4992150526067762,2.220446049250313e-16,2.220446049250313e-16,2.220446049250313e-16,0.09432462724809824,2.220446049250313e-16,2.220446049250313e-16,0.39745804507200744,2.220446049250313e-16
117.0,0.22802893689770604,2.220446049250313e-16,2.220446049250313e-16,0.4585275142770118,2.220446049250313e-16,2.220446049250313e-16,2.220446049250313e-16,2.220446049250313e-16,0.6154168745291964,0.529219592071992,2.220446049250313e-16,2.220446049250313e-16,2.220446049250313e-16,2.220446049250313e-16,0.26114071363791774
118.0,2.220446049250313e-16,0.5632255669755888,2.220446049250313e-16,2.220446049250313e-16,0.19287815947912085,0.2400843537243363,0.4992150526067762,2.220446049250313e-16,2.220446049250313e-16,2.220446049250313e-16,0.09432462724809824,2.220446049250313e-16,2.220446049250313e-16,0.39745804507200744,2.220446049250313e-16
119.0,2.220446049250313e-16,0.3400762050021205,0.5844330389349255,0.4172122765532288,0.028534125395902117,2.220446049250313e-16,0.24528619167305193,2.220446049250313e-16,0.25600598918120737,2.220446049250313e-16,2.220446049250313e-16,2.220446049250313e-16,2.220446049250313e-16,0.34834504088788887,2.220446049250313e-16
120.0,0.22802893689770604,2.220446049250313e-16,2.220446049250313e-16,0.4585275142770118,2.220446049250313e-16,2.220446049250313e-16,2.220446049250313e-16,2.220446049250313e-16,0.6154168745291964,0.529219592071992,2.220446049250313e-16,2.220446049250313e-16,2.220446049250313e-16,2.220446049250313e-16,0.26114071363791774
121.0,2.220446049250313e-16,0.3400762050021205,0.5844330389349255,0.4172122765532288,0.028534125395902117,2.220446049250313e-16,0.24528619167305193,2.220446049250313e-16,0.25600598918120737,2.220446049250313e-16,2.220446049250313e-16,2.220446049250313e-16,2.220446049250313e-16,0.34834504088788887,2.220446049250313e-16
122.0,0.07115701360181523,0.0016682414111937605,2.220446049250313e-16,2.220446049250313e-16,0.10563936620762943,0.6680568935716105,2.220446049250313e-16,0.35928287802317127,0.0001604118754559365,2.220446049250313e-16,0.05526325388587402,2.220446049250313e-16,0.42605203924750484,2.220446049250313e-16,2.220446049250313e-16
123.0,0.5126078964964832,2.220446049250313e-16,2.220446049250313e-16,0.014390728355378381,2.220446049250313e-16,2.220446049250313e-16,2.220446049250313e-16,2.220446049250313e-16,0.6154168745291964,0.5292195920719922,2.220446049250313e-16,0.026254482721155412,2.220446049250313e-16,2.220446049250313e-16,0.2611407136379178
124.0,0.5126078964964832,2.220446049250313e-16,2.220446049250313e-16,0.014390728355378381,2.220446049250313e-16,2.220446049250313e-16,2.220446049250313e-16,2.220446049250313e-16,0.6154168745291964,0.5292195920719922,2.220446049250313e-16,0.026254482721155412,2.220446049250313e-16,2.220446049250313e-16,0.2611407136379178
125.0,0.5126078964964832,2.220446049250313e-16,2.220446049250313e-16,0.014390728355378381,2.220446049250313e-16,2.220446049250313e-16,2.220446049250313e-16,2.220446049250313e-16,0.6154168745291964,0.5292195920719922,2.220446049250313e-16,0.026254482721155412,2.220446049250313e-16,2.220446049250313e-16,0.2611407136379178
126.0,0.5126078964964832,2.220446049250313e-16,2.220446049250313e-16,0.014390728355378381,2.220446049250313e-16,2.220446049250313e-16,2.220446049250313e-16,2.220446049250313e-16,0.6154168745291964,0.5292195920719922,2.220446049250313e-16,0.026254482721155412,2.220446049250313e-16,2.220446049250313e-16,0.2611407136379178
127.0,0.5126078964964832,2.220446049250313e-16,2.220446049250313e-16,0.014390728355378381,2.220446049250313e-16,2.220446049250313e-16,2.220446049250313e-16,2.220446049250313e-16,0.6154168745291964,0.5292195920719922,2.220446049250313e-16,0.026254482721155412,2.220446049250313e-16,2.220446049250313e-16,0.2611407136379178
128.0,0.5126078964964832,2.220446049250313e-16,2.220446049250313e-16,0.014390728355378381,2.220446049250313e-16,2.220446049250313e-16,2.220446049250313e-16,2.220446049250313e-16,0.6154168745291964,0.5292195920719922,2.220446049250313e-16,0.026254482721155412,2.220446049250313e-16,2.220446049250313e-16,0.2611407136379178
129.0,0.5761706476639803,2.220446049250313e-16,0.07899033510436798,0.008376946128809272,0.587813971281122,0.000977929366678557,2.220446049250313e-16,2.220446049250313e-16,2.220446049250313e-16,2.220446049250313e-16,0.4362321604075645,0.007900457436037824,0.28167412288799354,2.220446049250313e-16,2.220446049250313e-16
130.0,0.5761706476639803,2.220446049250313e-16,0.07899033510436798,0.008376946128809272,0.587813971281122,0.000977929366678557,2.220446049250313e-16,2.220446049250313e-16,2.220446049250313e-16,2.220446049250313e-16,0.4362321604075645,0.007900457436037824,0.28167412288799354,2.220446049250313e-16,2.220446049250313e-16
131.0,0.5732715992589567,2.220446049250313e-16,2.220446049250313e-16,0.008651230130867604,0.09266399709074709,2.220446049250313e-16,0.0016368963222766065,0.4862171899057072,2.220446049250313e-16,2.220446049250313e-16,0.6131188891177013,0.014069154258509034,0.0016733833661161507,0.4329005128224113,2.220446049250313e-16
132.0,0.5732715992589567,2.220446049250313e-16,2.220446049250313e-16,0.008651230130867604,0.09266399709074709,2.220446049250313e-16,0.0016368963222766065,0.4862171899057072,2.220446049250313e-16,2.220446049250313e-16,0.6131188891177013,0.014069154258509034,0.0016733833661161507,0.4329005128224113,2.220446049250313e-16
133.0,2.220446049250313e-16,0.002652652657138668,2.220446049250313e-16,1.1102230246251565e-16,0.06865703925305687,0.2414940277304286,0.6093984294071138,2.220446049250313e-16,2.220446049250313e-16,0.0011924694104510883,0.0988901990214005,0.095375617592658,0.6106563430135793,0.057148761179598884,2.220446049250313e-16
134.0,0.24573702237517345,0.5629670557832253,2.220446049250313e-16,2.220446049250313e-16,0.19498018726015068,0.23998623735142086,0.2572225767309524,2.220446049250313e-16,2.220446049250313e-16,2.220446049250313e-16,0.08724395462688338,0.034126712944273815,2.220446049250313e-16,0.40029155710092035,2.220446049250313e-16
135.0,0.24573702237517345,0.5629670557832253,2.220446049250313e-16,2.220446049250313e-16,0.19498018726015068,0.23998623735142086,0.2572225767309524,2.220446049250313e-16,2.220446049250313e-16,2.220446049250313e-16,0.08724395462688338,0.034126712944273815,2.220446049250313e-16,0.40029155710092035,2.220446049250313e-16
136.0,2.220446049250313e-16,0.0032715159730795965,2.220446049250313e-16,2.220446049250313e-16,0.5012719162666157,0.523325747489369,0.3411582893037199,0.4360657076447665,2.220446049250313e-16,2.220446049250313e-16,2.220446049250313e-16,0.12333825224249993,2.220446049250313e-16,0.005554716876208631,2.220446049250313e-16
137.0,2.220446049250313e-16,0.0032715159730795965,2.220446049250313e-16,2.220446049250313e-16,0.5012719162666157,0.523325747489369,0.3411582893037199,0.4360657076447665,2.220446049250313e-16,2.220446049250313e-16,2.220446049250313e-16,0.12333825224249993,2.220446049250313e-16,0.005554716876208631,2.220446049250313e-16
138.0,2.220446049250313e-16,0.35572093031601815,0.4552418680708836,2.220446049250313e-16,2.220446049250313e-16,2.220446049250313e-16,0.5004194247667053,2.220446049250313e-16,0.37218786670467635,2.220446049250313e-16,0.12278319625647852,2.220446049250313e-16,2.220446049250313e-16,0.1778098680572174,2.220446049250313e-16
139.0,0.15136572078451208,2.220446049250313e-16,0.08467153141207928,2.220446049250313e-16,0.7720009626772737,2.220446049250313e-16,0.03977382689749755,0.030490649817615092,2.220446049250313e-16,2.220446049250313e-16,0.37767910013174166,0.5757574638239908,0.015618108066429043,2.220446049250313e-16,2.220446049250313e-16
140.0,0.15136572078451208,2.220446049250313e-16,0.08467153141207928,2.220446049250313e-16,0.7720009626772737,2.220446049250313e-16,0.03977382689749755,0.030490649817615092,2.220446049250313e-16,2.220446049250313e-16,0.37767910013174166,0.5757574638239908,0.015618108066429043,2.220446049250313e-16,2.220446049250313e-16
141.0,0.2541122766290254,2.220446049250313e-16,2.220446049250313e-16,2.220446049250313e-16,0.08689471164367712,2.220446049250313e-16,2.220446049250313e-16,0.48651925015785263,2.220446049250313e-16,2.220446049250313e-16,0.6280855653865207,0.39940137193853326,0.01346248503609978,0.4336843138789099,2.220446049250313e-16
142.0,0.2541122766290254,2.220446049250313e-16,2.220446049250313e-16,2.220446049250313e-16,0.08689471164367712,2.220446049250313e-16,2.220446049250313e-16,0.48651925015785263,2.220446049250313e-16,2.220446049250313e-16,0.6280855653865207,0.39940137193853326,0.01346248503609978,0.4336843138789099,2.220446049250313e-16
143.0,2.220446049250313e-16,0.29331895455079576,2.220446049250313e-16,2.220446049250313e-16,0.27497173919869955,0.6640614679230288,2.220446049250313e-16,0.48273175403338736,0.00017837311065252654,2.220446049250313e-16,2.220446049250313e-16,2.220446049250313e-16,0.1470850046232225,2.220446049250313e-16,2.220446049250313e-16
144.0,2.220446049250313e-16,0.0014844766237238022,2.220446049250313e-16,2.220446049250313e-16,2.220446049250313e-16,0.6518336235923591,1.2770324783196854e-05,2.220446049250313e-16,0.6153211927550514,2.220446049250313e-16,2.220446049250313e-16,2.220446049250313e-16,2.220446049250313e-16,0.004584749542951765,2.220446049250313e-16
145.0,2.220446049250313e-16,0.0014844766237238022,2.220446049250313e-16,2.220446049250313e-16,2.220446049250313e-16,0.6518336235923591,1.2770324783196854e-05,2.220446049250313e-16,0.6153211927550514,2.220446049250313e-16,2.220446049250313e-16,2.220446049250313e-16,2.220446049250313e-16,0.004584749542951765,2.220446049250313e-16
146.0,2.220446049250313e-16,0.5431798897472178,2.220446049250313e-16,2.220446049250313e-16,2.220446049250313e-16,0.6386499012896201,2.220446049250313e-16,2.220446049250313e-16,2.220446049250313e-16,2.220446049250313e-16,2.220446049250313e-16,2.220446049250313e-16,2.220446049250313e-16,0.5525416623560653,2.220446049250313e-16
147.0,2.220446049250313e-16,0.5431798897472178,2.220446049250313e-16,2.220446049250313e-16,2.220446049250313e-16,0.6386499012896201,2.220446049250313e-16,2.220446049250313e-16,2.220446049250313e-16,2.220446049250313e-16,2.220446049250313e-16,2.220446049250313e-16,2.220446049250313e-16,0.5525416623560653,2.220446049250313e-16
148.0,2.220446049250313e-16,2.220446049250313e-16,0.45818927057038017,2.220446049250313e-16,2.220446049250313e-16,0.40845277995379486,2.220446049250313e-16,2.220446049250313e-16,0.6164763310772658,2.220446049250313e-16,2.220446049250313e-16,2.220446049250313e-16,2.220446049250313e-16,2.220446049250313e-16,2.220446049250313e-16
149.0,2.220446049250313e-16,2.220446049250313e-16,2.220446049250313e-16,2.220446049250313e-16,0.6996359195337817,0.00031864621001931326,0.3059366909149219,0.03940479361730236,2.220446049250313e-16,2.220446049250313e-16,0.5301206161000485,0.45796835616543585,2.220446049250313e-16,0.009048580047504006,2.220446049250313e-16
150.0,2.220446049250313e-16,2.220446049250313e-16,2.220446049250313e-16,2.220446049250313e-16,0.6996359195337817,0.00031864621001931326,0.3059366909149219,0.03940479361730236,2.220446049250313e-16,2.220446049250313e-16,0.5301206161000485,0.45796835616543585,2.220446049250313e-16,0.009048580047504006,2.220446049250313e-16
151.0,0.13539552474193536,0.025432954563255672,2.220446049250313e-16,2.220446049250313e-16,2.220446049250313e-16,2.220446049250313e-16,0.056765228220666354,0.3619106472900903,2.220446049250313e-16,2.220446049250313e-16,0.5329719460542205,0.5855716919070411,2.220446049250313e-16,0.5996107608715203,2.220446049250313e-16
152.0,0.13539552474193536,0.025432954563255672,2.220446049250313e-16,2.220446049250313e-16,2.220446049250313e-16,2.220446049250313e-16,0.056765228220666354,0.3619106472900903,2.220446049250313e-16,2.220446049250313e-16,0.5329719460542205,0.5855716919070411,2.220446049250313e-16,0.5996107608715203,2.220446049250313e-16
153.0,0.5761706476639802,2.220446049250313e-16,0.07899033510436804,0.008376946128809161,0.587813971281122,0.0009779293666785953,2.220446049250313e-16,2.220446049250313e-16,2.220446049250313e-16,2.220446049250313e-16,0.4362321604075646,0.007900457436037824,0.2816741228879936,2.220446049250313e-16,2.220446049250313e-16
154.0,0.5761706476639802,2.220446049250313e-16,0.07899033510436804,0.008376946128809161,0.587813971281122,0.0009779293666785953,2.220446049250313e-16,2.220446049250313e-16,2.220446049250313e-16,2.220446049250313e-16,0.4362321604075646,0.007900457436037824,0.2816741228879936,2.220446049250313e-16,2.220446049250313e-16
155.0,0.5732715992589567,2.220446049250313e-16,2.220446049250313e-16,0.008651230130867604,0.09266399709074709,2.220446049250313e-16,0.0016368963222766065,0.4862171899057072,2.220446049250313e-16,2.220446049250313e-16,0.6131188891177013,0.014069154258509034,0.0016733833661161507,0.4329005128224113,2.220446049250313e-16
156.0,0.5732715992589567,2.220446049250313e-16,2.220446049250313e-16,0.008651230130867604,0.09266399709074709,2.220446049250313e-16,0.0016368963222766065,0.4862171899057072,2.220446049250313e-16,2.220446049250313e-16,0.6131188891177013,0.014069154258509034,0.0016733833661161507,0.4329005128224113,2.220446049250313e-16
157.0,2.220446049250313e-16,0.2921822591701764,2.220446049250313e-16,2.220446049250313e-16,0.29081982222425085,0.5426751994032641,2.220446049250313e-16,0.4793746789060045,0.0007240589800162749,2.220446049250313e-16,0.19479829673855337,2.220446049250313e-16,0.13889477866775923,2.220446049250313e-16,2.220446049250313e-16
158.0,2.220446049250313e-16,0.0014844766237238022,2.220446049250313e-16,2.220446049250313e-16,2.220446049250313e-16,0.6518336235923591,1.2770324783196854e-05,2.220446049250313e-16,0.6153211927550514,2.220446049250313e-16,2.220446049250313e-16,2.220446049250313e-16,2.220446049250313e-16,0.004584749542951765,2.220446049250313e-16
159.0,2.220446049250313e-16,0.0014844766237238022,2.220446049250313e-16,2.220446049250313e-16,2.220446049250313e-16,0.6518336235923591,1.2770324783196854e-05,2.220446049250313e-16,0.6153211927550514,2.220446049250313e-16,2.220446049250313e-16,2.220446049250313e-16,2.220446049250313e-16,0.004584749542951765,2.220446049250313e-16
160.0,2.220446049250313e-16,0.5431798897472178,2.220446049250313e-16,2.220446049250313e-16,2.220446049250313e-16,0.6386499012896201,2.220446049250313e-16,2.220446049250313e-16,2.220446049250313e-16,2.220446049250313e-16,2.220446049250313e-16,2.220446049250313e-16,2.220446049250313e-16,0.5525416623560653,2.220446049250313e-16
161.0,2.220446049250313e-16,0.5431798897472178,2.220446049250313e-16,2.220446049250313e-16,2.220446049250313e-16,0.6386499012896201,2.220446049250313e-16,2.220446049250313e-16,2.220446049250313e-16,2.220446049250313e-16,2.220446049250313e-16,2.220446049250313e-16,2.220446049250313e-16,0.5525416623560653,2.220446049250313e-16
162.0,2.220446049250313e-16,2.220446049250313e-16,0.45818927057038017,2.220446049250313e-16,2.220446049250313e-16,0.40845277995379486,2.220446049250313e-16,2.220446049250313e-16,0.6164763310772658,2.220446049250313e-16,2.220446049250313e-16,2.220446049250313e-16,2.220446049250313e-16,2.220446049250313e-16,2.220446049250313e-16
163.0,2.220446049250313e-16,2.220446049250313e-16,2.220446049250313e-16,2.220446049250313e-16,0.31900464913179766,0.42082601641344786,0.07523484402119511,2.220446049250313e-16,0.001128670976079069,2.220446049250313e-16,0.38714953781915196,0.15925760391367108,0.42159356432275313,2.220446049250313e-16,2.220446049250313e-16
164.0,2.220446049250313e-16,0.3338866779928118,0.23334606954103307,2.220446049250313e-16,2.220446049250313e-16,0.24384558772893059,0.25380273792160907,2.220446049250313e-16,0.2572538626093405,2.220446049250313e-16,0.12476904235474583,2.220446049250313e-16,2.220446049250313e-16,0.4087173954575668,2.220446049250313e-16
165.0,2.220446049250313e-16,2.220446049250313e-16,2.220446049250313e-16,0.41721227655322884,2.220446049250313e-16,2.220446049250313e-16,2.220446049250313e-16,2.220446049250313e-16,0.6154168745291964,0.5292195920719921,2.220446049250313e-16,0.33289638086382867,2.220446049250313e-16,2.220446049250313e-16,0.2611407136379177
166.0,2.220446049250313e-16,0.3338866779928118,0.23334606954103307,2.220446049250313e-16,2.220446049250313e-16,0.24384558772893059,0.25380273792160907,2.220446049250313e-16,0.2572538626093405,2.220446049250313e-16,0.12476904235474583,2.220446049250313e-16,2.220446049250313e-16,0.4087173954575668,2.220446049250313e-16
167.0,2.220446049250313e-16,0.3338866779928118,0.23334606954103307,2.220446049250313e-16,2.220446049250313e-16,0.24384558772893059,0.25380273792160907,2.220446049250313e-16,0.2572538626093405,2.220446049250313e-16,0.12476904235474583,2.220446049250313e-16,2.220446049250313e-16,0.4087173954575668,2.220446049250313e-16
168.0,2.220446049250313e-16,2.220446049250313e-16,2.220446049250313e-16,0.41721227655322884,2.220446049250313e-16,2.220446049250313e-16,2.220446049250313e-16,2.220446049250313e-16,0.6154168745291964,0.5292195920719921,2.220446049250313e-16,0.33289638086382867,2.220446049250313e-16,2.220446049250313e-16,0.2611407136379177
169.0,2.220446049250313e-16,0.3338866779928118,0.23334606954103307,2.220446049250313e-16,2.220446049250313e-16,0.24384558772893059,0.25380273792160907,2.220446049250313e-16,0.2572538626093405,2.220446049250313e-16,0.12476904235474583,2.220446049250313e-16,2.220446049250313e-16,0.4087173954575668,2.220446049250313e-16
170.0,0.4706568191644702,1.6653345369377348e-16,0.08328735498620268,0.01835979260465709,0.7776025782058552,2.220446049250313e-16,0.08074898693535104,0.03023527855564636,2.220446049250313e-16,2.220446049250313e-16,0.3618843654745132,0.1854579396240268,0.0032377402083924103,2.220446049250313e-16,2.220446049250313e-16
171.0,0.4706568191644702,1.6653345369377348e-16,0.08328735498620268,0.01835979260465709,0.7776025782058552,2.220446049250313e-16,0.08074898693535104,0.03023527855564636,2.220446049250313e-16,2.220446049250313e-16,0.3618843654745132,0.1854579396240268,0.0032377402083924103,2.220446049250313e-16,2.220446049250313e-16
172.0,0.2541122766290254,2.220446049250313e-16,2.220446049250313e-16,2.220446049250313e-16,0.08689471164367712,2.220446049250313e-16,2.220446049250313e-16,0.48651925015785263,2.220446049250313e-16,2.220446049250313e-16,0.6280855653865207,0.39940137193853326,0.01346248503609978,0.4336843138789099,2.220446049250313e-16
173.0,0.2541122766290254,2.220446049250313e-16,2.220446049250313e-16,2.220446049250313e-16,0.08689471164367712,2.220446049250313e-16,2.220446049250313e-16,0.48651925015785263,2.220446049250313e-16,2.220446049250313e-16,0.6280855653865207,0.39940137193853326,0.01346248503609978,0.4336843138789099,2.220446049250313e-16
174.0,0.07115701360181523,0.0016682414111937605,2.220446049250313e-16,2.220446049250313e-16,0.10563936620762943,0.6680568935716105,2.220446049250313e-16,0.35928287802317127,0.0001604118754559365,2.220446049250313e-16,0.05526325388587402,2.220446049250313e-16,0.42605203924750484,2.220446049250313e-16,2.220446049250313e-16
175.0,0.5126078964964832,2.220446049250313e-16,2.220446049250313e-16,0.014390728355378381,2.220446049250313e-16,2.220446049250313e-16,2.220446049250313e-16,2.220446049250313e-16,0.6154168745291964,0.5292195920719922,2.220446049250313e-16,0.026254482721155412,2.220446049250313e-16,2.220446049250313e-16,0.2611407136379178
176.0,0.5126078964964832,2.220446049250313e-16,2.220446049250313e-16,0.014390728355378381,2.220446049250313e-16,2.220446049250313e-16,2.220446049250313e-16,2.220446049250313e-16,0.6154168745291964,0.5292195920719922,2.220446049250313e-16,0.026254482721155412,2.220446049250313e-16,2.220446049250313e-16,0.2611407136379178
177.0,0.5126078964964832,2.220446049250313e-16,2.220446049250313e-16,0.014390728355378381,2.220446049250313e-16,2.220446049250313e-16,2.220446049250313e-16,2.220446049250313e-16,0.6154168745291964,0.5292195920719922,2.220446049250313e-16,0.026254482721155412,2.220446049250313e-16,2.220446049250313e-16,0.2611407136379178
178.0,0.5126078964964832,2.220446049250313e-16,2.220446049250313e-16,0.014390728355378381,2.220446049250313e-16,2.220446049250313e-16,2.220446049250313e-16,2.220446049250313e-16,0.6154168745291964,0.5292195920719922,2.220446049250313e-16,0.026254482721155412,2.220446049250313e-16,2.220446049250313e-16,0.2611407136379178
179.0,0.5126078964964832,2.220446049250313e-16,2.220446049250313e-16,0.014390728355378381,2.220446049250313e-16,2.220446049250313e-16,2.220446049250313e-16,2.220446049250313e-16,0.6154168745291964,0.5292195920719922,2.220446049250313e-16,0.026254482721155412,2.220446049250313e-16,2.220446049250313e-16,0.2611407136379178
180.0,0.5126078964964832,2.220446049250313e-16,2.220446049250313e-16,0.014390728355378381,2.220446049250313e-16,2.220446049250313e-16,2.220446049250313e-16,2.220446049250313e-16,0.6154168745291964,0.5292195920719922,2.220446049250313e-16,0.026254482721155412,2.220446049250313e-16,2.220446049250313e-16,0.2611407136379178
181.0,0.5867001456345152,2.220446049250313e-16,0.08113285154960359,0.007380732047654884,0.7563608976483365,2.220446049250313e-16,2.220446049250313e-16,0.030606534166853702,2.220446049250313e-16,2.220446049250313e-16,0.4425274284643128,0.003895332288830694,0.06465982611547891,2.220446049250313e-16,2.220446049250313e-16
182.0,0.5867001456345152,2.220446049250313e-16,0.08113285154960359,0.007380732047654884,0.7563608976483365,2.220446049250313e-16,2.220446049250313e-16,0.030606534166853702,2.220446049250313e-16,2.220446049250313e-16,0.4425274284643128,0.003895332288830694,0.06465982611547891,2.220446049250313e-16,2.220446049250313e-16
183.0,0.5732715992589567,2.220446049250313e-16,2.220446049250313e-16,0.008651230130867604,0.09266399709074709,2.220446049250313e-16,0.0016368963222766065,0.4862171899057072,2.220446049250313e-16,2.220446049250313e-16,0.6131188891177013,0.014069154258509034,0.0016733833661161507,0.4329005128224113,2.220446049250313e-16
184.0,0.5732715992589567,2.220446049250313e-16,2.220446049250313e-16,0.008651230130867604,0.09266399709074709,2.220446049250313e-16,0.0016368963222766065,0.4862171899057072,2.220446049250313e-16,2.220446049250313e-16,0.6131188891177013,0.014069154258509034,0.0016733833661161507,0.4329005128224113,2.220446049250313e-16
185.0,0.010114811862126738,2.220446049250313e-16,2.220446049250313e-16,2.220446049250313e-16,0.6782152826634883,0.0004909787081968612,0.2069513826777237,0.03979256245920081,2.220446049250313e-16,2.220446049250313e-16,0.6166469257564974,0.2960214403800196,0.06005228574826334,0.0034146411709650277,2.220446049250313e-16
186.0,0.010114811862126738,2.220446049250313e-16,2.220446049250313e-16,2.220446049250313e-16,0.6782152826634883,0.0004909787081968612,0.2069513826777237,0.03979256245920081,2.220446049250313e-16,2.220446049250313e-16,0.6166469257564974,0.2960214403800196,0.06005228574826334,0.0034146411709650277,2.220446049250313e-16
187.0,0.5721134709638036,0.026089849221202943,2.220446049250313e-16,0.008760802659267623,2.220446049250313e-16,2.220446049250313e-16,0.0012854601373869956,0.36099398013705675,2.220446049250313e-16,2.220446049250313e-16,0.5991872036949388,0.015259839174597266,0.012778773557967948,0.5924502871797834,2.220446049250313e-16
188.0,0.5721134709638036,0.026089849221202943,2.220446049250313e-16,0.008760802659267623,2.220446049250313e-16,2.220446049250313e-16,0.0012854601373869956,0.36099398013705675,2.220446049250313e-16,2.220446049250313e-16,0.5991872036949388,0.015259839174597266,0.012778773557967948,0.5924502871797834,2.220446049250313e-16
189.0,2.220446049250313e-16,0.002652652657138668,2.220446049250313e-16,1.1102230246251565e-16,0.06865703925305687,0.2414940277304286,0.6093984294071138,2.220446049250313e-16,2.220446049250313e-16,0.0011924694104510883,0.0988901990214005,0.095375617592658,0.6106563430135793,0.057148761179598884,2.220446049250313e-16
190.0,2.220446049250313e-16,0.33939346568288314,0.36051151545778515,0.4172122765532288,0.03874379879824297,0.10826578643523092,0.24643782547857027,2.220446049250313e-16,0.2552254046060547,2.220446049250313e-16,2.220446049250313e-16,2.220446049250313e-16,2.220446049250313e-16,0.3702656446755666,2.220446049250313e-16
191.0,0.24573702237517345,0.5629670557832254,2.220446049250313e-16,2.220446049250313e-16,0.19498018726015073,0.2399862373514209,0.25722257673095245,2.220446049250313e-16,2.220446049250313e-16,2.220446049250313e-16,0.08724395462688336,0.0341267129442738,2.220446049250313e-16,0.4002915571009203,2.220446049250313e-16
192.0,2.220446049250313e-16,2.220446049250313e-16,2.220446049250313e-16,2.220446049250313e-16,0.524007011550847,0.13788448012291532,0.5737906529951339,0.4302064395626157,2.220446049250313e-16,2.220446049250313e-16,0.38792917325562004,0.09378820926888168,2.220446049250313e-16,2.220446049250313e-16,2.220446049250313e-16
193.0,2.220446049250313e-16,2.220446049250313e-16,2.220446049250313e-16,2.220446049250313e-16,0.7011257792888904,0.00031633907077538437,0.5908093002672573,0.03925239016394251,2.220446049250313e-16,2.220446049250313e-16,0.5243248486061082,0.08923272882744573,2.220446049250313e-16,0.007890034046192287,2.220446049250313e-16
194.0,2.220446049250313e-16,0.25315166621020635,2.220446049250313e-16,2.220446049250313e-16,2.220446049250313e-16,0.36312435442255153,0.5829362454689465,2.220446049250313e-16,2.220446049250313e-16,2.220446049250313e-16,2.220446049250313e-16,0.09865594755087606,2.220446049250313e-16,0.5793361501892056,2.220446049250313e-16
195.0,2.220446049250313e-16,0.0014049514435136076,2.220446049250313e-16,2.220446049250313e-16,0.1255582882078295,0.6679977712365376,0.08717369969331241,0.35895911002502423,2.220446049250313e-16,2.220446049250313e-16,2.220446049250313e-16,0.16037297449934806,0.3620394599196932,0.0028793978660003284,2.220446049250313e-16
196.0,0.19539085408920678,2.220446049250313e-16,2.220446049250313e-16,2.220446049250313e-16,2.220446049250313e-16,2.220446049250313e-16,2.220446049250313e-16,2.220446049250313e-16,0.615408174426429,0.5292195983506471,2.220446049250313e-16,0.4109855300630712,2.220446049250313e-16,0.0006538094972494032,0.2611407715097958
197.0,0.19539085408920678,2.220446049250313e-16,2.220446049250313e-16,2.220446049250313e-16,2.220446049250313e-16,2.220446049250313e-16,2.220446049250313e-16,2.220446049250313e-16,0.615408174426429,0.5292195983506471,2.220446049250313e-16,0.4109855300630712,2.220446049250313e-16,0.0006538094972494032,0.2611407715097958
198.0,0.19539085408920678,2.220446049250313e-16,2.220446049250313e-16,2.220446049250313e-16,2.220446049250313e-16,2.220446049250313e-16,2.220446049250313e-16,2.220446049250313e-16,0.615408174426429,0.5292195983506471,2.220446049250313e-16,0.4109855300630712,2.220446049250313e-16,0.0006538094972494032,0.2611407715097958
199.0,0.19539085408920678,2.220446049250313e-16,2.220446049250313e-16,2.220446049250313e-16,2.220446049250313e-16,2.220446049250313e-16,2.220446049250313e-16,2.220446049250313e-16,0.615408174426429,0.5292195983506471,2.220446049250313e-16,0.4109855300630712,2.220446049250313e-16,0.0006538094972494032,0.2611407715097958
200.0,0.19539085408920678,2.220446049250313e-16,2.220446049250313e-16,2.220446049250313e-16,2.220446049250313e-16,2.220446049250313e-16,2.220446049250313e-16,2.220446049250313e-16,0.615408174426429,0.5292195983506471,2.220446049250313e-16,0.4109855300630712,2.220446049250313e-16,0.0006538094972494032,0.2611407715097958
201.0,0.19539085408920678,2.220446049250313e-16,2.220446049250313e-16,2.220446049250313e-16,2.220446049250313e-16,2.220446049250313e-16,2.220446049250313e-16,2.220446049250313e-16,0.615408174426429,0.5292195983506471,2.220446049250313e-16,0.4109855300630712,2.220446049250313e-16,0.0006538094972494032,0.2611407715097958
202.0,2.220446049250313e-16,0.2921822591701764,2.220446049250313e-16,2.220446049250313e-16,0.29081982222425085,0.5426751994032641,2.220446049250313e-16,0.4793746789060045,0.0007240589800162749,2.220446049250313e-16,0.19479829673855337,2.220446049250313e-16,0.13889477866775923,2.220446049250313e-16,2.220446049250313e-16
203.0,2.220446049250313e-16,0.0014844766237238022,2.220446049250313e-16,2.220446049250313e-16,2.220446049250313e-16,0.6518336235923591,1.2770324783196854e-05,2.220446049250313e-16,0.6153211927550514,2.220446049250313e-16,2.220446049250313e-16,2.220446049250313e-16,2.220446049250313e-16,0.004584749542951765,2.220446049250313e-16
204.0,2.220446049250313e-16,0.0014844766237238022,2.220446049250313e-16,2.220446049250313e-16,2.220446049250313e-16,0.6518336235923591,1.2770324783196854e-05,2.220446049250313e-16,0.6153211927550514,2.220446049250313e-16,2.220446049250313e-16,2.220446049250313e-16,2.220446049250313e-16,0.004584749542951765,2.220446049250313e-16
205.0,2.220446049250313e-16,0.5431798897472178,2.220446049250313e-16,2.220446049250313e-16,2.220446049250313e-16,0.6386499012896201,2.220446049250313e-16,2.220446049250313e-16,2.220446049250313e-16,2.220446049250313e-16,2.220446049250313e-16,2.220446049250313e-16,2.220446049250313e-16,0.5525416623560653,2.220446049250313e-16
206.0,2.220446049250313e-16,0.5431798897472178,2.220446049250313e-16,2.220446049250313e-16,2.220446049250313e-16,0.6386499012896201,2.220446049250313e-16,2.220446049250313e-16,2.220446049250313e-16,2.220446049250313e-16,2.220446049250313e-16,2.220446049250313e-16,2.220446049250313e-16,0.5525416623560653,2.220446049250313e-16
207.0,2.220446049250313e-16,2.220446049250313e-16,0.45818927057038017,2.220446049250313e-16,2.220446049250313e-16,0.40845277995379486,2.220446049250313e-16,2.220446049250313e-16,0.6164763310772658,2.220446049250313e-16,2.220446049250313e-16,2.220446049250313e-16,2.220446049250313e-16,2.220446049250313e-16,2.220446049250313e-16
208.0,2.220446049250313e-16,0.2921822591701764,2.220446049250313e-16,2.220446049250313e-16,0.29081982222425085,0.5426751994032641,2.220446049250313e-16,0.4793746789060045,0.0007240589800162749,2.220446049250313e-16,0.19479829673855337,2.220446049250313e-16,0.13889477866775923,2.220446049250313e-16,2.220446049250313e-16
209.0,2.220446049250313e-16,0.0014844766237238022,2.220446049250313e-16,2.220446049250313e-16,2.220446049250313e-16,0.6518336235923591,1.2770324783196854e-05,2.220446049250313e-16,0.6153211927550514,2.220446049250313e-16,2.220446049250313e-16,2.220446049250313e-16,2.220446049250313e-16,0.004584749542951765,2.220446049250313e-16
210.0,2.220446049250313e-16,0.0014844766237238022,2.220446049250313e-16,2.220446049250313e-16,2.220446049250313e-16,0.6518336235923591,1.2770324783196854e-05,2.220446049250313e-16,0.6153211927550514,2.220446049250313e-16,2.220446049250313e-16,2.220446049250313e-16,2.220446049250313e-16,0.004584749542951765,2.220446049250313e-16
211.0,2.220446049250313e-16,0.5431798897472178,2.220446049250313e-16,2.220446049250313e-16,2.220446049250313e-16,0.6386499012896201,2.220446049250313e-16,2.220446049250313e-16,2.220446049250313e-16,2.220446049250313e-16,2.220446049250313e-16,2.220446049250313e-16,2.220446049250313e-16,0.5525416623560653,2.220446049250313e-16
212.0,2.220446049250313e-16,0.5431798897472178,2.220446049250313e-16,2.220446049250313e-16,2.220446049250313e-16,0.6386499012896201,2.220446049250313e-16,2.220446049250313e-16,2.220446049250313e-16,2.220446049250313e-16,2.220446049250313e-16,2.220446049250313e-16,2.220446049250313e-16,0.5525416623560653,2.220446049250313e-16
213.0,2.220446049250313e-16,2.220446049250313e-16,0.45818927057038017,2.220446049250313e-16,2.220446049250313e-16,0.40845277995379486,2.220446049250313e-16,2.220446049250313e-16,0.6164763310772658,2.220446049250313e-16,2.220446049250313e-16,2.220446049250313e-16,2.220446049250313e-16,2.220446049250313e-16,2.220446049250313e-16
214.0,2.220446049250313e-16,2.220446049250313e-16,2.220446049250313e-16,2.220446049250313e-16,0.6996359195337817,0.00031864621001931326,0.3059366909149219,0.03940479361730236,2.220446049250313e-16,2.220446049250313e-16,0.5301206161000485,0.45796835616543585,2.220446049250313e-16,0.009048580047504006,2.220446049250313e-16
215.0,2.220446049250313e-16,2.220446049250313e-16,2.220446049250313e-16,2.220446049250313e-16,0.6996359195337817,0.00031864621001931326,0.3059366909149219,0.03940479361730236,2.220446049250313e-16,2.220446049250313e-16,0.5301206161000485,0.45796835616543585,2.220446049250313e-16,0.009048580047504006,2.220446049250313e-16
216.0,0.13539552474193536,0.025432954563255672,2.220446049250313e-16,2.220446049250313e-16,2.220446049250313e-16,2.220446049250313e-16,0.056765228220666354,0.3619106472900903,2.220446049250313e-16,2.220446049250313e-16,0.5329719460542205,0.5855716919070411,2.220446049250313e-16,0.5996107608715203,2.220446049250313e-16
217.0,0.13539552474193536,0.025432954563255672,2.220446049250313e-16,2.220446049250313e-16,2.220446049250313e-16,2.220446049250313e-16,0.056765228220666354,0.3619106472900903,2.220446049250313e-16,2.220446049250313e-16,0.5329719460542205,0.5855716919070411,2.220446049250313e-16,0.5996107608715203,2.220446049250313e-16
218.0,2.220446049250313e-16,2.220446049250313e-16,2.220446049250313e-16,2.220446049250313e-16,0.7074188861416327,0.13467271333503272,0.5722758122362164,0.039474904617835226,2.220446049250313e-16,2.220446049250313e-16,0.3787314252849299,0.09149269203978741,2.220446049250313e-16,2.220446049250313e-16,2.220446049250313e-16
219.0,2.220446049250313e-16,2.220446049250313e-16,2.220446049250313e-16,2.220446049250313e-16,0.7074188861416327,0.13467271333503272,0.5722758122362164,0.039474904617835226,2.220446049250313e-16,2.220446049250313e-16,0.3787314252849299,0.09149269203978741,2.220446049250313e-16,2.220446049250313e-16,2.220446049250313e-16
220.0,0.13539552474193536,0.025432954563255672,2.220446049250313e-16,2.220446049250313e-16,2.220446049250313e-16,2.220446049250313e-16,0.056765228220666354,0.3619106472900903,2.220446049250313e-16,2.220446049250313e-16,0.5329719460542205,0.5855716919070411,2.220446049250313e-16,0.5996107608715203,2.220446049250313e-16
221.0,0.13539552474193536,0.025432954563255672,2.220446049250313e-16,2.220446049250313e-16,2.220446049250313e-16,2.220446049250313e-16,0.056765228220666354,0.3619106472900903,2.220446049250313e-16,2.220446049250313e-16,0.5329719460542205,0.5855716919070411,2.220446049250313e-16,0.5996107608715203,2.220446049250313e-16
