146 0.3930816035221048 0.17631071255559178 0.3188221487498366 0.1788048643838059 0.17631071136093757 0.23923216955869028 0.17631071136382392 0.2433100325660738 0.15927281037094967 0.17880486369718135 0.9353495876410586 0.17631071131516574 0.17880486371487012 0.17880486377692925 0.3188221483998948 0.17880486359373832 0.16346365044403646 0.22583198440922592 0.3302754694192724 0.3930816016700493
152 0.0688210192840696 0.6375014213984798 0.288276735951532 0.07847991328647262 0.6375014204158601 0.05462876627268648 0.6375014208614062 0.018861226517396384 0.005086637618233131 0.07847991264093516 0.17631071169461668 0.6375014202695853 0.07847991248263224 0.07847991256608651 0.2882767360102115 0.07847991257255837 0.003538665155601651 0.05159816691663985 0.36161632961741486 0.0688210186997562
55 0.26347303308798553 0.028111139386933555 0.07352647009131848 0.1830517396550188 0.02811113885498264 0.7060264023489948 0.02811113872954627 0.5472683022487341 0.514174746564614 0.18305173971323263 0.2682724881839666 0.02811113877103285 0.18305173966274024 0.18305173967549687 0.07352646979490417 0.1830517394286976 0.5164680204587958 0.4695712743697558 0.07611913857640665 0.2634730317446113
100 0.05481098217047385 0.07847991299730611 0.26035005337568834 0.5948360726352336 0.07847991267374102 0.10646695136460968 0.0784799126050884 0.06906835082342129 0.02561636435108592 0.5948360730197896 0.17880486382455263 0.07847991264912768 0.5948360727418991 0.5948360731610265 0.2603500536849251 0.5948360728931998 0.02409472919832081 0.07453837113036894 0.0988509275328853 0.054810981084699235
139 0.3215500980041814 0.36161633056318226 0.2971361188374336 0.09885092816288055 0.36161632912339375 0.15868591548998595 0.36161632942678734 0.16773646621490165 0.0796833604616203 0.09885092739180841 0.33027546941927033 0.3616163290208638 0.09885092735787837 0.09885092742351569 0.2971361184676038 0.0988509272713463 0.08364642139058603 0.20249411206348977 0.909922887224214 0.3215500963357639
109 0.6582914738430219 0.045311106096485705 0.071502671565945 0.08279267802415209 0.045311104266039924 0.22103273464383286 0.04531110432214879 0.6149236098570596 0.3005426981446221 0.0827926770935028 0.3509072748392874 0.04531110454498174 0.0827926772814186 0.08279267724132358 0.07150267058101242 0.08279267699866556 0.35290195463697355 0.3911759514943064 0.38465828240986827 0.6582914720284819
53 0.2660650893394867 0.05433815121835542 0.11316836966918191 0.1123468489337319 0.05433815054702857 0.7082003327669187 0.05433815051592694 0.5006341050829909 0.5074024499373693 0.11234684843672853 0.2368587071938844 0.05433815072071042 0.1123468484340663 0.11234684841313762 0.113168369603842 0.1123468482127564 0.5062236048153939 0.6380861611056701 0.16052431433599976 0.26606508769345394
27 0.25016996935220637 0.02018138757960847 0.07603801601877815 0.2006737631451035 0.020181386899760182 0.6772389807797007 0.020181386830736715 0.6135222404065177 0.48831497498731724 0.2006737631938878 0.3300756718287289 0.020181386969875783 0.20067376314100377 0.20067376318281943 0.07603801531922891 0.20067376299424936 0.40831989529985435 0.509725224049423 0.09481545502896283 0.25016996746866826
195 0.7486952408935478 -0.02739495893167428 -0.0461237313226338 0.04343195191962445 -0.027394960982500705 0.05771074209507043 -0.027394960782254882 0.5877002341884994 0.3553673703669895 0.04343195118350831 0.30722508193077075 -0.02739496053746412 0.04343195115175439 0.0434319510491208 -0.04612373348161655 0.043431950937833114 0.17957221778704163 0.36128782583639546 0.10085305939761935 0.7486952386614882
200 0.05481098217047385 0.07847991299730611 0.26035005337568834 0.5948360726352336 0.07847991267374102 0.10646695136460968 0.0784799126050884 0.06906835082342129 0.02561636435108592 0.5948360730197896 0.17880486382455263 0.07847991264912768 0.5948360727418991 0.5948360731610265 0.2603500536849251 0.5948360728931998 0.02409472919832081 0.07453837113036894 0.0988509275328853 0.054810981084699235
108 0.0688210192840696 0.6375014213984798 0.288276735951532 0.07847991328647262 0.6375014204158601 0.05462876627268648 0.6375014208614062 0.018861226517396384 0.005086637618233131 0.07847991264093516 0.17631071169461668 0.6375014202695853 0.07847991248263224 0.07847991256608651 0.2882767360102115 0.07847991257255837 0.003538665155601651 0.05159816691663985 0.36161632961741486 0.0688210186997562
155 0.0688210192840696 0.6375014213984798 0.288276735951532 0.07847991328647262 0.6375014204158601 0.05462876627268648 0.6375014208614062 0.018861226517396384 0.005086637618233131 0.07847991264093516 0.17631071169461668 0.6375014202695853 0.07847991248263224 0.07847991256608651 0.2882767360102115 0.07847991257255837 0.003538665155601651 0.05159816691663985 0.36161632961741486 0.0688210186997562
205 0.4062946724796812 0.184866069271885 0.3079674651487794 0.1869383167060786 0.18486606758861646 0.22823680315164518 0.18486606781442255 0.272645352059705 0.1867944790023294 0.18693831643963693 0.9104084299058107 0.18486606782434714 0.18693831660528157 0.1869383166730585 0.307967464636658 0.18693831651622247 0.12025128349070384 0.21742818094176333 0.3085800663773904 0.4062946705261474
12 0.3110523225562372 0.006924495542179553 0.0009576860467629255 0.023685550502938805 0.006924494820634327 0.4841544080559641 0.006924494829294318 0.477359236296781 0.7305030551085983 0.02368555015690673 0.1342738773279256 0.006924495031587938 0.02368555008421621 0.023685550136822404 0.0009576856402471104 0.02368554994306456 0.7271180704179525 0.5044482250034371 0.07476482667194766 0.31105232129327276
128 0.05481098217047385 0.07847991299730611 0.26035005337568834 0.5948360726352336 0.07847991267374102 0.10646695136460968 0.0784799126050884 0.06906835082342129 0.02561636435108592 0.5948360730197896 0.17880486382455263 0.07847991264912768 0.5948360727418991 0.5948360731610265 0.2603500536849251 0.5948360728931998 0.02409472919832081 0.07453837113036894 0.0988509275328853 0.054810981084699235
18 0.28512252440382435 0.027131788553307383 0.04870231474583661 0.03992380407551914 0.027131787617214645 0.6019111995194618 0.027131787582635295 0.5611038277597449 0.6098327420076841 0.039923803762839875 0.21196436425554993 0.02713178783264266 0.03992380390960494 0.03992380378377786 0.04870231402750837 0.039923803577859664 0.5280578885153787 0.6461914522004341 0.14524096704483094 0.2851225225866791
185 0.33920713653870616 0.37451096706250675 0.3136827327148081 0.07721469724359864 0.37451096543921014 0.17545402998637677 0.37451096574483733 0.17629237785826216 0.054553811098446044 0.0772146968880404 0.33949659477365923 0.374510965724121 0.07721469671250726 0.07721469691781185 0.31368273254903606 0.07721469673235591 0.10681000899193066 0.15536272272706433 0.8645663643105204 0.33920713519007306
215 0.2835573334727546 0.2950780814164744 0.35053506925209416 0.1264405823541449 0.29507808006458686 0.12077217540681284 0.2950780803490206 0.2107281857128726 0.07362188988894926 0.1264405814861819 0.3110937624467108 0.29507808041067185 0.12644058149527188 0.12644058159681149 0.3505350690317531 0.12644058146991774 0.07973225863109505 0.2925174787363193 0.9468981269277295 0.2835573316174226
153 0.22116387117369643 0.21235183874216457 0.39552590541695265 0.16339633605194 0.21235183759860843 0.0637860217912328 0.212351837956091 0.23061575865010672 0.07324983519389791 0.16339633540466306 0.27104552444678043 0.21235183782229775 0.16339633531631997 0.1633963355174555 0.39552590524150705 0.1633963353684248 0.07078907224320936 0.42971141671936314 0.9250953344154437 0.221163869159664
138 0.3032333160437612 0.08226183465896306 0.30383399067741806 0.2578078133517198 0.08226183421945654 0.29165031448105583 0.0822618341522439 0.31900225710598 0.11034170950542875 0.2578078134211588 0.9248313202995317 0.08226183413616307 0.25780781327866953 0.2578078133821523 0.3038339907401139 0.2578078132106686 0.18649930834005005 0.055243870337625935 -0.03621090862649946 0.3032333147951837
207 0.46440116346205695 0.23928323284115152 0.27733379448751383 0.1206586460164397 0.23928323150973682 0.2971937913711942 0.2392832316904691 0.09614400290733716 0.19036522342741957 0.12065864606633528 0.9259317141596463 0.23928323193706388 0.12065864588217703 0.12065864594350889 0.27733379396178004 0.12065864583286752 0.12766865727194918 0.0846420527266368 0.1599916346014249 0.46440116219524513
49 0.15857876472009627 0.03440447586394729 0.1604738222309424 0.40175912443546513 0.034404474940383366 0.5196867481386754 0.03440447484590852 0.4863138717437029 0.27629496643875884 0.40175912444786127 0.39802127396889675 0.03440447495428728 0.4017591245313527 0.40175912462336294 0.1604738214259995 0.4017591244562755 0.12888595414025633 0.45524189457589326 0.13678753268505575 0.15857876270111068
63 0.433881261575432 0.3404147665929008 0.23441746076039607 0.0729108357292589 0.3404147648069926 0.22121107006632557 0.34041476514299773 0.0069630773467101075 0.19248544795486588 0.07291083520819938 0.7301953922244353 0.3404147650236569 0.07291083488087606 0.07291083504232906 0.2344174603345765 0.07291083493952141 0.11860554423622648 0.20183626037315627 0.5392914829001663 0.43388125996855575
204 0.2099352597063094 0.3582532042003052 0.5154995971084525 0.15359757550191286 0.3582532030693926 0.13995799384784652 0.3582532032742113 0.13663278377594718 0.0902724313540848 0.1535975751125898 0.6158258652506741 0.35825320309999054 0.15359757493991372 0.15359757518406056 0.5154995970618117 0.15359757510753957 0.08897905295640379 0.1608208984537009 0.5224888816601837 0.2099352580943232
216 0.0688210192840696 0.6375014213984798 0.288276735951532 0.07847991328647262 0.6375014204158601 0.05462876627268648 0.6375014208614062 0.018861226517396384 0.005086637618233131 0.07847991264093516 0.17631071169461668 0.6375014202695853 0.07847991248263224 0.07847991256608651 0.2882767360102115 0.07847991257255837 0.003538665155601651 0.05159816691663985 0.36161632961741486 0.0688210186997562
45 0.2725949019039179 0.00030361330172392714 0.0016467736263810072 0.0730571463883068 0.00030361241845932837 0.570751159507084 0.00030361226321963124 0.603588994911761 0.6697880423253272 0.07305714648682371 0.2294700884608316 0.0003036125366689005 0.07305714639554425 0.07305714639443986 0.0016467727014796928 0.0730571462276238 0.5777687753680163 0.5356880533673039 0.06767217119515581 0.27259489997950886
72 0.05481098217047385 0.07847991299730611 0.26035005337568834 0.5948360726352336 0.07847991267374102 0.10646695136460968 0.0784799126050884 0.06906835082342129 0.02561636435108592 0.5948360730197896 0.17880486382455263 0.07847991264912768 0.5948360727418991 0.5948360731610265 0.2603500536849251 0.5948360728931998 0.02409472919832081 0.07453837113036894 0.0988509275328853 0.054810981084699235
31 0.20737276688332154 0.03790011657193055 0.11966361901817303 0.13786352471973956 0.03790011513491194 0.6619295374296175 0.03790011504662021 0.597956164181137 0.46419326377785064 0.13786352449126896 0.3323070015314484 0.03790011537359653 0.1378635246243646 0.13786352457047085 0.11966361782234247 0.1378635243417228 0.2602351907611483 0.7208303526529813 0.1959813110616885 0.20737276452046036
142 0.0688210192840696 0.6375014213984798 0.288276735951532 0.07847991328647262 0.6375014204158601 0.05462876627268648 0.6375014208614062 0.018861226517396384 0.005086637618233131 0.07847991264093516 0.17631071169461668 0.6375014202695853 0.07847991248263224 0.07847991256608651 0.2882767360102115 0.07847991257255837 0.003538665155601651 0.05159816691663985 0.36161632961741486 0.0688210186997562
80 0.0688210192840696 0.6375014213984798 0.288276735951532 0.07847991328647262 0.6375014204158601 0.05462876627268648 0.6375014208614062 0.018861226517396384 0.005086637618233131 0.07847991264093516 0.17631071169461668 0.6375014202695853 0.07847991248263224 0.07847991256608651 0.2882767360102115 0.07847991257255837 0.003538665155601651 0.05159816691663985 0.36161632961741486 0.0688210186997562
175 0.04024484841520322 0.2203325455517356 0.6160141513527079 0.3614516051816868 0.22033254481465966 0.024269619241729545 0.22033254498213087 0.013943024557208968 -0.001557946242748092 0.36145160489622286 0.22769858089626588 0.22033254497521987 0.3614516049866832 0.36145160529808146 0.6160141519991177 0.36145160523120473 0.022346449538865474 0.208553964043102 0.4462935231284639 0.04024484715490367
201 0.05481098217047385 0.07847991299730611 0.26035005337568834 0.5948360726352336 0.07847991267374102 0.10646695136460968 0.0784799126050884 0.06906835082342129 0.02561636435108592 0.5948360730197896 0.17880486382455263 0.07847991264912768 0.5948360727418991 0.5948360731610265 0.2603500536849251 0.5948360728931998 0.02409472919832081 0.07453837113036894 0.0988509275328853 0.054810981084699235
130 0.2835573334727546 0.2950780814164744 0.35053506925209416 0.1264405823541449 0.29507808006458686 0.12077217540681284 0.2950780803490206 0.2107281857128726 0.07362188988894926 0.1264405814861819 0.3110937624467108 0.29507808041067185 0.12644058149527188 0.12644058159681149 0.3505350690317531 0.12644058146991774 0.07973225863109505 0.2925174787363193 0.9468981269277295 0.2835573316174226
28 0.42122571200510656 0.01886122717454623 0.05264150580183661 0.06906835117114665 0.018861226203052587 0.5229343261003417 0.018861226181281197 0.6761588337450009 0.5053207397977199 0.06906835074129615 0.24331003256607472 0.018861226334045033 0.0690683507332259 0.06906835069562234 0.05264150514523072 0.06906835050661603 0.5257918600830411 0.514322732849203 0.16773646621490124 0.4212257101535114
172 0.0688210192840696 0.6375014213984798 0.288276735951532 0.07847991328647262 0.6375014204158601 0.05462876627268648 0.6375014208614062 0.018861226517396384 0.005086637618233131 0.07847991264093516 0.17631071169461668 0.6375014202695853 0.07847991248263224 0.07847991256608651 0.2882767360102115 0.07847991257255837 0.003538665155601651 0.05159816691663985 0.36161632961741486 0.0688210186997562
75 0.05481098217047385 0.07847991299730611 0.26035005337568834 0.5948360726352336 0.07847991267374102 0.10646695136460968 0.0784799126050884 0.06906835082342129 0.02561636435108592 0.5948360730197896 0.17880486382455263 0.07847991264912768 0.5948360727418991 0.5948360731610265 0.2603500536849251 0.5948360728931998 0.02409472919832081 0.07453837113036894 0.0988509275328853 0.054810981084699235
3 0.23436816105645167 0.02144331757017293 0.047206275884873646 0.07446211620467443 0.021443316359213323 0.661761609838744 0.021443316311803687 0.5949952327948351 0.6071623210705863 0.07446211642498775 0.25639383223904844 0.021443316609630097 0.07446211648422928 0.07446211642384855 0.04720627463391693 0.07446211624243466 0.40173903618997725 0.6588519598577777 0.125880385930731 0.23436815871260305
119 0.05481098217047385 0.07847991299730611 0.26035005337568834 0.5948360726352336 0.07847991267374102 0.10646695136460968 0.0784799126050884 0.06906835082342129 0.02561636435108592 0.5948360730197896 0.17880486382455263 0.07847991264912768 0.5948360727418991 0.5948360731610265 0.2603500536849251 0.5948360728931998 0.02409472919832081 0.07453837113036894 0.0988509275328853 0.054810981084699235
160 0.3930816035221048 0.17631071255559178 0.3188221487498366 0.1788048643838059 0.17631071136093757 0.23923216955869028 0.17631071136382392 0.2433100325660738 0.15927281037094967 0.17880486369718135 0.9353495876410586 0.17631071131516574 0.17880486371487012 0.17880486377692925 0.3188221483998948 0.17880486359373832 0.16346365044403646 0.22583198440922592 0.3302754694192724 0.3930816016700493
125 0.05481098217047385 0.07847991299730611 0.26035005337568834 0.5948360726352336 0.07847991267374102 0.10646695136460968 0.0784799126050884 0.06906835082342129 0.02561636435108592 0.5948360730197896 0.17880486382455263 0.07847991264912768 0.5948360727418991 0.5948360731610265 0.2603500536849251 0.5948360728931998 0.02409472919832081 0.07453837113036894 0.0988509275328853 0.054810981084699235
0 0.3605345085690367 0.002724769829766903 0.009479647098309667 0.06456900608999865 0.0027247691054007083 0.5062938944978129 0.0027247690058777837 0.5706010183317609 0.6340500543701272 0.06456900577223582 0.18373995725509892 0.002724769300496149 0.06456900569290874 0.06456900570072267 0.009479646859228136 0.0645690055016345 0.7045921026235 0.4375363938695447 0.06551404518013776 0.3605345071168893
56 0.3498553925418712 0.003658132541947645 0.011835623351884924 0.05048754104845746 0.0036581313396031536 0.4991747097156951 0.0036581312750273423 0.6852639729708767 0.6192990415450892 0.050487540956421405 0.2090816846741146 0.0036581315250180132 0.05048754092535056 0.05048754089061672 0.011835622020960319 0.05048754068399975 0.48818894212512176 0.5782872475125369 0.1355162851252324 0.34985539048059733
111 0.059640688386550976 0.2882767366472669 0.7431538026294092 0.2603500533914623 0.2882767356445423 0.11887324666972163 0.2882767358987523 0.05264150547453603 -0.0020346728242321387 0.2603500534855931 0.31882214857425256 0.2882767358553908 0.260350053255136 0.26035005359649327 0.7431538030233454 0.2603500534386757 0.000974862480635323 0.10080509464320936 0.29713611865305734 0.05964068731689464
192 0.3930816035221048 0.17631071255559178 0.3188221487498366 0.1788048643838059 0.17631071136093757 0.23923216955869028 0.17631071136382392 0.2433100325660738 0.15927281037094967 0.17880486369718135 0.9353495876410586 0.17631071131516574 0.17880486371487012 0.17880486377692925 0.3188221483998948 0.17880486359373832 0.16346365044403646 0.22583198440922592 0.3302754694192724 0.3930816016700493
117 0.05481098217047385 0.07847991299730611 0.26035005337568834 0.5948360726352336 0.07847991267374102 0.10646695136460968 0.0784799126050884 0.06906835082342129 0.02561636435108592 0.5948360730197896 0.17880486382455263 0.07847991264912768 0.5948360727418991 0.5948360731610265 0.2603500536849251 0.5948360728931998 0.02409472919832081 0.07453837113036894 0.0988509275328853 0.054810981084699235
137 0.3930816035221048 0.17631071255559178 0.3188221487498366 0.1788048643838059 0.17631071136093757 0.23923216955869028 0.17631071136382392 0.2433100325660738 0.15927281037094967 0.17880486369718135 0.9353495876410586 0.17631071131516574 0.17880486371487012 0.17880486377692925 0.3188221483998948 0.17880486359373832 0.16346365044403646 0.22583198440922592 0.3302754694192724 0.3930816016700493
191 0.059640688386550976 0.2882767366472669 0.7431538026294092 0.2603500533914623 0.2882767356445423 0.11887324666972163 0.2882767358987523 0.05264150547453603 -0.0020346728242321387 0.2603500534855931 0.31882214857425256 0.2882767358553908 0.260350053255136 0.26035005359649327 0.7431538030233454 0.2603500534386757 0.000974862480635323 0.10080509464320936 0.29713611865305734 0.05964068731689464
166 0.05481098217047385 0.07847991299730611 0.26035005337568834 0.5948360726352336 0.07847991267374102 0.10646695136460968 0.0784799126050884 0.06906835082342129 0.02561636435108592 0.5948360730197896 0.17880486382455263 0.07847991264912768 0.5948360727418991 0.5948360731610265 0.2603500536849251 0.5948360728931998 0.02409472919832081 0.07453837113036894 0.0988509275328853 0.054810981084699235
19 0.24930911978830203 0.012740551723721957 0.04334274002269028 0.08517737690067845 0.012740550182883675 0.6046419580992101 0.012740550169623024 0.6725199134865033 0.5516045200958638 0.08517737655087246 0.3398955249005195 0.01274055049004383 0.08517737673721243 0.085177376757422 0.04334273819776195 0.08517737647793575 0.2708298430182537 0.6781358286341675 0.16270354931963285 0.24930911710089754
167 0.05481098217047385 0.07847991299730611 0.26035005337568834 0.5948360726352336 0.07847991267374102 0.10646695136460968 0.0784799126050884 0.06906835082342129 0.02561636435108592 0.5948360730197896 0.17880486382455263 0.07847991264912768 0.5948360727418991 0.5948360731610265 0.2603500536849251 0.5948360728931998 0.02409472919832081 0.07453837113036894 0.0988509275328853 0.054810981084699235
97 0.05481098217047385 0.07847991299730611 0.26035005337568834 0.5948360726352336 0.07847991267374102 0.10646695136460968 0.0784799126050884 0.06906835082342129 0.02561636435108592 0.5948360730197896 0.17880486382455263 0.07847991264912768 0.5948360727418991 0.5948360731610265 0.2603500536849251 0.5948360728931998 0.02409472919832081 0.07453837113036894 0.0988509275328853 0.054810981084699235
212 0.3930816035221048 0.17631071255559178 0.3188221487498366 0.1788048643838059 0.17631071136093757 0.23923216955869028 0.17631071136382392 0.2433100325660738 0.15927281037094967 0.17880486369718135 0.9353495876410586 0.17631071131516574 0.17880486371487012 0.17880486377692925 0.3188221483998948 0.17880486359373832 0.16346365044403646 0.22583198440922592 0.3302754694192724 0.3930816016700493
54 0.31869164594986826 0.007027929149534396 0.00988386053274415 0.061573173327106274 0.007027928525702353 0.5371758761939108 0.007027928421954237 0.5028670690869537 0.6747973310085036 0.06157317291408994 0.16401056998355165 0.007027928658084433 0.0615731728928662 0.06157317290460762 0.009883860477020414 0.06157317276071951 0.7390634278950902 0.4403527768817388 0.05114700062266641 0.31869164470727784
116 0.05481098217047385 0.07847991299730611 0.26035005337568834 0.5948360726352336 0.07847991267374102 0.10646695136460968 0.0784799126050884 0.06906835082342129 0.02561636435108592 0.5948360730197896 0.17880486382455263 0.07847991264912768 0.5948360727418991 0.5948360731610265 0.2603500536849251 0.5948360728931998 0.02409472919832081 0.07453837113036894 0.0988509275328853 0.054810981084699235
186 0.33920713653870616 0.37451096706250675 0.3136827327148081 0.07721469724359864 0.37451096543921014 0.17545402998637677 0.37451096574483733 0.17629237785826216 0.054553811098446044 0.0772146968880404 0.33949659477365923 0.374510965724121 0.07721469671250726 0.07721469691781185 0.31368273254903606 0.07721469673235591 0.10681000899193066 0.15536272272706433 0.8645663643105204 0.33920713519007306
209 0.059640688386550976 0.2882767366472669 0.7431538026294092 0.2603500533914623 0.2882767356445423 0.11887324666972163 0.2882767358987523 0.05264150547453603 -0.0020346728242321387 0.2603500534855931 0.31882214857425256 0.2882767358553908 0.260350053255136 0.26035005359649327 0.7431538030233454 0.2603500534386757 0.000974862480635323 0.10080509464320936 0.29713611865305734 0.05964068731689464
65 0.08902014745072284 0.3607284165073014 0.6975393656514434 0.21052007164503145 0.36072841580014514 0.07659566236649855 0.3607284161349059 0.08005562838837471 0.03757219669758637 0.21052007136880108 0.356369657953665 0.3607284156970933 0.21052007137397605 0.2105200715996934 0.697539365664891 0.21052007153259245 -0.011104497926210367 0.017905342162988624 0.18794687473746335 0.0890201466261196
95 0.05481098217047385 0.07847991299730611 0.26035005337568834 0.5948360726352336 0.07847991267374102 0.10646695136460968 0.0784799126050884 0.06906835082342129 0.02561636435108592 0.5948360730197896 0.17880486382455263 0.07847991264912768 0.5948360727418991 0.5948360731610265 0.2603500536849251 0.5948360728931998 0.02409472919832081 0.07453837113036894 0.0988509275328853 0.054810981084699235
25 0.31618374088112006 -0.005234279256460173 -0.010214102815867203 0.04405665229209891 -0.00523428028825163 0.5182348750439408 -0.005234280355735548 0.6051141220806151 0.6917424346659858 0.04405665195315707 0.19599361345837332 -0.0052342800599453985 0.04405665201316667 0.04405665201134668 -0.010214103739152703 0.04405665185998626 0.6156751080153844 0.5032020493051479 0.06255661246044708 0.31618373931056903
57 0.26507301634313934 0.0017077419458627079 0.0002583526070107818 0.07326243356618516 0.001707741051509573 0.5752319105642494 0.0017077409725769761 0.5812917472163737 0.6923111962022386 0.07326243349214949 0.21736599718237182 0.0017077411462814865 0.07326243351943017 0.07326243350554988 0.0002583516838895052 0.07326243325756458 0.5806159647503156 0.5368241124039559 0.06563415128166869 0.2650730145574934
43 0.1907020808230612 0.018325847051260006 0.07356631619133086 0.205951237404867 0.018325846191236585 0.7075708350753237 0.018325845988054253 0.5946712155914377 0.4990406486257049 0.20595123736991544 0.32923382343829977 0.01832584634134505 0.20595123739052038 0.20595123737119164 0.07356631520783308 0.20595123714625443 0.3325212316636472 0.5666136609546751 0.08551067620327793 0.190702078671809
121 0.05481098217047385 0.07847991299730611 0.26035005337568834 0.5948360726352336 0.07847991267374102 0.10646695136460968 0.0784799126050884 0.06906835082342129 0.02561636435108592 0.5948360730197896 0.17880486382455263 0.07847991264912768 0.5948360727418991 0.5948360731610265 0.2603500536849251 0.5948360728931998 0.02409472919832081 0.07453837113036894 0.0988509275328853 0.054810981084699235
92 0.05481098217047385 0.07847991299730611 0.26035005337568834 0.5948360726352336 0.07847991267374102 0.10646695136460968 0.0784799126050884 0.06906835082342129 0.02561636435108592 0.5948360730197896 0.17880486382455263 0.07847991264912768 0.5948360727418991 0.5948360731610265 0.2603500536849251 0.5948360728931998 0.02409472919832081 0.07453837113036894 0.0988509275328853 0.054810981084699235
73 0.05481098217047385 0.07847991299730611 0.26035005337568834 0.5948360726352336 0.07847991267374102 0.10646695136460968 0.0784799126050884 0.06906835082342129 0.02561636435108592 0.5948360730197896 0.17880486382455263 0.07847991264912768 0.5948360727418991 0.5948360731610265 0.2603500536849251 0.5948360728931998 0.02409472919832081 0.07453837113036894 0.0988509275328853 0.054810981084699235
62 0.06883801153298641 0.29879261842535454 0.7252826814910672 0.2691651179461414 0.29879261791579914 0.11087929463789392 0.29879261804262586 0.06172083462403584 0.004807152621899487 0.2691651179012714 0.305724869641674 0.2987926179436145 0.2691651179127776 0.2691651179015088 0.725282681562344 0.2691651180255806 -0.014565459401982478 0.10358673209452555 0.2778997232465793 0.06883801036470806
206 0.2099352597063094 0.3582532042003052 0.5154995971084525 0.15359757550191286 0.3582532030693926 0.13995799384784652 0.3582532032742113 0.13663278377594718 0.0902724313540848 0.1535975751125898 0.6158258652506741 0.35825320309999054 0.15359757493991372 0.15359757518406056 0.5154995970618117 0.15359757510753957 0.08897905295640379 0.1608208984537009 0.5224888816601837 0.2099352580943232
129 0.2835573334727546 0.2950780814164744 0.35053506925209416 0.1264405823541449 0.29507808006458686 0.12077217540681284 0.2950780803490206 0.2107281857128726 0.07362188988894926 0.1264405814861819 0.3110937624467108 0.29507808041067185 0.12644058149527188 0.12644058159681149 0.3505350690317531 0.12644058146991774 0.07973225863109505 0.2925174787363193 0.9468981269277295 0.2835573316174226
51 0.2728000218570816 0.030004493154065705 0.04444273084051167 0.06856974587354012 0.030004492442056625 0.6021223249518466 0.030004492441359523 0.4892751438692625 0.643887468219624 0.06856974549159517 0.18133045401054948 0.030004492667493173 0.06856974553529781 0.0685697454137016 0.044442730566181865 0.06856974530705305 0.6359998921862405 0.591465254723716 0.11063853369118773 0.27280002027792255
8 0.27795510413187197 0.05462876686790644 0.11887324682097046 0.10646695171256751 0.0546287660617356 0.7409375924215212 0.054628765938704034 0.5229343261003399 0.49467387106939253 0.10646695133110644 0.2392321695586887 0.054628766197572176 0.1064669513183398 0.10646695136571245 0.11887324651073912 0.10646695110227085 0.463933244516226 0.6195228700391479 0.15868591548998337 0.27795510249983635
101 0.3215500980041814 0.36161633056318226 0.2971361188374336 0.09885092816288055 0.36161632912339375 0.15868591548998595 0.36161632942678734 0.16773646621490165 0.0796833604616203 0.09885092739180841 0.33027546941927033 0.3616163290208638 0.09885092735787837 0.09885092742351569 0.2971361184676038 0.0988509272713463 0.08364642139058603 0.20249411206348977 0.909922887224214 0.3215500963357639
179 0.04024484841520322 0.2203325455517356 0.6160141513527079 0.3614516051816868 0.22033254481465966 0.024269619241729545 0.22033254498213087 0.013943024557208968 -0.001557946242748092 0.36145160489622286 0.22769858089626588 0.22033254497521987 0.3614516049866832 0.36145160529808146 0.6160141519991177 0.36145160523120473 0.022346449538865474 0.208553964043102 0.4462935231284639 0.04024484715490367
94 0.755820331290095 -0.02697717779941887 -0.04362308096126995 0.041517113985518245 -0.026977179793050296 0.061474796802202324 -0.02697717960424864 0.5894085387328112 0.34020512606482206 0.041517113502902867 0.3054783483409508 -0.02697717933653668 0.04151711352571234 0.041517113544893146 -0.04362308299142669 0.041517113314594435 0.19383415066824974 0.34870936239063155 0.09583883459315683 0.7558203290484203
34 0.38308223533648744 -0.007870268877429283 -0.013349321925610677 0.011275619363324954 -0.007870270002848949 0.46832091182576024 -0.00787027008120955 0.6555952488748364 0.6516917280312765 0.011275618993039175 0.17745577426299103 -0.00787026976528093 0.01127561889397232 0.01127561894569627 -0.013349323146814626 0.011275618768593565 0.5558032676930711 0.5123799714797624 0.08596029566976106 0.38308223358675436
165 0.05481098217047385 0.07847991299730611 0.26035005337568834 0.5948360726352336 0.07847991267374102 0.10646695136460968 0.0784799126050884 0.06906835082342129 0.02561636435108592 0.5948360730197896 0.17880486382455263 0.07847991264912768 0.5948360727418991 0.5948360731610265 0.2603500536849251 0.5948360728931998 0.02409472919832081 0.07453837113036894 0.0988509275328853 0.054810981084699235
168 0.05481098217047385 0.07847991299730611 0.26035005337568834 0.5948360726352336 0.07847991267374102 0.10646695136460968 0.0784799126050884 0.06906835082342129 0.02561636435108592 0.5948360730197896 0.17880486382455263 0.07847991264912768 0.5948360727418991 0.5948360731610265 0.2603500536849251 0.5948360728931998 0.02409472919832081 0.07453837113036894 0.0988509275328853 0.054810981084699235
161 0.3930816035221048 0.17631071255559178 0.3188221487498366 0.1788048643838059 0.17631071136093757 0.23923216955869028 0.17631071136382392 0.2433100325660738 0.15927281037094967 0.17880486369718135 0.9353495876410586 0.17631071131516574 0.17880486371487012 0.17880486377692925 0.3188221483998948 0.17880486359373832 0.16346365044403646 0.22583198440922592 0.3302754694192724 0.3930816016700493
7 0.26665002373320107 0.017801056415869296 0.019070328541489764 0.01900667774838175 0.0178010555527291 0.6000863572144521 0.017801055522386977 0.5194054504161305 0.6964908250039374 0.019006677553911208 0.16443202786251057 0.017801055746917635 0.019006677543975413 0.019006677483990774 0.019070327658258227 0.01900667738969795 0.5677826480083812 0.5997274918995555 0.09461487798301774 0.2666500218715984
48 0.3087636837990355 0.004438688819572891 0.0016935644115676374 0.022117291001882027 0.004438688054424771 0.5223110060952099 0.004438687972920212 0.545164999060819 0.701512559441912 0.022117290571351467 0.156260536336154 0.004438688236930801 0.02211729053812556 0.02211729054616865 0.0016935637381788322 0.022117290374954753 0.6586051552247982 0.5255221989046965 0.07621591813407895 0.3087636822532534
151 0.0688210192840696 0.6375014213984798 0.288276735951532 0.07847991328647262 0.6375014204158601 0.05462876627268648 0.6375014208614062 0.018861226517396384 0.005086637618233131 0.07847991264093516 0.17631071169461668 0.6375014202695853 0.07847991248263224 0.07847991256608651 0.2882767360102115 0.07847991257255837 0.003538665155601651 0.05159816691663985 0.36161632961741486 0.0688210186997562
21 0.27249496256651795 -0.009259312198794781 -0.023224881512000573 0.025952410336295636 -0.009259313264401976 0.554918886826649 -0.009259313379861434 0.615046163206633 0.7218038616485148 0.025952410215114255 0.20204878668736123 -0.009259313001964 0.025952410163276447 0.025952410137901605 -0.023224882933656012 0.025952409982754023 0.5308953919651378 0.540171352003072 0.05500656321260229 0.27249496061786144
145 0.059640688386550976 0.2882767366472669 0.7431538026294092 0.2603500533914623 0.2882767356445423 0.11887324666972163 0.2882767358987523 0.05264150547453603 -0.0020346728242321387 0.2603500534855931 0.31882214857425256 0.2882767358553908 0.260350053255136 0.26035005359649327 0.7431538030233454 0.2603500534386757 0.000974862480635323 0.10080509464320936 0.29713611865305734 0.05964068731689464
32 0.3518488953807325 -0.0012800985123885072 -0.010208068486661361 -0.005547150876036251 -0.0012800995522456126 0.44888633402390804 -0.001280099541865669 0.5790692968351424 0.7149636271952072 -0.005547151211440363 0.12786813137706404 -0.0012800992774317298 -0.005547151154418041 -0.005547151119714072 -0.010208069593838692 -0.005547151361953359 0.6055161350024505 0.5417668095741096 0.09600234767717335 0.3518488935276442
123 0.05481098217047385 0.07847991299730611 0.26035005337568834 0.5948360726352336 0.07847991267374102 0.10646695136460968 0.0784799126050884 0.06906835082342129 0.02561636435108592 0.5948360730197896 0.17880486382455263 0.07847991264912768 0.5948360727418991 0.5948360731610265 0.2603500536849251 0.5948360728931998 0.02409472919832081 0.07453837113036894 0.0988509275328853 0.054810981084699235
52 0.32402992292757565 0.01606742856577883 0.01916758437118464 0.021124135504031954 0.01606742772359816 0.519297375681619 0.01606742771192366 0.5249121431498344 0.6733475825356189 0.02112413497703747 0.15308925662745598 0.016067427793613302 0.021124135001028766 0.02112413497386283 0.01916758389627345 0.0211241347915919 0.6559004219990427 0.5633592678770323 0.1123501120589143 0.32402992133087494
120 0.05481098217047385 0.07847991299730611 0.26035005337568834 0.5948360726352336 0.07847991267374102 0.10646695136460968 0.0784799126050884 0.06906835082342129 0.02561636435108592 0.5948360730197896 0.17880486382455263 0.07847991264912768 0.5948360727418991 0.5948360731610265 0.2603500536849251 0.5948360728931998 0.02409472919832081 0.07453837113036894 0.0988509275328853 0.054810981084699235
127 0.05481098217047385 0.07847991299730611 0.26035005337568834 0.5948360726352336 0.07847991267374102 0.10646695136460968 0.0784799126050884 0.06906835082342129 0.02561636435108592 0.5948360730197896 0.17880486382455263 0.07847991264912768 0.5948360727418991 0.5948360731610265 0.2603500536849251 0.5948360728931998 0.02409472919832081 0.07453837113036894 0.0988509275328853 0.054810981084699235
104 0.0688210192840696 0.6375014213984798 0.288276735951532 0.07847991328647262 0.6375014204158601 0.05462876627268648 0.6375014208614062 0.018861226517396384 0.005086637618233131 0.07847991264093516 0.17631071169461668 0.6375014202695853 0.07847991248263224 0.07847991256608651 0.2882767360102115 0.07847991257255837 0.003538665155601651 0.05159816691663985 0.36161632961741486 0.0688210186997562
98 0.05481098217047385 0.07847991299730611 0.26035005337568834 0.5948360726352336 0.07847991267374102 0.10646695136460968 0.0784799126050884 0.06906835082342129 0.02561636435108592 0.5948360730197896 0.17880486382455263 0.07847991264912768 0.5948360727418991 0.5948360731610265 0.2603500536849251 0.5948360728931998 0.02409472919832081 0.07453837113036894 0.0988509275328853 0.054810981084699235
96 0.05481098217047385 0.07847991299730611 0.26035005337568834 0.5948360726352336 0.07847991267374102 0.10646695136460968 0.0784799126050884 0.06906835082342129 0.02561636435108592 0.5948360730197896 0.17880486382455263 0.07847991264912768 0.5948360727418991 0.5948360731610265 0.2603500536849251 0.5948360728931998 0.02409472919832081 0.07453837113036894 0.0988509275328853 0.054810981084699235
163 0.6622174681232162 -0.031552824407235655 -0.05306695686392517 0.05326995759416683 -0.03155282629672824 0.027646535743410486 -0.03155282617736842 0.6926774304076655 0.35453759235161203 0.05326995711136138 0.3256703381057025 -0.031552825873111194 0.053269957177311054 0.05326995723403617 -0.05306695905088398 0.0532699569403525 0.18350125105144616 0.4239004624053838 0.13848335901253775 0.66221746617475
154 0.22116387117369643 0.21235183874216457 0.39552590541695265 0.16339633605194 0.21235183759860843 0.0637860217912328 0.212351837956091 0.23061575865010672 0.07324983519389791 0.16339633540466306 0.27104552444678043 0.21235183782229775 0.16339633531631997 0.1633963355174555 0.39552590524150705 0.1633963353684248 0.07078907224320936 0.42971141671936314 0.9250953344154437 0.221163869159664
113 0.3930816035221048 0.17631071255559178 0.3188221487498366 0.1788048643838059 0.17631071136093757 0.23923216955869028 0.17631071136382392 0.2433100325660738 0.15927281037094967 0.17880486369718135 0.9353495876410586 0.17631071131516574 0.17880486371487012 0.17880486377692925 0.3188221483998948 0.17880486359373832 0.16346365044403646 0.22583198440922592 0.3302754694192724 0.3930816016700493
177 0.057416485448858336 0.07666686231801118 0.30496226770077406 0.5832022620871059 0.07666686219825872 0.10435985015039906 0.07666686211944425 0.08926340121458516 0.024351522566655622 0.5832022625643922 0.19644748918357144 0.07666686176077 0.5832022621790435 0.5832022623569466 0.3049622680062242 0.5832022624208533 0.024587159659591427 0.05787784490685109 0.07511239740951436 0.057416484519518536
61 0.06883801153298641 0.29879261842535454 0.7252826814910672 0.2691651179461414 0.29879261791579914 0.11087929463789392 0.29879261804262586 0.06172083462403584 0.004807152621899487 0.2691651179012714 0.305724869641674 0.2987926179436145 0.2691651179127776 0.2691651179015088 0.725282681562344 0.2691651180255806 -0.014565459401982478 0.10358673209452555 0.2778997232465793 0.06883801036470806
78 0.26950731398385275 0.257398684788114 0.41153969538758217 0.1272825057361524 0.25739868338036404 0.10212632954719925 0.2573986835947223 0.2534751495875016 0.04216258339183122 0.12728250534292296 0.307094018103584 0.2573986833390918 0.12728250532136418 0.1272825052373142 0.41153969532429396 0.127282505261212 0.10117229299114165 0.3213666663976399 0.9252636815014977 0.2695073121520985
24 0.32895799288032634 0.0100775904934864 0.013001624654038538 0.048208863318935334 0.010077589621921687 0.48345995058118646 0.01007758958138059 0.5759689890242831 0.6684444975968912 0.04820886289631701 0.16867197775839665 0.010077589752226515 0.04820886300536915 0.04820886293601738 0.01300162399900462 0.04820886277514747 0.636453827348584 0.5553543291664631 0.11546642649450468 0.3289579909520564
99 0.05481098217047385 0.07847991299730611 0.26035005337568834 0.5948360726352336 0.07847991267374102 0.10646695136460968 0.0784799126050884 0.06906835082342129 0.02561636435108592 0.5948360730197896 0.17880486382455263 0.07847991264912768 0.5948360727418991 0.5948360731610265 0.2603500536849251 0.5948360728931998 0.02409472919832081 0.07453837113036894 0.0988509275328853 0.054810981084699235
68 0.0688210192840696 0.6375014213984798 0.288276735951532 0.07847991328647262 0.6375014204158601 0.05462876627268648 0.6375014208614062 0.018861226517396384 0.005086637618233131 0.07847991264093516 0.17631071169461668 0.6375014202695853 0.07847991248263224 0.07847991256608651 0.2882767360102115 0.07847991257255837 0.003538665155601651 0.05159816691663985 0.36161632961741486 0.0688210186997562
23 0.26593598285418196 0.013644143257591494 0.022985777280823055 0.11337454074130462 0.01364414259573711 0.5946672203331933 0.0136441424905143 0.5279111571759613 0.6419582457949616 0.11337454042817481 0.21566410499497307 0.013644142697738788 0.11337454042308988 0.11337454040697129 0.022985776978396093 0.11337454024737359 0.6369697428353507 0.506316912991138 0.06836008058896993 0.26593598133259794
58 0.35275106161891256 -0.0011633493194795467 -0.004314248283348353 0.029996299621893874 -0.0011633504394528912 0.44833715825898185 -0.0011633504760710585 0.6231960172342444 0.6759037421919004 0.029996299333194074 0.17140318631480528 -0.0011633501599005993 0.029996299373850725 0.029996299291932184 -0.004314249279363096 0.02999629912311177 0.6041497357974155 0.5416011032792052 0.1048777717183978 0.3527510596894262
39 0.23948756320545572 -0.002254267561924844 0.014798585423861269 0.1403446696426544 -0.002254268899390261 0.5627204142509424 -0.0022542690446961207 0.6956396706935198 0.564122914685273 0.1403446696627774 0.3684222123959021 -0.0022542685626509456 0.14034466971663018 0.14034466964176812 0.01479858379699971 0.14034466948242802 0.3294653610876116 0.609072717740616 0.11088240893001308 0.2394875611569391
46 0.3663220567665254 0.047328304127899616 0.10764353932394184 0.0694738974953086 0.04732830285272094 0.6167481645683516 0.04732830284251812 0.6279162247271578 0.467023707387344 0.06947389720486213 0.26824649787126686 0.04732830306064436 0.06947389720551891 0.06947389715202618 0.10764353832972334 0.06947389698465112 0.3633710942455732 0.6347050052998954 0.2533771889203998 0.366322054875295
42 0.33300019512722884 0.0035386656577072358 0.000974862641057475 0.024094729635373877 0.0035386649024989965 0.4639332445162249 0.0035386648853417127 0.5257918600830339 0.6853897546665775 0.024094729143350074 0.16346365044403183 0.003538665031798845 0.02409472919746004 0.02409472911177041 0.0009748623228293929 0.024094728929651418 0.7222850551971779 0.5083344675875275 0.08364642139057638 0.33300019367245376
136 0.3930816035221048 0.17631071255559178 0.3188221487498366 0.1788048643838059 0.17631071136093757 0.23923216955869028 0.17631071136382392 0.2433100325660738 0.15927281037094967 0.17880486369718135 0.9353495876410586 0.17631071131516574 0.17880486371487012 0.17880486377692925 0.3188221483998948 0.17880486359373832 0.16346365044403646 0.22583198440922592 0.3302754694192724 0.3930816016700493
150 0.1903002926900115 0.175154117674986 0.42276431015898114 0.17585474810891732 0.17515411632941655 0.0335495428821455 0.17515411663040006 0.23735491515376997 0.06387015077325514 0.17585474774587603 0.2514801219814714 0.17515411650462384 0.17585474767575077 0.17585474769786685 0.4227643100302836 0.1758547476592497 0.07503201851051677 0.49363774940293303 0.877613036355176 0.19030029061131473
193 0.3930816035221048 0.17631071255559178 0.3188221487498366 0.1788048643838059 0.17631071136093757 0.23923216955869028 0.17631071136382392 0.2433100325660738 0.15927281037094967 0.17880486369718135 0.9353495876410586 0.17631071131516574 0.17880486371487012 0.17880486377692925 0.3188221483998948 0.17880486359373832 0.16346365044403646 0.22583198440922592 0.3302754694192724 0.3930816016700493
83 0.059640688386550976 0.2882767366472669 0.7431538026294092 0.2603500533914623 0.2882767356445423 0.11887324666972163 0.2882767358987523 0.05264150547453603 -0.0020346728242321387 0.2603500534855931 0.31882214857425256 0.2882767358553908 0.260350053255136 0.26035005359649327 0.7431538030233454 0.2603500534386757 0.000974862480635323 0.10080509464320936 0.29713611865305734 0.05964068731689464
156 0.0688210192840696 0.6375014213984798 0.288276735951532 0.07847991328647262 0.6375014204158601 0.05462876627268648 0.6375014208614062 0.018861226517396384 0.005086637618233131 0.07847991264093516 0.17631071169461668 0.6375014202695853 0.07847991248263224 0.07847991256608651 0.2882767360102115 0.07847991257255837 0.003538665155601651 0.05159816691663985 0.36161632961741486 0.0688210186997562
41 0.25924898341307795 0.015299172870609784 0.020423999047030683 0.1137387054190487 0.01529917224811704 0.582265945512733 0.015299172142565737 0.4965377763596459 0.6552244623066745 0.11373870508845131 0.20830926868167565 0.015299172362713718 0.11373870507360394 0.11373870507222224 0.02042399884028882 0.11373870489042788 0.6610243516932222 0.5045846736653842 0.06554234232009575 0.2592489820173628
47 0.2831979730521678 0.012661197327874059 0.018730297523238668 0.037572843773154986 0.012661196380174954 0.6100234367884676 0.012661196333506007 0.5609674899372745 0.6703614655996664 0.03757284372963855 0.18947026439470277 0.012661196596981733 0.03757284379984602 0.0375728437114934 0.01873029667756247 0.03757284351554309 0.5644909219106887 0.5671319942647293 0.08830295153463935 0.28319797133569063
196 0.05481098217047385 0.07847991299730611 0.26035005337568834 0.5948360726352336 0.07847991267374102 0.10646695136460968 0.0784799126050884 0.06906835082342129 0.02561636435108592 0.5948360730197896 0.17880486382455263 0.07847991264912768 0.5948360727418991 0.5948360731610265 0.2603500536849251 0.5948360728931998 0.02409472919832081 0.07453837113036894 0.0988509275328853 0.054810981084699235
122 0.8497382138392124 -0.016047160229926798 -0.03710340824642292 0.02510320247405261 -0.016047161941388013 0.12937024955265644 -0.016047161663830058 0.27385460830398517 0.3641218363960899 0.025103201824551537 0.31540102075762094 -0.016047161441401222 0.025103201930608922 0.02510320190615531 -0.037103410117903565 0.025103201711946285 0.16710982744412 0.26527093870749796 0.008945450173073624 0.8497382121177348
176 0.04024484841520322 0.2203325455517356 0.6160141513527079 0.3614516051816868 0.22033254481465966 0.024269619241729545 0.22033254498213087 0.013943024557208968 -0.001557946242748092 0.36145160489622286 0.22769858089626588 0.22033254497521987 0.3614516049866832 0.36145160529808146 0.6160141519991177 0.36145160523120473 0.022346449538865474 0.208553964043102 0.4462935231284639 0.04024484715490367
157 0.7663743172306567 0.06882101969677024 0.05964068809407763 0.05481098184827715 0.0688210182270268 0.27795510318968425 0.06882101838709787 0.42122571103666284 0.2962805756910971 0.054810981353512034 0.3930816023841127 0.0688210185180651 0.054810981411719695 0.054810981440823525 0.059640687264618464 0.05481098123709671 0.3330001942798144 0.2701688057484026 0.32155009702620807 0.7663743154844269
178 0.04024484841520322 0.2203325455517356 0.6160141513527079 0.3614516051816868 0.22033254481465966 0.024269619241729545 0.22033254498213087 0.013943024557208968 -0.001557946242748092 0.36145160489622286 0.22769858089626588 0.22033254497521987 0.3614516049866832 0.36145160529808146 0.6160141519991177 0.36145160523120473 0.022346449538865474 0.208553964043102 0.4462935231284639 0.04024484715490367
82 0.059640688386550976 0.2882767366472669 0.7431538026294092 0.2603500533914623 0.2882767356445423 0.11887324666972163 0.2882767358987523 0.05264150547453603 -0.0020346728242321387 0.2603500534855931 0.31882214857425256 0.2882767358553908 0.260350053255136 0.26035005359649327 0.7431538030233454 0.2603500534386757 0.000974862480635323 0.10080509464320936 0.29713611865305734 0.05964068731689464
26 0.27847539250154424 0.0020639708463346704 0.0022612663406329806 0.07252745075381968 0.0020639700374384205 0.5399376855449989 0.002063969944905561 0.5640629972005017 0.676422712706342 0.0725274506034108 0.21230590418885872 0.0020639702002794094 0.0725274506151023 0.07252745067061826 0.0022612657961106615 0.0725274504754615 0.6500275772826436 0.5172723255756854 0.06575889586065539 0.2784753908927308
188 0.0688210192840696 0.6375014213984798 0.288276735951532 0.07847991328647262 0.6375014204158601 0.05462876627268648 0.6375014208614062 0.018861226517396384 0.005086637618233131 0.07847991264093516 0.17631071169461668 0.6375014202695853 0.07847991248263224 0.07847991256608651 0.2882767360102115 0.07847991257255837 0.003538665155601651 0.05159816691663985 0.36161632961741486 0.0688210186997562
29 0.2649452484914268 0.02335410022529177 0.054185863859187146 0.06431214985054981 0.023354099071307637 0.690370136778108 0.0233540990026864 0.5951626863589105 0.5821442085495437 0.06431214952892013 0.2569687666769487 0.02335409932013959 0.06431214948558907 0.06431214945516096 0.05418586278543491 0.06431214931755444 0.42642680057671445 0.6136200216413188 0.11749150975725788 0.2649452464584426
118 0.05481098217047385 0.07847991299730611 0.26035005337568834 0.5948360726352336 0.07847991267374102 0.10646695136460968 0.0784799126050884 0.06906835082342129 0.02561636435108592 0.5948360730197896 0.17880486382455263 0.07847991264912768 0.5948360727418991 0.5948360731610265 0.2603500536849251 0.5948360728931998 0.02409472919832081 0.07453837113036894 0.0988509275328853 0.054810981084699235
171 0.2835573334727546 0.2950780814164744 0.35053506925209416 0.1264405823541449 0.29507808006458686 0.12077217540681284 0.2950780803490206 0.2107281857128726 0.07362188988894926 0.1264405814861819 0.3110937624467108 0.29507808041067185 0.12644058149527188 0.12644058159681149 0.3505350690317531 0.12644058146991774 0.07973225863109505 0.2925174787363193 0.9468981269277295 0.2835573316174226
44 0.3903238256647234 0.0014099798092223994 0.0014453278541575456 0.023437428973575272 0.0014099788471084737 0.46182045482003653 0.0014099788288960303 0.5912791112502159 0.665527302759374 0.023437428571971924 0.14717644994729753 0.001409979002580058 0.02343742853897613 0.023437428567243172 0.001445327093284384 0.02343742832921794 0.6455550883531344 0.487638932177857 0.09283001135514764 0.3903238241809664
37 0.27236003935621733 0.004897724950772367 0.010837947285699848 0.046634599445485744 0.004897723645944615 0.5915588265581484 0.004897723593523469 0.647506708280917 0.6320243344127998 0.046634599070933376 0.2701675960322535 0.004897723951597231 0.046634599160154444 0.046634599077609314 0.010837945731010098 0.0466345989370746 0.410933920986543 0.6248872143204905 0.11545359965142808 0.27236003721038904
20 0.24896528702020884 0.0023031313903542107 0.0015985992006083939 0.07070206372746678 0.0023031305675652257 0.5912037367829124 0.0023031304979823026 0.5567937224696226 0.6894040976252483 0.07070206367483493 0.23051420180721538 0.0023031307810330182 0.07070206371765808 0.07070206360042211 0.001598598447888623 0.07070206341835802 0.6003130986167314 0.5397731984871668 0.05966624568571086 0.24896528555227437
4 0.2962805764687822 0.005086638163785019 -0.0020346725103108985 0.025616364328444823 0.005086637357992987 0.49467387106939276 0.005086637369848325 0.505320739797718 0.7301927842003456 0.025616364407204367 0.1592728103709496 0.005086637605876159 0.025616364297987342 0.025616364319544414 -0.0020346731197238978 0.02561636409761798 0.685389754666571 0.5351015812543022 0.07968336046162482 0.29628057503381705
59 0.30661501158135035 0.006138213555002529 0.0015471133036843137 0.021515375721508984 0.006138212786207919 0.5235932947768137 0.006138212782476926 0.5086498277247581 0.722403418391665 0.021515375442969685 0.14532857715106373 0.006138212974631311 0.021515375382816393 0.02151537535158843 0.0015471126877411735 0.02151537521436645 0.6782850322264616 0.5156322842729409 0.07255405180259915 0.30661501025151133
194 0.3032333160437612 0.08226183465896306 0.30383399067741806 0.2578078133517198 0.08226183421945654 0.29165031448105583 0.0822618341522439 0.31900225710598 0.11034170950542875 0.2578078134211588 0.9248313202995317 0.08226183413616307 0.25780781327866953 0.2578078133821523 0.3038339907401139 0.2578078132106686 0.18649930834005005 0.055243870337625935 -0.03621090862649946 0.3032333147951837
103 0.0688210192840696 0.6375014213984798 0.288276735951532 0.07847991328647262 0.6375014204158601 0.05462876627268648 0.6375014208614062 0.018861226517396384 0.005086637618233131 0.07847991264093516 0.17631071169461668 0.6375014202695853 0.07847991248263224 0.07847991256608651 0.2882767360102115 0.07847991257255837 0.003538665155601651 0.05159816691663985 0.36161632961741486 0.0688210186997562
6 0.2876898279941894 0.023328490530609633 0.04066317796305065 0.019898803559083977 0.02332848937475151 0.6052600674147663 0.023328489368327227 0.6045448151602247 0.6075777208627265 0.019898803235606336 0.2014597733949579 0.02332848963716609 0.019898803174001747 0.0198988031499076 0.04066317662637547 0.019898802892840583 0.41233544132901695 0.6641698176123947 0.15582103025108587 0.2876898260417229
217 0.0688210192840696 0.6375014213984798 0.288276735951532 0.07847991328647262 0.6375014204158601 0.05462876627268648 0.6375014208614062 0.018861226517396384 0.005086637618233131 0.07847991264093516 0.17631071169461668 0.6375014202695853 0.07847991248263224 0.07847991256608651 0.2882767360102115 0.07847991257255837 0.003538665155601651 0.05159816691663985 0.36161632961741486 0.0688210186997562
15 0.2376235624196906 0.02430925267074755 0.06730936175879579 0.19900221888959427 0.024309252044532298 0.6580534644900808 0.0243092519335236 0.5575183967000313 0.5133657603046009 0.19900221897159726 0.283895916205064 0.024309252108901676 0.1990022189624849 0.1990022189518306 0.06730936147378642 0.1990022187453904 0.4988276267711881 0.5135211931200723 0.08611724762453259 0.23762356085267267
1 0.23859251218784344 0.06162992812387363 0.14112954135048006 0.33401802479491477 0.061629927780496564 0.6089189885963361 0.061629927702239067 0.4056428082179469 0.2802346524932654 0.3340180244261718 0.2990326980881726 0.06162992771953512 0.3340180244580965 0.33401802449641693 0.14112954202194497 0.33401802437249223 0.44024536663989794 0.3389422170536637 0.0955839361652487 0.23859251123413372
70 0.755820331290095 -0.02697717779941887 -0.04362308096126995 0.041517113985518245 -0.026977179793050296 0.061474796802202324 -0.02697717960424864 0.5894085387328112 0.34020512606482206 0.041517113502902867 0.3054783483409508 -0.02697717933653668 0.04151711352571234 0.041517113544893146 -0.04362308299142669 0.041517113314594435 0.19383415066824974 0.34870936239063155 0.09583883459315683 0.7558203290484203
66 0.3215500980041814 0.36161633056318226 0.2971361188374336 0.09885092816288055 0.36161632912339375 0.15868591548998595 0.36161632942678734 0.16773646621490165 0.0796833604616203 0.09885092739180841 0.33027546941927033 0.3616163290208638 0.09885092735787837 0.09885092742351569 0.2971361184676038 0.0988509272713463 0.08364642139058603 0.20249411206348977 0.909922887224214 0.3215500963357639
106 0.24886472401085985 0.2460227325126928 0.3805089359757195 0.14797750786888517 0.24602273099431757 0.08844080838506761 0.24602273115893722 0.2276902076224949 0.07231806558316979 0.14797750717190242 0.2898486703873494 0.2460227310953566 0.14797750693370335 0.14797750707078758 0.38050893561237964 0.14797750696178563 0.0750375626573428 0.37006434179453135 0.9444497785300512 0.2488647220174994
74 0.05481098217047385 0.07847991299730611 0.26035005337568834 0.5948360726352336 0.07847991267374102 0.10646695136460968 0.0784799126050884 0.06906835082342129 0.02561636435108592 0.5948360730197896 0.17880486382455263 0.07847991264912768 0.5948360727418991 0.5948360731610265 0.2603500536849251 0.5948360728931998 0.02409472919832081 0.07453837113036894 0.0988509275328853 0.054810981084699235
112 0.3930816035221048 0.17631071255559178 0.3188221487498366 0.1788048643838059 0.17631071136093757 0.23923216955869028 0.17631071136382392 0.2433100325660738 0.15927281037094967 0.17880486369718135 0.9353495876410586 0.17631071131516574 0.17880486371487012 0.17880486377692925 0.3188221483998948 0.17880486359373832 0.16346365044403646 0.22583198440922592 0.3302754694192724 0.3930816016700493
67 0.3215500980041814 0.36161633056318226 0.2971361188374336 0.09885092816288055 0.36161632912339375 0.15868591548998595 0.36161632942678734 0.16773646621490165 0.0796833604616203 0.09885092739180841 0.33027546941927033 0.3616163290208638 0.09885092735787837 0.09885092742351569 0.2971361184676038 0.0988509272713463 0.08364642139058603 0.20249411206348977 0.909922887224214 0.3215500963357639
79 0.0688210192840696 0.6375014213984798 0.288276735951532 0.07847991328647262 0.6375014204158601 0.05462876627268648 0.6375014208614062 0.018861226517396384 0.005086637618233131 0.07847991264093516 0.17631071169461668 0.6375014202695853 0.07847991248263224 0.07847991256608651 0.2882767360102115 0.07847991257255837 0.003538665155601651 0.05159816691663985 0.36161632961741486 0.0688210186997562
38 0.2961039386117175 -0.00448350775726114 -0.017320273529075187 0.004157163493054204 -0.0044835085866770635 0.45728902417695794 -0.004483508601485966 0.5082096099603899 0.7656528432071501 0.004157163071422007 0.12903859327864578 -0.004483508371882986 0.004157163062913817 0.004157163061336623 -0.017320274282191597 0.004157162821428599 0.6994483155026922 0.5071045837581981 0.05938229909626728 0.29610393718172423
184 0.0688210192840696 0.6375014213984798 0.288276735951532 0.07847991328647262 0.6375014204158601 0.05462876627268648 0.6375014208614062 0.018861226517396384 0.005086637618233131 0.07847991264093516 0.17631071169461668 0.6375014202695853 0.07847991248263224 0.07847991256608651 0.2882767360102115 0.07847991257255837 0.003538665155601651 0.05159816691663985 0.36161632961741486 0.0688210186997562
149 0.1903002926900115 0.175154117674986 0.42276431015898114 0.17585474810891732 0.17515411632941655 0.0335495428821455 0.17515411663040006 0.23735491515376997 0.06387015077325514 0.17585474774587603 0.2514801219814714 0.17515411650462384 0.17585474767575077 0.17585474769786685 0.4227643100302836 0.1758547476592497 0.07503201851051677 0.49363774940293303 0.877613036355176 0.19030029061131473
189 0.5892210373287713 0.03518396342308073 0.0651241159395053 0.10253245580431734 0.03518396181099562 0.1803633253168476 0.03518396183264139 0.6554318124809666 0.3376407095695026 0.10253245535138092 0.34812070878619766 0.035183962178609966 0.10253245539638894 0.10253245527481301 0.06512411468514716 0.1025324551737516 0.3122834744817347 0.4757306187618211 0.4151846370440334 0.5892210345893081
190 0.059640688386550976 0.2882767366472669 0.7431538026294092 0.2603500533914623 0.2882767356445423 0.11887324666972163 0.2882767358987523 0.05264150547453603 -0.0020346728242321387 0.2603500534855931 0.31882214857425256 0.2882767358553908 0.260350053255136 0.26035005359649327 0.7431538030233454 0.2603500534386757 0.000974862480635323 0.10080509464320936 0.29713611865305734 0.05964068731689464
198 0.05481098217047385 0.07847991299730611 0.26035005337568834 0.5948360726352336 0.07847991267374102 0.10646695136460968 0.0784799126050884 0.06906835082342129 0.02561636435108592 0.5948360730197896 0.17880486382455263 0.07847991264912768 0.5948360727418991 0.5948360731610265 0.2603500536849251 0.5948360728931998 0.02409472919832081 0.07453837113036894 0.0988509275328853 0.054810981084699235
88 0.05481098217047385 0.07847991299730611 0.26035005337568834 0.5948360726352336 0.07847991267374102 0.10646695136460968 0.0784799126050884 0.06906835082342129 0.02561636435108592 0.5948360730197896 0.17880486382455263 0.07847991264912768 0.5948360727418991 0.5948360731610265 0.2603500536849251 0.5948360728931998 0.02409472919832081 0.07453837113036894 0.0988509275328853 0.054810981084699235
218 0.24886472401085985 0.2460227325126928 0.3805089359757195 0.14797750786888517 0.24602273099431757 0.08844080838506761 0.24602273115893722 0.2276902076224949 0.07231806558316979 0.14797750717190242 0.2898486703873494 0.2460227310953566 0.14797750693370335 0.14797750707078758 0.38050893561237964 0.14797750696178563 0.0750375626573428 0.37006434179453135 0.9444497785300512 0.2488647220174994
174 0.7526648230983577 -0.005591042472378384 -0.015582700610685776 0.04132335308878855 -0.00559104441310221 0.06829016565129062 -0.005591044223177801 0.5852136020424361 0.324712577388815 0.04132335245161819 0.2972625270256298 -0.005591044025862973 0.04132335263907832 0.04132335263362026 -0.015582702618325579 0.041323352445390364 0.19357480235796135 0.36803218976921726 0.22825394100651825 0.7526648210149013
107 0.0688210192840696 0.6375014213984798 0.288276735951532 0.07847991328647262 0.6375014204158601 0.05462876627268648 0.6375014208614062 0.018861226517396384 0.005086637618233131 0.07847991264093516 0.17631071169461668 0.6375014202695853 0.07847991248263224 0.07847991256608651 0.2882767360102115 0.07847991257255837 0.003538665155601651 0.05159816691663985 0.36161632961741486 0.0688210186997562
36 0.25802188909343243 0.05564007700215893 0.10340764871438633 0.11885591636013737 0.05564007642633512 0.6582063956047508 0.055640076482325954 0.46859681511590584 0.5249144509861005 0.11885591625451798 0.21328354214162043 0.055640076747523526 0.11885591607103346 0.11885591594788282 0.10340764883184143 0.11885591581287776 0.5690708136369229 0.6488204980468317 0.15830661451398248 0.25802188748297855
35 0.26430503531674354 -0.004001612392479266 -0.01280732523109769 0.04573110625128886 -0.0040016133656768675 0.5515125705432722 -0.004001613439840602 0.5869734055602841 0.721457316192917 0.045731105980942134 0.19742992514204322 -0.0040016130887209934 0.04573110595938949 0.0457311059626596 -0.012807326329769263 0.04573110572042114 0.5844181370859209 0.5384867201633553 0.058608874416885025 0.26430503351933926
2 0.4445598797025658 0.0165012202751742 0.0417641794459041 0.08053332655684661 0.016501219098021987 0.4352025817784191 0.0165012190903303 0.6757202723088526 0.5146743883497664 0.0805333261442236 0.24966486595730453 0.016501219263823523 0.08053332607133061 0.08053332608349917 0.041764178690297846 0.08053332585545235 0.5258721003964119 0.5193415204405422 0.1934609684973812 0.4445598778857794
77 0.26950731398385275 0.257398684788114 0.41153969538758217 0.1272825057361524 0.25739868338036404 0.10212632954719925 0.2573986835947223 0.2534751495875016 0.04216258339183122 0.12728250534292296 0.307094018103584 0.2573986833390918 0.12728250532136418 0.1272825052373142 0.41153969532429396 0.127282505261212 0.10117229299114165 0.3213666663976399 0.9252636815014977 0.2695073121520985
202 0.6006202046580383 0.03773430138199298 0.06937346681521317 0.0990725532539297 0.037734299844242127 0.18533952056017905 0.037734299893124566 0.6682043010689116 0.3257226343314509 0.09907255266096111 0.34386010562158936 0.037734300014621316 0.09907255256619389 0.09907255265778156 0.06937346567682397 0.09907255240666407 0.3209915061944914 0.4549071931365232 0.4024552440512549 0.6006202025258685
13 0.24589304103229445 0.03389439247416631 0.05759051969853041 0.18301228887700977 0.033894392111450955 0.6375293164644222 0.03389439199664016 0.44633624849187487 0.5393180981466873 0.1830122889854796 0.2232704891538968 0.033894392148064605 0.18301228877498346 0.18301228897481245 0.05759052010694975 0.18301228875001235 0.6417705015773253 0.4691305715892026 0.06673353408441139 0.24589303966590734
69 0.0688210192840696 0.6375014213984798 0.288276735951532 0.07847991328647262 0.6375014204158601 0.05462876627268648 0.6375014208614062 0.018861226517396384 0.005086637618233131 0.07847991264093516 0.17631071169461668 0.6375014202695853 0.07847991248263224 0.07847991256608651 0.2882767360102115 0.07847991257255837 0.003538665155601651 0.05159816691663985 0.36161632961741486 0.0688210186997562
11 0.241519148282169 0.009571282647913218 0.026204661275206032 0.11543904295695957 0.009571281710961567 0.6491542745667527 0.009571281640083607 0.5867251633716742 0.6240179148911463 0.11543904294780301 0.2567515861919156 0.009571281853167832 0.11543904286284964 0.11543904280731693 0.026204660454406167 0.11543904268177993 0.523627861007218 0.5452984495170753 0.06969102511020757 0.24151914631397836
164 0.05481098217047385 0.07847991299730611 0.26035005337568834 0.5948360726352336 0.07847991267374102 0.10646695136460968 0.0784799126050884 0.06906835082342129 0.02561636435108592 0.5948360730197896 0.17880486382455263 0.07847991264912768 0.5948360727418991 0.5948360731610265 0.2603500536849251 0.5948360728931998 0.02409472919832081 0.07453837113036894 0.0988509275328853 0.054810981084699235
187 0.0688210192840696 0.6375014213984798 0.288276735951532 0.07847991328647262 0.6375014204158601 0.05462876627268648 0.6375014208614062 0.018861226517396384 0.005086637618233131 0.07847991264093516 0.17631071169461668 0.6375014202695853 0.07847991248263224 0.07847991256608651 0.2882767360102115 0.07847991257255837 0.003538665155601651 0.05159816691663985 0.36161632961741486 0.0688210186997562
22 0.2632176502403351 0.016667642595572477 0.017389935563982765 0.11390818555687526 0.016667642049259728 0.5515344507452189 0.016667642004494585 0.45995933208190043 0.6607193809571007 0.11390818565428294 0.19861548174888533 0.016667642191787683 0.11390818558715454 0.11390818557897012 0.01738993556382647 0.11390818534223865 0.7024094634931713 0.4927175163312096 0.06685728653391573 0.26321764882517945
214 0.2835573334727546 0.2950780814164744 0.35053506925209416 0.1264405823541449 0.29507808006458686 0.12077217540681284 0.2950780803490206 0.2107281857128726 0.07362188988894926 0.1264405814861819 0.3110937624467108 0.29507808041067185 0.12644058149527188 0.12644058159681149 0.3505350690317531 0.12644058146991774 0.07973225863109505 0.2925174787363193 0.9468981269277295 0.2835573316174226
86 0.3032333160437612 0.08226183465896306 0.30383399067741806 0.2578078133517198 0.08226183421945654 0.29165031448105583 0.0822618341522439 0.31900225710598 0.11034170950542875 0.2578078134211588 0.9248313202995317 0.08226183413616307 0.25780781327866953 0.2578078133821523 0.3038339907401139 0.2578078132106686 0.18649930834005005 0.055243870337625935 -0.03621090862649946 0.3032333147951837
159 0.059640688386550976 0.2882767366472669 0.7431538026294092 0.2603500533914623 0.2882767356445423 0.11887324666972163 0.2882767358987523 0.05264150547453603 -0.0020346728242321387 0.2603500534855931 0.31882214857425256 0.2882767358553908 0.260350053255136 0.26035005359649327 0.7431538030233454 0.2603500534386757 0.000974862480635323 0.10080509464320936 0.29713611865305734 0.05964068731689464
221 0.0688210192840696 0.6375014213984798 0.288276735951532 0.07847991328647262 0.6375014204158601 0.05462876627268648 0.6375014208614062 0.018861226517396384 0.005086637618233131 0.07847991264093516 0.17631071169461668 0.6375014202695853 0.07847991248263224 0.07847991256608651 0.2882767360102115 0.07847991257255837 0.003538665155601651 0.05159816691663985 0.36161632961741486 0.0688210186997562
208 0.6964148479047012 0.05282989343771554 0.056549941226100964 0.07969677914479235 0.052829891615798125 0.2335446221711683 0.052829891714361935 0.5329305107513995 0.3386487501410825 0.07969677835759911 0.36581532896922386 0.052829892020003634 0.07969677828480722 0.07969677834870109 0.05654993996112463 0.07969677815623274 0.3066724897994817 0.37210369517217473 0.3803827149875009 0.6964148457754443
220 0.0688210192840696 0.6375014213984798 0.288276735951532 0.07847991328647262 0.6375014204158601 0.05462876627268648 0.6375014208614062 0.018861226517396384 0.005086637618233131 0.07847991264093516 0.17631071169461668 0.6375014202695853 0.07847991248263224 0.07847991256608651 0.2882767360102115 0.07847991257255837 0.003538665155601651 0.05159816691663985 0.36161632961741486 0.0688210186997562
131 0.0688210192840696 0.6375014213984798 0.288276735951532 0.07847991328647262 0.6375014204158601 0.05462876627268648 0.6375014208614062 0.018861226517396384 0.005086637618233131 0.07847991264093516 0.17631071169461668 0.6375014202695853 0.07847991248263224 0.07847991256608651 0.2882767360102115 0.07847991257255837 0.003538665155601651 0.05159816691663985 0.36161632961741486 0.0688210186997562
91 0.05481098217047385 0.07847991299730611 0.26035005337568834 0.5948360726352336 0.07847991267374102 0.10646695136460968 0.0784799126050884 0.06906835082342129 0.02561636435108592 0.5948360730197896 0.17880486382455263 0.07847991264912768 0.5948360727418991 0.5948360731610265 0.2603500536849251 0.5948360728931998 0.02409472919832081 0.07453837113036894 0.0988509275328853 0.054810981084699235
170 0.2835573334727546 0.2950780814164744 0.35053506925209416 0.1264405823541449 0.29507808006458686 0.12077217540681284 0.2950780803490206 0.2107281857128726 0.07362188988894926 0.1264405814861819 0.3110937624467108 0.29507808041067185 0.12644058149527188 0.12644058159681149 0.3505350690317531 0.12644058146991774 0.07973225863109505 0.2925174787363193 0.9468981269277295 0.2835573316174226
10 0.259366839588533 -0.006083590991957561 -0.019760680267347147 0.027132317986045124 -0.006083591889015866 0.5171800354539984 -0.006083591922026687 0.5395703424427092 0.7555881276342611 0.027132317752692883 0.1718427791452781 -0.006083591640961058 0.0271323178030696 0.02713231775517989 -0.019760681159906455 0.027132317494441442 0.6485632195300663 0.5230694749746888 0.049844450754201866 0.25936683797553056
141 0.0688210192840696 0.6375014213984798 0.288276735951532 0.07847991328647262 0.6375014204158601 0.05462876627268648 0.6375014208614062 0.018861226517396384 0.005086637618233131 0.07847991264093516 0.17631071169461668 0.6375014202695853 0.07847991248263224 0.07847991256608651 0.2882767360102115 0.07847991257255837 0.003538665155601651 0.05159816691663985 0.36161632961741486 0.0688210186997562
162 0.3032333160437612 0.08226183465896306 0.30383399067741806 0.2578078133517198 0.08226183421945654 0.29165031448105583 0.0822618341522439 0.31900225710598 0.11034170950542875 0.2578078134211588 0.9248313202995317 0.08226183413616307 0.25780781327866953 0.2578078133821523 0.3038339907401139 0.2578078132106686 0.18649930834005005 0.055243870337625935 -0.03621090862649946 0.3032333147951837
60 0.6579845046043246 0.09943929153164371 0.10129656751233784 0.07971160582266179 0.09943928980481465 0.2422928604643499 0.09943929003218273 0.4909360985119451 0.29206791044118313 0.07971160495162782 0.33612295628744204 0.09943929028126244 0.07971160493840718 0.07971160509594614 0.10129656647877514 0.07971160491442503 0.29247127705355275 0.39306659890202383 0.537234613259655 0.6579845025647286
181 0.24886472401085985 0.2460227325126928 0.3805089359757195 0.14797750786888517 0.24602273099431757 0.08844080838506761 0.24602273115893722 0.2276902076224949 0.07231806558316979 0.14797750717190242 0.2898486703873494 0.2460227310953566 0.14797750693370335 0.14797750707078758 0.38050893561237964 0.14797750696178563 0.0750375626573428 0.37006434179453135 0.9444497785300512 0.2488647220174994
64 0.433881261575432 0.3404147665929008 0.23441746076039607 0.0729108357292589 0.3404147648069926 0.22121107006632557 0.34041476514299773 0.0069630773467101075 0.19248544795486588 0.07291083520819938 0.7301953922244353 0.3404147650236569 0.07291083488087606 0.07291083504232906 0.2344174603345765 0.07291083493952141 0.11860554423622648 0.20183626037315627 0.5392914829001663 0.43388125996855575
126 0.05481098217047385 0.07847991299730611 0.26035005337568834 0.5948360726352336 0.07847991267374102 0.10646695136460968 0.0784799126050884 0.06906835082342129 0.02561636435108592 0.5948360730197896 0.17880486382455263 0.07847991264912768 0.5948360727418991 0.5948360731610265 0.2603500536849251 0.5948360728931998 0.02409472919832081 0.07453837113036894 0.0988509275328853 0.054810981084699235
81 0.7663743172306567 0.06882101969677024 0.05964068809407763 0.05481098184827715 0.0688210182270268 0.27795510318968425 0.06882101838709787 0.42122571103666284 0.2962805756910971 0.054810981353512034 0.3930816023841127 0.0688210185180651 0.054810981411719695 0.054810981440823525 0.059640687264618464 0.05481098123709671 0.3330001942798144 0.2701688057484026 0.32155009702620807 0.7663743154844269
102 0.3215500980041814 0.36161633056318226 0.2971361188374336 0.09885092816288055 0.36161632912339375 0.15868591548998595 0.36161632942678734 0.16773646621490165 0.0796833604616203 0.09885092739180841 0.33027546941927033 0.3616163290208638 0.09885092735787837 0.09885092742351569 0.2971361184676038 0.0988509272713463 0.08364642139058603 0.20249411206348977 0.909922887224214 0.3215500963357639
17 0.27016880686500655 0.051598167620163525 0.10080509477621118 0.0745383715276579 0.051598166623870144 0.6195228700391452 0.05159816666346345 0.5143227328492017 0.5351015812543012 0.07453837102555202 0.2258319844092268 0.0515981667655119 0.07453837113169975 0.07453837106275704 0.10080509448640058 0.07453837088657887 0.508334467587531 0.7142737063552654 0.20249411206348733 0.2701688048289252
84 0.3930816035221048 0.17631071255559178 0.3188221487498366 0.1788048643838059 0.17631071136093757 0.23923216955869028 0.17631071136382392 0.2433100325660738 0.15927281037094967 0.17880486369718135 0.9353495876410586 0.17631071131516574 0.17880486371487012 0.17880486377692925 0.3188221483998948 0.17880486359373832 0.16346365044403646 0.22583198440922592 0.3302754694192724 0.3930816016700493
135 0.059640688386550976 0.2882767366472669 0.7431538026294092 0.2603500533914623 0.2882767356445423 0.11887324666972163 0.2882767358987523 0.05264150547453603 -0.0020346728242321387 0.2603500534855931 0.31882214857425256 0.2882767358553908 0.260350053255136 0.26035005359649327 0.7431538030233454 0.2603500534386757 0.000974862480635323 0.10080509464320936 0.29713611865305734 0.05964068731689464
169 0.05481098217047385 0.07847991299730611 0.26035005337568834 0.5948360726352336 0.07847991267374102 0.10646695136460968 0.0784799126050884 0.06906835082342129 0.02561636435108592 0.5948360730197896 0.17880486382455263 0.07847991264912768 0.5948360727418991 0.5948360731610265 0.2603500536849251 0.5948360728931998 0.02409472919832081 0.07453837113036894 0.0988509275328853 0.054810981084699235
199 0.05481098217047385 0.07847991299730611 0.26035005337568834 0.5948360726352336 0.07847991267374102 0.10646695136460968 0.0784799126050884 0.06906835082342129 0.02561636435108592 0.5948360730197896 0.17880486382455263 0.07847991264912768 0.5948360727418991 0.5948360731610265 0.2603500536849251 0.5948360728931998 0.02409472919832081 0.07453837113036894 0.0988509275328853 0.054810981084699235
132 0.0688210192840696 0.6375014213984798 0.288276735951532 0.07847991328647262 0.6375014204158601 0.05462876627268648 0.6375014208614062 0.018861226517396384 0.005086637618233131 0.07847991264093516 0.17631071169461668 0.6375014202695853 0.07847991248263224 0.07847991256608651 0.2882767360102115 0.07847991257255837 0.003538665155601651 0.05159816691663985 0.36161632961741486 0.0688210186997562
143 0.7663743172306567 0.06882101969677024 0.05964068809407763 0.05481098184827715 0.0688210182270268 0.27795510318968425 0.06882101838709787 0.42122571103666284 0.2962805756910971 0.054810981353512034 0.3930816023841127 0.0688210185180651 0.054810981411719695 0.054810981440823525 0.059640687264618464 0.05481098123709671 0.3330001942798144 0.2701688057484026 0.32155009702620807 0.7663743154844269
16 0.34177967593476044 -0.004581487082552486 -0.00760796947647474 0.0319836368574563 -0.004581488332835716 0.46774336724559235 -0.004581488364522679 0.689560344323127 0.6509178206094358 0.031983636506983604 0.19946278491920694 -0.004581488112690207 0.03198363655769936 0.03198363653135974 -0.007607970906636441 0.03198363630559548 0.4994273404966995 0.5750021780184766 0.1142230554612345 0.3417796739948779
203 0.07339676240006443 0.2984860477744282 0.7693274818373794 0.2161629274877058 0.29848604727767264 0.13529898402761736 0.2984860474349247 0.0659418211991078 -0.005864911834559574 0.21616292747639754 0.33062900508293797 0.2984860474796063 0.21616292709743568 0.2161629273695593 0.7693274821708621 0.216162927322684 -0.0009837294214254315 0.06868948443303112 0.22184896015683953 0.07339676170675093
211 0.3930816035221048 0.17631071255559178 0.3188221487498366 0.1788048643838059 0.17631071136093757 0.23923216955869028 0.17631071136382392 0.2433100325660738 0.15927281037094967 0.17880486369718135 0.9353495876410586 0.17631071131516574 0.17880486371487012 0.17880486377692925 0.3188221483998948 0.17880486359373832 0.16346365044403646 0.22583198440922592 0.3302754694192724 0.3930816016700493
219 0.24886472401085985 0.2460227325126928 0.3805089359757195 0.14797750786888517 0.24602273099431757 0.08844080838506761 0.24602273115893722 0.2276902076224949 0.07231806558316979 0.14797750717190242 0.2898486703873494 0.2460227310953566 0.14797750693370335 0.14797750707078758 0.38050893561237964 0.14797750696178563 0.0750375626573428 0.37006434179453135 0.9444497785300512 0.2488647220174994
147 0.3930816035221048 0.17631071255559178 0.3188221487498366 0.1788048643838059 0.17631071136093757 0.23923216955869028 0.17631071136382392 0.2433100325660738 0.15927281037094967 0.17880486369718135 0.9353495876410586 0.17631071131516574 0.17880486371487012 0.17880486377692925 0.3188221483998948 0.17880486359373832 0.16346365044403646 0.22583198440922592 0.3302754694192724 0.3930816016700493
133 0.6964148479047012 0.05282989343771554 0.056549941226100964 0.07969677914479235 0.052829891615798125 0.2335446221711683 0.052829891714361935 0.5329305107513995 0.3386487501410825 0.07969677835759911 0.36581532896922386 0.052829892020003634 0.07969677828480722 0.07969677834870109 0.05654993996112463 0.07969677815623274 0.3066724897994817 0.37210369517217473 0.3803827149875009 0.6964148457754443
124 0.05481098217047385 0.07847991299730611 0.26035005337568834 0.5948360726352336 0.07847991267374102 0.10646695136460968 0.0784799126050884 0.06906835082342129 0.02561636435108592 0.5948360730197896 0.17880486382455263 0.07847991264912768 0.5948360727418991 0.5948360731610265 0.2603500536849251 0.5948360728931998 0.02409472919832081 0.07453837113036894 0.0988509275328853 0.054810981084699235
148 0.3032333160437612 0.08226183465896306 0.30383399067741806 0.2578078133517198 0.08226183421945654 0.29165031448105583 0.0822618341522439 0.31900225710598 0.11034170950542875 0.2578078134211588 0.9248313202995317 0.08226183413616307 0.25780781327866953 0.2578078133821523 0.3038339907401139 0.2578078132106686 0.18649930834005005 0.055243870337625935 -0.03621090862649946 0.3032333147951837
71 0.05481098217047385 0.07847991299730611 0.26035005337568834 0.5948360726352336 0.07847991267374102 0.10646695136460968 0.0784799126050884 0.06906835082342129 0.02561636435108592 0.5948360730197896 0.17880486382455263 0.07847991264912768 0.5948360727418991 0.5948360731610265 0.2603500536849251 0.5948360728931998 0.02409472919832081 0.07453837113036894 0.0988509275328853 0.054810981084699235
180 0.057416485448858336 0.07666686231801118 0.30496226770077406 0.5832022620871059 0.07666686219825872 0.10435985015039906 0.07666686211944425 0.08926340121458516 0.024351522566655622 0.5832022625643922 0.19644748918357144 0.07666686176077 0.5832022621790435 0.5832022623569466 0.3049622680062242 0.5832022624208533 0.024587159659591427 0.05787784490685109 0.07511239740951436 0.057416484519518536
173 0.0688210192840696 0.6375014213984798 0.288276735951532 0.07847991328647262 0.6375014204158601 0.05462876627268648 0.6375014208614062 0.018861226517396384 0.005086637618233131 0.07847991264093516 0.17631071169461668 0.6375014202695853 0.07847991248263224 0.07847991256608651 0.2882767360102115 0.07847991257255837 0.003538665155601651 0.05159816691663985 0.36161632961741486 0.0688210186997562
182 0.24886472401085985 0.2460227325126928 0.3805089359757195 0.14797750786888517 0.24602273099431757 0.08844080838506761 0.24602273115893722 0.2276902076224949 0.07231806558316979 0.14797750717190242 0.2898486703873494 0.2460227310953566 0.14797750693370335 0.14797750707078758 0.38050893561237964 0.14797750696178563 0.0750375626573428 0.37006434179453135 0.9444497785300512 0.2488647220174994
90 0.05481098217047385 0.07847991299730611 0.26035005337568834 0.5948360726352336 0.07847991267374102 0.10646695136460968 0.0784799126050884 0.06906835082342129 0.02561636435108592 0.5948360730197896 0.17880486382455263 0.07847991264912768 0.5948360727418991 0.5948360731610265 0.2603500536849251 0.5948360728931998 0.02409472919832081 0.07453837113036894 0.0988509275328853 0.054810981084699235
115 0.8285023155570094 -0.02041927740561805 -0.03876663389555374 0.030775941790956798 -0.02041927935124933 0.10337795449295338 -0.020419279152905694 0.4017568918687388 0.35594337902356393 0.030775940841154596 0.30430419114683555 -0.020419278917484258 0.030775940829281992 0.030775940971585786 -0.03876663587401505 0.030775940738062234 0.17598167308983365 0.29047368202003077 0.04263939408060408 0.828502313665289
9 0.20278080009775537 0.014440926317182067 0.08315054294138159 0.20311640764778738 0.014440925259195438 0.7221638054173057 0.014440925113917586 0.645094060626188 0.4576959565801388 0.2031164077460363 0.3640821394192981 0.01444092531114846 0.20311640774085526 0.2031164077977778 0.08315054144679472 0.20311640764392147 0.22049763409450956 0.5492654389247353 0.09188758721918769 0.20278079776592972
33 0.25430163821511376 0.005744111573870558 0.010512992528818788 0.04736861781515769 0.005744110285540792 0.6033408327821472 0.005744110214106967 0.6423145409126251 0.6450559679241483 0.04736861770933959 0.2541854565570172 0.005744110621867383 0.04736861762775322 0.04736861766605051 0.010512990906192976 0.04736861747917195 0.3945985695587677 0.6348380370364193 0.11158895924368287 0.2543016361614796
76 0.05481098217047385 0.07847991299730611 0.26035005337568834 0.5948360726352336 0.07847991267374102 0.10646695136460968 0.0784799126050884 0.06906835082342129 0.02561636435108592 0.5948360730197896 0.17880486382455263 0.07847991264912768 0.5948360727418991 0.5948360731610265 0.2603500536849251 0.5948360728931998 0.02409472919832081 0.07453837113036894 0.0988509275328853 0.054810981084699235
89 0.05481098217047385 0.07847991299730611 0.26035005337568834 0.5948360726352336 0.07847991267374102 0.10646695136460968 0.0784799126050884 0.06906835082342129 0.02561636435108592 0.5948360730197896 0.17880486382455263 0.07847991264912768 0.5948360727418991 0.5948360731610265 0.2603500536849251 0.5948360728931998 0.02409472919832081 0.07453837113036894 0.0988509275328853 0.054810981084699235
183 0.0688210192840696 0.6375014213984798 0.288276735951532 0.07847991328647262 0.6375014204158601 0.05462876627268648 0.6375014208614062 0.018861226517396384 0.005086637618233131 0.07847991264093516 0.17631071169461668 0.6375014202695853 0.07847991248263224 0.07847991256608651 0.2882767360102115 0.07847991257255837 0.003538665155601651 0.05159816691663985 0.36161632961741486 0.0688210186997562
87 0.7486952408935478 -0.02739495893167428 -0.0461237313226338 0.04343195191962445 -0.027394960982500705 0.05771074209507043 -0.027394960782254882 0.5877002341884994 0.3553673703669895 0.04343195118350831 0.30722508193077075 -0.02739496053746412 0.04343195115175439 0.0434319510491208 -0.04612373348161655 0.043431950937833114 0.17957221778704163 0.36128782583639546 0.10085305939761935 0.7486952386614882
105 0.24886472401085985 0.2460227325126928 0.3805089359757195 0.14797750786888517 0.24602273099431757 0.08844080838506761 0.24602273115893722 0.2276902076224949 0.07231806558316979 0.14797750717190242 0.2898486703873494 0.2460227310953566 0.14797750693370335 0.14797750707078758 0.38050893561237964 0.14797750696178563 0.0750375626573428 0.37006434179453135 0.9444497785300512 0.2488647220174994
40 0.3952171197303487 0.007943208875518795 0.018792831074638423 0.04132303833588926 0.007943207923141628 0.49088075449479707 0.007943207883028894 0.6288803861114801 0.6041492136997274 0.04132303802121961 0.18601490809728968 0.007943208169987797 0.0413230379507067 0.04132303789173839 0.018792830415102157 0.04132303781430731 0.6077949240424798 0.5080061071271007 0.11884939533334841 0.39521711777278423
140 0.3215500980041814 0.36161633056318226 0.2971361188374336 0.09885092816288055 0.36161632912339375 0.15868591548998595 0.36161632942678734 0.16773646621490165 0.0796833604616203 0.09885092739180841 0.33027546941927033 0.3616163290208638 0.09885092735787837 0.09885092742351569 0.2971361184676038 0.0988509272713463 0.08364642139058603 0.20249411206348977 0.909922887224214 0.3215500963357639
93 0.05481098217047385 0.07847991299730611 0.26035005337568834 0.5948360726352336 0.07847991267374102 0.10646695136460968 0.0784799126050884 0.06906835082342129 0.02561636435108592 0.5948360730197896 0.17880486382455263 0.07847991264912768 0.5948360727418991 0.5948360731610265 0.2603500536849251 0.5948360728931998 0.02409472919832081 0.07453837113036894 0.0988509275328853 0.054810981084699235
114 0.3032333160437612 0.08226183465896306 0.30383399067741806 0.2578078133517198 0.08226183421945654 0.29165031448105583 0.0822618341522439 0.31900225710598 0.11034170950542875 0.2578078134211588 0.9248313202995317 0.08226183413616307 0.25780781327866953 0.2578078133821523 0.3038339907401139 0.2578078132106686 0.18649930834005005 0.055243870337625935 -0.03621090862649946 0.3032333147951837
213 0.3032333160437612 0.08226183465896306 0.30383399067741806 0.2578078133517198 0.08226183421945654 0.29165031448105583 0.0822618341522439 0.31900225710598 0.11034170950542875 0.2578078134211588 0.9248313202995317 0.08226183413616307 0.25780781327866953 0.2578078133821523 0.3038339907401139 0.2578078132106686 0.18649930834005005 0.055243870337625935 -0.03621090862649946 0.3032333147951837
110 0.059640688386550976 0.2882767366472669 0.7431538026294092 0.2603500533914623 0.2882767356445423 0.11887324666972163 0.2882767358987523 0.05264150547453603 -0.0020346728242321387 0.2603500534855931 0.31882214857425256 0.2882767358553908 0.260350053255136 0.26035005359649327 0.7431538030233454 0.2603500534386757 0.000974862480635323 0.10080509464320936 0.29713611865305734 0.05964068731689464
210 0.059640688386550976 0.2882767366472669 0.7431538026294092 0.2603500533914623 0.2882767356445423 0.11887324666972163 0.2882767358987523 0.05264150547453603 -0.0020346728242321387 0.2603500534855931 0.31882214857425256 0.2882767358553908 0.260350053255136 0.26035005359649327 0.7431538030233454 0.2603500534386757 0.000974862480635323 0.10080509464320936 0.29713611865305734 0.05964068731689464
14 0.40334103575701125 0.013026078046147502 0.043580666527536054 0.08280749979650012 0.013026076638604524 0.49527909556058275 0.013026076594688787 0.7321673845471507 0.5191989625132303 0.08280749962059014 0.24428703240139527 0.013026076909241022 0.08280749954392087 0.08280749951752368 0.043580665153311014 0.08280749930801809 0.40431906501435133 0.5638845631391823 0.196788669181483 0.4033410336586767
144 0.059640688386550976 0.2882767366472669 0.7431538026294092 0.2603500533914623 0.2882767356445423 0.11887324666972163 0.2882767358987523 0.05264150547453603 -0.0020346728242321387 0.2603500534855931 0.31882214857425256 0.2882767358553908 0.260350053255136 0.26035005359649327 0.7431538030233454 0.2603500534386757 0.000974862480635323 0.10080509464320936 0.29713611865305734 0.05964068731689464
50 0.2966900269835112 -0.007104590641953217 -0.01869584130563697 0.027009101843961575 -0.007104591608332215 0.4887351765281261 -0.007104591647129176 0.5509797086419197 0.7414782923125304 0.027009101604198355 0.16718046640455678 -0.007104591342273115 0.027009101575777822 0.02700910159425011 -0.01869584215218272 0.027009101402910574 0.6658796909638098 0.5014191255810211 0.054244878849672065 0.2966900254194754
197 0.05481098217047385 0.07847991299730611 0.26035005337568834 0.5948360726352336 0.07847991267374102 0.10646695136460968 0.0784799126050884 0.06906835082342129 0.02561636435108592 0.5948360730197896 0.17880486382455263 0.07847991264912768 0.5948360727418991 0.5948360731610265 0.2603500536849251 0.5948360728931998 0.02409472919832081 0.07453837113036894 0.0988509275328853 0.054810981084699235
5 0.30281477268729695 -0.0006569339492247082 -0.011287879788017974 -0.0001816848523210274 -0.0006569349543539978 0.5227620736272817 -0.000656934999656632 0.5718359854882429 0.7200641858617401 -0.00018168525548878194 0.1577241717869628 -0.0006569346770704963 -0.0001816852388825416 -0.00018168533415335397 -0.011287880988290241 -0.0001816855267776129 0.5710788191162078 0.5543540613610353 0.07919522987102434 0.30281477067875756
30 0.25696714626732625 0.04603445039555622 0.11310967433862906 0.13092995899526308 0.04603444967812886 0.597948608484761 0.04603444970147085 0.5307953846865683 0.47660220822043126 0.13092995853346293 0.29657816242086965 0.04603444974934791 0.13092995850524736 0.13092995852399458 0.11310967445056401 0.1309299583767383 0.5344539208144419 0.6721877654784479 0.1919146612590784 0.2569671446623224
158 0.059640688386550976 0.2882767366472669 0.7431538026294092 0.2603500533914623 0.2882767356445423 0.11887324666972163 0.2882767358987523 0.05264150547453603 -0.0020346728242321387 0.2603500534855931 0.31882214857425256 0.2882767358553908 0.260350053255136 0.26035005359649327 0.7431538030233454 0.2603500534386757 0.000974862480635323 0.10080509464320936 0.29713611865305734 0.05964068731689464
134 0.059640688386550976 0.2882767366472669 0.7431538026294092 0.2603500533914623 0.2882767356445423 0.11887324666972163 0.2882767358987523 0.05264150547453603 -0.0020346728242321387 0.2603500534855931 0.31882214857425256 0.2882767358553908 0.260350053255136 0.26035005359649327 0.7431538030233454 0.2603500534386757 0.000974862480635323 0.10080509464320936 0.29713611865305734 0.05964068731689464
85 0.3930816035221048 0.17631071255559178 0.3188221487498366 0.1788048643838059 0.17631071136093757 0.23923216955869028 0.17631071136382392 0.2433100325660738 0.15927281037094967 0.17880486369718135 0.9353495876410586 0.17631071131516574 0.17880486371487012 0.17880486377692925 0.3188221483998948 0.17880486359373832 0.16346365044403646 0.22583198440922592 0.3302754694192724 0.3930816016700493
