181 0.3273343846946828 0.10689305482282631 0.08256394712124131 0.11515015210860173 0.2955778025426319 0.14922912178668093 0.12718660355327085 0.2955778022587563 0.25374924073893973 0.07733213956144007 0.30641828915163066 0.9463359326680446 0.1814420867667494 0.09874923254289554 0.1852386737772341 0.3064182893058351 0.12379523233106521 0.11080442756652363 0.18523867368720473 0.5957156240501246
7 0.11479075403177481 0.5142147132071704 0.5736231691810848 0.15573560258068686 0.01270177798626446 0.4813435040766432 0.21439484042856602 0.012701777827982617 0.20537972218355488 0.10185074397752628 0.1357550887277278 0.12447256905077511 0.009435882831330124 0.6137207040107736 0.011190674632787367 0.1357550885922476 0.38891618601801065 0.6690725983270738 0.01119067466621279 0.09252883390073206
36 0.21186651502946624 0.670934088648168 0.49082990121594605 0.15009489011525284 0.02836715416246946 0.48547516285283726 0.2304356975243081 0.028367154255844785 0.2551391631402643 0.2956328898692264 0.20055729580357423 0.1211970762871123 0.16264237144647006 0.4156070911884682 0.15501321461787596 0.20055729579855125 0.5727078706580692 0.3274178353379329 0.1550132145165541 0.1354526027780068
78 0.3022784823089999 0.08096848825071103 0.09491294950859855 0.2078960080881581 0.36335037245664165 0.12553115058980036 0.11262566395174178 0.3633503725694543 0.25434654145412616 0.10874113828314955 0.32064134715266396 0.8063987141554331 0.16917317403428372 0.08876035956780917 0.11875500541748323 0.3206413470823029 0.18487382675857625 0.08876102712833939 0.11875500526548578 0.715202679497629
188 0.1892522715617931 0.014338708958938863 0.0012271241845070277 0.2461481125063522 0.8634368875768219 0.02002246480141633 -0.03634876280229146 0.863436887481801 -0.01088053553635934 0.07990342118061648 0.181504362409466 0.35044231013079225 0.10551608171606393 -0.004841419843467662 0.10406597010145872 0.18150436223218183 0.014917695389021607 0.0006517765250427721 0.10406597001894234 0.42705855551092614
160 0.5188506707347756 0.15071896657864264 0.13950519462863645 0.47386851531938945 0.18150436209441398 0.22258423092249222 0.23012442984604997 0.18150436223832664 0.23329937759823435 0.384345514261105 0.6027790592716489 0.3116589091367388 0.1831339941398451 0.1611662926515457 0.17932584828977838 0.6027790591100901 0.18576291322403543 0.13089630319259568 0.1793258480385034 0.3069847743213466
37 0.31269204742874335 0.6057891229720517 0.2521209469133884 0.23971365117055785 0.07803258411247432 0.5212785363917382 0.1778232615885952 0.07803258385317599 0.12152246493194584 0.4777717086744796 0.24852615961326563 0.12571251013894497 0.2608237715624274 0.1960378421675516 0.32351998699480383 0.2485261596129472 0.5475471042966766 0.10347791906020279 0.3235199871070679 0.1980599264581805
19 0.236250064567912 0.678573130669977 0.5312622061798113 0.07021890636966703 0.006509298356550236 0.4405906831309227 0.25566595415034965 0.00650929826167874 0.3035785061982787 0.1837548941160403 0.16878790017071366 0.10627270160792951 0.09068759764674308 0.5109628786639562 0.10280691326537271 0.16878790005192254 0.45817582488718395 0.48037421019016535 0.10280691332340094 0.10041986959111159
138 0.44406708716672527 0.16795419452612592 0.13894888466016192 0.48038080395571403 0.07990342095701783 0.23519106338690055 0.14331129195446787 0.07990342112427852 0.14852878160037072 0.907438329809669 0.3843455142787589 0.08132130495228201 0.291601119085642 0.14420902873075303 0.2525550687981927 0.38434551430526825 0.19908575322884167 0.09412564749627211 0.2525550685317082 0.08030967392752886
85 0.5188506707347756 0.15071896657864264 0.13950519462863645 0.47386851531938945 0.18150436209441398 0.22258423092249222 0.23012442984604997 0.18150436223832664 0.23329937759823435 0.384345514261105 0.6027790592716489 0.3116589091367388 0.1831339941398451 0.1611662926515457 0.17932584828977838 0.6027790591100901 0.18576291322403543 0.13089630319259568 0.1793258480385034 0.3069847743213466
112 0.5188506707347756 0.15071896657864264 0.13950519462863645 0.47386851531938945 0.18150436209441398 0.22258423092249222 0.23012442984604997 0.18150436223832664 0.23329937759823435 0.384345514261105 0.6027790592716489 0.3116589091367388 0.1831339941398451 0.1611662926515457 0.17932584828977838 0.6027790591100901 0.18576291322403543 0.13089630319259568 0.1793258480385034 0.3069847743213466
107 0.1892522715617931 0.014338708958938863 0.0012271241845070277 0.2461481125063522 0.8634368875768219 0.02002246480141633 -0.03634876280229146 0.863436887481801 -0.01088053553635934 0.07990342118061648 0.181504362409466 0.35044231013079225 0.10551608171606393 -0.004841419843467662 0.10406597010145872 0.18150436223218183 0.014917695389021607 0.0006517765250427721 0.10406597001894234 0.42705855551092614
4 0.16616946656756762 0.6048884164857846 0.5881977701424507 0.09814523484838131 -0.000905818238143734 0.4040189082716111 0.2684547352788224 -0.0009058181937780536 0.28348178732686524 0.14001731217097574 0.14611496533688353 0.08463031229793583 0.04002639438073403 0.5427688811903658 0.043719353506121376 0.14611496525593842 0.4756028893813389 0.57535153412471 0.0437193535115856 0.0870779544996467
56 0.1569564960911073 0.5545837649667685 0.5067292441499206 0.1791127990958038 0.027712240086698797 0.34815516304118055 0.314046982974742 0.02771223998871725 0.3350228043876172 0.15846373400425354 0.15552446426204328 0.15879413774304968 0.03669078555465192 0.4372812362389379 0.0367475851038988 0.15552446435653336 0.6391172790024124 0.5626327893437273 0.03674758515006312 0.1610058147508898
204 0.2553620212523893 -0.029761447305974256 0.07230987148452271 0.24838358553297166 0.440864702515886 0.15336249437477167 -0.10767964323330757 0.44086470323258975 -0.08114167144427378 0.26784442430310323 0.38705214996663106 0.6075880534675097 0.5969794466670366 -0.1470622368491624 0.27518154715309767 0.3870521500565026 0.016726042982610358 0.07539277444963469 0.2751815463254071 0.17765326183582583
217 0.1892522715617931 0.014338708958938863 0.0012271241845070277 0.2461481125063522 0.8634368875768219 0.02002246480141633 -0.03634876280229146 0.863436887481801 -0.01088053553635934 0.07990342118061648 0.181504362409466 0.35044231013079225 0.10551608171606393 -0.004841419843467662 0.10406597010145872 0.18150436223218183 0.014917695389021607 0.0006517765250427721 0.10406597001894234 0.42705855551092614
109 0.28825483078262004 0.27643301069636844 0.2250503651547443 0.3713143195019817 0.034137769403520916 0.23969654521459682 0.6174109591758594 0.03413776907591019 0.5555226072189305 0.1544328869051336 0.2946699374254717 0.24247726286465565 0.039970432998878466 0.26826609856256184 0.036894445649977604 0.29466993724956253 0.5888421873816351 0.3063092729189857 0.036894445848869986 0.3545138181939672
91 0.25233027454642026 0.0017297373795406314 0.06601883817414841 0.1431573949066847 0.317229575859885 0.08520375729306771 -0.052528456161331435 0.31722957628553455 -0.05970670361485503 0.087631928760065 0.3110276451257596 0.7936817766051566 0.5398679171337587 -0.05214632205672293 0.5045657155356275 0.31102764490646934 0.01434758023548226 0.04425885788747702 0.5045657150014264 0.14145430891328595
84 0.5188506707347756 0.15071896657864264 0.13950519462863645 0.47386851531938945 0.18150436209441398 0.22258423092249222 0.23012442984604997 0.18150436223832664 0.23329937759823435 0.384345514261105 0.6027790592716489 0.3116589091367388 0.1831339941398451 0.1611662926515457 0.17932584828977838 0.6027790591100901 0.18576291322403543 0.13089630319259568 0.1793258480385034 0.3069847743213466
208 0.28825483078262004 0.27643301069636844 0.2250503651547443 0.3713143195019817 0.034137769403520916 0.23969654521459682 0.6174109591758594 0.03413776907591019 0.5555226072189305 0.1544328869051336 0.2946699374254717 0.24247726286465565 0.039970432998878466 0.26826609856256184 0.036894445649977604 0.29466993724956253 0.5888421873816351 0.3063092729189857 0.036894445848869986 0.3545138181939672
146 0.5188506707347756 0.15071896657864264 0.13950519462863645 0.47386851531938945 0.18150436209441398 0.22258423092249222 0.23012442984604997 0.18150436223832664 0.23329937759823435 0.384345514261105 0.6027790592716489 0.3116589091367388 0.1831339941398451 0.1611662926515457 0.17932584828977838 0.6027790591100901 0.18576291322403543 0.13089630319259568 0.1793258480385034 0.3069847743213466
159 0.2553620212523893 -0.029761447305974256 0.07230987148452271 0.24838358553297166 0.440864702515886 0.15336249437477167 -0.10767964323330757 0.44086470323258975 -0.08114167144427378 0.26784442430310323 0.38705214996663106 0.6075880534675097 0.5969794466670366 -0.1470622368491624 0.27518154715309767 0.3870521500565026 0.016726042982610358 0.07539277444963469 0.2751815463254071 0.17765326183582583
169 0.18645817761174402 0.08285338417623427 0.03689839144697008 0.10207217405489619 0.10406596977901918 0.18103127092227675 0.00781452385090352 0.1040659699956813 0.011787046249011352 0.25255506871817396 0.17932584819082656 0.15290661783988357 0.7394710233348211 0.03948686267677966 0.7675599908928425 0.17932584821846553 0.03262328576473045 -0.005722497687938169 0.7675599905264382 0.11272241315958642
49 0.16748849738742383 0.6728365743665756 0.5810432266759054 0.1271034673651102 0.012545007692632093 0.4726887053175331 0.20699495620964053 0.012545007689759243 0.2142799925154632 0.1703623186768558 0.15793070757312982 0.09593639190015635 0.08200848113253106 0.5344624147757485 0.0857603894538396 0.15793070756191185 0.43057804755994533 0.5145247415597364 0.08576038943334438 0.08665801195005962
173 0.1892522715617931 0.014338708958938863 0.0012271241845070277 0.2461481125063522 0.8634368875768219 0.02002246480141633 -0.03634876280229146 0.863436887481801 -0.01088053553635934 0.07990342118061648 0.181504362409466 0.35044231013079225 0.10551608171606393 -0.004841419843467662 0.10406597010145872 0.18150436223218183 0.014917695389021607 0.0006517765250427721 0.10406597001894234 0.42705855551092614
105 0.318011567463405 0.09539100123116336 0.08096328891213123 0.1744150949630303 0.35044231003873266 0.13451962806360074 0.13186823745793763 0.350442309748343 0.24723870062113357 0.08132130495227732 0.31165890919093286 0.8456145085871689 0.15230858498465863 0.08961797949963762 0.15290661778718498 0.3116589091473483 0.16204193132671055 0.10141517852647876 0.15290661782547593 0.6928851084700072
26 0.12873513594454772 0.5879311363881118 0.6205443941127105 0.1326428312834632 0.0012271240776199396 0.44049192064088866 0.22580822798053024 0.0012271241873076891 0.22234094864865986 0.13894888466016572 0.13950519468742778 0.08096328891213454 0.03600494846698457 0.5765606585167903 0.03689839149358487 0.13950519461423358 0.42861740132027 0.591315899750956 0.03689839141716766 0.07771507949216638
80 0.1892522715617931 0.014338708958938863 0.0012271241845070277 0.2461481125063522 0.8634368875768219 0.02002246480141633 -0.03634876280229146 0.863436887481801 -0.01088053553635934 0.07990342118061648 0.181504362409466 0.35044231013079225 0.10551608171606393 -0.004841419843467662 0.10406597010145872 0.18150436223218183 0.014917695389021607 0.0006517765250427721 0.10406597001894234 0.42705855551092614
43 0.17970041290003066 0.6494486899354835 0.5630276353269168 0.11214326755887787 0.010917433625437487 0.5258252737247489 0.20804439880187617 0.010917433585368853 0.2242130821716995 0.16141776092890844 0.1584411790936101 0.101837587931668 0.0881350499749008 0.562884053653258 0.0919436364154318 0.15844117900236374 0.3833007826870875 0.5132449418943897 0.09194363643388898 0.08575516428229216
86 0.3787834176946249 0.15585987216093472 0.15959568302011637 0.452685625466586 0.07291983990744809 0.23875963765160169 0.14164746387087476 0.07291984029636256 0.1386338009377861 0.85257012361059 0.49271552925800294 0.07172454783115256 0.3052521477942235 0.14210862132301746 0.23700939301350696 0.4927155293417828 0.17574682284937 0.09207875826633388 0.23700939277307678 0.09035950313605334
126 0.18645817761174402 0.08285338417623427 0.03689839144697008 0.10207217405489619 0.10406596977901918 0.18103127092227675 0.00781452385090352 0.1040659699956813 0.011787046249011352 0.25255506871817396 0.17932584819082656 0.15290661783988357 0.7394710233348211 0.03948686267677966 0.7675599908928425 0.17932584821846553 0.03262328576473045 -0.005722497687938169 0.7675599905264382 0.11272241315958642
9 0.215929996841888 0.6556886601951092 0.47706870896696896 0.13315662948008455 0.028538334658130285 0.6230526103971779 0.2005751713106557 0.028538334580309407 0.2103214958660021 0.2274004948758825 0.19595762406537115 0.12394900313324561 0.1672731578975531 0.471443695344843 0.17495991932169364 0.19595762387749932 0.44015023931422986 0.3746393846736478 0.17495991935403993 0.117409102390708
90 0.25233027454642026 0.0017297373795406314 0.06601883817414841 0.1431573949066847 0.317229575859885 0.08520375729306771 -0.052528456161331435 0.31722957628553455 -0.05970670361485503 0.087631928760065 0.3110276451257596 0.7936817766051566 0.5398679171337587 -0.05214632205672293 0.5045657155356275 0.31102764490646934 0.01434758023548226 0.04425885788747702 0.5045657150014264 0.14145430891328595
50 0.15779781087748126 0.5398589054183317 0.5749046980086447 0.11627055240295715 -0.004088714478039596 0.5240064733622101 0.23633591672558893 -0.004088714512512331 0.23671791986084925 0.13157657425615898 0.15860783029310813 0.08752111828219676 0.0375738615561043 0.6238731824658481 0.04077179030328986 0.15860783020968178 0.3722369765046463 0.5821930945435355 0.04077179028764421 0.0791995022790661
148 0.3787834176946249 0.15585987216093472 0.15959568302011637 0.452685625466586 0.07291983990744809 0.23875963765160169 0.14164746387087476 0.07291984029636256 0.1386338009377861 0.85257012361059 0.49271552925800294 0.07172454783115256 0.3052521477942235 0.14210862132301746 0.23700939301350696 0.4927155293417828 0.17574682284937 0.09207875826633388 0.23700939277307678 0.09035950313605334
156 0.1892522715617931 0.014338708958938863 0.0012271241845070277 0.2461481125063522 0.8634368875768219 0.02002246480141633 -0.03634876280229146 0.863436887481801 -0.01088053553635934 0.07990342118061648 0.181504362409466 0.35044231013079225 0.10551608171606393 -0.004841419843467662 0.10406597010145872 0.18150436223218183 0.014917695389021607 0.0006517765250427721 0.10406597001894234 0.42705855551092614
46 0.15241012509028126 0.4274759037467104 0.5175697104248691 0.11469325645382109 0.004027391646030884 0.4965099223609067 0.29232130546360846 0.004027391635982888 0.35512874200253847 0.1344548705432576 0.16575497415559284 0.14719171366064795 0.01605289717905349 0.6080028482676221 0.010164843846305192 0.16575497407963935 0.47076226290552386 0.5953945398227285 0.010164843795207225 0.11280609892626299
140 0.318011567463405 0.09539100123116336 0.08096328891213123 0.1744150949630303 0.35044231003873266 0.13451962806360074 0.13186823745793763 0.350442309748343 0.24723870062113357 0.08132130495227732 0.31165890919093286 0.8456145085871689 0.15230858498465863 0.08961797949963762 0.15290661778718498 0.3116589091473483 0.16204193132671055 0.10141517852647876 0.15290661782547593 0.6928851084700072
179 0.18645817761174402 0.08285338417623427 0.03689839144697008 0.10207217405489619 0.10406596977901918 0.18103127092227675 0.00781452385090352 0.1040659699956813 0.011787046249011352 0.25255506871817396 0.17932584819082656 0.15290661783988357 0.7394710233348211 0.03948686267677966 0.7675599908928425 0.17932584821846553 0.03262328576473045 -0.005722497687938169 0.7675599905264382 0.11272241315958642
0 0.14950634505424468 0.6182353142210304 0.6152880704824553 0.10900870609679951 -0.00022683613464618402 0.408906887988872 0.23204168317733403 -0.00022683605970214783 0.2443297571479879 0.1403784767115999 0.14920656945445282 0.08193146181604465 0.039566994700369396 0.5629574541438509 0.040818230459972384 0.14920656933051116 0.43006073180171733 0.5830758924173026 0.040818230401686376 0.07853674621439659
167 0.18645817761174402 0.08285338417623427 0.03689839144697008 0.10207217405489619 0.10406596977901918 0.18103127092227675 0.00781452385090352 0.1040659699956813 0.011787046249011352 0.25255506871817396 0.17932584819082656 0.15290661783988357 0.7394710233348211 0.03948686267677966 0.7675599908928425 0.17932584821846553 0.03262328576473045 -0.005722497687938169 0.7675599905264382 0.11272241315958642
182 0.3273343846946828 0.10689305482282631 0.08256394712124131 0.11515015210860173 0.2955778025426319 0.14922912178668093 0.12718660355327085 0.2955778022587563 0.25374924073893973 0.07733213956144007 0.30641828915163066 0.9463359326680446 0.1814420867667494 0.09874923254289554 0.1852386737772341 0.3064182893058351 0.12379523233106521 0.11080442756652363 0.18523867368720473 0.5957156240501246
194 0.5045995709274834 0.1351020569303407 0.1326428312834616 0.7732910161474469 0.24614811233315556 0.14144537114323272 0.21570832245713673 0.24614811241789553 0.167863128990524 0.48038080395571237 0.47386851543461106 0.17441509496303748 0.1048966955267489 0.11431618996397526 0.10207217412249252 0.47386851527595136 0.2356758871554118 0.12091045662379164 0.10207217403035382 0.26514220956837387
61 0.2553620212523893 -0.029761447305974256 0.07230987148452271 0.24838358553297166 0.440864702515886 0.15336249437477167 -0.10767964323330757 0.44086470323258975 -0.08114167144427378 0.26784442430310323 0.38705214996663106 0.6075880534675097 0.5969794466670366 -0.1470622368491624 0.27518154715309767 0.3870521500565026 0.016726042982610358 0.07539277444963469 0.2751815463254071 0.17765326183582583
149 0.28904917941754693 0.08817329860847112 0.07771507949216115 0.26514220956837686 0.4270585553229418 0.11248328849667587 0.13547964538197688 0.4270585552083501 0.24208686065332286 0.0803096739275343 0.3069847741903936 0.6928851084700138 0.11268282503484739 0.07927200188216754 0.11272241321498484 0.30698477430782445 0.18921284063540367 0.09177188800452285 0.1127224132008687 0.7837909611992586
38 0.37370108344203196 0.6030923135547062 0.3580259970288176 -0.0058932240816363685 0.005628687721742728 0.5052008915215501 0.3149327423741153 0.005628687481473617 0.4293415130991761 0.26876626034022155 0.2403450617080267 0.15224808919244015 0.20520559097983546 0.4208378336322387 0.24074249283285037 0.24034506150201282 0.4122143701575655 0.2771900743093469 0.24074249285593358 0.160232819189728
119 0.2941824847454818 -0.0035410297947049882 0.0648931823041191 0.17135880719338642 0.3340474025780682 0.08109783524416495 -0.06695096529068854 0.33404740305028063 -0.05359717287708699 0.1426141520080451 0.29211731270388835 0.7800843904789905 0.5930404781683871 -0.05672811938729313 0.46586478105572154 0.2921173127861136 0.015670701831440762 0.04831312826050994 0.46586478044943813 0.13383045255507386
2 0.17337254017952056 0.38853594726982876 0.47683462489171397 0.15576964041785238 -0.0025913137855200145 0.4237922223694836 0.3867898949724224 -0.0025913138151479713 0.4040384206286837 0.14476861403512184 0.1890394694549398 0.13820501652369818 0.010381376649135724 0.5343794534555106 0.004313776019874883 0.18903946941465985 0.5903317822529162 0.5570035694304214 0.004313776037788533 0.13270769805876897
92 0.1830243797133326 0.08076303340626162 0.03600494846700143 0.10489669552674825 0.1055160815623077 0.17889540245017493 0.004051471161338123 0.10551608169957247 0.00951757991629551 0.2916011190856468 0.1831339942051711 0.15230858498465621 0.7805640757842806 0.03811841479587809 0.7394710234793035 0.18313399419822518 0.03033144494224674 -0.003339679201877903 0.7394710231144402 0.1126828250348412
145 0.2553620212523893 -0.029761447305974256 0.07230987148452271 0.24838358553297166 0.440864702515886 0.15336249437477167 -0.10767964323330757 0.44086470323258975 -0.08114167144427378 0.26784442430310323 0.38705214996663106 0.6075880534675097 0.5969794466670366 -0.1470622368491624 0.27518154715309767 0.3870521500565026 0.016726042982610358 0.07539277444963469 0.2751815463254071 0.17765326183582583
198 0.18645817761174402 0.08285338417623427 0.03689839144697008 0.10207217405489619 0.10406596977901918 0.18103127092227675 0.00781452385090352 0.1040659699956813 0.011787046249011352 0.25255506871817396 0.17932584819082656 0.15290661783988357 0.7394710233348211 0.03948686267677966 0.7675599908928425 0.17932584821846553 0.03262328576473045 -0.005722497687938169 0.7675599905264382 0.11272241315958642
150 0.28904917941754693 0.08817329860847112 0.07771507949216115 0.26514220956837686 0.4270585553229418 0.11248328849667587 0.13547964538197688 0.4270585552083501 0.24208686065332286 0.0803096739275343 0.3069847741903936 0.6928851084700138 0.11268282503484739 0.07927200188216754 0.11272241321498484 0.30698477430782445 0.18921284063540367 0.09177188800452285 0.1127224132008687 0.7837909611992586
184 0.1892522715617931 0.014338708958938863 0.0012271241845070277 0.2461481125063522 0.8634368875768219 0.02002246480141633 -0.03634876280229146 0.863436887481801 -0.01088053553635934 0.07990342118061648 0.181504362409466 0.35044231013079225 0.10551608171606393 -0.004841419843467662 0.10406597010145872 0.18150436223218183 0.014917695389021607 0.0006517765250427721 0.10406597001894234 0.42705855551092614
212 0.5188506707347756 0.15071896657864264 0.13950519462863645 0.47386851531938945 0.18150436209441398 0.22258423092249222 0.23012442984604997 0.18150436223832664 0.23329937759823435 0.384345514261105 0.6027790592716489 0.3116589091367388 0.1831339941398451 0.1611662926515457 0.17932584828977838 0.6027790591100901 0.18576291322403543 0.13089630319259568 0.1793258480385034 0.3069847743213466
175 0.18645817761174402 0.08285338417623427 0.03689839144697008 0.10207217405489619 0.10406596977901918 0.18103127092227675 0.00781452385090352 0.1040659699956813 0.011787046249011352 0.25255506871817396 0.17932584819082656 0.15290661783988357 0.7394710233348211 0.03948686267677966 0.7675599908928425 0.17932584821846553 0.03262328576473045 -0.005722497687938169 0.7675599905264382 0.11272241315958642
120 0.16782075956186024 0.07911322534150235 0.032577476326146854 0.11567366138688222 0.11033649393106197 0.17348815125930658 -0.0055041836392774645 0.11033649423512716 0.00514493538472602 0.38298498296184463 0.19120086532438269 0.15002232445792896 0.8665785374383227 0.035190939510328346 0.6667834767089597 0.19120086535081088 0.025512062775024397 0.00015457511959903687 0.6667834763084307 0.11050018563437326
1 0.2720809919117528 0.42287534486312 0.4123003223008687 0.12107535503821282 0.011521840468018888 0.7916388531497786 0.22353024725663448 0.011521840736285602 0.27333861891030914 0.2748754121756848 0.25075112766406416 0.1412309725658136 0.1915085718818787 0.5200414699946946 0.18988934639684033 0.25075112747278017 0.29093903778489155 0.3338044905348794 0.18988934621622308 0.11655603660283531
97 0.1830243797133326 0.08076303340626162 0.03600494846700143 0.10489669552674825 0.1055160815623077 0.17889540245017493 0.004051471161338123 0.10551608169957247 0.00951757991629551 0.2916011190856468 0.1831339942051711 0.15230858498465621 0.7805640757842806 0.03811841479587809 0.7394710234793035 0.18313399419822518 0.03033144494224674 -0.003339679201877903 0.7394710231144402 0.1126828250348412
161 0.5188506707347756 0.15071896657864264 0.13950519462863645 0.47386851531938945 0.18150436209441398 0.22258423092249222 0.23012442984604997 0.18150436223832664 0.23329937759823435 0.384345514261105 0.6027790592716489 0.3116589091367388 0.1831339941398451 0.1611662926515457 0.17932584828977838 0.6027790591100901 0.18576291322403543 0.13089630319259568 0.1793258480385034 0.3069847743213466
3 0.1923364063409989 0.5346811208554519 0.5264911753704662 0.11492487753707954 0.003393015110400315 0.6271241010485842 0.22589563940861915 0.0033930150639885706 0.2520622844094585 0.178366824052533 0.18886003034964935 0.10954901508004555 0.08965732410715019 0.6052025284451322 0.08940165764604745 0.1888600302062777 0.35570673112377815 0.4885198037906576 0.08940165760082484 0.09025658823229787
153 0.318011567463405 0.09539100123116336 0.08096328891213123 0.1744150949630303 0.35044231003873266 0.13451962806360074 0.13186823745793763 0.350442309748343 0.24723870062113357 0.08132130495227732 0.31165890919093286 0.8456145085871689 0.15230858498465863 0.08961797949963762 0.15290661778718498 0.3116589091473483 0.16204193132671055 0.10141517852647876 0.15290661782547593 0.6928851084700072
176 0.18645817761174402 0.08285338417623427 0.03689839144697008 0.10207217405489619 0.10406596977901918 0.18103127092227675 0.00781452385090352 0.1040659699956813 0.011787046249011352 0.25255506871817396 0.17932584819082656 0.15290661783988357 0.7394710233348211 0.03948686267677966 0.7675599908928425 0.17932584821846553 0.03262328576473045 -0.005722497687938169 0.7675599905264382 0.11272241315958642
108 0.1892522715617931 0.014338708958938863 0.0012271241845070277 0.2461481125063522 0.8634368875768219 0.02002246480141633 -0.03634876280229146 0.863436887481801 -0.01088053553635934 0.07990342118061648 0.181504362409466 0.35044231013079225 0.10551608171606393 -0.004841419843467662 0.10406597010145872 0.18150436223218183 0.014917695389021607 0.0006517765250427721 0.10406597001894234 0.42705855551092614
17 0.26680440905757935 0.6438955833478293 0.4559186552096205 0.07737599889907802 0.021208848373587996 0.6350900490555097 0.20091963768214058 0.02120884827665405 0.26644362015827533 0.23494152460423948 0.20459175011064434 0.13926192087955305 0.2020363044179135 0.500984722039145 0.19913422901876374 0.20459175023722337 0.34653078574847107 0.3485523064703959 0.19913422898421365 0.11040086110731297
114 0.3787834176946249 0.15585987216093472 0.15959568302011637 0.452685625466586 0.07291983990744809 0.23875963765160169 0.14164746387087476 0.07291984029636256 0.1386338009377861 0.85257012361059 0.49271552925800294 0.07172454783115256 0.3052521477942235 0.14210862132301746 0.23700939301350696 0.4927155293417828 0.17574682284937 0.09207875826633388 0.23700939277307678 0.09035950313605334
134 0.516912538725851 0.017675179732554173 0.09578710945345052 0.4166902249886737 0.48795754412873393 0.2148284881906738 0.016437155144199918 0.48795754448719475 0.04701476343788205 0.17786228825982522 0.4443804003868549 0.5331915176144947 0.20395381215943684 -0.008241869195944643 0.1977981615479633 0.4443804003777351 0.05269120774267509 0.14251533611001505 0.19779816104401005 0.33865830542748193
151 0.1892522715617931 0.014338708958938863 0.0012271241845070277 0.2461481125063522 0.8634368875768219 0.02002246480141633 -0.03634876280229146 0.863436887481801 -0.01088053553635934 0.07990342118061648 0.181504362409466 0.35044231013079225 0.10551608171606393 -0.004841419843467662 0.10406597010145872 0.18150436223218183 0.014917695389021607 0.0006517765250427721 0.10406597001894234 0.42705855551092614
117 0.16782075956186024 0.07911322534150235 0.032577476326146854 0.11567366138688222 0.11033649393106197 0.17348815125930658 -0.0055041836392774645 0.11033649423512716 0.00514493538472602 0.38298498296184463 0.19120086532438269 0.15002232445792896 0.8665785374383227 0.035190939510328346 0.6667834767089597 0.19120086535081088 0.025512062775024397 0.00015457511959903687 0.6667834763084307 0.11050018563437326
129 0.28904917941754693 0.08817329860847112 0.07771507949216115 0.26514220956837686 0.4270585553229418 0.11248328849667587 0.13547964538197688 0.4270585552083501 0.24208686065332286 0.0803096739275343 0.3069847741903936 0.6928851084700138 0.11268282503484739 0.07927200188216754 0.11272241321498484 0.30698477430782445 0.18921284063540367 0.09177188800452285 0.1127224132008687 0.7837909611992586
213 0.3787834176946249 0.15585987216093472 0.15959568302011637 0.452685625466586 0.07291983990744809 0.23875963765160169 0.14164746387087476 0.07291984029636256 0.1386338009377861 0.85257012361059 0.49271552925800294 0.07172454783115256 0.3052521477942235 0.14210862132301746 0.23700939301350696 0.4927155293417828 0.17574682284937 0.09207875826633388 0.23700939277307678 0.09035950313605334
211 0.5188506707347756 0.15071896657864264 0.13950519462863645 0.47386851531938945 0.18150436209441398 0.22258423092249222 0.23012442984604997 0.18150436223832664 0.23329937759823435 0.384345514261105 0.6027790592716489 0.3116589091367388 0.1831339941398451 0.1611662926515457 0.17932584828977838 0.6027790591100901 0.18576291322403543 0.13089630319259568 0.1793258480385034 0.3069847743213466
206 0.5188506707347756 0.15071896657864264 0.13950519462863645 0.47386851531938945 0.18150436209441398 0.22258423092249222 0.23012442984604997 0.18150436223832664 0.23329937759823435 0.384345514261105 0.6027790592716489 0.3116589091367388 0.1831339941398451 0.1611662926515457 0.17932584828977838 0.6027790591100901 0.18576291322403543 0.13089630319259568 0.1793258480385034 0.3069847743213466
23 0.1586264542747349 0.38633734691924176 0.50593023765178 0.1602516099812606 -0.00046652604175004243 0.7105325798676074 0.2517242878235517 -0.0004665258239713451 0.2661275374424003 0.20343342085434282 0.20658363409946665 0.1114590447964925 0.07814130937869578 0.6151017387100202 0.0754164558998344 0.20658363409445032 0.3761816331678644 0.4657893058498531 0.07541645568813996 0.09854896898413758
22 0.12515626853330072 0.5862892578141484 0.5340413268631615 0.16529360004868024 0.03400725694102967 0.5257271966561445 0.1843051743811793 0.03400725659359501 0.1758881071449912 0.10274941761229836 0.14853250455069802 0.16059554126229494 0.040352089018791726 0.5752489435162108 0.04448676433060275 0.1485325044066086 0.3720326057649385 0.6441009872542179 0.04448676449028709 0.1031918730952331
215 0.28904917941754693 0.08817329860847112 0.07771507949216115 0.26514220956837686 0.4270585553229418 0.11248328849667587 0.13547964538197688 0.4270585552083501 0.24208686065332286 0.0803096739275343 0.3069847741903936 0.6928851084700138 0.11268282503484739 0.07927200188216754 0.11272241321498484 0.30698477430782445 0.18921284063540367 0.09177188800452285 0.1127224132008687 0.7837909611992586
125 0.18645817761174402 0.08285338417623427 0.03689839144697008 0.10207217405489619 0.10406596977901918 0.18103127092227675 0.00781452385090352 0.1040659699956813 0.011787046249011352 0.25255506871817396 0.17932584819082656 0.15290661783988357 0.7394710233348211 0.03948686267677966 0.7675599908928425 0.17932584821846553 0.03262328576473045 -0.005722497687938169 0.7675599905264382 0.11272241315958642
168 0.18645817761174402 0.08285338417623427 0.03689839144697008 0.10207217405489619 0.10406596977901918 0.18103127092227675 0.00781452385090352 0.1040659699956813 0.011787046249011352 0.25255506871817396 0.17932584819082656 0.15290661783988357 0.7394710233348211 0.03948686267677966 0.7675599908928425 0.17932584821846553 0.03262328576473045 -0.005722497687938169 0.7675599905264382 0.11272241315958642
67 0.318011567463405 0.09539100123116336 0.08096328891213123 0.1744150949630303 0.35044231003873266 0.13451962806360074 0.13186823745793763 0.350442309748343 0.24723870062113357 0.08132130495227732 0.31165890919093286 0.8456145085871689 0.15230858498465863 0.08961797949963762 0.15290661778718498 0.3116589091473483 0.16204193132671055 0.10141517852647876 0.15290661782547593 0.6928851084700072
11 0.22262895033954883 0.4753515070212819 0.44049192064086307 0.1414453711432347 0.02002246464719511 0.7944223756651656 0.20840159832778837 0.020022464762343636 0.2281260284351981 0.23519106338690304 0.2225842309273252 0.1345196280636082 0.1788954024501728 0.5179644839403071 0.18103127096079522 0.22258423089662244 0.3132959508007783 0.3659451418222065 0.18103127077342807 0.1124832884966767
133 0.31713417876128025 0.29838579780411784 0.1954429684441422 0.25551010371573835 0.08257494093126319 0.2760979309617672 0.4652984683695632 0.08257494055804626 0.5975278425525188 0.14767311328327895 0.2767820339869849 0.410838520741022 0.06326612817627493 0.2693406334293328 0.05853166774423195 0.2767820341852578 0.5431077217944352 0.319826530276858 0.0585316678944971 0.4645686570162505
93 0.1830243797133326 0.08076303340626162 0.03600494846700143 0.10489669552674825 0.1055160815623077 0.17889540245017493 0.004051471161338123 0.10551608169957247 0.00951757991629551 0.2916011190856468 0.1831339942051711 0.15230858498465621 0.7805640757842806 0.03811841479587809 0.7394710234793035 0.18313399419822518 0.03033144494224674 -0.003339679201877903 0.7394710231144402 0.1126828250348412
83 0.2553620212523893 -0.029761447305974256 0.07230987148452271 0.24838358553297166 0.440864702515886 0.15336249437477167 -0.10767964323330757 0.44086470323258975 -0.08114167144427378 0.26784442430310323 0.38705214996663106 0.6075880534675097 0.5969794466670366 -0.1470622368491624 0.27518154715309767 0.3870521500565026 0.016726042982610358 0.07539277444963469 0.2751815463254071 0.17765326183582583
76 0.1830243797133326 0.08076303340626162 0.03600494846700143 0.10489669552674825 0.1055160815623077 0.17889540245017493 0.004051471161338123 0.10551608169957247 0.00951757991629551 0.2916011190856468 0.1831339942051711 0.15230858498465621 0.7805640757842806 0.03811841479587809 0.7394710234793035 0.18313399419822518 0.03033144494224674 -0.003339679201877903 0.7394710231144402 0.1126828250348412
185 0.318011567463405 0.09539100123116336 0.08096328891213123 0.1744150949630303 0.35044231003873266 0.13451962806360074 0.13186823745793763 0.350442309748343 0.24723870062113357 0.08132130495227732 0.31165890919093286 0.8456145085871689 0.15230858498465863 0.08961797949963762 0.15290661778718498 0.3116589091473483 0.16204193132671055 0.10141517852647876 0.15290661782547593 0.6928851084700072
116 0.44451868254052357 0.08974597539078161 0.1029230540090961 0.2276860959365867 0.3692627238084494 0.14883425031179984 0.04448641297325775 0.3692627240014694 0.07170102608892544 0.10056165580977705 0.5037583147206912 0.7297843593018022 0.2833749672275135 0.04629114848591317 0.28518894788356336 0.503758314484103 -0.018402374611832868 0.12640505162338564 0.28518894762875435 0.2709411415708845
70 0.1940979343203706 0.193801225609969 0.22947608566394365 0.30986135487570926 -0.03776500509633844 0.17330794456168014 0.9185628080520306 -0.037765005361618996 0.6587885773619221 0.12933518424311577 0.22532588008147167 0.11418779177288975 0.003908155299378931 0.21711914785364056 0.0011654011374660253 0.22532588008242055 0.4453143231113272 0.26387534730818274 0.0011654013831183068 0.1327663264853337
47 0.21301084172621626 0.6180841999601647 0.4819383937856026 0.131363176944195 0.026324557923998335 0.6597431358993318 0.19151744397180565 0.026324557995316782 0.21780287426509884 0.23973790233542805 0.20434887372380528 0.12863405217076584 0.18060537390734144 0.4929840758870411 0.17204490188738644 0.2043488737820657 0.4045502310278927 0.36521199369626717 0.17204490178644669 0.11188671957814614
122 0.1696520448648593 0.1777868807832468 0.2554405595984122 0.31282444772947293 -0.04754094030488844 0.16255266707346105 0.9475663875215111 -0.047540940467719485 0.6262859947652826 0.15223965404472392 0.22344921996565237 0.07864242241092781 -0.004382452395881647 0.21635338304743632 0.0005309928641903925 0.223449219934174 0.4556393494209707 0.25165219686832063 0.000530993068860375 0.07787704791028975
162 0.3787834176946249 0.15585987216093472 0.15959568302011637 0.452685625466586 0.07291983990744809 0.23875963765160169 0.14164746387087476 0.07291984029636256 0.1386338009377861 0.85257012361059 0.49271552925800294 0.07172454783115256 0.3052521477942235 0.14210862132301746 0.23700939301350696 0.4927155293417828 0.17574682284937 0.09207875826633388 0.23700939277307678 0.09035950313605334
5 0.24695763353505432 0.7455218878363081 0.3294492825783587 0.12400360378720247 0.06796852930287076 0.5866768735285233 0.10128143168984607 0.06796852901691697 0.1444392433853141 0.31970967478771833 0.2128942708185362 0.15873279314927038 0.3953040218936506 0.2998040353952269 0.3571642275631249 0.21289427089646865 0.3434313804480942 0.11229126309819283 0.35716422755116445 0.12193963467460445
221 0.1892522715617931 0.014338708958938863 0.0012271241845070277 0.2461481125063522 0.8634368875768219 0.02002246480141633 -0.03634876280229146 0.863436887481801 -0.01088053553635934 0.07990342118061648 0.181504362409466 0.35044231013079225 0.10551608171606393 -0.004841419843467662 0.10406597010145872 0.18150436223218183 0.014917695389021607 0.0006517765250427721 0.10406597001894234 0.42705855551092614
57 0.1504290344085675 0.6650016131812612 0.5879311363881063 0.13510205693033533 0.01433870890239764 0.4753515070212659 0.2082651843981954 0.014338708914176122 0.21175296312347563 0.167954194526111 0.15071896659041553 0.09539100123116491 0.08076303340626811 0.530536643493863 0.08285338417892814 0.15071896660660317 0.44280207539381083 0.5180102076689235 0.08285338416622429 0.08817329860846088
24 0.18599971102641452 0.37897124596945053 0.45360190514200105 0.14262806026297006 0.013301236320040218 0.5637803717535135 0.3020354842033642 0.013301236339041534 0.3823209610710208 0.18009359110004527 0.21823481120979613 0.19425434297196062 0.046243037986283264 0.5715690224053109 0.03517710168839608 0.2182348113013364 0.5039090188190722 0.5122389580565405 0.03517710166366964 0.15261477638355178
131 0.1892522715617931 0.014338708958938863 0.0012271241845070277 0.2461481125063522 0.8634368875768219 0.02002246480141633 -0.03634876280229146 0.863436887481801 -0.01088053553635934 0.07990342118061648 0.181504362409466 0.35044231013079225 0.10551608171606393 -0.004841419843467662 0.10406597010145872 0.18150436223218183 0.014917695389021607 0.0006517765250427721 0.10406597001894234 0.42705855551092614
155 0.1892522715617931 0.014338708958938863 0.0012271241845070277 0.2461481125063522 0.8634368875768219 0.02002246480141633 -0.03634876280229146 0.863436887481801 -0.01088053553635934 0.07990342118061648 0.181504362409466 0.35044231013079225 0.10551608171606393 -0.004841419843467662 0.10406597010145872 0.18150436223218183 0.014917695389021607 0.0006517765250427721 0.10406597001894234 0.42705855551092614
45 0.1613881926496733 0.5305366434938494 0.5765606585167424 0.11431618996397214 -0.004841419894894635 0.5179644839403006 0.24049452785623576 -0.00484141988006774 0.2534181527659414 0.1442090287307418 0.16116629260409518 0.089617979499641 0.038118414795882925 0.6226958474792063 0.0394868626499581 0.16116629262621454 0.38987838510196593 0.5702756679403173 0.03948686266576473 0.07927200188216944
192 0.6029977365803559 0.1504290344085872 0.12873513594454283 0.504599570927484 0.18925227138172623 0.22262895033954763 0.2221572860385014 0.1892522714873765 0.24438840846810514 0.4440670871667302 0.5188506708263771 0.31801156746341014 0.18302437971332108 0.1613881926496923 0.18645817769243556 0.5188506708501974 0.217250162905289 0.12542693230457772 0.18645817753922025 0.28904917941754443
164 0.18645817761174402 0.08285338417623427 0.03689839144697008 0.10207217405489619 0.10406596977901918 0.18103127092227675 0.00781452385090352 0.1040659699956813 0.011787046249011352 0.25255506871817396 0.17932584819082656 0.15290661783988357 0.7394710233348211 0.03948686267677966 0.7675599908928425 0.17932584821846553 0.03262328576473045 -0.005722497687938169 0.7675599905264382 0.11272241315958642
48 0.1347058440552387 0.6240846973392681 0.624745859859357 0.13051413527673275 0.0027377679041161915 0.3739860097630342 0.24208464544756061 0.0027377680165219477 0.2356925884611148 0.14161630907624634 0.13208282627717668 0.07730161134095175 0.034021663168169354 0.5279572211754376 0.03877451716616709 0.13208282623012554 0.4797767138242699 0.5916847792046712 0.0387745170740064 0.08151699285544782
59 0.23094704123037949 0.27036951709073354 0.4107959273890159 0.1754020906420924 0.0068852699055643425 0.8439390568206314 0.23042170621323335 0.0068852703966936985 0.27386056316070045 0.32565526923046606 0.2940943911947632 0.1372488830761317 0.1816333118094528 0.5115320826129686 0.16292547706435787 0.29409439133189563 0.27705231666462105 0.30844833727932874 0.16292547664561002 0.11845027514503684
100 0.25233027454642026 0.0017297373795406314 0.06601883817414841 0.1431573949066847 0.317229575859885 0.08520375729306771 -0.052528456161331435 0.31722957628553455 -0.05970670361485503 0.087631928760065 0.3110276451257596 0.7936817766051566 0.5398679171337587 -0.05214632205672293 0.5045657155356275 0.31102764490646934 0.01434758023548226 0.04425885788747702 0.5045657150014264 0.14145430891328595
79 0.1892522715617931 0.014338708958938863 0.0012271241845070277 0.2461481125063522 0.8634368875768219 0.02002246480141633 -0.03634876280229146 0.863436887481801 -0.01088053553635934 0.07990342118061648 0.181504362409466 0.35044231013079225 0.10551608171606393 -0.004841419843467662 0.10406597010145872 0.18150436223218183 0.014917695389021607 0.0006517765250427721 0.10406597001894234 0.42705855551092614
166 0.18645817761174402 0.08285338417623427 0.03689839144697008 0.10207217405489619 0.10406596977901918 0.18103127092227675 0.00781452385090352 0.1040659699956813 0.011787046249011352 0.25255506871817396 0.17932584819082656 0.15290661783988357 0.7394710233348211 0.03948686267677966 0.7675599908928425 0.17932584821846553 0.03262328576473045 -0.005722497687938169 0.7675599905264382 0.11272241315958642
186 0.318011567463405 0.09539100123116336 0.08096328891213123 0.1744150949630303 0.35044231003873266 0.13451962806360074 0.13186823745793763 0.350442309748343 0.24723870062113357 0.08132130495227732 0.31165890919093286 0.8456145085871689 0.15230858498465863 0.08961797949963762 0.15290661778718498 0.3116589091473483 0.16204193132671055 0.10141517852647876 0.15290661782547593 0.6928851084700072
127 0.18645817761174402 0.08285338417623427 0.03689839144697008 0.10207217405489619 0.10406596977901918 0.18103127092227675 0.00781452385090352 0.1040659699956813 0.011787046249011352 0.25255506871817396 0.17932584819082656 0.15290661783988357 0.7394710233348211 0.03948686267677966 0.7675599908928425 0.17932584821846553 0.03262328576473045 -0.005722497687938169 0.7675599905264382 0.11272241315958642
177 0.18645817761174402 0.08285338417623427 0.03689839144697008 0.10207217405489619 0.10406596977901918 0.18103127092227675 0.00781452385090352 0.1040659699956813 0.011787046249011352 0.25255506871817396 0.17932584819082656 0.15290661783988357 0.7394710233348211 0.03948686267677966 0.7675599908928425 0.17932584821846553 0.03262328576473045 -0.005722497687938169 0.7675599905264382 0.11272241315958642
102 0.3229777174335527 0.10986832865598196 0.09173884904451608 0.09133860313768558 0.2630140071433312 0.15454188294158713 0.11340549067348686 0.26301400707291517 0.26410432612598617 0.08677992863337321 0.3046067024186861 0.9981557218953563 0.2140908971901745 0.10715460706101039 0.19229820992194863 0.3046067023531336 0.0989594136064527 0.11056819127026872 0.1922982097305317 0.5251096714785577
115 0.244388408468098 0.21175296312347644 0.2223409486486575 0.16786312899052547 -0.010880535519936028 0.22812602843519558 0.7301113344540813 -0.010880535629463726 0.8121742844478177 0.14852878160036953 0.2332993775424594 0.2472387006211371 0.009517579916297852 0.25341815276594515 0.011787046230447237 0.2332993775263729 0.42738677715404644 0.27377706790858114 0.011787046292884048 0.24208686065331733
74 0.25233027454642026 0.0017297373795406314 0.06601883817414841 0.1431573949066847 0.317229575859885 0.08520375729306771 -0.052528456161331435 0.31722957628553455 -0.05970670361485503 0.087631928760065 0.3110276451257596 0.7936817766051566 0.5398679171337587 -0.05214632205672293 0.5045657155356275 0.31102764490646934 0.01434758023548226 0.04425885788747702 0.5045657150014264 0.14145430891328595
106 0.318011567463405 0.09539100123116336 0.08096328891213123 0.1744150949630303 0.35044231003873266 0.13451962806360074 0.13186823745793763 0.350442309748343 0.24723870062113357 0.08132130495227732 0.31165890919093286 0.8456145085871689 0.15230858498465863 0.08961797949963762 0.15290661778718498 0.3116589091473483 0.16204193132671055 0.10141517852647876 0.15290661782547593 0.6928851084700072
35 0.21944941078254337 0.42819491457793774 0.47473506692783557 0.12664836131446935 -0.005441312846800991 0.6139061209589427 0.3099439881279126 -0.0054413126804175845 0.3358269656255404 0.22217671973476458 0.2232639171613585 0.11223108916404177 0.07956418302770035 0.562398053727896 0.08279437481651417 0.223263917212225 0.4867667595434859 0.4379313353402821 0.08279437471857874 0.1158809512378463
65 0.3787834176946249 0.15585987216093472 0.15959568302011637 0.452685625466586 0.07291983990744809 0.23875963765160169 0.14164746387087476 0.07291984029636256 0.1386338009377861 0.85257012361059 0.49271552925800294 0.07172454783115256 0.3052521477942235 0.14210862132301746 0.23700939301350696 0.4927155293417828 0.17574682284937 0.09207875826633388 0.23700939277307678 0.09035950313605334
174 0.24521767484093568 0.22708249678895412 0.2275335326686356 0.12360382244472577 -0.04404527647795654 0.24083656295592 0.8393802604892178 -0.04404527665357624 0.7645962374624071 0.16307409983359913 0.233051943980087 0.10219187230912882 -0.0008920024183021576 0.26516725674070984 0.014919669254421194 0.2330519438362682 0.4148662272487828 0.2685817633554433 0.014919669402888004 0.088442920215447
172 0.1892522715617931 0.014338708958938863 0.0012271241845070277 0.2461481125063522 0.8634368875768219 0.02002246480141633 -0.03634876280229146 0.863436887481801 -0.01088053553635934 0.07990342118061648 0.181504362409466 0.35044231013079225 0.10551608171606393 -0.004841419843467662 0.10406597010145872 0.18150436223218183 0.014917695389021607 0.0006517765250427721 0.10406597001894234 0.42705855551092614
201 0.18645817761174402 0.08285338417623427 0.03689839144697008 0.10207217405489619 0.10406596977901918 0.18103127092227675 0.00781452385090352 0.1040659699956813 0.011787046249011352 0.25255506871817396 0.17932584819082656 0.15290661783988357 0.7394710233348211 0.03948686267677966 0.7675599908928425 0.17932584821846553 0.03262328576473045 -0.005722497687938169 0.7675599905264382 0.11272241315958642
72 0.1830243797133326 0.08076303340626162 0.03600494846700143 0.10489669552674825 0.1055160815623077 0.17889540245017493 0.004051471161338123 0.10551608169957247 0.00951757991629551 0.2916011190856468 0.1831339942051711 0.15230858498465621 0.7805640757842806 0.03811841479587809 0.7394710234793035 0.18313399419822518 0.03033144494224674 -0.003339679201877903 0.7394710231144402 0.1126828250348412
6 0.1618424008611622 0.4176646863844068 0.44693266970279905 0.13381312920384003 0.023378495607282786 0.5097195435673351 0.2931791436481977 0.023378495338735386 0.36192939911011995 0.11374067932819722 0.17963892074541216 0.21120985838176384 0.01864074199663468 0.5715344607474616 0.011486095512539918 0.17963892067123552 0.495166263198565 0.6169885280986595 0.011486095625947434 0.1601753845693128
139 0.318011567463405 0.09539100123116336 0.08096328891213123 0.1744150949630303 0.35044231003873266 0.13451962806360074 0.13186823745793763 0.350442309748343 0.24723870062113357 0.08132130495227732 0.31165890919093286 0.8456145085871689 0.15230858498465863 0.08961797949963762 0.15290661778718498 0.3116589091473483 0.16204193132671055 0.10141517852647876 0.15290661782547593 0.6928851084700072
27 0.1790627774260687 0.615692119054353 0.5550278533434231 0.11854249954692056 0.00939292883642082 0.5514230376963173 0.21542445072726465 0.009392928811084767 0.22903039936723882 0.16665080080865222 0.164904900333652 0.10274686244297197 0.08634978149723568 0.5705033442348072 0.08920821407720025 0.164904900395803 0.3936948043599297 0.5090904340720471 0.08920821412870389 0.08867411419400865
165 0.18645817761174402 0.08285338417623427 0.03689839144697008 0.10207217405489619 0.10406596977901918 0.18103127092227675 0.00781452385090352 0.1040659699956813 0.011787046249011352 0.25255506871817396 0.17932584819082656 0.15290661783988357 0.7394710233348211 0.03948686267677966 0.7675599908928425 0.17932584821846553 0.03262328576473045 -0.005722497687938169 0.7675599905264382 0.11272241315958642
41 0.23798949790417392 0.7717325125912221 0.4841425301002512 0.09215589764490963 0.030143226317015073 0.5222811327142758 0.18273812041798437 0.03014322612511157 0.22413765834380517 0.2095023194712196 0.1801969333651226 0.12685253396478344 0.18320665260177083 0.4646167645849198 0.19428534938529565 0.18019693352553875 0.3857411583300941 0.3700837888718815 0.19428534951971604 0.10241488609892564
30 0.1309025461166838 0.559596875491922 0.618175420482447 0.10616194247094096 -0.0060865321571157115 0.34868802645027813 0.28681496342922924 -0.006086532041021471 0.28953325388505063 0.11697505326276864 0.1294865835310672 0.0716724346038525 0.014438507898523485 0.5412082259485272 0.013563837263399083 0.12948658345949002 0.4929368713648722 0.6263744849947742 0.013563837155315598 0.07951059110001918
58 0.2460234252909294 0.4055462965483035 0.3759039352489833 0.2661313323737424 0.05239588380652824 0.48673165354126635 0.30973708699698393 0.05239588380517265 0.3547000288188029 0.26638341342387967 0.2403943542291447 0.23934004405196874 0.08161143299460843 0.3992112369270051 0.0693169276639547 0.24039435423600697 0.6684276741184899 0.40618252065127164 0.06931692763035584 0.24963329891149819
171 0.28904917941754693 0.08817329860847112 0.07771507949216115 0.26514220956837686 0.4270585553229418 0.11248328849667587 0.13547964538197688 0.4270585552083501 0.24208686065332286 0.0803096739275343 0.3069847741903936 0.6928851084700138 0.11268282503484739 0.07927200188216754 0.11272241321498484 0.30698477430782445 0.18921284063540367 0.09177188800452285 0.1127224132008687 0.7837909611992586
219 0.2338980490442167 0.09250551379519938 0.07288984157210981 0.38267197193180114 0.5181927682841362 0.08422286706251263 0.13679107494880904 0.518192768014341 0.2421639696552601 0.06849277201513553 0.284545027779263 0.49802665477805064 0.06885909611407298 0.07201447142699906 0.07339346346169776 0.2845450278704417 0.1813514856752927 0.08433763203224776 0.07339346348885852 0.8275969478846581
62 0.2553620212523893 -0.029761447305974256 0.07230987148452271 0.24838358553297166 0.440864702515886 0.15336249437477167 -0.10767964323330757 0.44086470323258975 -0.08114167144427378 0.26784442430310323 0.38705214996663106 0.6075880534675097 0.5969794466670366 -0.1470622368491624 0.27518154715309767 0.3870521500565026 0.016726042982610358 0.07539277444963469 0.2751815463254071 0.17765326183582583
77 0.3022784823089999 0.08096848825071103 0.09491294950859855 0.2078960080881581 0.36335037245664165 0.12553115058980036 0.11262566395174178 0.3633503725694543 0.25434654145412616 0.10874113828314955 0.32064134715266396 0.8063987141554331 0.16917317403428372 0.08876035956780917 0.11875500541748323 0.3206413470823029 0.18487382675857625 0.08876102712833939 0.11875500526548578 0.715202679497629
157 0.26491367917683506 0.2462877618047572 0.2117177085682945 0.5225398831676451 0.04004597410876597 0.18626576120107638 0.6795560686308866 0.040045973700458405 0.4810816895309028 0.13433940398995842 0.30695323579351685 0.18729573773261277 0.026751539932935383 0.2320939781772061 0.020192505161365785 0.30695323583339895 0.5556191251446325 0.28241476430376816 0.020192505407571705 0.35580804633602775
51 0.15807069847614155 0.37633036433506384 0.5138250112319873 0.14279206819982407 -0.014314177574292668 0.5750273694509632 0.3204127909063426 -0.014314177450528784 0.3202392682382555 0.16499050674288093 0.2065505508709722 0.09293789240244632 0.029251895297612462 0.6186008642575462 0.0293462382170812 0.20655055085865887 0.4695651968935528 0.5232069045308371 0.02934623809911365 0.09497378968966287
40 0.21725016290529195 0.4428020753938186 0.42861740132024906 0.2356758871554157 0.014917695341357031 0.3132959508007781 0.4413351437513905 0.014917695316961901 0.4273867771540462 0.19908575322884395 0.18576291318929705 0.16204193132671407 0.03033144494224616 0.38987838510199047 0.032623285761660396 0.1857629133216799 0.7053903240311662 0.46700956276473454 0.03262328579093961 0.18921284063539986
98 0.1830243797133326 0.08076303340626162 0.03600494846700143 0.10489669552674825 0.1055160815623077 0.17889540245017493 0.004051471161338123 0.10551608169957247 0.00951757991629551 0.2916011190856468 0.1831339942051711 0.15230858498465621 0.7805640757842806 0.03811841479587809 0.7394710234793035 0.18313399419822518 0.03033144494224674 -0.003339679201877903 0.7394710231144402 0.1126828250348412
99 0.25233027454642026 0.0017297373795406314 0.06601883817414841 0.1431573949066847 0.317229575859885 0.08520375729306771 -0.052528456161331435 0.31722957628553455 -0.05970670361485503 0.087631928760065 0.3110276451257596 0.7936817766051566 0.5398679171337587 -0.05214632205672293 0.5045657155356275 0.31102764490646934 0.01434758023548226 0.04425885788747702 0.5045657150014264 0.14145430891328595
32 0.21052487478278892 0.4531239921865335 0.44901319140246165 0.11517306340559727 0.015319886584953575 0.4562648586709232 0.34334106443780943 0.01531988654428941 0.43959187323421905 0.1809250679368613 0.19277463989174326 0.19578087801615413 0.051618508854168924 0.5023554072313425 0.04470980658107544 0.1927746398555465 0.5751751249836123 0.5010379519094639 0.0447098064794591 0.16783714005697314
16 0.1651463223138577 0.4139619110750709 0.4974375592609293 0.11770778061750918 0.001067762365445468 0.4397401894538127 0.3507206224684445 0.0010677624222937203 0.4154847021366383 0.14565191889425522 0.17484751866676107 0.14720531017754684 0.016988919742762558 0.5553146570724894 0.009131033953679752 0.17484751858962705 0.550296526618472 0.5644691878619599 0.009131033890387346 0.12653856125786891
193 0.443833053894785 0.05865329752336569 0.11466841114388479 0.3751880928730277 0.46540485269143 0.12001800997615497 0.012357663990512953 0.4654048529878998 0.08457108126224183 0.21549734077414545 0.48440029691187453 0.5641292543016724 0.2760375549137679 0.03032631209022982 0.15859300816543678 0.48440029687982455 0.0945361336821554 0.08327427616085506 0.15859300776887714 0.42259703790229236
88 0.1830243797133326 0.08076303340626162 0.03600494846700143 0.10489669552674825 0.1055160815623077 0.17889540245017493 0.004051471161338123 0.10551608169957247 0.00951757991629551 0.2916011190856468 0.1831339942051711 0.15230858498465621 0.7805640757842806 0.03811841479587809 0.7394710234793035 0.18313399419822518 0.03033144494224674 -0.003339679201877903 0.7394710231144402 0.1126828250348412
141 0.1892522715617931 0.014338708958938863 0.0012271241845070277 0.2461481125063522 0.8634368875768219 0.02002246480141633 -0.03634876280229146 0.863436887481801 -0.01088053553635934 0.07990342118061648 0.181504362409466 0.35044231013079225 0.10551608171606393 -0.004841419843467662 0.10406597010145872 0.18150436223218183 0.014917695389021607 0.0006517765250427721 0.10406597001894234 0.42705855551092614
20 0.12542693230458263 0.5180102076689255 0.5913158997509389 0.12091045662379331 0.0006517765050268602 0.36594514182219945 0.269312618885191 0.0006517764876065765 0.27377706790858497 0.09412564749626891 0.1308963032172594 0.1014151785264864 -0.0033396792018720468 0.570275667940337 -0.005722497682576189 0.13089630316380918 0.46700956276473254 0.6819358145734536 -0.005722497705471276 0.09177188800452205
143 0.3415909514613705 0.3354887887037703 0.2318114266574299 0.13965036535296993 0.02427500247454754 0.3197177312956618 0.5229966251929159 0.024275002226670672 0.6558689472337925 0.17743683603184646 0.2792865398204829 0.3312715185241785 0.06280714041555083 0.3269155362625792 0.07437853085088823 0.27928653972318807 0.51013731825422 0.3233497429402193 0.07437853100724665 0.3210220167482166
14 0.10116263071122085 0.3483404398247646 0.5201823428346709 0.14247263264390186 -0.0029893291166160226 0.42770093435193873 0.3398598727551735 -0.0029893291147226712 0.36440576723345214 0.0898893315556714 0.15642060998931 0.1277728012389852 -0.015776338432040456 0.6032297672296552 -0.027563298981748176 0.1564206099066942 0.507343533535954 0.6583727639958017 -0.027563299020462777 0.11181084297277566
52 0.14663964022049886 0.6292490303239496 0.5799937381292044 0.1452729436004472 0.013070048698786496 0.5156139971323481 0.21021951241359127 0.013070048723534167 0.2047492309270689 0.16716092924603168 0.1565644834382414 0.095698895598708 0.07859735042097801 0.5467460430432951 0.08017060308307387 0.15656448340768672 0.43653976122942534 0.5196685035071293 0.080170603010015 0.0889932927620804
31 0.26244740666794947 0.745072759191762 0.3167798380902101 0.11145343447974633 0.06618316595701967 0.5883218122878878 0.11066992678782993 0.06618316569678055 0.15038628021426692 0.29676842501972345 0.21201540456886972 0.15971306442931785 0.3877533088024049 0.29848465736461177 0.37641125128310166 0.21201540456525095 0.3300162289071592 0.119001401469709 0.3764112513007854 0.12470612983069283
87 0.1940979343203706 0.193801225609969 0.22947608566394365 0.30986135487570926 -0.03776500509633844 0.17330794456168014 0.9185628080520306 -0.037765005361618996 0.6587885773619221 0.12933518424311577 0.22532588008147167 0.11418779177288975 0.003908155299378931 0.21711914785364056 0.0011654011374660253 0.22532588008242055 0.4453143231113272 0.26387534730818274 0.0011654013831183068 0.1327663264853337
202 0.28825483078262004 0.27643301069636844 0.2250503651547443 0.3713143195019817 0.034137769403520916 0.23969654521459682 0.6174109591758594 0.03413776907591019 0.5555226072189305 0.1544328869051336 0.2946699374254717 0.24247726286465565 0.039970432998878466 0.26826609856256184 0.036894445649977604 0.29466993724956253 0.5888421873816351 0.3063092729189857 0.036894445848869986 0.3545138181939672
118 0.44451868254052357 0.08974597539078161 0.1029230540090961 0.2276860959365867 0.3692627238084494 0.14883425031179984 0.04448641297325775 0.3692627240014694 0.07170102608892544 0.10056165580977705 0.5037583147206912 0.7297843593018022 0.2833749672275135 0.04629114848591317 0.28518894788356336 0.503758314484103 -0.018402374611832868 0.12640505162338564 0.28518894762875435 0.2709411415708845
15 0.33389616768937586 0.5778953814898002 0.28554808513154234 0.05270012458013856 0.04694955571530638 0.628140780888752 0.1402019855972475 0.04694955568451208 0.23361265488367552 0.30089041652858733 0.23909700589955388 0.17941470613090885 0.4623154779725255 0.31872772740976774 0.4334803914565318 0.2390970057614547 0.17191105874532106 0.12048762761131167 0.4334803913527173 0.12234947792034036
28 0.12821063386257273 0.44900268321642445 0.5293913175549391 0.17860777432259073 0.004429045177592063 0.3261970827309295 0.38025255894927035 0.004429045309572478 0.3776080984936019 0.13886431456983328 0.166473039486078 0.12287764303638084 0.012198851167413705 0.47132788828076627 0.0026710201456934747 0.166473039334248 0.6412135064744807 0.5780811846818653 0.0026710200855870926 0.13341226375705817
101 0.3229777174335527 0.10986832865598196 0.09173884904451608 0.09133860313768558 0.2630140071433312 0.15454188294158713 0.11340549067348686 0.26301400707291517 0.26410432612598617 0.08677992863337321 0.3046067024186861 0.9981557218953563 0.2140908971901745 0.10715460706101039 0.19229820992194863 0.3046067023531336 0.0989594136064527 0.11056819127026872 0.1922982097305317 0.5251096714785577
113 0.5188506707347756 0.15071896657864264 0.13950519462863645 0.47386851531938945 0.18150436209441398 0.22258423092249222 0.23012442984604997 0.18150436223832664 0.23329937759823435 0.384345514261105 0.6027790592716489 0.3116589091367388 0.1831339941398451 0.1611662926515457 0.17932584828977838 0.6027790591100901 0.18576291322403543 0.13089630319259568 0.1793258480385034 0.3069847743213466
13 0.20776062588928948 0.5790002376857097 0.4688728024541112 0.12345972737199225 0.025534245243035575 0.7455160556754796 0.1814023046616346 0.02553424525960232 0.21386860865776147 0.20373140346043295 0.1944617335375761 0.13602003295572251 0.1939938702210552 0.5303242929210776 0.18754560802917505 0.1944617334151216 0.27151002830822746 0.37673160649102183 0.18754560797091815 0.09531824982220266
10 0.1599198191306904 0.5574767697215403 0.582517455155125 0.09866790245020603 -0.0029274666223944408 0.4915069078354434 0.24413175101550497 -0.0029274665840617257 0.26839638851447334 0.13900279178904779 0.1548765020052688 0.0903681306732407 0.042650726752786784 0.6066262117270277 0.04224109198353946 0.1548765017203724 0.3984281262502553 0.571850680423902 0.042241091976693464 0.08112445949330158
33 0.19798291032889226 0.5387008474268441 0.4811686814930668 0.14394959182611405 0.024475858446853693 0.7416059881707994 0.18322620608458368 0.024475858582361475 0.21797547383350305 0.24615807871082238 0.20812129637166624 0.13407204431139455 0.19036911665952888 0.5218685451889717 0.16861450409114545 0.2081212963596622 0.336675067871212 0.3610229504976293 0.16861450393572192 0.10324010637031719
55 0.24563936141489676 0.7516372802527044 0.48328191131739884 0.09017130890800283 0.028166083604558523 0.5191119882424521 0.188868562260039 0.028166083424378596 0.24054501591960267 0.23069532602485596 0.18705057324278587 0.12900467047031006 0.18726552966291735 0.46340089064959017 0.1907866356067811 0.18705057323631238 0.4078117704973747 0.3567524900145802 0.19078663564064272 0.10736368935250516
82 0.2553620212523893 -0.029761447305974256 0.07230987148452271 0.24838358553297166 0.440864702515886 0.15336249437477167 -0.10767964323330757 0.44086470323258975 -0.08114167144427378 0.26784442430310323 0.38705214996663106 0.6075880534675097 0.5969794466670366 -0.1470622368491624 0.27518154715309767 0.3870521500565026 0.016726042982610358 0.07539277444963469 0.2751815463254071 0.17765326183582583
110 0.2553620212523893 -0.029761447305974256 0.07230987148452271 0.24838358553297166 0.440864702515886 0.15336249437477167 -0.10767964323330757 0.44086470323258975 -0.08114167144427378 0.26784442430310323 0.38705214996663106 0.6075880534675097 0.5969794466670366 -0.1470622368491624 0.27518154715309767 0.3870521500565026 0.016726042982610358 0.07539277444963469 0.2751815463254071 0.17765326183582583
207 0.3787834176946249 0.15585987216093472 0.15959568302011637 0.452685625466586 0.07291983990744809 0.23875963765160169 0.14164746387087476 0.07291984029636256 0.1386338009377861 0.85257012361059 0.49271552925800294 0.07172454783115256 0.3052521477942235 0.14210862132301746 0.23700939301350696 0.4927155293417828 0.17574682284937 0.09207875826633388 0.23700939277307678 0.09035950313605334
209 0.2553620212523893 -0.029761447305974256 0.07230987148452271 0.24838358553297166 0.440864702515886 0.15336249437477167 -0.10767964323330757 0.44086470323258975 -0.08114167144427378 0.26784442430310323 0.38705214996663106 0.6075880534675097 0.5969794466670366 -0.1470622368491624 0.27518154715309767 0.3870521500565026 0.016726042982610358 0.07539277444963469 0.2751815463254071 0.17765326183582583
170 0.28904917941754693 0.08817329860847112 0.07771507949216115 0.26514220956837686 0.4270585553229418 0.11248328849667587 0.13547964538197688 0.4270585552083501 0.24208686065332286 0.0803096739275343 0.3069847741903936 0.6928851084700138 0.11268282503484739 0.07927200188216754 0.11272241321498484 0.30698477430782445 0.18921284063540367 0.09177188800452285 0.1127224132008687 0.7837909611992586
53 0.1683481777199496 0.5821826975482508 0.5823981545183459 0.1013178834165668 -0.0019095619180280836 0.47473025493516646 0.2418837664305403 -0.001909561980294996 0.2541716065237746 0.1342500521219472 0.14619137903330992 0.08763804602757945 0.04016610584825406 0.5946566594528694 0.04448739288473644 0.1461913789117886 0.4013585345263409 0.5823673909353819 0.04448739283621765 0.0806289232202651
124 0.18645817761174402 0.08285338417623427 0.03689839144697008 0.10207217405489619 0.10406596977901918 0.18103127092227675 0.00781452385090352 0.1040659699956813 0.011787046249011352 0.25255506871817396 0.17932584819082656 0.15290661783988357 0.7394710233348211 0.03948686267677966 0.7675599908928425 0.17932584821846553 0.03262328576473045 -0.005722497687938169 0.7675599905264382 0.11272241315958642
81 0.3156953747602084 0.3074609866587078 0.2306856116823935 0.24215804455549644 0.028708291771514165 0.2846511575531889 0.5650586326930095 0.028708291504445517 0.6137624119484102 0.1683219011980855 0.28577045601866247 0.2914329779314651 0.0524532371176117 0.3007537745551108 0.0559702304088332 0.28577045595199146 0.5647808049719243 0.31860596374413985 0.05597023058277345 0.34078910492590786
180 0.18645817761174402 0.08285338417623427 0.03689839144697008 0.10207217405489619 0.10406596977901918 0.18103127092227675 0.00781452385090352 0.1040659699956813 0.011787046249011352 0.25255506871817396 0.17932584819082656 0.15290661783988357 0.7394710233348211 0.03948686267677966 0.7675599908928425 0.17932584821846553 0.03262328576473045 -0.005722497687938169 0.7675599905264382 0.11272241315958642
200 0.18645817761174402 0.08285338417623427 0.03689839144697008 0.10207217405489619 0.10406596977901918 0.18103127092227675 0.00781452385090352 0.1040659699956813 0.011787046249011352 0.25255506871817396 0.17932584819082656 0.15290661783988357 0.7394710233348211 0.03948686267677966 0.7675599908928425 0.17932584821846553 0.03262328576473045 -0.005722497687938169 0.7675599905264382 0.11272241315958642
128 0.18645817761174402 0.08285338417623427 0.03689839144697008 0.10207217405489619 0.10406596977901918 0.18103127092227675 0.00781452385090352 0.1040659699956813 0.011787046249011352 0.25255506871817396 0.17932584819082656 0.15290661783988357 0.7394710233348211 0.03948686267677966 0.7675599908928425 0.17932584821846553 0.03262328576473045 -0.005722497687938169 0.7675599905264382 0.11272241315958642
29 0.2526488712429833 0.7586205552472878 0.31944292900401466 0.10726397155876373 0.06620796992022568 0.5910277779402897 0.1074811256399944 0.06620796959033003 0.15072614159207529 0.2724074508969446 0.20745111852779885 0.16111717091774774 0.39121229748812114 0.3055771895855179 0.3818923063440943 0.20745111858477583 0.3053569704035045 0.12247430091913758 0.38189230656188644 0.11640730412052759
190 0.21215787441791303 -0.013016018601010636 0.05444433243279666 0.2944215634370467 0.4613540502299577 0.15201648460987122 -0.13416630961577092 0.4613540509577004 -0.06103869223106198 0.3318882100344699 0.39122768846729095 0.5345966668245037 0.6303790789301854 -0.14840727080691402 0.1774679904449907 0.3912276886462591 0.020248403768819846 0.07155463270989593 0.17746798964316485 0.1688237878932755
63 0.5188506707347756 0.15071896657864264 0.13950519462863645 0.47386851531938945 0.18150436209441398 0.22258423092249222 0.23012442984604997 0.18150436223832664 0.23329937759823435 0.384345514261105 0.6027790592716489 0.3116589091367388 0.1831339941398451 0.1611662926515457 0.17932584828977838 0.6027790591100901 0.18576291322403543 0.13089630319259568 0.1793258480385034 0.3069847743213466
94 0.22215728603849977 0.20826518439819605 0.22580822798052116 0.21570832245713376 -0.03634876275742827 0.20840159832778518 0.8620541190234483 -0.03634876292263708 0.7301113344540784 0.14331129195446096 0.23012442983473855 0.1318682374579366 0.004051471161333544 0.24049452785624234 0.007814523770173951 0.2301244299243946 0.4413351437513831 0.2693126188851853 0.007814523932526154 0.1354796453819693
135 0.3200686642158344 -0.03181946016597358 0.0655733473477767 0.2756958036183075 0.45045994956354724 0.15041321000658361 -0.11413158350341299 0.4504599502875541 -0.06606713669717403 0.3021060335270605 0.32742568898549534 0.6068667700824615 0.6095863131091663 -0.1446844732431636 0.27895477994809975 0.3274256889252993 0.021928196719054785 0.08019109114613623 0.27895477925403983 0.16194693949480324
178 0.18645817761174402 0.08285338417623427 0.03689839144697008 0.10207217405489619 0.10406596977901918 0.18103127092227675 0.00781452385090352 0.1040659699956813 0.011787046249011352 0.25255506871817396 0.17932584819082656 0.15290661783988357 0.7394710233348211 0.03948686267677966 0.7675599908928425 0.17932584821846553 0.03262328576473045 -0.005722497687938169 0.7675599905264382 0.11272241315958642
73 0.25233027454642026 0.0017297373795406314 0.06601883817414841 0.1431573949066847 0.317229575859885 0.08520375729306771 -0.052528456161331435 0.31722957628553455 -0.05970670361485503 0.087631928760065 0.3110276451257596 0.7936817766051566 0.5398679171337587 -0.05214632205672293 0.5045657155356275 0.31102764490646934 0.01434758023548226 0.04425885788747702 0.5045657150014264 0.14145430891328595
197 0.18645817761174402 0.08285338417623427 0.03689839144697008 0.10207217405489619 0.10406596977901918 0.18103127092227675 0.00781452385090352 0.1040659699956813 0.011787046249011352 0.25255506871817396 0.17932584819082656 0.15290661783988357 0.7394710233348211 0.03948686267677966 0.7675599908928425 0.17932584821846553 0.03262328576473045 -0.005722497687938169 0.7675599905264382 0.11272241315958642
8 0.14711281860810996 0.5862084919699897 0.6021304316051179 0.12011222895097967 -0.00043280174129157225 0.4090304207611871 0.26075950553564003 -0.000432801625303494 0.2654814808562872 0.1460205711653074 0.14596382753042217 0.08223146997694988 0.03655555081601235 0.5470706004425056 0.038242807390174355 0.14596382743334027 0.48703240491694194 0.5769855707380281 0.038242807284944245 0.08525544702720873
195 0.18778364270211087 0.19414316554741518 0.2358272298190213 0.29428865091214373 -0.04770955537635531 0.17381538378526276 0.9528135856565463 -0.04770955565847581 0.6319935247747455 0.1402717876947866 0.2235371815925152 0.07955207491458614 -0.001520263842223163 0.21926801056834647 0.0030154528295446717 0.22353718160664604 0.4401871741507763 0.259938121684312 0.003015453052588859 0.08056062819141264
71 0.1830243797133326 0.08076303340626162 0.03600494846700143 0.10489669552674825 0.1055160815623077 0.17889540245017493 0.004051471161338123 0.10551608169957247 0.00951757991629551 0.2916011190856468 0.1831339942051711 0.15230858498465621 0.7805640757842806 0.03811841479587809 0.7394710234793035 0.18313399419822518 0.03033144494224674 -0.003339679201877903 0.7394710231144402 0.1126828250348412
132 0.1892522715617931 0.014338708958938863 0.0012271241845070277 0.2461481125063522 0.8634368875768219 0.02002246480141633 -0.03634876280229146 0.863436887481801 -0.01088053553635934 0.07990342118061648 0.181504362409466 0.35044231013079225 0.10551608171606393 -0.004841419843467662 0.10406597010145872 0.18150436223218183 0.014917695389021607 0.0006517765250427721 0.10406597001894234 0.42705855551092614
60 0.3156953747602084 0.3074609866587078 0.2306856116823935 0.24215804455549644 0.028708291771514165 0.2846511575531889 0.5650586326930095 0.028708291504445517 0.6137624119484102 0.1683219011980855 0.28577045601866247 0.2914329779314651 0.0524532371176117 0.3007537745551108 0.0559702304088332 0.28577045595199146 0.5647808049719243 0.31860596374413985 0.05597023058277345 0.34078910492590786
187 0.1892522715617931 0.014338708958938863 0.0012271241845070277 0.2461481125063522 0.8634368875768219 0.02002246480141633 -0.03634876280229146 0.863436887481801 -0.01088053553635934 0.07990342118061648 0.181504362409466 0.35044231013079225 0.10551608171606393 -0.004841419843467662 0.10406597010145872 0.18150436223218183 0.014917695389021607 0.0006517765250427721 0.10406597001894234 0.42705855551092614
75 0.1830243797133326 0.08076303340626162 0.03600494846700143 0.10489669552674825 0.1055160815623077 0.17889540245017493 0.004051471161338123 0.10551608169957247 0.00951757991629551 0.2916011190856468 0.1831339942051711 0.15230858498465621 0.7805640757842806 0.03811841479587809 0.7394710234793035 0.18313399419822518 0.03033144494224674 -0.003339679201877903 0.7394710231144402 0.1126828250348412
123 0.18645817761174402 0.08285338417623427 0.03689839144697008 0.10207217405489619 0.10406596977901918 0.18103127092227675 0.00781452385090352 0.1040659699956813 0.011787046249011352 0.25255506871817396 0.17932584819082656 0.15290661783988357 0.7394710233348211 0.03948686267677966 0.7675599908928425 0.17932584821846553 0.03262328576473045 -0.005722497687938169 0.7675599905264382 0.11272241315958642
152 0.1892522715617931 0.014338708958938863 0.0012271241845070277 0.2461481125063522 0.8634368875768219 0.02002246480141633 -0.03634876280229146 0.863436887481801 -0.01088053553635934 0.07990342118061648 0.181504362409466 0.35044231013079225 0.10551608171606393 -0.004841419843467662 0.10406597010145872 0.18150436223218183 0.014917695389021607 0.0006517765250427721 0.10406597001894234 0.42705855551092614
121 0.2941824847454818 -0.0035410297947049882 0.0648931823041191 0.17135880719338642 0.3340474025780682 0.08109783524416495 -0.06695096529068854 0.33404740305028063 -0.05359717287708699 0.1426141520080451 0.29211731270388835 0.7800843904789905 0.5930404781683871 -0.05672811938729313 0.46586478105572154 0.2921173127861136 0.015670701831440762 0.04831312826050994 0.46586478044943813 0.13383045255507386
210 0.2553620212523893 -0.029761447305974256 0.07230987148452271 0.24838358553297166 0.440864702515886 0.15336249437477167 -0.10767964323330757 0.44086470323258975 -0.08114167144427378 0.26784442430310323 0.38705214996663106 0.6075880534675097 0.5969794466670366 -0.1470622368491624 0.27518154715309767 0.3870521500565026 0.016726042982610358 0.07539277444963469 0.2751815463254071 0.17765326183582583
199 0.18645817761174402 0.08285338417623427 0.03689839144697008 0.10207217405489619 0.10406596977901918 0.18103127092227675 0.00781452385090352 0.1040659699956813 0.011787046249011352 0.25255506871817396 0.17932584819082656 0.15290661783988357 0.7394710233348211 0.03948686267677966 0.7675599908928425 0.17932584821846553 0.03262328576473045 -0.005722497687938169 0.7675599905264382 0.11272241315958642
189 0.34247986564352495 0.30671028046637333 0.2283075207886711 0.2525527738551237 0.030740761001792863 0.284862735246864 0.5601639586907281 0.030740760701603344 0.6143973556084985 0.18760708907528553 0.2607883049017513 0.29347859376875685 0.048941911631151254 0.2990425723813728 0.05808838382319318 0.2607883050785852 0.5749787990978131 0.31380150051786343 0.05808838405419324 0.3339392855703767
34 0.15158757196245268 0.4034930379120058 0.5063925942188441 0.12171041602406271 0.002718937739613966 0.5040601967595979 0.3072499051786295 0.0027189377540291536 0.3657859009160589 0.1359245703986739 0.17023461846013288 0.1474273573633223 0.014706778560917991 0.6051395266860708 0.008731782807397783 0.1702346184334998 0.48477254101241557 0.5881073371153648 0.008731782789270013 0.11676621699624426
158 0.2553620212523893 -0.029761447305974256 0.07230987148452271 0.24838358553297166 0.440864702515886 0.15336249437477167 -0.10767964323330757 0.44086470323258975 -0.08114167144427378 0.26784442430310323 0.38705214996663106 0.6075880534675097 0.5969794466670366 -0.1470622368491624 0.27518154715309767 0.3870521500565026 0.016726042982610358 0.07539277444963469 0.2751815463254071 0.17765326183582583
196 0.18645817761174402 0.08285338417623427 0.03689839144697008 0.10207217405489619 0.10406596977901918 0.18103127092227675 0.00781452385090352 0.1040659699956813 0.011787046249011352 0.25255506871817396 0.17932584819082656 0.15290661783988357 0.7394710233348211 0.03948686267677966 0.7675599908928425 0.17932584821846553 0.03262328576473045 -0.005722497687938169 0.7675599905264382 0.11272241315958642
96 0.1830243797133326 0.08076303340626162 0.03600494846700143 0.10489669552674825 0.1055160815623077 0.17889540245017493 0.004051471161338123 0.10551608169957247 0.00951757991629551 0.2916011190856468 0.1831339942051711 0.15230858498465621 0.7805640757842806 0.03811841479587809 0.7394710234793035 0.18313399419822518 0.03033144494224674 -0.003339679201877903 0.7394710231144402 0.1126828250348412
183 0.1892522715617931 0.014338708958938863 0.0012271241845070277 0.2461481125063522 0.8634368875768219 0.02002246480141633 -0.03634876280229146 0.863436887481801 -0.01088053553635934 0.07990342118061648 0.181504362409466 0.35044231013079225 0.10551608171606393 -0.004841419843467662 0.10406597010145872 0.18150436223218183 0.014917695389021607 0.0006517765250427721 0.10406597001894234 0.42705855551092614
104 0.1892522715617931 0.014338708958938863 0.0012271241845070277 0.2461481125063522 0.8634368875768219 0.02002246480141633 -0.03634876280229146 0.863436887481801 -0.01088053553635934 0.07990342118061648 0.181504362409466 0.35044231013079225 0.10551608171606393 -0.004841419843467662 0.10406597010145872 0.18150436223218183 0.014917695389021607 0.0006517765250427721 0.10406597001894234 0.42705855551092614
203 0.2553620212523893 -0.029761447305974256 0.07230987148452271 0.24838358553297166 0.440864702515886 0.15336249437477167 -0.10767964323330757 0.44086470323258975 -0.08114167144427378 0.26784442430310323 0.38705214996663106 0.6075880534675097 0.5969794466670366 -0.1470622368491624 0.27518154715309767 0.3870521500565026 0.016726042982610358 0.07539277444963469 0.2751815463254071 0.17765326183582583
144 0.2553620212523893 -0.029761447305974256 0.07230987148452271 0.24838358553297166 0.440864702515886 0.15336249437477167 -0.10767964323330757 0.44086470323258975 -0.08114167144427378 0.26784442430310323 0.38705214996663106 0.6075880534675097 0.5969794466670366 -0.1470622368491624 0.27518154715309767 0.3870521500565026 0.016726042982610358 0.07539277444963469 0.2751815463254071 0.17765326183582583
68 0.1892522715617931 0.014338708958938863 0.0012271241845070277 0.2461481125063522 0.8634368875768219 0.02002246480141633 -0.03634876280229146 0.863436887481801 -0.01088053553635934 0.07990342118061648 0.181504362409466 0.35044231013079225 0.10551608171606393 -0.004841419843467662 0.10406597010145872 0.18150436223218183 0.014917695389021607 0.0006517765250427721 0.10406597001894234 0.42705855551092614
142 0.1892522715617931 0.014338708958938863 0.0012271241845070277 0.2461481125063522 0.8634368875768219 0.02002246480141633 -0.03634876280229146 0.863436887481801 -0.01088053553635934 0.07990342118061648 0.181504362409466 0.35044231013079225 0.10551608171606393 -0.004841419843467662 0.10406597010145872 0.18150436223218183 0.014917695389021607 0.0006517765250427721 0.10406597001894234 0.42705855551092614
64 0.5188506707347756 0.15071896657864264 0.13950519462863645 0.47386851531938945 0.18150436209441398 0.22258423092249222 0.23012442984604997 0.18150436223832664 0.23329937759823435 0.384345514261105 0.6027790592716489 0.3116589091367388 0.1831339941398451 0.1611662926515457 0.17932584828977838 0.6027790591100901 0.18576291322403543 0.13089630319259568 0.1793258480385034 0.3069847743213466
136 0.6029977365803559 0.1504290344085872 0.12873513594454283 0.504599570927484 0.18925227138172623 0.22262895033954763 0.2221572860385014 0.1892522714873765 0.24438840846810514 0.4440670871667302 0.5188506708263771 0.31801156746341014 0.18302437971332108 0.1613881926496923 0.18645817769243556 0.5188506708501974 0.217250162905289 0.12542693230457772 0.18645817753922025 0.28904917941754443
147 0.5188506707347756 0.15071896657864264 0.13950519462863645 0.47386851531938945 0.18150436209441398 0.22258423092249222 0.23012442984604997 0.18150436223832664 0.23329937759823435 0.384345514261105 0.6027790592716489 0.3116589091367388 0.1831339941398451 0.1611662926515457 0.17932584828977838 0.6027790591100901 0.18576291322403543 0.13089630319259568 0.1793258480385034 0.3069847743213466
54 0.17181545883732027 0.6908808401691395 0.5824880991600903 0.12097336155214589 0.013276997936105341 0.42272700776658334 0.22272193419094352 0.0132769979467256 0.2389365032127325 0.180147455377763 0.15241735257898179 0.09588542432377557 0.0811140020429251 0.5032012941707912 0.08647087883935407 0.15241735242745824 0.47654963904502706 0.5048711001898402 0.08647087882707812 0.09217914652594854
205 0.5188506707347756 0.15071896657864264 0.13950519462863645 0.47386851531938945 0.18150436209441398 0.22258423092249222 0.23012442984604997 0.18150436223832664 0.23329937759823435 0.384345514261105 0.6027790592716489 0.3116589091367388 0.1831339941398451 0.1611662926515457 0.17932584828977838 0.6027790591100901 0.18576291322403543 0.13089630319259568 0.1793258480385034 0.3069847743213466
111 0.2553620212523893 -0.029761447305974256 0.07230987148452271 0.24838358553297166 0.440864702515886 0.15336249437477167 -0.10767964323330757 0.44086470323258975 -0.08114167144427378 0.26784442430310323 0.38705214996663106 0.6075880534675097 0.5969794466670366 -0.1470622368491624 0.27518154715309767 0.3870521500565026 0.016726042982610358 0.07539277444963469 0.2751815463254071 0.17765326183582583
66 0.318011567463405 0.09539100123116336 0.08096328891213123 0.1744150949630303 0.35044231003873266 0.13451962806360074 0.13186823745793763 0.350442309748343 0.24723870062113357 0.08132130495227732 0.31165890919093286 0.8456145085871689 0.15230858498465863 0.08961797949963762 0.15290661778718498 0.3116589091473483 0.16204193132671055 0.10141517852647876 0.15290661782547593 0.6928851084700072
216 0.1892522715617931 0.014338708958938863 0.0012271241845070277 0.2461481125063522 0.8634368875768219 0.02002246480141633 -0.03634876280229146 0.863436887481801 -0.01088053553635934 0.07990342118061648 0.181504362409466 0.35044231013079225 0.10551608171606393 -0.004841419843467662 0.10406597010145872 0.18150436223218183 0.014917695389021607 0.0006517765250427721 0.10406597001894234 0.42705855551092614
220 0.1892522715617931 0.014338708958938863 0.0012271241845070277 0.2461481125063522 0.8634368875768219 0.02002246480141633 -0.03634876280229146 0.863436887481801 -0.01088053553635934 0.07990342118061648 0.181504362409466 0.35044231013079225 0.10551608171606393 -0.004841419843467662 0.10406597010145872 0.18150436223218183 0.014917695389021607 0.0006517765250427721 0.10406597001894234 0.42705855551092614
12 0.12721604367038436 0.5013125180986595 0.6080646902361252 0.11897984762317412 -0.01105733452017551 0.42598376304444846 0.2690041379656294 -0.011057334389442867 0.2685311981026276 0.12134725160468869 0.15540645288660848 0.07396232697253045 0.01031478260754433 0.6065764261685652 0.007796574846427071 0.1554064529298347 0.4452433027859208 0.6175641961071472 0.007796574742408333 0.07555323622724644
25 0.1592496335927873 0.3546043129945325 0.48075454986385235 0.15954216548309869 0.00012522498601283413 0.7816144622769843 0.244678488658404 0.00012522502491731883 0.25503107014783594 0.18184205985043572 0.19007917771579105 0.11654820339609001 0.07822717877240315 0.639864941709687 0.0865176151919109 0.19007917777307845 0.267718344958475 0.47364378588150674 0.08651761504604907 0.09177770762893996
191 0.443833053894785 0.05865329752336569 0.11466841114388479 0.3751880928730277 0.46540485269143 0.12001800997615497 0.012357663990512953 0.4654048529878998 0.08457108126224183 0.21549734077414545 0.48440029691187453 0.5641292543016724 0.2760375549137679 0.03032631209022982 0.15859300816543678 0.48440029687982455 0.0945361336821554 0.08327427616085506 0.15859300776887714 0.42259703790229236
154 0.318011567463405 0.09539100123116336 0.08096328891213123 0.1744150949630303 0.35044231003873266 0.13451962806360074 0.13186823745793763 0.350442309748343 0.24723870062113357 0.08132130495227732 0.31165890919093286 0.8456145085871689 0.15230858498465863 0.08961797949963762 0.15290661778718498 0.3116589091473483 0.16204193132671055 0.10141517852647876 0.15290661782547593 0.6928851084700072
89 0.1830243797133326 0.08076303340626162 0.03600494846700143 0.10489669552674825 0.1055160815623077 0.17889540245017493 0.004051471161338123 0.10551608169957247 0.00951757991629551 0.2916011190856468 0.1831339942051711 0.15230858498465621 0.7805640757842806 0.03811841479587809 0.7394710234793035 0.18313399419822518 0.03033144494224674 -0.003339679201877903 0.7394710231144402 0.1126828250348412
39 0.3094372615368489 0.6523494506194707 0.2952897513419507 0.14004693245918368 0.06516905059496943 0.5572297783613321 0.13705905200099414 0.06516905051101637 0.16187099799101415 0.4214171715377005 0.2395690054316038 0.15264962792860226 0.3722446325703556 0.2614313162612629 0.3509716999749104 0.23956900552250185 0.43195511396373343 0.09724192239067815 0.3509717000449135 0.1657659767234436
163 0.14519085376584964 0.19341461738728474 0.2406756522146561 0.48763502077105403 -0.05408079191976103 0.10702854040535155 1.0503325005674493 -0.05408079244063956 0.43682516446934644 0.11455078116829655 0.2106841685421265 0.05372674240695412 -0.007778458840177603 0.17906480865691288 -0.004169840075249664 0.2106841686445679 0.34368073636854396 0.24465341572910723 -0.0041698396603774895 0.06500955885939895
95 0.1830243797133326 0.08076303340626162 0.03600494846700143 0.10489669552674825 0.1055160815623077 0.17889540245017493 0.004051471161338123 0.10551608169957247 0.00951757991629551 0.2916011190856468 0.1831339942051711 0.15230858498465621 0.7805640757842806 0.03811841479587809 0.7394710234793035 0.18313399419822518 0.03033144494224674 -0.003339679201877903 0.7394710231144402 0.1126828250348412
18 0.17354148750572854 0.6474222249402235 0.5671011434018003 0.13849323365480395 0.010995553199904421 0.410051235630144 0.2608432555988739 0.010995553235521843 0.2657085903588943 0.1986313873175857 0.16051846818274396 0.09490279160006526 0.07408200112670608 0.4792093007028473 0.0803373667962657 0.16051846812099502 0.552927753040254 0.48770107386914036 0.08033736667074041 0.10376969777245494
130 0.28904917941754693 0.08817329860847112 0.07771507949216115 0.26514220956837686 0.4270585553229418 0.11248328849667587 0.13547964538197688 0.4270585552083501 0.24208686065332286 0.0803096739275343 0.3069847741903936 0.6928851084700138 0.11268282503484739 0.07927200188216754 0.11272241321498484 0.30698477430782445 0.18921284063540367 0.09177188800452285 0.1127224132008687 0.7837909611992586
42 0.11747737976514254 0.5249336017386493 0.6355090738639984 0.11862457078146219 -0.011751780914887615 0.3681361786831491 0.2573473363438614 -0.011751780836325519 0.23518754865245375 0.09451606801533599 0.11912692736487843 0.06209421973700269 -0.005951521496157131 0.594545928974581 -0.0050374723196157266 0.11912692721704225 0.42054628926771026 0.6770275858151779 -0.0050374723999795186 0.06946182360942384
214 0.28904917941754693 0.08817329860847112 0.07771507949216115 0.26514220956837686 0.4270585553229418 0.11248328849667587 0.13547964538197688 0.4270585552083501 0.24208686065332286 0.0803096739275343 0.3069847741903936 0.6928851084700138 0.11268282503484739 0.07927200188216754 0.11272241321498484 0.30698477430782445 0.18921284063540367 0.09177188800452285 0.1127224132008687 0.7837909611992586
103 0.1892522715617931 0.014338708958938863 0.0012271241845070277 0.2461481125063522 0.8634368875768219 0.02002246480141633 -0.03634876280229146 0.863436887481801 -0.01088053553635934 0.07990342118061648 0.181504362409466 0.35044231013079225 0.10551608171606393 -0.004841419843467662 0.10406597010145872 0.18150436223218183 0.014917695389021607 0.0006517765250427721 0.10406597001894234 0.42705855551092614
137 0.5116304237142955 0.180281287959151 0.09937891626214526 0.7060599471763556 0.18794517936308483 0.1475068789403132 0.4476014906963606 0.187945178940821 0.28853171158890195 0.17640719010534756 0.4653150931439609 0.22992355453439925 0.03812104171287978 0.1689795819155618 0.07587939061942019 0.4653150932174839 0.22488795965627537 0.16346198120365288 0.07587939085887993 0.4063093071051637
44 0.11986606489698194 0.47426875149366104 0.5801653456955759 0.12192777418459842 -0.000241259299161298 0.3904137285702152 0.2860028574712466 -0.00024125925092986672 0.3071888644212519 0.10382290600876928 0.13277817154012556 0.1073709617908914 -0.0028630602508980005 0.5820896813461798 -0.007736613208828838 0.13277817156252822 0.48536434187477256 0.6628735610538764 -0.007736613244847155 0.09429721789455772
21 0.10593804073790421 0.4722802942289542 0.5897323545064013 0.14767813566973884 0.0004762784017371259 0.4513782667003982 0.2353419284091768 0.00047627830701923703 0.21639889483732158 0.08864667277908575 0.1268808847594425 0.10167681980336593 -0.009080891545449792 0.6331482523187129 -0.007915590541558189 0.12688088470051076 0.38730008748834616 0.6930478021781863 -0.00791559052926661 0.08462785683141671
69 0.1892522715617931 0.014338708958938863 0.0012271241845070277 0.2461481125063522 0.8634368875768219 0.02002246480141633 -0.03634876280229146 0.863436887481801 -0.01088053553635934 0.07990342118061648 0.181504362409466 0.35044231013079225 0.10551608171606393 -0.004841419843467662 0.10406597010145872 0.18150436223218183 0.014917695389021607 0.0006517765250427721 0.10406597001894234 0.42705855551092614
218 0.2338980490442167 0.09250551379519938 0.07288984157210981 0.38267197193180114 0.5181927682841362 0.08422286706251263 0.13679107494880904 0.518192768014341 0.2421639696552601 0.06849277201513553 0.284545027779263 0.49802665477805064 0.06885909611407298 0.07201447142699906 0.07339346346169776 0.2845450278704417 0.1813514856752927 0.08433763203224776 0.07339346348885852 0.8275969478846581
