56 0.6288764826645526 0.02676344493925529 0.4302632838308835 0.3232431090633713 0.2998995097774284 0.2994084094113872 0.323243109376524 0.04963818561759807 0.026763443197354058 0.2298246404811159 0.22982464053432913 0.026763443033952446 0.0496381853878372 0.026763443163356816 0.6288764852094447 0.4413743663397114 0.4413743661320503 0.27554376967542404 0.2298246413484013 0.05955469250876557
187 0.04963818503085514 0.09312790293728838 -0.04179416859504564 0.07622683125842386 -0.0007302304247520671 0.07203286371942835 0.07622683158971837 0.7967369808371102 0.09312790190571846 0.415906420507243 0.41590642045812753 0.09312790185517854 0.7967369808151096 0.09312790193428701 0.04963818598881419 0.013850733430120445 0.0138507338510623 0.16957690081500384 0.41590642090965196 0.3523772147964562
168 0.026763443127210157 0.644306869374635 0.00042744638857291007 0.21777569248013343 0.16090238802187368 0.21987884427258103 0.21777569239945857 0.09312790204651268 0.644306868732887 0.07529899401185909 0.07529899396919575 0.6443068682958205 0.09312790207824545 0.6443068682863756 0.02676344416050539 0.09545804991263969 0.09545804934126614 0.16916607548637638 0.07529899409453296 0.2962364469027487
35 0.29940840850033973 0.21987884554528025 0.1038260847060477 0.5339468215209237 0.37618229831792815 0.6341941549956968 0.5339468214917158 0.0720328637045318 0.21987884396308924 0.1103437870368901 0.11034378710772066 0.21987884365346452 0.07203286373145074 0.21987884359394508 0.2994084102825963 0.42704986401071143 0.4270498633999552 0.2434666076568247 0.1103437874680169 0.17805864716829428
179 0.026763443127210157 0.644306869374635 0.00042744638857291007 0.21777569248013343 0.16090238802187368 0.21987884427258103 0.21777569239945857 0.09312790204651268 0.644306868732887 0.07529899401185909 0.07529899396919575 0.6443068682958205 0.09312790207824545 0.6443068682863756 0.02676344416050539 0.09545804991263969 0.09545804934126614 0.16916607548637638 0.07529899409453296 0.2962364469027487
94 0.430263282827515 0.00042744779130236035 1.1164273293798481 0.13052133375736027 0.25027110460060964 0.10382608470604744 0.13052133409898753 -0.041794168514188546 0.0004274458521285851 0.12666058204803332 0.12666058224847662 0.00042744592742985626 -0.04179416866435413 0.0004274459430793106 0.4302632844726111 0.2644478622658201 0.26444786240428547 0.2852944251743027 0.12666058264148192 -0.05448591082089134
33 0.28150191074763814 0.21260070833913008 0.08733052142598605 0.49132684977971225 0.3831041839664965 0.7128569438168034 0.491326849637515 0.07436993731048756 0.21260070639470222 0.09743418194231436 0.09743418212287087 0.21260070615671955 0.07436993734665151 0.21260070634471065 0.2815019119085734 0.4450487927080274 0.4450487919663321 0.20890254544602743 0.09743418218754725 0.18417235079616925
67 0.22982463986805854 0.07529899495402538 0.12666058230537583 0.12407848601843235 0.1271005910776331 0.11034378715244374 0.1240784861442978 0.41590642057942095 0.07529899379396034 0.6483229211875832 0.6483229210889783 0.07529899371860185 0.4159064205646349 0.0752989937184815 0.22982464149357248 0.12150631051920781 0.1215063106386127 0.30435276974220865 0.6483229217151003 0.25968259736851557
99 0.026763443127210157 0.644306869374635 0.00042744638857291007 0.21777569248013343 0.16090238802187368 0.21987884427258103 0.21777569239945857 0.09312790204651268 0.644306868732887 0.07529899401185909 0.07529899396919575 0.6443068682958205 0.09312790207824545 0.6443068682863756 0.02676344416050539 0.09545804991263969 0.09545804934126614 0.16916607548637638 0.07529899409453296 0.2962364469027487
190 0.05955469193545588 0.2962364478608704 -0.05448591082089199 0.15624327234674654 0.039497278050280915 0.17805864716829434 0.1562432723558674 0.35237721479248485 0.29623644681155364 0.25968259721682885 0.25968259735278426 0.2962364465404773 0.35237721482591755 0.29623644657134773 0.05955469309812993 0.060140655597110106 0.06014065548839348 0.35918566596993307 0.2596825974424445 0.9848513080831856
37 0.3232431084037797 0.21777569347455802 0.13052133390010004 0.5960676357498642 0.36060437062031275 0.5339468215064056 0.5960676357881851 0.07622683128460478 0.21777569223433496 0.12407848594006012 0.12407848607388643 0.21777569183341774 0.07622683113665828 0.21777569195299365 0.32324310998790684 0.3916205177556695 0.3916205172292118 0.26383004520268427 0.12407848619596877 0.15624327239014857
88 0.026763443127210157 0.644306869374635 0.00042744638857291007 0.21777569248013343 0.16090238802187368 0.21987884427258103 0.21777569239945857 0.09312790204651268 0.644306868732887 0.07529899401185909 0.07529899396919575 0.6443068682958205 0.09312790207824545 0.6443068682863756 0.02676344416050539 0.09545804991263969 0.09545804934126614 0.16916607548637638 0.07529899409453296 0.2962364469027487
110 0.05955469193545588 0.2962364478608704 -0.05448591082089199 0.15624327234674654 0.039497278050280915 0.17805864716829434 0.1562432723558674 0.35237721479248485 0.29623644681155364 0.25968259721682885 0.25968259735278426 0.2962364465404773 0.35237721482591755 0.29623644657134773 0.05955469309812993 0.060140655597110106 0.06014065548839348 0.35918566596993307 0.2596825974424445 0.9848513080831856
101 0.22982463986805854 0.07529899495402538 0.12666058230537583 0.12407848601843235 0.1271005910776331 0.11034378715244374 0.1240784861442978 0.41590642057942095 0.07529899379396034 0.6483229211875832 0.6483229210889783 0.07529899371860185 0.4159064205646349 0.0752989937184815 0.22982464149357248 0.12150631051920781 0.1215063106386127 0.30435276974220865 0.6483229217151003 0.25968259736851557
25 0.29940840850033973 0.21987884554528025 0.1038260847060477 0.5339468215209237 0.37618229831792815 0.6341941549956968 0.5339468214917158 0.0720328637045318 0.21987884396308924 0.1103437870368901 0.11034378710772066 0.21987884365346452 0.07203286373145074 0.21987884359394508 0.2994084102825963 0.42704986401071143 0.4270498633999552 0.2434666076568247 0.1103437874680169 0.17805864716829428
86 0.2518391309956635 0.24212037083353033 0.2075842708247875 0.32674502125702337 0.049112362695605385 0.4407066002799645 0.32674502142642015 0.10175083371903722 0.24212036936496295 0.07426040849856852 0.07426040859183444 0.24212036906323464 0.10175083368382362 0.2421203689460649 0.2518391320413232 0.28249151148737295 0.2824915111484927 0.8706345133764188 0.07426040883877093 0.29948118147260966
85 0.275543769153562 0.16916607653080348 0.28529442517430154 0.26383004513256814 0.25213292320001796 0.24346660765682848 0.26383004535247034 0.16957690077415202 0.16916607525713143 0.3043527696001031 0.30435276962344987 0.1691660749314218 0.16957690090437774 0.16916607500603079 0.2755437705052421 0.22587732543479708 0.22587732529700424 0.9076178558815464 0.30435276998193483 0.359185665969933
113 0.275543769153562 0.16916607653080348 0.28529442517430154 0.26383004513256814 0.25213292320001796 0.24346660765682848 0.26383004535247034 0.16957690077415202 0.16916607525713143 0.3043527696001031 0.30435276962344987 0.1691660749314218 0.16957690090437774 0.16916607500603079 0.2755437705052421 0.22587732543479708 0.22587732529700424 0.9076178558815464 0.30435276998193483 0.359185665969933
221 0.04963818503085514 0.09312790293728838 -0.04179416859504564 0.07622683125842386 -0.0007302304247520671 0.07203286371942835 0.07622683158971837 0.7967369808371102 0.09312790190571846 0.415906420507243 0.41590642045812753 0.09312790185517854 0.7967369808151096 0.09312790193428701 0.04963818598881419 0.013850733430120445 0.0138507338510623 0.16957690081500384 0.41590642090965196 0.3523772147964562
172 0.04963818503085514 0.09312790293728838 -0.04179416859504564 0.07622683125842386 -0.0007302304247520671 0.07203286371942835 0.07622683158971837 0.7967369808371102 0.09312790190571846 0.415906420507243 0.41590642045812753 0.09312790185517854 0.7967369808151096 0.09312790193428701 0.04963818598881419 0.013850733430120445 0.0138507338510623 0.16957690081500384 0.41590642090965196 0.3523772147964562
74 0.026763443127210157 0.644306869374635 0.00042744638857291007 0.21777569248013343 0.16090238802187368 0.21987884427258103 0.21777569239945857 0.09312790204651268 0.644306868732887 0.07529899401185909 0.07529899396919575 0.6443068682958205 0.09312790207824545 0.6443068682863756 0.02676344416050539 0.09545804991263969 0.09545804934126614 0.16916607548637638 0.07529899409453296 0.2962364469027487
174 0.430263282827515 0.00042744779130236035 1.1164273293798481 0.13052133375736027 0.25027110460060964 0.10382608470604744 0.13052133409898753 -0.041794168514188546 0.0004274458521285851 0.12666058204803332 0.12666058224847662 0.00042744592742985626 -0.04179416866435413 0.0004274459430793106 0.4302632844726111 0.2644478622658201 0.26444786240428547 0.2852944251743027 0.12666058264148192 -0.05448591082089134
57 0.28150191074763814 0.21260070833913008 0.08733052142598605 0.49132684977971225 0.3831041839664965 0.7128569438168034 0.491326849637515 0.07436993731048756 0.21260070639470222 0.09743418194231436 0.09743418212287087 0.21260070615671955 0.07436993734665151 0.21260070634471065 0.2815019119085734 0.4450487927080274 0.4450487919663321 0.20890254544602743 0.09743418218754725 0.18417235079616925
114 0.2518391309956635 0.24212037083353033 0.2075842708247875 0.32674502125702337 0.049112362695605385 0.4407066002799645 0.32674502142642015 0.10175083371903722 0.24212036936496295 0.07426040849856852 0.07426040859183444 0.24212036906323464 0.10175083368382362 0.2421203689460649 0.2518391320413232 0.28249151148737295 0.2824915111484927 0.8706345133764188 0.07426040883877093 0.29948118147260966
195 0.430263282827515 0.00042744779130236035 1.1164273293798481 0.13052133375736027 0.25027110460060964 0.10382608470604744 0.13052133409898753 -0.041794168514188546 0.0004274458521285851 0.12666058204803332 0.12666058224847662 0.00042744592742985626 -0.04179416866435413 0.0004274459430793106 0.4302632844726111 0.2644478622658201 0.26444786240428547 0.2852944251743027 0.12666058264148192 -0.05448591082089134
28 0.6288764826645526 0.02676344493925529 0.4302632838308835 0.3232431090633713 0.2998995097774284 0.2994084094113872 0.323243109376524 0.04963818561759807 0.026763443197354058 0.2298246404811159 0.22982464053432913 0.026763443033952446 0.0496381853878372 0.026763443163356816 0.6288764852094447 0.4413743663397114 0.4413743661320503 0.27554376967542404 0.2298246413484013 0.05955469250876557
178 0.026763443127210157 0.644306869374635 0.00042744638857291007 0.21777569248013343 0.16090238802187368 0.21987884427258103 0.21777569239945857 0.09312790204651268 0.644306868732887 0.07529899401185909 0.07529899396919575 0.6443068682958205 0.09312790207824545 0.6443068682863756 0.02676344416050539 0.09545804991263969 0.09545804934126614 0.16916607548637638 0.07529899409453296 0.2962364469027487
18 0.4413743652304926 0.09545805113425657 0.26444786232477036 0.3916205174317333 0.4981200325484527 0.42704986370415465 0.39162051755163246 0.013850733649328883 0.09545804910276845 0.12150631028718858 0.12150631050750066 0.09545804912666232 0.013850733499248433 0.09545804899440621 0.4413743670301334 0.5776914385589482 0.5776914381725534 0.22587732530903692 0.12150631078074332 0.0601406554419063
55 0.29940840850033973 0.21987884554528025 0.1038260847060477 0.5339468215209237 0.37618229831792815 0.6341941549956968 0.5339468214917158 0.0720328637045318 0.21987884396308924 0.1103437870368901 0.11034378710772066 0.21987884365346452 0.07203286373145074 0.21987884359394508 0.2994084102825963 0.42704986401071143 0.4270498633999552 0.2434666076568247 0.1103437874680169 0.17805864716829428
123 0.026763443127210157 0.644306869374635 0.00042744638857291007 0.21777569248013343 0.16090238802187368 0.21987884427258103 0.21777569239945857 0.09312790204651268 0.644306868732887 0.07529899401185909 0.07529899396919575 0.6443068682958205 0.09312790207824545 0.6443068682863756 0.02676344416050539 0.09545804991263969 0.09545804934126614 0.16916607548637638 0.07529899409453296 0.2962364469027487
128 0.026763443127210157 0.644306869374635 0.00042744638857291007 0.21777569248013343 0.16090238802187368 0.21987884427258103 0.21777569239945857 0.09312790204651268 0.644306868732887 0.07529899401185909 0.07529899396919575 0.6443068682958205 0.09312790207824545 0.6443068682863756 0.02676344416050539 0.09545804991263969 0.09545804934126614 0.16916607548637638 0.07529899409453296 0.2962364469027487
79 0.04963818503085514 0.09312790293728838 -0.04179416859504564 0.07622683125842386 -0.0007302304247520671 0.07203286371942835 0.07622683158971837 0.7967369808371102 0.09312790190571846 0.415906420507243 0.41590642045812753 0.09312790185517854 0.7967369808151096 0.09312790193428701 0.04963818598881419 0.013850733430120445 0.0138507338510623 0.16957690081500384 0.41590642090965196 0.3523772147964562
205 0.275543769153562 0.16916607653080348 0.28529442517430154 0.26383004513256814 0.25213292320001796 0.24346660765682848 0.26383004535247034 0.16957690077415202 0.16916607525713143 0.3043527696001031 0.30435276962344987 0.1691660749314218 0.16957690090437774 0.16916607500603079 0.2755437705052421 0.22587732543479708 0.22587732529700424 0.9076178558815464 0.30435276998193483 0.359185665969933
66 0.22982463986805854 0.07529899495402538 0.12666058230537583 0.12407848601843235 0.1271005910776331 0.11034378715244374 0.1240784861442978 0.41590642057942095 0.07529899379396034 0.6483229211875832 0.6483229210889783 0.07529899371860185 0.4159064205646349 0.0752989937184815 0.22982464149357248 0.12150631051920781 0.1215063106386127 0.30435276974220865 0.6483229217151003 0.25968259736851557
48 0.4413743652304926 0.09545805113425657 0.26444786232477036 0.3916205174317333 0.4981200325484527 0.42704986370415465 0.39162051755163246 0.013850733649328883 0.09545804910276845 0.12150631028718858 0.12150631050750066 0.09545804912666232 0.013850733499248433 0.09545804899440621 0.4413743670301334 0.5776914385589482 0.5776914381725534 0.22587732530903692 0.12150631078074332 0.0601406554419063
139 0.22982463986805854 0.07529899495402538 0.12666058230537583 0.12407848601843235 0.1271005910776331 0.11034378715244374 0.1240784861442978 0.41590642057942095 0.07529899379396034 0.6483229211875832 0.6483229210889783 0.07529899371860185 0.4159064205646349 0.0752989937184815 0.22982464149357248 0.12150631051920781 0.1215063106386127 0.30435276974220865 0.6483229217151003 0.25968259736851557
119 0.026763443127210157 0.644306869374635 0.00042744638857291007 0.21777569248013343 0.16090238802187368 0.21987884427258103 0.21777569239945857 0.09312790204651268 0.644306868732887 0.07529899401185909 0.07529899396919575 0.6443068682958205 0.09312790207824545 0.6443068682863756 0.02676344416050539 0.09545804991263969 0.09545804934126614 0.16916607548637638 0.07529899409453296 0.2962364469027487
146 0.275543769153562 0.16916607653080348 0.28529442517430154 0.26383004513256814 0.25213292320001796 0.24346660765682848 0.26383004535247034 0.16957690077415202 0.16916607525713143 0.3043527696001031 0.30435276962344987 0.1691660749314218 0.16957690090437774 0.16916607500603079 0.2755437705052421 0.22587732543479708 0.22587732529700424 0.9076178558815464 0.30435276998193483 0.359185665969933
16 0.6288764826645526 0.02676344493925529 0.4302632838308835 0.3232431090633713 0.2998995097774284 0.2994084094113872 0.323243109376524 0.04963818561759807 0.026763443197354058 0.2298246404811159 0.22982464053432913 0.026763443033952446 0.0496381853878372 0.026763443163356816 0.6288764852094447 0.4413743663397114 0.4413743661320503 0.27554376967542404 0.2298246413484013 0.05955469250876557
69 0.04963818503085514 0.09312790293728838 -0.04179416859504564 0.07622683125842386 -0.0007302304247520671 0.07203286371942835 0.07622683158971837 0.7967369808371102 0.09312790190571846 0.415906420507243 0.41590642045812753 0.09312790185517854 0.7967369808151096 0.09312790193428701 0.04963818598881419 0.013850733430120445 0.0138507338510623 0.16957690081500384 0.41590642090965196 0.3523772147964562
142 0.04963818503085514 0.09312790293728838 -0.04179416859504564 0.07622683125842386 -0.0007302304247520671 0.07203286371942835 0.07622683158971837 0.7967369808371102 0.09312790190571846 0.415906420507243 0.41590642045812753 0.09312790185517854 0.7967369808151096 0.09312790193428701 0.04963818598881419 0.013850733430120445 0.0138507338510623 0.16957690081500384 0.41590642090965196 0.3523772147964562
38 0.29989950890206635 0.1609023895619555 0.25027110460060703 0.36060437059512973 0.8015606999987915 0.3761822983179286 0.360604370635683 -0.0007302304134498266 0.16090238772351273 0.12710059095078488 0.12710059101392374 0.16090238745152713 -0.00073023047092192 0.16090238744515648 0.29989951087285055 0.4981200328960145 0.49812003231439833 0.2521329232000164 0.12710059124878728 0.03949727805028157
214 0.22982463986805854 0.07529899495402538 0.12666058230537583 0.12407848601843235 0.1271005910776331 0.11034378715244374 0.1240784861442978 0.41590642057942095 0.07529899379396034 0.6483229211875832 0.6483229210889783 0.07529899371860185 0.4159064205646349 0.0752989937184815 0.22982464149357248 0.12150631051920781 0.1215063106386127 0.30435276974220865 0.6483229217151003 0.25968259736851557
32 0.6288764826645526 0.02676344493925529 0.4302632838308835 0.3232431090633713 0.2998995097774284 0.2994084094113872 0.323243109376524 0.04963818561759807 0.026763443197354058 0.2298246404811159 0.22982464053432913 0.026763443033952446 0.0496381853878372 0.026763443163356816 0.6288764852094447 0.4413743663397114 0.4413743661320503 0.27554376967542404 0.2298246413484013 0.05955469250876557
196 0.026763443127210157 0.644306869374635 0.00042744638857291007 0.21777569248013343 0.16090238802187368 0.21987884427258103 0.21777569239945857 0.09312790204651268 0.644306868732887 0.07529899401185909 0.07529899396919575 0.6443068682958205 0.09312790207824545 0.6443068682863756 0.02676344416050539 0.09545804991263969 0.09545804934126614 0.16916607548637638 0.07529899409453296 0.2962364469027487
95 0.026763443127210157 0.644306869374635 0.00042744638857291007 0.21777569248013343 0.16090238802187368 0.21987884427258103 0.21777569239945857 0.09312790204651268 0.644306868732887 0.07529899401185909 0.07529899396919575 0.6443068682958205 0.09312790207824545 0.6443068682863756 0.02676344416050539 0.09545804991263969 0.09545804934126614 0.16916607548637638 0.07529899409453296 0.2962364469027487
70 0.430263282827515 0.00042744779130236035 1.1164273293798481 0.13052133375736027 0.25027110460060964 0.10382608470604744 0.13052133409898753 -0.041794168514188546 0.0004274458521285851 0.12666058204803332 0.12666058224847662 0.00042744592742985626 -0.04179416866435413 0.0004274459430793106 0.4302632844726111 0.2644478622658201 0.26444786240428547 0.2852944251743027 0.12666058264148192 -0.05448591082089134
170 0.22982463986805854 0.07529899495402538 0.12666058230537583 0.12407848601843235 0.1271005910776331 0.11034378715244374 0.1240784861442978 0.41590642057942095 0.07529899379396034 0.6483229211875832 0.6483229210889783 0.07529899371860185 0.4159064205646349 0.0752989937184815 0.22982464149357248 0.12150631051920781 0.1215063106386127 0.30435276974220865 0.6483229217151003 0.25968259736851557
138 0.2518391309956635 0.24212037083353033 0.2075842708247875 0.32674502125702337 0.049112362695605385 0.4407066002799645 0.32674502142642015 0.10175083371903722 0.24212036936496295 0.07426040849856852 0.07426040859183444 0.24212036906323464 0.10175083368382362 0.2421203689460649 0.2518391320413232 0.28249151148737295 0.2824915111484927 0.8706345133764188 0.07426040883877093 0.29948118147260966
144 0.05955469193545588 0.2962364478608704 -0.05448591082089199 0.15624327234674654 0.039497278050280915 0.17805864716829434 0.1562432723558674 0.35237721479248485 0.29623644681155364 0.25968259721682885 0.25968259735278426 0.2962364465404773 0.35237721482591755 0.29623644657134773 0.05955469309812993 0.060140655597110106 0.06014065548839348 0.35918566596993307 0.2596825974424445 0.9848513080831856
92 0.026763443127210157 0.644306869374635 0.00042744638857291007 0.21777569248013343 0.16090238802187368 0.21987884427258103 0.21777569239945857 0.09312790204651268 0.644306868732887 0.07529899401185909 0.07529899396919575 0.6443068682958205 0.09312790207824545 0.6443068682863756 0.02676344416050539 0.09545804991263969 0.09545804934126614 0.16916607548637638 0.07529899409453296 0.2962364469027487
163 0.430263282827515 0.00042744779130236035 1.1164273293798481 0.13052133375736027 0.25027110460060964 0.10382608470604744 0.13052133409898753 -0.041794168514188546 0.0004274458521285851 0.12666058204803332 0.12666058224847662 0.00042744592742985626 -0.04179416866435413 0.0004274459430793106 0.4302632844726111 0.2644478622658201 0.26444786240428547 0.2852944251743027 0.12666058264148192 -0.05448591082089134
212 0.275543769153562 0.16916607653080348 0.28529442517430154 0.26383004513256814 0.25213292320001796 0.24346660765682848 0.26383004535247034 0.16957690077415202 0.16916607525713143 0.3043527696001031 0.30435276962344987 0.1691660749314218 0.16957690090437774 0.16916607500603079 0.2755437705052421 0.22587732543479708 0.22587732529700424 0.9076178558815464 0.30435276998193483 0.359185665969933
1 0.29940840850033973 0.21987884554528025 0.1038260847060477 0.5339468215209237 0.37618229831792815 0.6341941549956968 0.5339468214917158 0.0720328637045318 0.21987884396308924 0.1103437870368901 0.11034378710772066 0.21987884365346452 0.07203286373145074 0.21987884359394508 0.2994084102825963 0.42704986401071143 0.4270498633999552 0.2434666076568247 0.1103437874680169 0.17805864716829428
181 0.22982463986805854 0.07529899495402538 0.12666058230537583 0.12407848601843235 0.1271005910776331 0.11034378715244374 0.1240784861442978 0.41590642057942095 0.07529899379396034 0.6483229211875832 0.6483229210889783 0.07529899371860185 0.4159064205646349 0.0752989937184815 0.22982464149357248 0.12150631051920781 0.1215063106386127 0.30435276974220865 0.6483229217151003 0.25968259736851557
118 0.026763443127210157 0.644306869374635 0.00042744638857291007 0.21777569248013343 0.16090238802187368 0.21987884427258103 0.21777569239945857 0.09312790204651268 0.644306868732887 0.07529899401185909 0.07529899396919575 0.6443068682958205 0.09312790207824545 0.6443068682863756 0.02676344416050539 0.09545804991263969 0.09545804934126614 0.16916607548637638 0.07529899409453296 0.2962364469027487
175 0.026763443127210157 0.644306869374635 0.00042744638857291007 0.21777569248013343 0.16090238802187368 0.21987884427258103 0.21777569239945857 0.09312790204651268 0.644306868732887 0.07529899401185909 0.07529899396919575 0.6443068682958205 0.09312790207824545 0.6443068682863756 0.02676344416050539 0.09545804991263969 0.09545804934126614 0.16916607548637638 0.07529899409453296 0.2962364469027487
10 0.29989950890206635 0.1609023895619555 0.25027110460060703 0.36060437059512973 0.8015606999987915 0.3761822983179286 0.360604370635683 -0.0007302304134498266 0.16090238772351273 0.12710059095078488 0.12710059101392374 0.16090238745152713 -0.00073023047092192 0.16090238744515648 0.29989951087285055 0.4981200328960145 0.49812003231439833 0.2521329232000164 0.12710059124878728 0.03949727805028157
105 0.22982463986805854 0.07529899495402538 0.12666058230537583 0.12407848601843235 0.1271005910776331 0.11034378715244374 0.1240784861442978 0.41590642057942095 0.07529899379396034 0.6483229211875832 0.6483229210889783 0.07529899371860185 0.4159064205646349 0.0752989937184815 0.22982464149357248 0.12150631051920781 0.1215063106386127 0.30435276974220865 0.6483229217151003 0.25968259736851557
203 0.05955469193545588 0.2962364478608704 -0.05448591082089199 0.15624327234674654 0.039497278050280915 0.17805864716829434 0.1562432723558674 0.35237721479248485 0.29623644681155364 0.25968259721682885 0.25968259735278426 0.2962364465404773 0.35237721482591755 0.29623644657134773 0.05955469309812993 0.060140655597110106 0.06014065548839348 0.35918566596993307 0.2596825974424445 0.9848513080831856
184 0.04963818503085514 0.09312790293728838 -0.04179416859504564 0.07622683125842386 -0.0007302304247520671 0.07203286371942835 0.07622683158971837 0.7967369808371102 0.09312790190571846 0.415906420507243 0.41590642045812753 0.09312790185517854 0.7967369808151096 0.09312790193428701 0.04963818598881419 0.013850733430120445 0.0138507338510623 0.16957690081500384 0.41590642090965196 0.3523772147964562
112 0.275543769153562 0.16916607653080348 0.28529442517430154 0.26383004513256814 0.25213292320001796 0.24346660765682848 0.26383004535247034 0.16957690077415202 0.16916607525713143 0.3043527696001031 0.30435276962344987 0.1691660749314218 0.16957690090437774 0.16916607500603079 0.2755437705052421 0.22587732543479708 0.22587732529700424 0.9076178558815464 0.30435276998193483 0.359185665969933
8 0.4413743652304926 0.09545805113425657 0.26444786232477036 0.3916205174317333 0.4981200325484527 0.42704986370415465 0.39162051755163246 0.013850733649328883 0.09545804910276845 0.12150631028718858 0.12150631050750066 0.09545804912666232 0.013850733499248433 0.09545804899440621 0.4413743670301334 0.5776914385589482 0.5776914381725534 0.22587732530903692 0.12150631078074332 0.0601406554419063
78 0.22982463986805854 0.07529899495402538 0.12666058230537583 0.12407848601843235 0.1271005910776331 0.11034378715244374 0.1240784861442978 0.41590642057942095 0.07529899379396034 0.6483229211875832 0.6483229210889783 0.07529899371860185 0.4159064205646349 0.0752989937184815 0.22982464149357248 0.12150631051920781 0.1215063106386127 0.30435276974220865 0.6483229217151003 0.25968259736851557
26 0.4413743652304926 0.09545805113425657 0.26444786232477036 0.3916205174317333 0.4981200325484527 0.42704986370415465 0.39162051755163246 0.013850733649328883 0.09545804910276845 0.12150631028718858 0.12150631050750066 0.09545804912666232 0.013850733499248433 0.09545804899440621 0.4413743670301334 0.5776914385589482 0.5776914381725534 0.22587732530903692 0.12150631078074332 0.0601406554419063
36 0.4413743652304926 0.09545805113425657 0.26444786232477036 0.3916205174317333 0.4981200325484527 0.42704986370415465 0.39162051755163246 0.013850733649328883 0.09545804910276845 0.12150631028718858 0.12150631050750066 0.09545804912666232 0.013850733499248433 0.09545804899440621 0.4413743670301334 0.5776914385589482 0.5776914381725534 0.22587732530903692 0.12150631078074332 0.0601406554419063
108 0.04963818503085514 0.09312790293728838 -0.04179416859504564 0.07622683125842386 -0.0007302304247520671 0.07203286371942835 0.07622683158971837 0.7967369808371102 0.09312790190571846 0.415906420507243 0.41590642045812753 0.09312790185517854 0.7967369808151096 0.09312790193428701 0.04963818598881419 0.013850733430120445 0.0138507338510623 0.16957690081500384 0.41590642090965196 0.3523772147964562
117 0.026763443127210157 0.644306869374635 0.00042744638857291007 0.21777569248013343 0.16090238802187368 0.21987884427258103 0.21777569239945857 0.09312790204651268 0.644306868732887 0.07529899401185909 0.07529899396919575 0.6443068682958205 0.09312790207824545 0.6443068682863756 0.02676344416050539 0.09545804991263969 0.09545804934126614 0.16916607548637638 0.07529899409453296 0.2962364469027487
157 0.5492728680879635 0.02178267745081623 0.7119419329732619 0.2219976068334476 0.3017225666655487 0.1552487780669375 0.22199760725905343 0.018173840401453614 0.021782675525690555 0.3130523724489836 0.31305237261304886 0.021782675519142116 0.01817384023305606 0.021782675665535604 0.5492728703375465 0.32273051449611534 0.32273051472003406 0.3962505792809168 0.31305237313889356 0.017673259826251002
204 0.05955469193545588 0.2962364478608704 -0.05448591082089199 0.15624327234674654 0.039497278050280915 0.17805864716829434 0.1562432723558674 0.35237721479248485 0.29623644681155364 0.25968259721682885 0.25968259735278426 0.2962364465404773 0.35237721482591755 0.29623644657134773 0.05955469309812993 0.060140655597110106 0.06014065548839348 0.35918566596993307 0.2596825974424445 0.9848513080831856
13 0.29940840850033973 0.21987884554528025 0.1038260847060477 0.5339468215209237 0.37618229831792815 0.6341941549956968 0.5339468214917158 0.0720328637045318 0.21987884396308924 0.1103437870368901 0.11034378710772066 0.21987884365346452 0.07203286373145074 0.21987884359394508 0.2994084102825963 0.42704986401071143 0.4270498633999552 0.2434666076568247 0.1103437874680169 0.17805864716829428
53 0.3232431084037797 0.21777569347455802 0.13052133390010004 0.5960676357498642 0.36060437062031275 0.5339468215064056 0.5960676357881851 0.07622683128460478 0.21777569223433496 0.12407848594006012 0.12407848607388643 0.21777569183341774 0.07622683113665828 0.21777569195299365 0.32324310998790684 0.3916205177556695 0.3916205172292118 0.26383004520268427 0.12407848619596877 0.15624327239014857
39 0.29940840850033973 0.21987884554528025 0.1038260847060477 0.5339468215209237 0.37618229831792815 0.6341941549956968 0.5339468214917158 0.0720328637045318 0.21987884396308924 0.1103437870368901 0.11034378710772066 0.21987884365346452 0.07203286373145074 0.21987884359394508 0.2994084102825963 0.42704986401071143 0.4270498633999552 0.2434666076568247 0.1103437874680169 0.17805864716829428
185 0.22982463986805854 0.07529899495402538 0.12666058230537583 0.12407848601843235 0.1271005910776331 0.11034378715244374 0.1240784861442978 0.41590642057942095 0.07529899379396034 0.6483229211875832 0.6483229210889783 0.07529899371860185 0.4159064205646349 0.0752989937184815 0.22982464149357248 0.12150631051920781 0.1215063106386127 0.30435276974220865 0.6483229217151003 0.25968259736851557
171 0.22982463986805854 0.07529899495402538 0.12666058230537583 0.12407848601843235 0.1271005910776331 0.11034378715244374 0.1240784861442978 0.41590642057942095 0.07529899379396034 0.6483229211875832 0.6483229210889783 0.07529899371860185 0.4159064205646349 0.0752989937184815 0.22982464149357248 0.12150631051920781 0.1215063106386127 0.30435276974220865 0.6483229217151003 0.25968259736851557
143 0.5492728680879635 0.02178267745081623 0.7119419329732619 0.2219976068334476 0.3017225666655487 0.1552487780669375 0.22199760725905343 0.018173840401453614 0.021782675525690555 0.3130523724489836 0.31305237261304886 0.021782675519142116 0.01817384023305606 0.021782675665535604 0.5492728703375465 0.32273051449611534 0.32273051472003406 0.3962505792809168 0.31305237313889356 0.017673259826251002
12 0.29989950890206635 0.1609023895619555 0.25027110460060703 0.36060437059512973 0.8015606999987915 0.3761822983179286 0.360604370635683 -0.0007302304134498266 0.16090238772351273 0.12710059095078488 0.12710059101392374 0.16090238745152713 -0.00073023047092192 0.16090238744515648 0.29989951087285055 0.4981200328960145 0.49812003231439833 0.2521329232000164 0.12710059124878728 0.03949727805028157
188 0.04963818503085514 0.09312790293728838 -0.04179416859504564 0.07622683125842386 -0.0007302304247520671 0.07203286371942835 0.07622683158971837 0.7967369808371102 0.09312790190571846 0.415906420507243 0.41590642045812753 0.09312790185517854 0.7967369808151096 0.09312790193428701 0.04963818598881419 0.013850733430120445 0.0138507338510623 0.16957690081500384 0.41590642090965196 0.3523772147964562
124 0.026763443127210157 0.644306869374635 0.00042744638857291007 0.21777569248013343 0.16090238802187368 0.21987884427258103 0.21777569239945857 0.09312790204651268 0.644306868732887 0.07529899401185909 0.07529899396919575 0.6443068682958205 0.09312790207824545 0.6443068682863756 0.02676344416050539 0.09545804991263969 0.09545804934126614 0.16916607548637638 0.07529899409453296 0.2962364469027487
106 0.22982463986805854 0.07529899495402538 0.12666058230537583 0.12407848601843235 0.1271005910776331 0.11034378715244374 0.1240784861442978 0.41590642057942095 0.07529899379396034 0.6483229211875832 0.6483229210889783 0.07529899371860185 0.4159064205646349 0.0752989937184815 0.22982464149357248 0.12150631051920781 0.1215063106386127 0.30435276974220865 0.6483229217151003 0.25968259736851557
129 0.22982463986805854 0.07529899495402538 0.12666058230537583 0.12407848601843235 0.1271005910776331 0.11034378715244374 0.1240784861442978 0.41590642057942095 0.07529899379396034 0.6483229211875832 0.6483229210889783 0.07529899371860185 0.4159064205646349 0.0752989937184815 0.22982464149357248 0.12150631051920781 0.1215063106386127 0.30435276974220865 0.6483229217151003 0.25968259736851557
137 0.275543769153562 0.16916607653080348 0.28529442517430154 0.26383004513256814 0.25213292320001796 0.24346660765682848 0.26383004535247034 0.16957690077415202 0.16916607525713143 0.3043527696001031 0.30435276962344987 0.1691660749314218 0.16957690090437774 0.16916607500603079 0.2755437705052421 0.22587732543479708 0.22587732529700424 0.9076178558815464 0.30435276998193483 0.359185665969933
135 0.05955469193545588 0.2962364478608704 -0.05448591082089199 0.15624327234674654 0.039497278050280915 0.17805864716829434 0.1562432723558674 0.35237721479248485 0.29623644681155364 0.25968259721682885 0.25968259735278426 0.2962364465404773 0.35237721482591755 0.29623644657134773 0.05955469309812993 0.060140655597110106 0.06014065548839348 0.35918566596993307 0.2596825974424445 0.9848513080831856
82 0.05955469193545588 0.2962364478608704 -0.05448591082089199 0.15624327234674654 0.039497278050280915 0.17805864716829434 0.1562432723558674 0.35237721479248485 0.29623644681155364 0.25968259721682885 0.25968259735278426 0.2962364465404773 0.35237721482591755 0.29623644657134773 0.05955469309812993 0.060140655597110106 0.06014065548839348 0.35918566596993307 0.2596825974424445 0.9848513080831856
200 0.026763443127210157 0.644306869374635 0.00042744638857291007 0.21777569248013343 0.16090238802187368 0.21987884427258103 0.21777569239945857 0.09312790204651268 0.644306868732887 0.07529899401185909 0.07529899396919575 0.6443068682958205 0.09312790207824545 0.6443068682863756 0.02676344416050539 0.09545804991263969 0.09545804934126614 0.16916607548637638 0.07529899409453296 0.2962364469027487
15 0.28150191074763814 0.21260070833913008 0.08733052142598605 0.49132684977971225 0.3831041839664965 0.7128569438168034 0.491326849637515 0.07436993731048756 0.21260070639470222 0.09743418194231436 0.09743418212287087 0.21260070615671955 0.07436993734665151 0.21260070634471065 0.2815019119085734 0.4450487927080274 0.4450487919663321 0.20890254544602743 0.09743418218754725 0.18417235079616925
93 0.026763443127210157 0.644306869374635 0.00042744638857291007 0.21777569248013343 0.16090238802187368 0.21987884427258103 0.21777569239945857 0.09312790204651268 0.644306868732887 0.07529899401185909 0.07529899396919575 0.6443068682958205 0.09312790207824545 0.6443068682863756 0.02676344416050539 0.09545804991263969 0.09545804934126614 0.16916607548637638 0.07529899409453296 0.2962364469027487
52 0.4413743652304926 0.09545805113425657 0.26444786232477036 0.3916205174317333 0.4981200325484527 0.42704986370415465 0.39162051755163246 0.013850733649328883 0.09545804910276845 0.12150631028718858 0.12150631050750066 0.09545804912666232 0.013850733499248433 0.09545804899440621 0.4413743670301334 0.5776914385589482 0.5776914381725534 0.22587732530903692 0.12150631078074332 0.0601406554419063
80 0.04963818503085514 0.09312790293728838 -0.04179416859504564 0.07622683125842386 -0.0007302304247520671 0.07203286371942835 0.07622683158971837 0.7967369808371102 0.09312790190571846 0.415906420507243 0.41590642045812753 0.09312790185517854 0.7967369808151096 0.09312790193428701 0.04963818598881419 0.013850733430120445 0.0138507338510623 0.16957690081500384 0.41590642090965196 0.3523772147964562
76 0.026763443127210157 0.644306869374635 0.00042744638857291007 0.21777569248013343 0.16090238802187368 0.21987884427258103 0.21777569239945857 0.09312790204651268 0.644306868732887 0.07529899401185909 0.07529899396919575 0.6443068682958205 0.09312790207824545 0.6443068682863756 0.02676344416050539 0.09545804991263969 0.09545804934126614 0.16916607548637638 0.07529899409453296 0.2962364469027487
3 0.29940840850033973 0.21987884554528025 0.1038260847060477 0.5339468215209237 0.37618229831792815 0.6341941549956968 0.5339468214917158 0.0720328637045318 0.21987884396308924 0.1103437870368901 0.11034378710772066 0.21987884365346452 0.07203286373145074 0.21987884359394508 0.2994084102825963 0.42704986401071143 0.4270498633999552 0.2434666076568247 0.1103437874680169 0.17805864716829428
116 0.026763443127210157 0.644306869374635 0.00042744638857291007 0.21777569248013343 0.16090238802187368 0.21987884427258103 0.21777569239945857 0.09312790204651268 0.644306868732887 0.07529899401185909 0.07529899396919575 0.6443068682958205 0.09312790207824545 0.6443068682863756 0.02676344416050539 0.09545804991263969 0.09545804934126614 0.16916607548637638 0.07529899409453296 0.2962364469027487
65 0.2518391309956635 0.24212037083353033 0.2075842708247875 0.32674502125702337 0.049112362695605385 0.4407066002799645 0.32674502142642015 0.10175083371903722 0.24212036936496295 0.07426040849856852 0.07426040859183444 0.24212036906323464 0.10175083368382362 0.2421203689460649 0.2518391320413232 0.28249151148737295 0.2824915111484927 0.8706345133764188 0.07426040883877093 0.29948118147260966
134 0.05955469193545588 0.2962364478608704 -0.05448591082089199 0.15624327234674654 0.039497278050280915 0.17805864716829434 0.1562432723558674 0.35237721479248485 0.29623644681155364 0.25968259721682885 0.25968259735278426 0.2962364465404773 0.35237721482591755 0.29623644657134773 0.05955469309812993 0.060140655597110106 0.06014065548839348 0.35918566596993307 0.2596825974424445 0.9848513080831856
0 0.4413743652304926 0.09545805113425657 0.26444786232477036 0.3916205174317333 0.4981200325484527 0.42704986370415465 0.39162051755163246 0.013850733649328883 0.09545804910276845 0.12150631028718858 0.12150631050750066 0.09545804912666232 0.013850733499248433 0.09545804899440621 0.4413743670301334 0.5776914385589482 0.5776914381725534 0.22587732530903692 0.12150631078074332 0.0601406554419063
47 0.29940840850033973 0.21987884554528025 0.1038260847060477 0.5339468215209237 0.37618229831792815 0.6341941549956968 0.5339468214917158 0.0720328637045318 0.21987884396308924 0.1103437870368901 0.11034378710772066 0.21987884365346452 0.07203286373145074 0.21987884359394508 0.2994084102825963 0.42704986401071143 0.4270498633999552 0.2434666076568247 0.1103437874680169 0.17805864716829428
60 0.5492728680879635 0.02178267745081623 0.7119419329732619 0.2219976068334476 0.3017225666655487 0.1552487780669375 0.22199760725905343 0.018173840401453614 0.021782675525690555 0.3130523724489836 0.31305237261304886 0.021782675519142116 0.01817384023305606 0.021782675665535604 0.5492728703375465 0.32273051449611534 0.32273051472003406 0.3962505792809168 0.31305237313889356 0.017673259826251002
11 0.3232431084037797 0.21777569347455802 0.13052133390010004 0.5960676357498642 0.36060437062031275 0.5339468215064056 0.5960676357881851 0.07622683128460478 0.21777569223433496 0.12407848594006012 0.12407848607388643 0.21777569183341774 0.07622683113665828 0.21777569195299365 0.32324310998790684 0.3916205177556695 0.3916205172292118 0.26383004520268427 0.12407848619596877 0.15624327239014857
23 0.29940840850033973 0.21987884554528025 0.1038260847060477 0.5339468215209237 0.37618229831792815 0.6341941549956968 0.5339468214917158 0.0720328637045318 0.21987884396308924 0.1103437870368901 0.11034378710772066 0.21987884365346452 0.07203286373145074 0.21987884359394508 0.2994084102825963 0.42704986401071143 0.4270498633999552 0.2434666076568247 0.1103437874680169 0.17805864716829428
97 0.026763443127210157 0.644306869374635 0.00042744638857291007 0.21777569248013343 0.16090238802187368 0.21987884427258103 0.21777569239945857 0.09312790204651268 0.644306868732887 0.07529899401185909 0.07529899396919575 0.6443068682958205 0.09312790207824545 0.6443068682863756 0.02676344416050539 0.09545804991263969 0.09545804934126614 0.16916607548637638 0.07529899409453296 0.2962364469027487
197 0.026763443127210157 0.644306869374635 0.00042744638857291007 0.21777569248013343 0.16090238802187368 0.21987884427258103 0.21777569239945857 0.09312790204651268 0.644306868732887 0.07529899401185909 0.07529899396919575 0.6443068682958205 0.09312790207824545 0.6443068682863756 0.02676344416050539 0.09545804991263969 0.09545804934126614 0.16916607548637638 0.07529899409453296 0.2962364469027487
149 0.22982463986805854 0.07529899495402538 0.12666058230537583 0.12407848601843235 0.1271005910776331 0.11034378715244374 0.1240784861442978 0.41590642057942095 0.07529899379396034 0.6483229211875832 0.6483229210889783 0.07529899371860185 0.4159064205646349 0.0752989937184815 0.22982464149357248 0.12150631051920781 0.1215063106386127 0.30435276974220865 0.6483229217151003 0.25968259736851557
81 0.5492728680879635 0.02178267745081623 0.7119419329732619 0.2219976068334476 0.3017225666655487 0.1552487780669375 0.22199760725905343 0.018173840401453614 0.021782675525690555 0.3130523724489836 0.31305237261304886 0.021782675519142116 0.01817384023305606 0.021782675665535604 0.5492728703375465 0.32273051449611534 0.32273051472003406 0.3962505792809168 0.31305237313889356 0.017673259826251002
102 0.22982463986805854 0.07529899495402538 0.12666058230537583 0.12407848601843235 0.1271005910776331 0.11034378715244374 0.1240784861442978 0.41590642057942095 0.07529899379396034 0.6483229211875832 0.6483229210889783 0.07529899371860185 0.4159064205646349 0.0752989937184815 0.22982464149357248 0.12150631051920781 0.1215063106386127 0.30435276974220865 0.6483229217151003 0.25968259736851557
189 0.5492728680879635 0.02178267745081623 0.7119419329732619 0.2219976068334476 0.3017225666655487 0.1552487780669375 0.22199760725905343 0.018173840401453614 0.021782675525690555 0.3130523724489836 0.31305237261304886 0.021782675519142116 0.01817384023305606 0.021782675665535604 0.5492728703375465 0.32273051449611534 0.32273051472003406 0.3962505792809168 0.31305237313889356 0.017673259826251002
100 0.026763443127210157 0.644306869374635 0.00042744638857291007 0.21777569248013343 0.16090238802187368 0.21987884427258103 0.21777569239945857 0.09312790204651268 0.644306868732887 0.07529899401185909 0.07529899396919575 0.6443068682958205 0.09312790207824545 0.6443068682863756 0.02676344416050539 0.09545804991263969 0.09545804934126614 0.16916607548637638 0.07529899409453296 0.2962364469027487
126 0.026763443127210157 0.644306869374635 0.00042744638857291007 0.21777569248013343 0.16090238802187368 0.21987884427258103 0.21777569239945857 0.09312790204651268 0.644306868732887 0.07529899401185909 0.07529899396919575 0.6443068682958205 0.09312790207824545 0.6443068682863756 0.02676344416050539 0.09545804991263969 0.09545804934126614 0.16916607548637638 0.07529899409453296 0.2962364469027487
183 0.04963818503085514 0.09312790293728838 -0.04179416859504564 0.07622683125842386 -0.0007302304247520671 0.07203286371942835 0.07622683158971837 0.7967369808371102 0.09312790190571846 0.415906420507243 0.41590642045812753 0.09312790185517854 0.7967369808151096 0.09312790193428701 0.04963818598881419 0.013850733430120445 0.0138507338510623 0.16957690081500384 0.41590642090965196 0.3523772147964562
145 0.05955469193545588 0.2962364478608704 -0.05448591082089199 0.15624327234674654 0.039497278050280915 0.17805864716829434 0.1562432723558674 0.35237721479248485 0.29623644681155364 0.25968259721682885 0.25968259735278426 0.2962364465404773 0.35237721482591755 0.29623644657134773 0.05955469309812993 0.060140655597110106 0.06014065548839348 0.35918566596993307 0.2596825974424445 0.9848513080831856
159 0.05955469193545588 0.2962364478608704 -0.05448591082089199 0.15624327234674654 0.039497278050280915 0.17805864716829434 0.1562432723558674 0.35237721479248485 0.29623644681155364 0.25968259721682885 0.25968259735278426 0.2962364465404773 0.35237721482591755 0.29623644657134773 0.05955469309812993 0.060140655597110106 0.06014065548839348 0.35918566596993307 0.2596825974424445 0.9848513080831856
199 0.026763443127210157 0.644306869374635 0.00042744638857291007 0.21777569248013343 0.16090238802187368 0.21987884427258103 0.21777569239945857 0.09312790204651268 0.644306868732887 0.07529899401185909 0.07529899396919575 0.6443068682958205 0.09312790207824545 0.6443068682863756 0.02676344416050539 0.09545804991263969 0.09545804934126614 0.16916607548637638 0.07529899409453296 0.2962364469027487
207 0.2518391309956635 0.24212037083353033 0.2075842708247875 0.32674502125702337 0.049112362695605385 0.4407066002799645 0.32674502142642015 0.10175083371903722 0.24212036936496295 0.07426040849856852 0.07426040859183444 0.24212036906323464 0.10175083368382362 0.2421203689460649 0.2518391320413232 0.28249151148737295 0.2824915111484927 0.8706345133764188 0.07426040883877093 0.29948118147260966
211 0.275543769153562 0.16916607653080348 0.28529442517430154 0.26383004513256814 0.25213292320001796 0.24346660765682848 0.26383004535247034 0.16957690077415202 0.16916607525713143 0.3043527696001031 0.30435276962344987 0.1691660749314218 0.16957690090437774 0.16916607500603079 0.2755437705052421 0.22587732543479708 0.22587732529700424 0.9076178558815464 0.30435276998193483 0.359185665969933
83 0.05955469193545588 0.2962364478608704 -0.05448591082089199 0.15624327234674654 0.039497278050280915 0.17805864716829434 0.1562432723558674 0.35237721479248485 0.29623644681155364 0.25968259721682885 0.25968259735278426 0.2962364465404773 0.35237721482591755 0.29623644657134773 0.05955469309812993 0.060140655597110106 0.06014065548839348 0.35918566596993307 0.2596825974424445 0.9848513080831856
30 0.4413743652304926 0.09545805113425657 0.26444786232477036 0.3916205174317333 0.4981200325484527 0.42704986370415465 0.39162051755163246 0.013850733649328883 0.09545804910276845 0.12150631028718858 0.12150631050750066 0.09545804912666232 0.013850733499248433 0.09545804899440621 0.4413743670301334 0.5776914385589482 0.5776914381725534 0.22587732530903692 0.12150631078074332 0.0601406554419063
42 0.29989950890206635 0.1609023895619555 0.25027110460060703 0.36060437059512973 0.8015606999987915 0.3761822983179286 0.360604370635683 -0.0007302304134498266 0.16090238772351273 0.12710059095078488 0.12710059101392374 0.16090238745152713 -0.00073023047092192 0.16090238744515648 0.29989951087285055 0.4981200328960145 0.49812003231439833 0.2521329232000164 0.12710059124878728 0.03949727805028157
218 0.22982463986805854 0.07529899495402538 0.12666058230537583 0.12407848601843235 0.1271005910776331 0.11034378715244374 0.1240784861442978 0.41590642057942095 0.07529899379396034 0.6483229211875832 0.6483229210889783 0.07529899371860185 0.4159064205646349 0.0752989937184815 0.22982464149357248 0.12150631051920781 0.1215063106386127 0.30435276974220865 0.6483229217151003 0.25968259736851557
167 0.026763443127210157 0.644306869374635 0.00042744638857291007 0.21777569248013343 0.16090238802187368 0.21987884427258103 0.21777569239945857 0.09312790204651268 0.644306868732887 0.07529899401185909 0.07529899396919575 0.6443068682958205 0.09312790207824545 0.6443068682863756 0.02676344416050539 0.09545804991263969 0.09545804934126614 0.16916607548637638 0.07529899409453296 0.2962364469027487
104 0.04963818503085514 0.09312790293728838 -0.04179416859504564 0.07622683125842386 -0.0007302304247520671 0.07203286371942835 0.07622683158971837 0.7967369808371102 0.09312790190571846 0.415906420507243 0.41590642045812753 0.09312790185517854 0.7967369808151096 0.09312790193428701 0.04963818598881419 0.013850733430120445 0.0138507338510623 0.16957690081500384 0.41590642090965196 0.3523772147964562
194 0.2518391309956635 0.24212037083353033 0.2075842708247875 0.32674502125702337 0.049112362695605385 0.4407066002799645 0.32674502142642015 0.10175083371903722 0.24212036936496295 0.07426040849856852 0.07426040859183444 0.24212036906323464 0.10175083368382362 0.2421203689460649 0.2518391320413232 0.28249151148737295 0.2824915111484927 0.8706345133764188 0.07426040883877093 0.29948118147260966
7 0.29940840850033973 0.21987884554528025 0.1038260847060477 0.5339468215209237 0.37618229831792815 0.6341941549956968 0.5339468214917158 0.0720328637045318 0.21987884396308924 0.1103437870368901 0.11034378710772066 0.21987884365346452 0.07203286373145074 0.21987884359394508 0.2994084102825963 0.42704986401071143 0.4270498633999552 0.2434666076568247 0.1103437874680169 0.17805864716829428
103 0.04963818503085514 0.09312790293728838 -0.04179416859504564 0.07622683125842386 -0.0007302304247520671 0.07203286371942835 0.07622683158971837 0.7967369808371102 0.09312790190571846 0.415906420507243 0.41590642045812753 0.09312790185517854 0.7967369808151096 0.09312790193428701 0.04963818598881419 0.013850733430120445 0.0138507338510623 0.16957690081500384 0.41590642090965196 0.3523772147964562
216 0.04963818503085514 0.09312790293728838 -0.04179416859504564 0.07622683125842386 -0.0007302304247520671 0.07203286371942835 0.07622683158971837 0.7967369808371102 0.09312790190571846 0.415906420507243 0.41590642045812753 0.09312790185517854 0.7967369808151096 0.09312790193428701 0.04963818598881419 0.013850733430120445 0.0138507338510623 0.16957690081500384 0.41590642090965196 0.3523772147964562
121 0.026763443127210157 0.644306869374635 0.00042744638857291007 0.21777569248013343 0.16090238802187368 0.21987884427258103 0.21777569239945857 0.09312790204651268 0.644306868732887 0.07529899401185909 0.07529899396919575 0.6443068682958205 0.09312790207824545 0.6443068682863756 0.02676344416050539 0.09545804991263969 0.09545804934126614 0.16916607548637638 0.07529899409453296 0.2962364469027487
34 0.6288764826645526 0.02676344493925529 0.4302632838308835 0.3232431090633713 0.2998995097774284 0.2994084094113872 0.323243109376524 0.04963818561759807 0.026763443197354058 0.2298246404811159 0.22982464053432913 0.026763443033952446 0.0496381853878372 0.026763443163356816 0.6288764852094447 0.4413743663397114 0.4413743661320503 0.27554376967542404 0.2298246413484013 0.05955469250876557
96 0.026763443127210157 0.644306869374635 0.00042744638857291007 0.21777569248013343 0.16090238802187368 0.21987884427258103 0.21777569239945857 0.09312790204651268 0.644306868732887 0.07529899401185909 0.07529899396919575 0.6443068682958205 0.09312790207824545 0.6443068682863756 0.02676344416050539 0.09545804991263969 0.09545804934126614 0.16916607548637638 0.07529899409453296 0.2962364469027487
160 0.275543769153562 0.16916607653080348 0.28529442517430154 0.26383004513256814 0.25213292320001796 0.24346660765682848 0.26383004535247034 0.16957690077415202 0.16916607525713143 0.3043527696001031 0.30435276962344987 0.1691660749314218 0.16957690090437774 0.16916607500603079 0.2755437705052421 0.22587732543479708 0.22587732529700424 0.9076178558815464 0.30435276998193483 0.359185665969933
177 0.026763443127210157 0.644306869374635 0.00042744638857291007 0.21777569248013343 0.16090238802187368 0.21987884427258103 0.21777569239945857 0.09312790204651268 0.644306868732887 0.07529899401185909 0.07529899396919575 0.6443068682958205 0.09312790207824545 0.6443068682863756 0.02676344416050539 0.09545804991263969 0.09545804934126614 0.16916607548637638 0.07529899409453296 0.2962364469027487
84 0.275543769153562 0.16916607653080348 0.28529442517430154 0.26383004513256814 0.25213292320001796 0.24346660765682848 0.26383004535247034 0.16957690077415202 0.16916607525713143 0.3043527696001031 0.30435276962344987 0.1691660749314218 0.16957690090437774 0.16916607500603079 0.2755437705052421 0.22587732543479708 0.22587732529700424 0.9076178558815464 0.30435276998193483 0.359185665969933
136 0.275543769153562 0.16916607653080348 0.28529442517430154 0.26383004513256814 0.25213292320001796 0.24346660765682848 0.26383004535247034 0.16957690077415202 0.16916607525713143 0.3043527696001031 0.30435276962344987 0.1691660749314218 0.16957690090437774 0.16916607500603079 0.2755437705052421 0.22587732543479708 0.22587732529700424 0.9076178558815464 0.30435276998193483 0.359185665969933
213 0.2518391309956635 0.24212037083353033 0.2075842708247875 0.32674502125702337 0.049112362695605385 0.4407066002799645 0.32674502142642015 0.10175083371903722 0.24212036936496295 0.07426040849856852 0.07426040859183444 0.24212036906323464 0.10175083368382362 0.2421203689460649 0.2518391320413232 0.28249151148737295 0.2824915111484927 0.8706345133764188 0.07426040883877093 0.29948118147260966
192 0.275543769153562 0.16916607653080348 0.28529442517430154 0.26383004513256814 0.25213292320001796 0.24346660765682848 0.26383004535247034 0.16957690077415202 0.16916607525713143 0.3043527696001031 0.30435276962344987 0.1691660749314218 0.16957690090437774 0.16916607500603079 0.2755437705052421 0.22587732543479708 0.22587732529700424 0.9076178558815464 0.30435276998193483 0.359185665969933
87 0.430263282827515 0.00042744779130236035 1.1164273293798481 0.13052133375736027 0.25027110460060964 0.10382608470604744 0.13052133409898753 -0.041794168514188546 0.0004274458521285851 0.12666058204803332 0.12666058224847662 0.00042744592742985626 -0.04179416866435413 0.0004274459430793106 0.4302632844726111 0.2644478622658201 0.26444786240428547 0.2852944251743027 0.12666058264148192 -0.05448591082089134
191 0.05955469193545588 0.2962364478608704 -0.05448591082089199 0.15624327234674654 0.039497278050280915 0.17805864716829434 0.1562432723558674 0.35237721479248485 0.29623644681155364 0.25968259721682885 0.25968259735278426 0.2962364465404773 0.35237721482591755 0.29623644657134773 0.05955469309812993 0.060140655597110106 0.06014065548839348 0.35918566596993307 0.2596825974424445 0.9848513080831856
173 0.04963818503085514 0.09312790293728838 -0.04179416859504564 0.07622683125842386 -0.0007302304247520671 0.07203286371942835 0.07622683158971837 0.7967369808371102 0.09312790190571846 0.415906420507243 0.41590642045812753 0.09312790185517854 0.7967369808151096 0.09312790193428701 0.04963818598881419 0.013850733430120445 0.0138507338510623 0.16957690081500384 0.41590642090965196 0.3523772147964562
17 0.29940840850033973 0.21987884554528025 0.1038260847060477 0.5339468215209237 0.37618229831792815 0.6341941549956968 0.5339468214917158 0.0720328637045318 0.21987884396308924 0.1103437870368901 0.11034378710772066 0.21987884365346452 0.07203286373145074 0.21987884359394508 0.2994084102825963 0.42704986401071143 0.4270498633999552 0.2434666076568247 0.1103437874680169 0.17805864716829428
62 0.05955469193545588 0.2962364478608704 -0.05448591082089199 0.15624327234674654 0.039497278050280915 0.17805864716829434 0.1562432723558674 0.35237721479248485 0.29623644681155364 0.25968259721682885 0.25968259735278426 0.2962364465404773 0.35237721482591755 0.29623644657134773 0.05955469309812993 0.060140655597110106 0.06014065548839348 0.35918566596993307 0.2596825974424445 0.9848513080831856
154 0.22982463986805854 0.07529899495402538 0.12666058230537583 0.12407848601843235 0.1271005910776331 0.11034378715244374 0.1240784861442978 0.41590642057942095 0.07529899379396034 0.6483229211875832 0.6483229210889783 0.07529899371860185 0.4159064205646349 0.0752989937184815 0.22982464149357248 0.12150631051920781 0.1215063106386127 0.30435276974220865 0.6483229217151003 0.25968259736851557
45 0.28150191074763814 0.21260070833913008 0.08733052142598605 0.49132684977971225 0.3831041839664965 0.7128569438168034 0.491326849637515 0.07436993731048756 0.21260070639470222 0.09743418194231436 0.09743418212287087 0.21260070615671955 0.07436993734665151 0.21260070634471065 0.2815019119085734 0.4450487927080274 0.4450487919663321 0.20890254544602743 0.09743418218754725 0.18417235079616925
61 0.05955469193545588 0.2962364478608704 -0.05448591082089199 0.15624327234674654 0.039497278050280915 0.17805864716829434 0.1562432723558674 0.35237721479248485 0.29623644681155364 0.25968259721682885 0.25968259735278426 0.2962364465404773 0.35237721482591755 0.29623644657134773 0.05955469309812993 0.060140655597110106 0.06014065548839348 0.35918566596993307 0.2596825974424445 0.9848513080831856
155 0.04963818503085514 0.09312790293728838 -0.04179416859504564 0.07622683125842386 -0.0007302304247520671 0.07203286371942835 0.07622683158971837 0.7967369808371102 0.09312790190571846 0.415906420507243 0.41590642045812753 0.09312790185517854 0.7967369808151096 0.09312790193428701 0.04963818598881419 0.013850733430120445 0.0138507338510623 0.16957690081500384 0.41590642090965196 0.3523772147964562
158 0.05955469193545588 0.2962364478608704 -0.05448591082089199 0.15624327234674654 0.039497278050280915 0.17805864716829434 0.1562432723558674 0.35237721479248485 0.29623644681155364 0.25968259721682885 0.25968259735278426 0.2962364465404773 0.35237721482591755 0.29623644657134773 0.05955469309812993 0.060140655597110106 0.06014065548839348 0.35918566596993307 0.2596825974424445 0.9848513080831856
19 0.3232431084037797 0.21777569347455802 0.13052133390010004 0.5960676357498642 0.36060437062031275 0.5339468215064056 0.5960676357881851 0.07622683128460478 0.21777569223433496 0.12407848594006012 0.12407848607388643 0.21777569183341774 0.07622683113665828 0.21777569195299365 0.32324310998790684 0.3916205177556695 0.3916205172292118 0.26383004520268427 0.12407848619596877 0.15624327239014857
46 0.6288764826645526 0.02676344493925529 0.4302632838308835 0.3232431090633713 0.2998995097774284 0.2994084094113872 0.323243109376524 0.04963818561759807 0.026763443197354058 0.2298246404811159 0.22982464053432913 0.026763443033952446 0.0496381853878372 0.026763443163356816 0.6288764852094447 0.4413743663397114 0.4413743661320503 0.27554376967542404 0.2298246413484013 0.05955469250876557
131 0.04963818503085514 0.09312790293728838 -0.04179416859504564 0.07622683125842386 -0.0007302304247520671 0.07203286371942835 0.07622683158971837 0.7967369808371102 0.09312790190571846 0.415906420507243 0.41590642045812753 0.09312790185517854 0.7967369808151096 0.09312790193428701 0.04963818598881419 0.013850733430120445 0.0138507338510623 0.16957690081500384 0.41590642090965196 0.3523772147964562
220 0.04963818503085514 0.09312790293728838 -0.04179416859504564 0.07622683125842386 -0.0007302304247520671 0.07203286371942835 0.07622683158971837 0.7967369808371102 0.09312790190571846 0.415906420507243 0.41590642045812753 0.09312790185517854 0.7967369808151096 0.09312790193428701 0.04963818598881419 0.013850733430120445 0.0138507338510623 0.16957690081500384 0.41590642090965196 0.3523772147964562
125 0.026763443127210157 0.644306869374635 0.00042744638857291007 0.21777569248013343 0.16090238802187368 0.21987884427258103 0.21777569239945857 0.09312790204651268 0.644306868732887 0.07529899401185909 0.07529899396919575 0.6443068682958205 0.09312790207824545 0.6443068682863756 0.02676344416050539 0.09545804991263969 0.09545804934126614 0.16916607548637638 0.07529899409453296 0.2962364469027487
162 0.2518391309956635 0.24212037083353033 0.2075842708247875 0.32674502125702337 0.049112362695605385 0.4407066002799645 0.32674502142642015 0.10175083371903722 0.24212036936496295 0.07426040849856852 0.07426040859183444 0.24212036906323464 0.10175083368382362 0.2421203689460649 0.2518391320413232 0.28249151148737295 0.2824915111484927 0.8706345133764188 0.07426040883877093 0.29948118147260966
150 0.22982463986805854 0.07529899495402538 0.12666058230537583 0.12407848601843235 0.1271005910776331 0.11034378715244374 0.1240784861442978 0.41590642057942095 0.07529899379396034 0.6483229211875832 0.6483229210889783 0.07529899371860185 0.4159064205646349 0.0752989937184815 0.22982464149357248 0.12150631051920781 0.1215063106386127 0.30435276974220865 0.6483229217151003 0.25968259736851557
120 0.026763443127210157 0.644306869374635 0.00042744638857291007 0.21777569248013343 0.16090238802187368 0.21987884427258103 0.21777569239945857 0.09312790204651268 0.644306868732887 0.07529899401185909 0.07529899396919575 0.6443068682958205 0.09312790207824545 0.6443068682863756 0.02676344416050539 0.09545804991263969 0.09545804934126614 0.16916607548637638 0.07529899409453296 0.2962364469027487
41 0.29940840850033973 0.21987884554528025 0.1038260847060477 0.5339468215209237 0.37618229831792815 0.6341941549956968 0.5339468214917158 0.0720328637045318 0.21987884396308924 0.1103437870368901 0.11034378710772066 0.21987884365346452 0.07203286373145074 0.21987884359394508 0.2994084102825963 0.42704986401071143 0.4270498633999552 0.2434666076568247 0.1103437874680169 0.17805864716829428
77 0.22982463986805854 0.07529899495402538 0.12666058230537583 0.12407848601843235 0.1271005910776331 0.11034378715244374 0.1240784861442978 0.41590642057942095 0.07529899379396034 0.6483229211875832 0.6483229210889783 0.07529899371860185 0.4159064205646349 0.0752989937184815 0.22982464149357248 0.12150631051920781 0.1215063106386127 0.30435276974220865 0.6483229217151003 0.25968259736851557
51 0.3232431084037797 0.21777569347455802 0.13052133390010004 0.5960676357498642 0.36060437062031275 0.5339468215064056 0.5960676357881851 0.07622683128460478 0.21777569223433496 0.12407848594006012 0.12407848607388643 0.21777569183341774 0.07622683113665828 0.21777569195299365 0.32324310998790684 0.3916205177556695 0.3916205172292118 0.26383004520268427 0.12407848619596877 0.15624327239014857
73 0.026763443127210157 0.644306869374635 0.00042744638857291007 0.21777569248013343 0.16090238802187368 0.21987884427258103 0.21777569239945857 0.09312790204651268 0.644306868732887 0.07529899401185909 0.07529899396919575 0.6443068682958205 0.09312790207824545 0.6443068682863756 0.02676344416050539 0.09545804991263969 0.09545804934126614 0.16916607548637638 0.07529899409453296 0.2962364469027487
208 0.5492728680879635 0.02178267745081623 0.7119419329732619 0.2219976068334476 0.3017225666655487 0.1552487780669375 0.22199760725905343 0.018173840401453614 0.021782675525690555 0.3130523724489836 0.31305237261304886 0.021782675519142116 0.01817384023305606 0.021782675665535604 0.5492728703375465 0.32273051449611534 0.32273051472003406 0.3962505792809168 0.31305237313889356 0.017673259826251002
152 0.04963818503085514 0.09312790293728838 -0.04179416859504564 0.07622683125842386 -0.0007302304247520671 0.07203286371942835 0.07622683158971837 0.7967369808371102 0.09312790190571846 0.415906420507243 0.41590642045812753 0.09312790185517854 0.7967369808151096 0.09312790193428701 0.04963818598881419 0.013850733430120445 0.0138507338510623 0.16957690081500384 0.41590642090965196 0.3523772147964562
209 0.05955469193545588 0.2962364478608704 -0.05448591082089199 0.15624327234674654 0.039497278050280915 0.17805864716829434 0.1562432723558674 0.35237721479248485 0.29623644681155364 0.25968259721682885 0.25968259735278426 0.2962364465404773 0.35237721482591755 0.29623644657134773 0.05955469309812993 0.060140655597110106 0.06014065548839348 0.35918566596993307 0.2596825974424445 0.9848513080831856
91 0.026763443127210157 0.644306869374635 0.00042744638857291007 0.21777569248013343 0.16090238802187368 0.21987884427258103 0.21777569239945857 0.09312790204651268 0.644306868732887 0.07529899401185909 0.07529899396919575 0.6443068682958205 0.09312790207824545 0.6443068682863756 0.02676344416050539 0.09545804991263969 0.09545804934126614 0.16916607548637638 0.07529899409453296 0.2962364469027487
5 0.29940840850033973 0.21987884554528025 0.1038260847060477 0.5339468215209237 0.37618229831792815 0.6341941549956968 0.5339468214917158 0.0720328637045318 0.21987884396308924 0.1103437870368901 0.11034378710772066 0.21987884365346452 0.07203286373145074 0.21987884359394508 0.2994084102825963 0.42704986401071143 0.4270498633999552 0.2434666076568247 0.1103437874680169 0.17805864716829428
198 0.026763443127210157 0.644306869374635 0.00042744638857291007 0.21777569248013343 0.16090238802187368 0.21987884427258103 0.21777569239945857 0.09312790204651268 0.644306868732887 0.07529899401185909 0.07529899396919575 0.6443068682958205 0.09312790207824545 0.6443068682863756 0.02676344416050539 0.09545804991263969 0.09545804934126614 0.16916607548637638 0.07529899409453296 0.2962364469027487
217 0.04963818503085514 0.09312790293728838 -0.04179416859504564 0.07622683125842386 -0.0007302304247520671 0.07203286371942835 0.07622683158971837 0.7967369808371102 0.09312790190571846 0.415906420507243 0.41590642045812753 0.09312790185517854 0.7967369808151096 0.09312790193428701 0.04963818598881419 0.013850733430120445 0.0138507338510623 0.16957690081500384 0.41590642090965196 0.3523772147964562
122 0.430263282827515 0.00042744779130236035 1.1164273293798481 0.13052133375736027 0.25027110460060964 0.10382608470604744 0.13052133409898753 -0.041794168514188546 0.0004274458521285851 0.12666058204803332 0.12666058224847662 0.00042744592742985626 -0.04179416866435413 0.0004274459430793106 0.4302632844726111 0.2644478622658201 0.26444786240428547 0.2852944251743027 0.12666058264148192 -0.05448591082089134
161 0.275543769153562 0.16916607653080348 0.28529442517430154 0.26383004513256814 0.25213292320001796 0.24346660765682848 0.26383004535247034 0.16957690077415202 0.16916607525713143 0.3043527696001031 0.30435276962344987 0.1691660749314218 0.16957690090437774 0.16916607500603079 0.2755437705052421 0.22587732543479708 0.22587732529700424 0.9076178558815464 0.30435276998193483 0.359185665969933
169 0.026763443127210157 0.644306869374635 0.00042744638857291007 0.21777569248013343 0.16090238802187368 0.21987884427258103 0.21777569239945857 0.09312790204651268 0.644306868732887 0.07529899401185909 0.07529899396919575 0.6443068682958205 0.09312790207824545 0.6443068682863756 0.02676344416050539 0.09545804991263969 0.09545804934126614 0.16916607548637638 0.07529899409453296 0.2962364469027487
182 0.22982463986805854 0.07529899495402538 0.12666058230537583 0.12407848601843235 0.1271005910776331 0.11034378715244374 0.1240784861442978 0.41590642057942095 0.07529899379396034 0.6483229211875832 0.6483229210889783 0.07529899371860185 0.4159064205646349 0.0752989937184815 0.22982464149357248 0.12150631051920781 0.1215063106386127 0.30435276974220865 0.6483229217151003 0.25968259736851557
27 0.29940840850033973 0.21987884554528025 0.1038260847060477 0.5339468215209237 0.37618229831792815 0.6341941549956968 0.5339468214917158 0.0720328637045318 0.21987884396308924 0.1103437870368901 0.11034378710772066 0.21987884365346452 0.07203286373145074 0.21987884359394508 0.2994084102825963 0.42704986401071143 0.4270498633999552 0.2434666076568247 0.1103437874680169 0.17805864716829428
59 0.29940840850033973 0.21987884554528025 0.1038260847060477 0.5339468215209237 0.37618229831792815 0.6341941549956968 0.5339468214917158 0.0720328637045318 0.21987884396308924 0.1103437870368901 0.11034378710772066 0.21987884365346452 0.07203286373145074 0.21987884359394508 0.2994084102825963 0.42704986401071143 0.4270498633999552 0.2434666076568247 0.1103437874680169 0.17805864716829428
29 0.29940840850033973 0.21987884554528025 0.1038260847060477 0.5339468215209237 0.37618229831792815 0.6341941549956968 0.5339468214917158 0.0720328637045318 0.21987884396308924 0.1103437870368901 0.11034378710772066 0.21987884365346452 0.07203286373145074 0.21987884359394508 0.2994084102825963 0.42704986401071143 0.4270498633999552 0.2434666076568247 0.1103437874680169 0.17805864716829428
21 0.3232431084037797 0.21777569347455802 0.13052133390010004 0.5960676357498642 0.36060437062031275 0.5339468215064056 0.5960676357881851 0.07622683128460478 0.21777569223433496 0.12407848594006012 0.12407848607388643 0.21777569183341774 0.07622683113665828 0.21777569195299365 0.32324310998790684 0.3916205177556695 0.3916205172292118 0.26383004520268427 0.12407848619596877 0.15624327239014857
64 0.275543769153562 0.16916607653080348 0.28529442517430154 0.26383004513256814 0.25213292320001796 0.24346660765682848 0.26383004535247034 0.16957690077415202 0.16916607525713143 0.3043527696001031 0.30435276962344987 0.1691660749314218 0.16957690090437774 0.16916607500603079 0.2755437705052421 0.22587732543479708 0.22587732529700424 0.9076178558815464 0.30435276998193483 0.359185665969933
180 0.026763443127210157 0.644306869374635 0.00042744638857291007 0.21777569248013343 0.16090238802187368 0.21987884427258103 0.21777569239945857 0.09312790204651268 0.644306868732887 0.07529899401185909 0.07529899396919575 0.6443068682958205 0.09312790207824545 0.6443068682863756 0.02676344416050539 0.09545804991263969 0.09545804934126614 0.16916607548637638 0.07529899409453296 0.2962364469027487
151 0.04963818503085514 0.09312790293728838 -0.04179416859504564 0.07622683125842386 -0.0007302304247520671 0.07203286371942835 0.07622683158971837 0.7967369808371102 0.09312790190571846 0.415906420507243 0.41590642045812753 0.09312790185517854 0.7967369808151096 0.09312790193428701 0.04963818598881419 0.013850733430120445 0.0138507338510623 0.16957690081500384 0.41590642090965196 0.3523772147964562
20 0.29989950890206635 0.1609023895619555 0.25027110460060703 0.36060437059512973 0.8015606999987915 0.3761822983179286 0.360604370635683 -0.0007302304134498266 0.16090238772351273 0.12710059095078488 0.12710059101392374 0.16090238745152713 -0.00073023047092192 0.16090238744515648 0.29989951087285055 0.4981200328960145 0.49812003231439833 0.2521329232000164 0.12710059124878728 0.03949727805028157
90 0.026763443127210157 0.644306869374635 0.00042744638857291007 0.21777569248013343 0.16090238802187368 0.21987884427258103 0.21777569239945857 0.09312790204651268 0.644306868732887 0.07529899401185909 0.07529899396919575 0.6443068682958205 0.09312790207824545 0.6443068682863756 0.02676344416050539 0.09545804991263969 0.09545804934126614 0.16916607548637638 0.07529899409453296 0.2962364469027487
164 0.026763443127210157 0.644306869374635 0.00042744638857291007 0.21777569248013343 0.16090238802187368 0.21987884427258103 0.21777569239945857 0.09312790204651268 0.644306868732887 0.07529899401185909 0.07529899396919575 0.6443068682958205 0.09312790207824545 0.6443068682863756 0.02676344416050539 0.09545804991263969 0.09545804934126614 0.16916607548637638 0.07529899409453296 0.2962364469027487
201 0.026763443127210157 0.644306869374635 0.00042744638857291007 0.21777569248013343 0.16090238802187368 0.21987884427258103 0.21777569239945857 0.09312790204651268 0.644306868732887 0.07529899401185909 0.07529899396919575 0.6443068682958205 0.09312790207824545 0.6443068682863756 0.02676344416050539 0.09545804991263969 0.09545804934126614 0.16916607548637638 0.07529899409453296 0.2962364469027487
2 0.6288764826645526 0.02676344493925529 0.4302632838308835 0.3232431090633713 0.2998995097774284 0.2994084094113872 0.323243109376524 0.04963818561759807 0.026763443197354058 0.2298246404811159 0.22982464053432913 0.026763443033952446 0.0496381853878372 0.026763443163356816 0.6288764852094447 0.4413743663397114 0.4413743661320503 0.27554376967542404 0.2298246413484013 0.05955469250876557
31 0.29940840850033973 0.21987884554528025 0.1038260847060477 0.5339468215209237 0.37618229831792815 0.6341941549956968 0.5339468214917158 0.0720328637045318 0.21987884396308924 0.1103437870368901 0.11034378710772066 0.21987884365346452 0.07203286373145074 0.21987884359394508 0.2994084102825963 0.42704986401071143 0.4270498633999552 0.2434666076568247 0.1103437874680169 0.17805864716829428
111 0.05955469193545588 0.2962364478608704 -0.05448591082089199 0.15624327234674654 0.039497278050280915 0.17805864716829434 0.1562432723558674 0.35237721479248485 0.29623644681155364 0.25968259721682885 0.25968259735278426 0.2962364465404773 0.35237721482591755 0.29623644657134773 0.05955469309812993 0.060140655597110106 0.06014065548839348 0.35918566596993307 0.2596825974424445 0.9848513080831856
127 0.026763443127210157 0.644306869374635 0.00042744638857291007 0.21777569248013343 0.16090238802187368 0.21987884427258103 0.21777569239945857 0.09312790204651268 0.644306868732887 0.07529899401185909 0.07529899396919575 0.6443068682958205 0.09312790207824545 0.6443068682863756 0.02676344416050539 0.09545804991263969 0.09545804934126614 0.16916607548637638 0.07529899409453296 0.2962364469027487
156 0.04963818503085514 0.09312790293728838 -0.04179416859504564 0.07622683125842386 -0.0007302304247520671 0.07203286371942835 0.07622683158971837 0.7967369808371102 0.09312790190571846 0.415906420507243 0.41590642045812753 0.09312790185517854 0.7967369808151096 0.09312790193428701 0.04963818598881419 0.013850733430120445 0.0138507338510623 0.16957690081500384 0.41590642090965196 0.3523772147964562
109 0.5492728680879635 0.02178267745081623 0.7119419329732619 0.2219976068334476 0.3017225666655487 0.1552487780669375 0.22199760725905343 0.018173840401453614 0.021782675525690555 0.3130523724489836 0.31305237261304886 0.021782675519142116 0.01817384023305606 0.021782675665535604 0.5492728703375465 0.32273051449611534 0.32273051472003406 0.3962505792809168 0.31305237313889356 0.017673259826251002
130 0.22982463986805854 0.07529899495402538 0.12666058230537583 0.12407848601843235 0.1271005910776331 0.11034378715244374 0.1240784861442978 0.41590642057942095 0.07529899379396034 0.6483229211875832 0.6483229210889783 0.07529899371860185 0.4159064205646349 0.0752989937184815 0.22982464149357248 0.12150631051920781 0.1215063106386127 0.30435276974220865 0.6483229217151003 0.25968259736851557
133 0.5492728680879635 0.02178267745081623 0.7119419329732619 0.2219976068334476 0.3017225666655487 0.1552487780669375 0.22199760725905343 0.018173840401453614 0.021782675525690555 0.3130523724489836 0.31305237261304886 0.021782675519142116 0.01817384023305606 0.021782675665535604 0.5492728703375465 0.32273051449611534 0.32273051472003406 0.3962505792809168 0.31305237313889356 0.017673259826251002
75 0.026763443127210157 0.644306869374635 0.00042744638857291007 0.21777569248013343 0.16090238802187368 0.21987884427258103 0.21777569239945857 0.09312790204651268 0.644306868732887 0.07529899401185909 0.07529899396919575 0.6443068682958205 0.09312790207824545 0.6443068682863756 0.02676344416050539 0.09545804991263969 0.09545804934126614 0.16916607548637638 0.07529899409453296 0.2962364469027487
115 0.430263282827515 0.00042744779130236035 1.1164273293798481 0.13052133375736027 0.25027110460060964 0.10382608470604744 0.13052133409898753 -0.041794168514188546 0.0004274458521285851 0.12666058204803332 0.12666058224847662 0.00042744592742985626 -0.04179416866435413 0.0004274459430793106 0.4302632844726111 0.2644478622658201 0.26444786240428547 0.2852944251743027 0.12666058264148192 -0.05448591082089134
40 0.6288764826645526 0.02676344493925529 0.4302632838308835 0.3232431090633713 0.2998995097774284 0.2994084094113872 0.323243109376524 0.04963818561759807 0.026763443197354058 0.2298246404811159 0.22982464053432913 0.026763443033952446 0.0496381853878372 0.026763443163356816 0.6288764852094447 0.4413743663397114 0.4413743661320503 0.27554376967542404 0.2298246413484013 0.05955469250876557
132 0.04963818503085514 0.09312790293728838 -0.04179416859504564 0.07622683125842386 -0.0007302304247520671 0.07203286371942835 0.07622683158971837 0.7967369808371102 0.09312790190571846 0.415906420507243 0.41590642045812753 0.09312790185517854 0.7967369808151096 0.09312790193428701 0.04963818598881419 0.013850733430120445 0.0138507338510623 0.16957690081500384 0.41590642090965196 0.3523772147964562
4 0.29989950890206635 0.1609023895619555 0.25027110460060703 0.36060437059512973 0.8015606999987915 0.3761822983179286 0.360604370635683 -0.0007302304134498266 0.16090238772351273 0.12710059095078488 0.12710059101392374 0.16090238745152713 -0.00073023047092192 0.16090238744515648 0.29989951087285055 0.4981200328960145 0.49812003231439833 0.2521329232000164 0.12710059124878728 0.03949727805028157
43 0.29940840850033973 0.21987884554528025 0.1038260847060477 0.5339468215209237 0.37618229831792815 0.6341941549956968 0.5339468214917158 0.0720328637045318 0.21987884396308924 0.1103437870368901 0.11034378710772066 0.21987884365346452 0.07203286373145074 0.21987884359394508 0.2994084102825963 0.42704986401071143 0.4270498633999552 0.2434666076568247 0.1103437874680169 0.17805864716829428
202 0.5492728680879635 0.02178267745081623 0.7119419329732619 0.2219976068334476 0.3017225666655487 0.1552487780669375 0.22199760725905343 0.018173840401453614 0.021782675525690555 0.3130523724489836 0.31305237261304886 0.021782675519142116 0.01817384023305606 0.021782675665535604 0.5492728703375465 0.32273051449611534 0.32273051472003406 0.3962505792809168 0.31305237313889356 0.017673259826251002
148 0.2518391309956635 0.24212037083353033 0.2075842708247875 0.32674502125702337 0.049112362695605385 0.4407066002799645 0.32674502142642015 0.10175083371903722 0.24212036936496295 0.07426040849856852 0.07426040859183444 0.24212036906323464 0.10175083368382362 0.2421203689460649 0.2518391320413232 0.28249151148737295 0.2824915111484927 0.8706345133764188 0.07426040883877093 0.29948118147260966
206 0.275543769153562 0.16916607653080348 0.28529442517430154 0.26383004513256814 0.25213292320001796 0.24346660765682848 0.26383004535247034 0.16957690077415202 0.16916607525713143 0.3043527696001031 0.30435276962344987 0.1691660749314218 0.16957690090437774 0.16916607500603079 0.2755437705052421 0.22587732543479708 0.22587732529700424 0.9076178558815464 0.30435276998193483 0.359185665969933
193 0.275543769153562 0.16916607653080348 0.28529442517430154 0.26383004513256814 0.25213292320001796 0.24346660765682848 0.26383004535247034 0.16957690077415202 0.16916607525713143 0.3043527696001031 0.30435276962344987 0.1691660749314218 0.16957690090437774 0.16916607500603079 0.2755437705052421 0.22587732543479708 0.22587732529700424 0.9076178558815464 0.30435276998193483 0.359185665969933
219 0.22982463986805854 0.07529899495402538 0.12666058230537583 0.12407848601843235 0.1271005910776331 0.11034378715244374 0.1240784861442978 0.41590642057942095 0.07529899379396034 0.6483229211875832 0.6483229210889783 0.07529899371860185 0.4159064205646349 0.0752989937184815 0.22982464149357248 0.12150631051920781 0.1215063106386127 0.30435276974220865 0.6483229217151003 0.25968259736851557
68 0.04963818503085514 0.09312790293728838 -0.04179416859504564 0.07622683125842386 -0.0007302304247520671 0.07203286371942835 0.07622683158971837 0.7967369808371102 0.09312790190571846 0.415906420507243 0.41590642045812753 0.09312790185517854 0.7967369808151096 0.09312790193428701 0.04963818598881419 0.013850733430120445 0.0138507338510623 0.16957690081500384 0.41590642090965196 0.3523772147964562
6 0.6288764826645526 0.02676344493925529 0.4302632838308835 0.3232431090633713 0.2998995097774284 0.2994084094113872 0.323243109376524 0.04963818561759807 0.026763443197354058 0.2298246404811159 0.22982464053432913 0.026763443033952446 0.0496381853878372 0.026763443163356816 0.6288764852094447 0.4413743663397114 0.4413743661320503 0.27554376967542404 0.2298246413484013 0.05955469250876557
9 0.3232431084037797 0.21777569347455802 0.13052133390010004 0.5960676357498642 0.36060437062031275 0.5339468215064056 0.5960676357881851 0.07622683128460478 0.21777569223433496 0.12407848594006012 0.12407848607388643 0.21777569183341774 0.07622683113665828 0.21777569195299365 0.32324310998790684 0.3916205177556695 0.3916205172292118 0.26383004520268427 0.12407848619596877 0.15624327239014857
165 0.026763443127210157 0.644306869374635 0.00042744638857291007 0.21777569248013343 0.16090238802187368 0.21987884427258103 0.21777569239945857 0.09312790204651268 0.644306868732887 0.07529899401185909 0.07529899396919575 0.6443068682958205 0.09312790207824545 0.6443068682863756 0.02676344416050539 0.09545804991263969 0.09545804934126614 0.16916607548637638 0.07529899409453296 0.2962364469027487
72 0.026763443127210157 0.644306869374635 0.00042744638857291007 0.21777569248013343 0.16090238802187368 0.21987884427258103 0.21777569239945857 0.09312790204651268 0.644306868732887 0.07529899401185909 0.07529899396919575 0.6443068682958205 0.09312790207824545 0.6443068682863756 0.02676344416050539 0.09545804991263969 0.09545804934126614 0.16916607548637638 0.07529899409453296 0.2962364469027487
89 0.026763443127210157 0.644306869374635 0.00042744638857291007 0.21777569248013343 0.16090238802187368 0.21987884427258103 0.21777569239945857 0.09312790204651268 0.644306868732887 0.07529899401185909 0.07529899396919575 0.6443068682958205 0.09312790207824545 0.6443068682863756 0.02676344416050539 0.09545804991263969 0.09545804934126614 0.16916607548637638 0.07529899409453296 0.2962364469027487
141 0.04963818503085514 0.09312790293728838 -0.04179416859504564 0.07622683125842386 -0.0007302304247520671 0.07203286371942835 0.07622683158971837 0.7967369808371102 0.09312790190571846 0.415906420507243 0.41590642045812753 0.09312790185517854 0.7967369808151096 0.09312790193428701 0.04963818598881419 0.013850733430120445 0.0138507338510623 0.16957690081500384 0.41590642090965196 0.3523772147964562
71 0.026763443127210157 0.644306869374635 0.00042744638857291007 0.21777569248013343 0.16090238802187368 0.21987884427258103 0.21777569239945857 0.09312790204651268 0.644306868732887 0.07529899401185909 0.07529899396919575 0.6443068682958205 0.09312790207824545 0.6443068682863756 0.02676344416050539 0.09545804991263969 0.09545804934126614 0.16916607548637638 0.07529899409453296 0.2962364469027487
24 0.6288764826645526 0.02676344493925529 0.4302632838308835 0.3232431090633713 0.2998995097774284 0.2994084094113872 0.323243109376524 0.04963818561759807 0.026763443197354058 0.2298246404811159 0.22982464053432913 0.026763443033952446 0.0496381853878372 0.026763443163356816 0.6288764852094447 0.4413743663397114 0.4413743661320503 0.27554376967542404 0.2298246413484013 0.05955469250876557
98 0.026763443127210157 0.644306869374635 0.00042744638857291007 0.21777569248013343 0.16090238802187368 0.21987884427258103 0.21777569239945857 0.09312790204651268 0.644306868732887 0.07529899401185909 0.07529899396919575 0.6443068682958205 0.09312790207824545 0.6443068682863756 0.02676344416050539 0.09545804991263969 0.09545804934126614 0.16916607548637638 0.07529899409453296 0.2962364469027487
22 0.29989950890206635 0.1609023895619555 0.25027110460060703 0.36060437059512973 0.8015606999987915 0.3761822983179286 0.360604370635683 -0.0007302304134498266 0.16090238772351273 0.12710059095078488 0.12710059101392374 0.16090238745152713 -0.00073023047092192 0.16090238744515648 0.29989951087285055 0.4981200328960145 0.49812003231439833 0.2521329232000164 0.12710059124878728 0.03949727805028157
14 0.6288764826645526 0.02676344493925529 0.4302632838308835 0.3232431090633713 0.2998995097774284 0.2994084094113872 0.323243109376524 0.04963818561759807 0.026763443197354058 0.2298246404811159 0.22982464053432913 0.026763443033952446 0.0496381853878372 0.026763443163356816 0.6288764852094447 0.4413743663397114 0.4413743661320503 0.27554376967542404 0.2298246413484013 0.05955469250876557
215 0.22982463986805854 0.07529899495402538 0.12666058230537583 0.12407848601843235 0.1271005910776331 0.11034378715244374 0.1240784861442978 0.41590642057942095 0.07529899379396034 0.6483229211875832 0.6483229210889783 0.07529899371860185 0.4159064205646349 0.0752989937184815 0.22982464149357248 0.12150631051920781 0.1215063106386127 0.30435276974220865 0.6483229217151003 0.25968259736851557
166 0.026763443127210157 0.644306869374635 0.00042744638857291007 0.21777569248013343 0.16090238802187368 0.21987884427258103 0.21777569239945857 0.09312790204651268 0.644306868732887 0.07529899401185909 0.07529899396919575 0.6443068682958205 0.09312790207824545 0.6443068682863756 0.02676344416050539 0.09545804991263969 0.09545804934126614 0.16916607548637638 0.07529899409453296 0.2962364469027487
44 0.6288764826645526 0.02676344493925529 0.4302632838308835 0.3232431090633713 0.2998995097774284 0.2994084094113872 0.323243109376524 0.04963818561759807 0.026763443197354058 0.2298246404811159 0.22982464053432913 0.026763443033952446 0.0496381853878372 0.026763443163356816 0.6288764852094447 0.4413743663397114 0.4413743661320503 0.27554376967542404 0.2298246413484013 0.05955469250876557
147 0.275543769153562 0.16916607653080348 0.28529442517430154 0.26383004513256814 0.25213292320001796 0.24346660765682848 0.26383004535247034 0.16957690077415202 0.16916607525713143 0.3043527696001031 0.30435276962344987 0.1691660749314218 0.16957690090437774 0.16916607500603079 0.2755437705052421 0.22587732543479708 0.22587732529700424 0.9076178558815464 0.30435276998193483 0.359185665969933
210 0.05955469193545588 0.2962364478608704 -0.05448591082089199 0.15624327234674654 0.039497278050280915 0.17805864716829434 0.1562432723558674 0.35237721479248485 0.29623644681155364 0.25968259721682885 0.25968259735278426 0.2962364465404773 0.35237721482591755 0.29623644657134773 0.05955469309812993 0.060140655597110106 0.06014065548839348 0.35918566596993307 0.2596825974424445 0.9848513080831856
58 0.6288764826645526 0.02676344493925529 0.4302632838308835 0.3232431090633713 0.2998995097774284 0.2994084094113872 0.323243109376524 0.04963818561759807 0.026763443197354058 0.2298246404811159 0.22982464053432913 0.026763443033952446 0.0496381853878372 0.026763443163356816 0.6288764852094447 0.4413743663397114 0.4413743661320503 0.27554376967542404 0.2298246413484013 0.05955469250876557
186 0.22982463986805854 0.07529899495402538 0.12666058230537583 0.12407848601843235 0.1271005910776331 0.11034378715244374 0.1240784861442978 0.41590642057942095 0.07529899379396034 0.6483229211875832 0.6483229210889783 0.07529899371860185 0.4159064205646349 0.0752989937184815 0.22982464149357248 0.12150631051920781 0.1215063106386127 0.30435276974220865 0.6483229217151003 0.25968259736851557
176 0.026763443127210157 0.644306869374635 0.00042744638857291007 0.21777569248013343 0.16090238802187368 0.21987884427258103 0.21777569239945857 0.09312790204651268 0.644306868732887 0.07529899401185909 0.07529899396919575 0.6443068682958205 0.09312790207824545 0.6443068682863756 0.02676344416050539 0.09545804991263969 0.09545804934126614 0.16916607548637638 0.07529899409453296 0.2962364469027487
50 0.29989950890206635 0.1609023895619555 0.25027110460060703 0.36060437059512973 0.8015606999987915 0.3761822983179286 0.360604370635683 -0.0007302304134498266 0.16090238772351273 0.12710059095078488 0.12710059101392374 0.16090238745152713 -0.00073023047092192 0.16090238744515648 0.29989951087285055 0.4981200328960145 0.49812003231439833 0.2521329232000164 0.12710059124878728 0.03949727805028157
54 0.4413743652304926 0.09545805113425657 0.26444786232477036 0.3916205174317333 0.4981200325484527 0.42704986370415465 0.39162051755163246 0.013850733649328883 0.09545804910276845 0.12150631028718858 0.12150631050750066 0.09545804912666232 0.013850733499248433 0.09545804899440621 0.4413743670301334 0.5776914385589482 0.5776914381725534 0.22587732530903692 0.12150631078074332 0.0601406554419063
49 0.3232431084037797 0.21777569347455802 0.13052133390010004 0.5960676357498642 0.36060437062031275 0.5339468215064056 0.5960676357881851 0.07622683128460478 0.21777569223433496 0.12407848594006012 0.12407848607388643 0.21777569183341774 0.07622683113665828 0.21777569195299365 0.32324310998790684 0.3916205177556695 0.3916205172292118 0.26383004520268427 0.12407848619596877 0.15624327239014857
63 0.275543769153562 0.16916607653080348 0.28529442517430154 0.26383004513256814 0.25213292320001796 0.24346660765682848 0.26383004535247034 0.16957690077415202 0.16916607525713143 0.3043527696001031 0.30435276962344987 0.1691660749314218 0.16957690090437774 0.16916607500603079 0.2755437705052421 0.22587732543479708 0.22587732529700424 0.9076178558815464 0.30435276998193483 0.359185665969933
140 0.22982463986805854 0.07529899495402538 0.12666058230537583 0.12407848601843235 0.1271005910776331 0.11034378715244374 0.1240784861442978 0.41590642057942095 0.07529899379396034 0.6483229211875832 0.6483229210889783 0.07529899371860185 0.4159064205646349 0.0752989937184815 0.22982464149357248 0.12150631051920781 0.1215063106386127 0.30435276974220865 0.6483229217151003 0.25968259736851557
153 0.22982463986805854 0.07529899495402538 0.12666058230537583 0.12407848601843235 0.1271005910776331 0.11034378715244374 0.1240784861442978 0.41590642057942095 0.07529899379396034 0.6483229211875832 0.6483229210889783 0.07529899371860185 0.4159064205646349 0.0752989937184815 0.22982464149357248 0.12150631051920781 0.1215063106386127 0.30435276974220865 0.6483229217151003 0.25968259736851557
107 0.04963818503085514 0.09312790293728838 -0.04179416859504564 0.07622683125842386 -0.0007302304247520671 0.07203286371942835 0.07622683158971837 0.7967369808371102 0.09312790190571846 0.415906420507243 0.41590642045812753 0.09312790185517854 0.7967369808151096 0.09312790193428701 0.04963818598881419 0.013850733430120445 0.0138507338510623 0.16957690081500384 0.41590642090965196 0.3523772147964562
