88 0.07939123780984952 0.07939123784205972 0.5878727560892012 0.0925148293887069 0.10956862054106045 0.04232032908619188 0.226206579018563 0.09251482948372901 0.04232032908435031 0.03132585138814361 0.04232032882064143 0.2190952920741354 0.5878727560744138 0.27962562231277427 0.10956862067643232 0.587872756338611 0.5878727562395956 0.07939123789248542 0.5878727556902992 0.16814774100440041
66 0.6463153864430616 0.6463153880151586 0.07939123787849633 0.42032050628703 0.11452051019405082 0.21119314686886043 0.12533916004813353 0.4203205061299206 0.21119314699788705 0.2787022506780443 0.21119314657643853 0.13085913376704894 0.07939123801842143 0.27566981844715754 0.11452050991508467 0.07939123806333563 0.07939123827811385 0.6463153880094296 0.07939123808379606 0.12423935584789866
25 0.11402306388683978 0.11402306458339695 0.22817915248192594 0.07631677491823148 0.5001965510346215 0.3124566260163661 0.7349660701545686 0.07631677461324426 0.31245662606341673 0.13469169928246644 0.3124566255077359 0.3452135354242463 0.22817915229360192 0.1857239688938659 0.5001965511678353 0.22817915227717836 0.22817915243559853 0.11402306448381921 0.2281791522102729 0.4150466154142393
193 0.3442168030676824 0.34421680355696965 0.15883822813954046 0.16585284826419158 0.19230571631661017 0.2500072285594686 0.26099281151100107 0.16585284807259437 0.25000722835610345 0.48810154408269374 0.250007228192696 0.7234710147445649 0.15883822799413477 0.4199891975942859 0.1923057164403273 0.1588382279251682 0.15883822821710708 0.344216803302364 0.1588382278095724 0.35416679486797975
92 0.07939123780984952 0.07939123784205972 0.5878727560892012 0.0925148293887069 0.10956862054106045 0.04232032908619188 0.226206579018563 0.09251482948372901 0.04232032908435031 0.03132585138814361 0.04232032882064143 0.2190952920741354 0.5878727560744138 0.27962562231277427 0.10956862067643232 0.587872756338611 0.5878727562395956 0.07939123789248542 0.5878727556902992 0.16814774100440041
55 0.11402306388683978 0.11402306458339695 0.22817915248192594 0.07631677491823148 0.5001965510346215 0.3124566260163661 0.7349660701545686 0.07631677461324426 0.31245662606341673 0.13469169928246644 0.3124566255077359 0.3452135354242463 0.22817915229360192 0.1857239688938659 0.5001965511678353 0.22817915227717836 0.22817915243559853 0.11402306448381921 0.2281791522102729 0.4150466154142393
86 0.13085913334866606 0.13085913350843115 0.21909529222596177 0.09267376959543566 0.2539802331609856 0.24919031684277212 0.3404918320529658 0.09267376956043585 0.24919031680685683 0.2486638804085324 0.24919031645692985 1.030843702680503 0.21909529199380778 0.3062527037903937 0.2539802330589614 0.21909529203318223 0.21909529219981586 0.13085913368789936 0.2190952920104645 0.20479218895979007
122 0.06303574952200176 0.06303574979958963 0.00667913094666499 -0.023305612258833614 0.2342285271735814 0.40924509846540424 0.0392448175172072 -0.023305612494224918 0.409245098414237 1.0738049659066389 0.4092450981086925 0.22293692218090755 0.006679131317081185 -0.07376585067602232 0.2342285271575054 0.006679131240303881 0.0066791314738045915 0.06303574923267453 0.006679130608406964 0.2595357923580001
177 0.07939123780984952 0.07939123784205972 0.5878727560892012 0.0925148293887069 0.10956862054106045 0.04232032908619188 0.226206579018563 0.09251482948372901 0.04232032908435031 0.03132585138814361 0.04232032882064143 0.2190952920741354 0.5878727560744138 0.27962562231277427 0.10956862067643232 0.587872756338611 0.5878727562395956 0.07939123789248542 0.5878727556902992 0.16814774100440041
212 0.3442168030676824 0.34421680355696965 0.15883822813954046 0.16585284826419158 0.19230571631661017 0.2500072285594686 0.26099281151100107 0.16585284807259437 0.25000722835610345 0.48810154408269374 0.250007228192696 0.7234710147445649 0.15883822799413477 0.4199891975942859 0.1923057164403273 0.1588382279251682 0.15883822821710708 0.344216803302364 0.1588382278095724 0.35416679486797975
67 0.6463153864430616 0.6463153880151586 0.07939123787849633 0.42032050628703 0.11452051019405082 0.21119314686886043 0.12533916004813353 0.4203205061299206 0.21119314699788705 0.2787022506780443 0.21119314657643853 0.13085913376704894 0.07939123801842143 0.27566981844715754 0.11452050991508467 0.07939123806333563 0.07939123827811385 0.6463153880094296 0.07939123808379606 0.12423935584789866
147 0.3442168030676824 0.34421680355696965 0.15883822813954046 0.16585284826419158 0.19230571631661017 0.2500072285594686 0.26099281151100107 0.16585284807259437 0.25000722835610345 0.48810154408269374 0.250007228192696 0.7234710147445649 0.15883822799413477 0.4199891975942859 0.1923057164403273 0.1588382279251682 0.15883822821710708 0.344216803302364 0.1588382278095724 0.35416679486797975
109 0.27870225024067896 0.27870225084160055 0.03132585126518993 0.030201527582369343 0.2988140648700617 0.4847475879175034 0.1814572005751825 0.03020152729558754 0.48474758791241024 0.829581339739712 0.4847475874883054 0.24866388040853316 0.03132585148975572 0.03377709349232116 0.29881406480788203 0.031325851343486956 0.03132585162533097 0.2787022507771518 0.03132585129213265 0.30433117267306886
209 0.27566981805721125 0.275669818187031 0.2796256227213174 0.3542969262944888 0.0673892897814943 0.06597556592419634 0.16595757530576974 0.35429692612049546 0.06597556598021034 0.03377709349232079 0.06597556571935108 0.3062527037903944 0.2796256219655259 0.9911095246412197 0.06738928978633267 0.27962562224823895 0.2796256222914084 0.2756698185026604 0.2796256224361651 0.05568492154968379
194 0.13085913334866606 0.13085913350843115 0.21909529222596177 0.09267376959543566 0.2539802331609856 0.24919031684277212 0.3404918320529658 0.09267376956043585 0.24919031680685683 0.2486638804085324 0.24919031645692985 1.030843702680503 0.21909529199380778 0.3062527037903937 0.2539802330589614 0.21909529203318223 0.21909529219981586 0.13085913368789936 0.2190952920104645 0.20479218895979007
80 0.4203205051650668 0.4203205060945302 0.09251482948772873 0.7987102661729236 0.017123176377099984 0.05487314088603146 0.08167830668916609 0.7987102665685941 0.05487314119078459 0.030201527479434907 0.054873140867723706 0.0926737696498138 0.09251482915582136 0.3542969262837272 0.01712317591089959 0.09251482938288506 0.09251482940235169 0.4203205064338669 0.0925148294066512 0.0017491913479493002
68 0.4203205051650668 0.4203205060945302 0.09251482948772873 0.7987102661729236 0.017123176377099984 0.05487314088603146 0.08167830668916609 0.7987102665685941 0.05487314119078459 0.030201527479434907 0.054873140867723706 0.0926737696498138 0.09251482915582136 0.3542969262837272 0.01712317591089959 0.09251482938288506 0.09251482940235169 0.4203205064338669 0.0925148294066512 0.0017491913479493002
123 0.07939123780984952 0.07939123784205972 0.5878727560892012 0.0925148293887069 0.10956862054106045 0.04232032908619188 0.226206579018563 0.09251482948372901 0.04232032908435031 0.03132585138814361 0.04232032882064143 0.2190952920741354 0.5878727560744138 0.27962562231277427 0.10956862067643232 0.587872756338611 0.5878727562395956 0.07939123789248542 0.5878727556902992 0.16814774100440041
163 0.06303574952200176 0.06303574979958963 0.00667913094666499 -0.023305612258833614 0.2342285271735814 0.40924509846540424 0.0392448175172072 -0.023305612494224918 0.409245098414237 1.0738049659066389 0.4092450981086925 0.22293692218090755 0.006679131317081185 -0.07376585067602232 0.2342285271575054 0.006679131240303881 0.0066791314738045915 0.06303574923267453 0.006679130608406964 0.2595357923580001
217 0.4203205051650668 0.4203205060945302 0.09251482948772873 0.7987102661729236 0.017123176377099984 0.05487314088603146 0.08167830668916609 0.7987102665685941 0.05487314119078459 0.030201527479434907 0.054873140867723706 0.0926737696498138 0.09251482915582136 0.3542969262837272 0.01712317591089959 0.09251482938288506 0.09251482940235169 0.4203205064338669 0.0925148294066512 0.0017491913479493002
74 0.07939123780984952 0.07939123784205972 0.5878727560892012 0.0925148293887069 0.10956862054106045 0.04232032908619188 0.226206579018563 0.09251482948372901 0.04232032908435031 0.03132585138814361 0.04232032882064143 0.2190952920741354 0.5878727560744138 0.27962562231277427 0.10956862067643232 0.587872756338611 0.5878727562395956 0.07939123789248542 0.5878727556902992 0.16814774100440041
13 0.11402306388683978 0.11402306458339695 0.22817915248192594 0.07631677491823148 0.5001965510346215 0.3124566260163661 0.7349660701545686 0.07631677461324426 0.31245662606341673 0.13469169928246644 0.3124566255077359 0.3452135354242463 0.22817915229360192 0.1857239688938659 0.5001965511678353 0.22817915227717836 0.22817915243559853 0.11402306448381921 0.2281791522102729 0.4150466154142393
84 0.3442168030676824 0.34421680355696965 0.15883822813954046 0.16585284826419158 0.19230571631661017 0.2500072285594686 0.26099281151100107 0.16585284807259437 0.25000722835610345 0.48810154408269374 0.250007228192696 0.7234710147445649 0.15883822799413477 0.4199891975942859 0.1923057164403273 0.1588382279251682 0.15883822821710708 0.344216803302364 0.1588382278095724 0.35416679486797975
90 0.07939123780984952 0.07939123784205972 0.5878727560892012 0.0925148293887069 0.10956862054106045 0.04232032908619188 0.226206579018563 0.09251482948372901 0.04232032908435031 0.03132585138814361 0.04232032882064143 0.2190952920741354 0.5878727560744138 0.27962562231277427 0.10956862067643232 0.587872756338611 0.5878727562395956 0.07939123789248542 0.5878727556902992 0.16814774100440041
4 0.12423935559187074 0.12423935595135305 0.1681477409672355 0.001749191627295199 0.5209689955800463 0.3112613292654324 0.40374062109113823 0.0017491910939220479 0.3112613292702616 0.3043311726730691 0.3112613289665609 0.20479218895979126 0.16814774102084337 0.05568492154968328 0.5209689958340813 0.16814774108232683 0.16814774119731615 0.12423935592121513 0.16814774070052024 0.8235207811335883
32 0.21119314636057948 0.2111931466628039 0.04232032903870035 0.05487314102663059 0.43025647013705726 0.5690530268589055 0.3334628317497761 0.05487314076675932 0.5690530269824491 0.48474758769164833 0.5690530264378251 0.2491903166590633 0.042320328947862244 0.06597556582651659 0.43025647018567587 0.04232032890765064 0.042320329206447176 0.21119314684194462 0.0423203289568295 0.311261329174041
100 0.07939123780984952 0.07939123784205972 0.5878727560892012 0.0925148293887069 0.10956862054106045 0.04232032908619188 0.226206579018563 0.09251482948372901 0.04232032908435031 0.03132585138814361 0.04232032882064143 0.2190952920741354 0.5878727560744138 0.27962562231277427 0.10956862067643232 0.587872756338611 0.5878727562395956 0.07939123789248542 0.5878727556902992 0.16814774100440041
154 0.6463153864430616 0.6463153880151586 0.07939123787849633 0.42032050628703 0.11452051019405082 0.21119314686886043 0.12533916004813353 0.4203205061299206 0.21119314699788705 0.2787022506780443 0.21119314657643853 0.13085913376704894 0.07939123801842143 0.27566981844715754 0.11452050991508467 0.07939123806333563 0.07939123827811385 0.6463153880094296 0.07939123808379606 0.12423935584789866
110 0.27566981805721125 0.275669818187031 0.2796256227213174 0.3542969262944888 0.0673892897814943 0.06597556592419634 0.16595757530576974 0.35429692612049546 0.06597556598021034 0.03377709349232079 0.06597556571935108 0.3062527037903944 0.2796256219655259 0.9911095246412197 0.06738928978633267 0.27962562224823895 0.2796256222914084 0.2756698185026604 0.2796256224361651 0.05568492154968379
160 0.3442168030676824 0.34421680355696965 0.15883822813954046 0.16585284826419158 0.19230571631661017 0.2500072285594686 0.26099281151100107 0.16585284807259437 0.25000722835610345 0.48810154408269374 0.250007228192696 0.7234710147445649 0.15883822799413477 0.4199891975942859 0.1923057164403273 0.1588382279251682 0.15883822821710708 0.344216803302364 0.1588382278095724 0.35416679486797975
81 0.27870225024067896 0.27870225084160055 0.03132585126518993 0.030201527582369343 0.2988140648700617 0.4847475879175034 0.1814572005751825 0.03020152729558754 0.48474758791241024 0.829581339739712 0.4847475874883054 0.24866388040853316 0.03132585148975572 0.03377709349232116 0.29881406480788203 0.031325851343486956 0.03132585162533097 0.2787022507771518 0.03132585129213265 0.30433117267306886
18 0.11452050948654374 0.11452050999437864 0.10956862067960092 0.017123176321458468 0.5980005632463942 0.4302564704832593 0.4469063503423502 0.01712317597741446 0.4302564704775075 0.29881406486484996 0.43025646999646966 0.25398023315140306 0.10956862072103764 0.06738928983411227 0.5980005630268609 0.109568620641581 0.10956862098136708 0.11452051009857953 0.10956862045905752 0.5209689957220727
11 0.12533915960089007 0.12533915993797226 0.2262065791862312 0.08167830687109974 0.4469063503787731 0.3334628319038601 0.7818105586825376 0.08167830644180932 0.3334628319660986 0.18145720057517967 0.3334628316668635 0.34049183205296524 0.22620657893981239 0.16595757530576893 0.4469063502267843 0.2262065788195456 0.2262065789573887 0.12533916041380996 0.22620657897627322 0.40374062109113534
98 0.07939123780984952 0.07939123784205972 0.5878727560892012 0.0925148293887069 0.10956862054106045 0.04232032908619188 0.226206579018563 0.09251482948372901 0.04232032908435031 0.03132585138814361 0.04232032882064143 0.2190952920741354 0.5878727560744138 0.27962562231277427 0.10956862067643232 0.587872756338611 0.5878727562395956 0.07939123789248542 0.5878727556902992 0.16814774100440041
103 0.4203205051650668 0.4203205060945302 0.09251482948772873 0.7987102661729236 0.017123176377099984 0.05487314088603146 0.08167830668916609 0.7987102665685941 0.05487314119078459 0.030201527479434907 0.054873140867723706 0.0926737696498138 0.09251482915582136 0.3542969262837272 0.01712317591089959 0.09251482938288506 0.09251482940235169 0.4203205064338669 0.0925148294066512 0.0017491913479493002
149 0.6463153864430616 0.6463153880151586 0.07939123787849633 0.42032050628703 0.11452051019405082 0.21119314686886043 0.12533916004813353 0.4203205061299206 0.21119314699788705 0.2787022506780443 0.21119314657643853 0.13085913376704894 0.07939123801842143 0.27566981844715754 0.11452050991508467 0.07939123806333563 0.07939123827811385 0.6463153880094296 0.07939123808379606 0.12423935584789866
22 0.12423935559187074 0.12423935595135305 0.1681477409672355 0.001749191627295199 0.5209689955800463 0.3112613292654324 0.40374062109113823 0.0017491910939220479 0.3112613292702616 0.3043311726730691 0.3112613289665609 0.20479218895979126 0.16814774102084337 0.05568492154968328 0.5209689958340813 0.16814774108232683 0.16814774119731615 0.12423935592121513 0.16814774070052024 0.8235207811335883
10 0.12423935559187074 0.12423935595135305 0.1681477409672355 0.001749191627295199 0.5209689955800463 0.3112613292654324 0.40374062109113823 0.0017491910939220479 0.3112613292702616 0.3043311726730691 0.3112613289665609 0.20479218895979126 0.16814774102084337 0.05568492154968328 0.5209689958340813 0.16814774108232683 0.16814774119731615 0.12423935592121513 0.16814774070052024 0.8235207811335883
115 0.06303574952200176 0.06303574979958963 0.00667913094666499 -0.023305612258833614 0.2342285271735814 0.40924509846540424 0.0392448175172072 -0.023305612494224918 0.409245098414237 1.0738049659066389 0.4092450981086925 0.22293692218090755 0.006679131317081185 -0.07376585067602232 0.2342285271575054 0.006679131240303881 0.0066791314738045915 0.06303574923267453 0.006679130608406964 0.2595357923580001
57 0.10078648763890352 0.10078648769754718 0.22246660069266522 0.07834717481269388 0.5353839251124298 0.29652232703100617 0.7132294392118919 0.07834717456667284 0.2965223269529238 0.10231993220549303 0.29652232643803444 0.32332667534614085 0.2224666005998042 0.1915425702657506 0.535383925407026 0.22246660058381937 0.2224666008326429 0.10078648770585454 0.2224666004362754 0.41518309689157823
65 0.13085913334866606 0.13085913350843115 0.21909529222596177 0.09267376959543566 0.2539802331609856 0.24919031684277212 0.3404918320529658 0.09267376956043585 0.24919031680685683 0.2486638804085324 0.24919031645692985 1.030843702680503 0.21909529199380778 0.3062527037903937 0.2539802330589614 0.21909529203318223 0.21909529219981586 0.13085913368789936 0.2190952920104645 0.20479218895979007
125 0.07939123780984952 0.07939123784205972 0.5878727560892012 0.0925148293887069 0.10956862054106045 0.04232032908619188 0.226206579018563 0.09251482948372901 0.04232032908435031 0.03132585138814361 0.04232032882064143 0.2190952920741354 0.5878727560744138 0.27962562231277427 0.10956862067643232 0.587872756338611 0.5878727562395956 0.07939123789248542 0.5878727556902992 0.16814774100440041
210 0.27566981805721125 0.275669818187031 0.2796256227213174 0.3542969262944888 0.0673892897814943 0.06597556592419634 0.16595757530576974 0.35429692612049546 0.06597556598021034 0.03377709349232079 0.06597556571935108 0.3062527037903944 0.2796256219655259 0.9911095246412197 0.06738928978633267 0.27962562224823895 0.2796256222914084 0.2756698185026604 0.2796256224361651 0.05568492154968379
43 0.11402306388683978 0.11402306458339695 0.22817915248192594 0.07631677491823148 0.5001965510346215 0.3124566260163661 0.7349660701545686 0.07631677461324426 0.31245662606341673 0.13469169928246644 0.3124566255077359 0.3452135354242463 0.22817915229360192 0.1857239688938659 0.5001965511678353 0.22817915227717836 0.22817915243559853 0.11402306448381921 0.2281791522102729 0.4150466154142393
150 0.6463153864430616 0.6463153880151586 0.07939123787849633 0.42032050628703 0.11452051019405082 0.21119314686886043 0.12533916004813353 0.4203205061299206 0.21119314699788705 0.2787022506780443 0.21119314657643853 0.13085913376704894 0.07939123801842143 0.27566981844715754 0.11452050991508467 0.07939123806333563 0.07939123827811385 0.6463153880094296 0.07939123808379606 0.12423935584789866
1 0.11402306388683978 0.11402306458339695 0.22817915248192594 0.07631677491823148 0.5001965510346215 0.3124566260163661 0.7349660701545686 0.07631677461324426 0.31245662606341673 0.13469169928246644 0.3124566255077359 0.3452135354242463 0.22817915229360192 0.1857239688938659 0.5001965511678353 0.22817915227717836 0.22817915243559853 0.11402306448381921 0.2281791522102729 0.4150466154142393
118 0.07939123780984952 0.07939123784205972 0.5878727560892012 0.0925148293887069 0.10956862054106045 0.04232032908619188 0.226206579018563 0.09251482948372901 0.04232032908435031 0.03132585138814361 0.04232032882064143 0.2190952920741354 0.5878727560744138 0.27962562231277427 0.10956862067643232 0.587872756338611 0.5878727562395956 0.07939123789248542 0.5878727556902992 0.16814774100440041
157 0.27870225024067896 0.27870225084160055 0.03132585126518993 0.030201527582369343 0.2988140648700617 0.4847475879175034 0.1814572005751825 0.03020152729558754 0.48474758791241024 0.829581339739712 0.4847475874883054 0.24866388040853316 0.03132585148975572 0.03377709349232116 0.29881406480788203 0.031325851343486956 0.03132585162533097 0.2787022507771518 0.03132585129213265 0.30433117267306886
117 0.07939123780984952 0.07939123784205972 0.5878727560892012 0.0925148293887069 0.10956862054106045 0.04232032908619188 0.226206579018563 0.09251482948372901 0.04232032908435031 0.03132585138814361 0.04232032882064143 0.2190952920741354 0.5878727560744138 0.27962562231277427 0.10956862067643232 0.587872756338611 0.5878727562395956 0.07939123789248542 0.5878727556902992 0.16814774100440041
168 0.07939123780984952 0.07939123784205972 0.5878727560892012 0.0925148293887069 0.10956862054106045 0.04232032908619188 0.226206579018563 0.09251482948372901 0.04232032908435031 0.03132585138814361 0.04232032882064143 0.2190952920741354 0.5878727560744138 0.27962562231277427 0.10956862067643232 0.587872756338611 0.5878727562395956 0.07939123789248542 0.5878727556902992 0.16814774100440041
21 0.12533915960089007 0.12533915993797226 0.2262065791862312 0.08167830687109974 0.4469063503787731 0.3334628319038601 0.7818105586825376 0.08167830644180932 0.3334628319660986 0.18145720057517967 0.3334628316668635 0.34049183205296524 0.22620657893981239 0.16595757530576893 0.4469063502267843 0.2262065788195456 0.2262065789573887 0.12533916041380996 0.22620657897627322 0.40374062109113534
105 0.6463153864430616 0.6463153880151586 0.07939123787849633 0.42032050628703 0.11452051019405082 0.21119314686886043 0.12533916004813353 0.4203205061299206 0.21119314699788705 0.2787022506780443 0.21119314657643853 0.13085913376704894 0.07939123801842143 0.27566981844715754 0.11452050991508467 0.07939123806333563 0.07939123827811385 0.6463153880094296 0.07939123808379606 0.12423935584789866
170 0.6463153864430616 0.6463153880151586 0.07939123787849633 0.42032050628703 0.11452051019405082 0.21119314686886043 0.12533916004813353 0.4203205061299206 0.21119314699788705 0.2787022506780443 0.21119314657643853 0.13085913376704894 0.07939123801842143 0.27566981844715754 0.11452050991508467 0.07939123806333563 0.07939123827811385 0.6463153880094296 0.07939123808379606 0.12423935584789866
184 0.4203205051650668 0.4203205060945302 0.09251482948772873 0.7987102661729236 0.017123176377099984 0.05487314088603146 0.08167830668916609 0.7987102665685941 0.05487314119078459 0.030201527479434907 0.054873140867723706 0.0926737696498138 0.09251482915582136 0.3542969262837272 0.01712317591089959 0.09251482938288506 0.09251482940235169 0.4203205064338669 0.0925148294066512 0.0017491913479493002
191 0.27566981805721125 0.275669818187031 0.2796256227213174 0.3542969262944888 0.0673892897814943 0.06597556592419634 0.16595757530576974 0.35429692612049546 0.06597556598021034 0.03377709349232079 0.06597556571935108 0.3062527037903944 0.2796256219655259 0.9911095246412197 0.06738928978633267 0.27962562224823895 0.2796256222914084 0.2756698185026604 0.2796256224361651 0.05568492154968379
70 0.06303574952200176 0.06303574979958963 0.00667913094666499 -0.023305612258833614 0.2342285271735814 0.40924509846540424 0.0392448175172072 -0.023305612494224918 0.409245098414237 1.0738049659066389 0.4092450981086925 0.22293692218090755 0.006679131317081185 -0.07376585067602232 0.2342285271575054 0.006679131240303881 0.0066791314738045915 0.06303574923267453 0.006679130608406964 0.2595357923580001
96 0.07939123780984952 0.07939123784205972 0.5878727560892012 0.0925148293887069 0.10956862054106045 0.04232032908619188 0.226206579018563 0.09251482948372901 0.04232032908435031 0.03132585138814361 0.04232032882064143 0.2190952920741354 0.5878727560744138 0.27962562231277427 0.10956862067643232 0.587872756338611 0.5878727562395956 0.07939123789248542 0.5878727556902992 0.16814774100440041
145 0.27566981805721125 0.275669818187031 0.2796256227213174 0.3542969262944888 0.0673892897814943 0.06597556592419634 0.16595757530576974 0.35429692612049546 0.06597556598021034 0.03377709349232079 0.06597556571935108 0.3062527037903944 0.2796256219655259 0.9911095246412197 0.06738928978633267 0.27962562224823895 0.2796256222914084 0.2756698185026604 0.2796256224361651 0.05568492154968379
3 0.11402306388683978 0.11402306458339695 0.22817915248192594 0.07631677491823148 0.5001965510346215 0.3124566260163661 0.7349660701545686 0.07631677461324426 0.31245662606341673 0.13469169928246644 0.3124566255077359 0.3452135354242463 0.22817915229360192 0.1857239688938659 0.5001965511678353 0.22817915227717836 0.22817915243559853 0.11402306448381921 0.2281791522102729 0.4150466154142393
38 0.12423935559187074 0.12423935595135305 0.1681477409672355 0.001749191627295199 0.5209689955800463 0.3112613292654324 0.40374062109113823 0.0017491910939220479 0.3112613292702616 0.3043311726730691 0.3112613289665609 0.20479218895979126 0.16814774102084337 0.05568492154968328 0.5209689958340813 0.16814774108232683 0.16814774119731615 0.12423935592121513 0.16814774070052024 0.8235207811335883
162 0.13085913334866606 0.13085913350843115 0.21909529222596177 0.09267376959543566 0.2539802331609856 0.24919031684277212 0.3404918320529658 0.09267376956043585 0.24919031680685683 0.2486638804085324 0.24919031645692985 1.030843702680503 0.21909529199380778 0.3062527037903937 0.2539802330589614 0.21909529203318223 0.21909529219981586 0.13085913368789936 0.2190952920104645 0.20479218895979007
34 0.21119314636057948 0.2111931466628039 0.04232032903870035 0.05487314102663059 0.43025647013705726 0.5690530268589055 0.3334628317497761 0.05487314076675932 0.5690530269824491 0.48474758769164833 0.5690530264378251 0.2491903166590633 0.042320328947862244 0.06597556582651659 0.43025647018567587 0.04232032890765064 0.042320329206447176 0.21119314684194462 0.0423203289568295 0.311261329174041
183 0.4203205051650668 0.4203205060945302 0.09251482948772873 0.7987102661729236 0.017123176377099984 0.05487314088603146 0.08167830668916609 0.7987102665685941 0.05487314119078459 0.030201527479434907 0.054873140867723706 0.0926737696498138 0.09251482915582136 0.3542969262837272 0.01712317591089959 0.09251482938288506 0.09251482940235169 0.4203205064338669 0.0925148294066512 0.0017491913479493002
85 0.3442168030676824 0.34421680355696965 0.15883822813954046 0.16585284826419158 0.19230571631661017 0.2500072285594686 0.26099281151100107 0.16585284807259437 0.25000722835610345 0.48810154408269374 0.250007228192696 0.7234710147445649 0.15883822799413477 0.4199891975942859 0.1923057164403273 0.1588382279251682 0.15883822821710708 0.344216803302364 0.1588382278095724 0.35416679486797975
108 0.4203205051650668 0.4203205060945302 0.09251482948772873 0.7987102661729236 0.017123176377099984 0.05487314088603146 0.08167830668916609 0.7987102665685941 0.05487314119078459 0.030201527479434907 0.054873140867723706 0.0926737696498138 0.09251482915582136 0.3542969262837272 0.01712317591089959 0.09251482938288506 0.09251482940235169 0.4203205064338669 0.0925148294066512 0.0017491913479493002
64 0.3442168030676824 0.34421680355696965 0.15883822813954046 0.16585284826419158 0.19230571631661017 0.2500072285594686 0.26099281151100107 0.16585284807259437 0.25000722835610345 0.48810154408269374 0.250007228192696 0.7234710147445649 0.15883822799413477 0.4199891975942859 0.1923057164403273 0.1588382279251682 0.15883822821710708 0.344216803302364 0.1588382278095724 0.35416679486797975
95 0.07939123780984952 0.07939123784205972 0.5878727560892012 0.0925148293887069 0.10956862054106045 0.04232032908619188 0.226206579018563 0.09251482948372901 0.04232032908435031 0.03132585138814361 0.04232032882064143 0.2190952920741354 0.5878727560744138 0.27962562231277427 0.10956862067643232 0.587872756338611 0.5878727562395956 0.07939123789248542 0.5878727556902992 0.16814774100440041
161 0.3442168030676824 0.34421680355696965 0.15883822813954046 0.16585284826419158 0.19230571631661017 0.2500072285594686 0.26099281151100107 0.16585284807259437 0.25000722835610345 0.48810154408269374 0.250007228192696 0.7234710147445649 0.15883822799413477 0.4199891975942859 0.1923057164403273 0.1588382279251682 0.15883822821710708 0.344216803302364 0.1588382278095724 0.35416679486797975
49 0.12533915960089007 0.12533915993797226 0.2262065791862312 0.08167830687109974 0.4469063503787731 0.3334628319038601 0.7818105586825376 0.08167830644180932 0.3334628319660986 0.18145720057517967 0.3334628316668635 0.34049183205296524 0.22620657893981239 0.16595757530576893 0.4469063502267843 0.2262065788195456 0.2262065789573887 0.12533916041380996 0.22620657897627322 0.40374062109113534
204 0.27566981805721125 0.275669818187031 0.2796256227213174 0.3542969262944888 0.0673892897814943 0.06597556592419634 0.16595757530576974 0.35429692612049546 0.06597556598021034 0.03377709349232079 0.06597556571935108 0.3062527037903944 0.2796256219655259 0.9911095246412197 0.06738928978633267 0.27962562224823895 0.2796256222914084 0.2756698185026604 0.2796256224361651 0.05568492154968379
148 0.13085913334866606 0.13085913350843115 0.21909529222596177 0.09267376959543566 0.2539802331609856 0.24919031684277212 0.3404918320529658 0.09267376956043585 0.24919031680685683 0.2486638804085324 0.24919031645692985 1.030843702680503 0.21909529199380778 0.3062527037903937 0.2539802330589614 0.21909529203318223 0.21909529219981586 0.13085913368789936 0.2190952920104645 0.20479218895979007
196 0.07939123780984952 0.07939123784205972 0.5878727560892012 0.0925148293887069 0.10956862054106045 0.04232032908619188 0.226206579018563 0.09251482948372901 0.04232032908435031 0.03132585138814361 0.04232032882064143 0.2190952920741354 0.5878727560744138 0.27962562231277427 0.10956862067643232 0.587872756338611 0.5878727562395956 0.07939123789248542 0.5878727556902992 0.16814774100440041
48 0.11452050948654374 0.11452050999437864 0.10956862067960092 0.017123176321458468 0.5980005632463942 0.4302564704832593 0.4469063503423502 0.01712317597741446 0.4302564704775075 0.29881406486484996 0.43025646999646966 0.25398023315140306 0.10956862072103764 0.06738928983411227 0.5980005630268609 0.109568620641581 0.10956862098136708 0.11452051009857953 0.10956862045905752 0.5209689957220727
181 0.6463153864430616 0.6463153880151586 0.07939123787849633 0.42032050628703 0.11452051019405082 0.21119314686886043 0.12533916004813353 0.4203205061299206 0.21119314699788705 0.2787022506780443 0.21119314657643853 0.13085913376704894 0.07939123801842143 0.27566981844715754 0.11452050991508467 0.07939123806333563 0.07939123827811385 0.6463153880094296 0.07939123808379606 0.12423935584789866
218 0.6463153864430616 0.6463153880151586 0.07939123787849633 0.42032050628703 0.11452051019405082 0.21119314686886043 0.12533916004813353 0.4203205061299206 0.21119314699788705 0.2787022506780443 0.21119314657643853 0.13085913376704894 0.07939123801842143 0.27566981844715754 0.11452050991508467 0.07939123806333563 0.07939123827811385 0.6463153880094296 0.07939123808379606 0.12423935584789866
72 0.07939123780984952 0.07939123784205972 0.5878727560892012 0.0925148293887069 0.10956862054106045 0.04232032908619188 0.226206579018563 0.09251482948372901 0.04232032908435031 0.03132585138814361 0.04232032882064143 0.2190952920741354 0.5878727560744138 0.27962562231277427 0.10956862067643232 0.587872756338611 0.5878727562395956 0.07939123789248542 0.5878727556902992 0.16814774100440041
29 0.11402306388683978 0.11402306458339695 0.22817915248192594 0.07631677491823148 0.5001965510346215 0.3124566260163661 0.7349660701545686 0.07631677461324426 0.31245662606341673 0.13469169928246644 0.3124566255077359 0.3452135354242463 0.22817915229360192 0.1857239688938659 0.5001965511678353 0.22817915227717836 0.22817915243559853 0.11402306448381921 0.2281791522102729 0.4150466154142393
97 0.07939123780984952 0.07939123784205972 0.5878727560892012 0.0925148293887069 0.10956862054106045 0.04232032908619188 0.226206579018563 0.09251482948372901 0.04232032908435031 0.03132585138814361 0.04232032882064143 0.2190952920741354 0.5878727560744138 0.27962562231277427 0.10956862067643232 0.587872756338611 0.5878727562395956 0.07939123789248542 0.5878727556902992 0.16814774100440041
201 0.07939123780984952 0.07939123784205972 0.5878727560892012 0.0925148293887069 0.10956862054106045 0.04232032908619188 0.226206579018563 0.09251482948372901 0.04232032908435031 0.03132585138814361 0.04232032882064143 0.2190952920741354 0.5878727560744138 0.27962562231277427 0.10956862067643232 0.587872756338611 0.5878727562395956 0.07939123789248542 0.5878727556902992 0.16814774100440041
99 0.07939123780984952 0.07939123784205972 0.5878727560892012 0.0925148293887069 0.10956862054106045 0.04232032908619188 0.226206579018563 0.09251482948372901 0.04232032908435031 0.03132585138814361 0.04232032882064143 0.2190952920741354 0.5878727560744138 0.27962562231277427 0.10956862067643232 0.587872756338611 0.5878727562395956 0.07939123789248542 0.5878727556902992 0.16814774100440041
134 0.27566981805721125 0.275669818187031 0.2796256227213174 0.3542969262944888 0.0673892897814943 0.06597556592419634 0.16595757530576974 0.35429692612049546 0.06597556598021034 0.03377709349232079 0.06597556571935108 0.3062527037903944 0.2796256219655259 0.9911095246412197 0.06738928978633267 0.27962562224823895 0.2796256222914084 0.2756698185026604 0.2796256224361651 0.05568492154968379
0 0.11452050948654374 0.11452050999437864 0.10956862067960092 0.017123176321458468 0.5980005632463942 0.4302564704832593 0.4469063503423502 0.01712317597741446 0.4302564704775075 0.29881406486484996 0.43025646999646966 0.25398023315140306 0.10956862072103764 0.06738928983411227 0.5980005630268609 0.109568620641581 0.10956862098136708 0.11452051009857953 0.10956862045905752 0.5209689957220727
26 0.11452050948654374 0.11452050999437864 0.10956862067960092 0.017123176321458468 0.5980005632463942 0.4302564704832593 0.4469063503423502 0.01712317597741446 0.4302564704775075 0.29881406486484996 0.43025646999646966 0.25398023315140306 0.10956862072103764 0.06738928983411227 0.5980005630268609 0.109568620641581 0.10956862098136708 0.11452051009857953 0.10956862045905752 0.5209689957220727
185 0.6463153864430616 0.6463153880151586 0.07939123787849633 0.42032050628703 0.11452051019405082 0.21119314686886043 0.12533916004813353 0.4203205061299206 0.21119314699788705 0.2787022506780443 0.21119314657643853 0.13085913376704894 0.07939123801842143 0.27566981844715754 0.11452050991508467 0.07939123806333563 0.07939123827811385 0.6463153880094296 0.07939123808379606 0.12423935584789866
73 0.07939123780984952 0.07939123784205972 0.5878727560892012 0.0925148293887069 0.10956862054106045 0.04232032908619188 0.226206579018563 0.09251482948372901 0.04232032908435031 0.03132585138814361 0.04232032882064143 0.2190952920741354 0.5878727560744138 0.27962562231277427 0.10956862067643232 0.587872756338611 0.5878727562395956 0.07939123789248542 0.5878727556902992 0.16814774100440041
40 0.21119314636057948 0.2111931466628039 0.04232032903870035 0.05487314102663059 0.43025647013705726 0.5690530268589055 0.3334628317497761 0.05487314076675932 0.5690530269824491 0.48474758769164833 0.5690530264378251 0.2491903166590633 0.042320328947862244 0.06597556582651659 0.43025647018567587 0.04232032890765064 0.042320329206447176 0.21119314684194462 0.0423203289568295 0.311261329174041
58 0.21119314636057948 0.2111931466628039 0.04232032903870035 0.05487314102663059 0.43025647013705726 0.5690530268589055 0.3334628317497761 0.05487314076675932 0.5690530269824491 0.48474758769164833 0.5690530264378251 0.2491903166590633 0.042320328947862244 0.06597556582651659 0.43025647018567587 0.04232032890765064 0.042320329206447176 0.21119314684194462 0.0423203289568295 0.311261329174041
56 0.21119314636057948 0.2111931466628039 0.04232032903870035 0.05487314102663059 0.43025647013705726 0.5690530268589055 0.3334628317497761 0.05487314076675932 0.5690530269824491 0.48474758769164833 0.5690530264378251 0.2491903166590633 0.042320328947862244 0.06597556582651659 0.43025647018567587 0.04232032890765064 0.042320329206447176 0.21119314684194462 0.0423203289568295 0.311261329174041
7 0.11402306388683978 0.11402306458339695 0.22817915248192594 0.07631677491823148 0.5001965510346215 0.3124566260163661 0.7349660701545686 0.07631677461324426 0.31245662606341673 0.13469169928246644 0.3124566255077359 0.3452135354242463 0.22817915229360192 0.1857239688938659 0.5001965511678353 0.22817915227717836 0.22817915243559853 0.11402306448381921 0.2281791522102729 0.4150466154142393
46 0.21119314636057948 0.2111931466628039 0.04232032903870035 0.05487314102663059 0.43025647013705726 0.5690530268589055 0.3334628317497761 0.05487314076675932 0.5690530269824491 0.48474758769164833 0.5690530264378251 0.2491903166590633 0.042320328947862244 0.06597556582651659 0.43025647018567587 0.04232032890765064 0.042320329206447176 0.21119314684194462 0.0423203289568295 0.311261329174041
182 0.6463153864430616 0.6463153880151586 0.07939123787849633 0.42032050628703 0.11452051019405082 0.21119314686886043 0.12533916004813353 0.4203205061299206 0.21119314699788705 0.2787022506780443 0.21119314657643853 0.13085913376704894 0.07939123801842143 0.27566981844715754 0.11452050991508467 0.07939123806333563 0.07939123827811385 0.6463153880094296 0.07939123808379606 0.12423935584789866
208 0.27870225024067896 0.27870225084160055 0.03132585126518993 0.030201527582369343 0.2988140648700617 0.4847475879175034 0.1814572005751825 0.03020152729558754 0.48474758791241024 0.829581339739712 0.4847475874883054 0.24866388040853316 0.03132585148975572 0.03377709349232116 0.29881406480788203 0.031325851343486956 0.03132585162533097 0.2787022507771518 0.03132585129213265 0.30433117267306886
35 0.11402306388683978 0.11402306458339695 0.22817915248192594 0.07631677491823148 0.5001965510346215 0.3124566260163661 0.7349660701545686 0.07631677461324426 0.31245662606341673 0.13469169928246644 0.3124566255077359 0.3452135354242463 0.22817915229360192 0.1857239688938659 0.5001965511678353 0.22817915227717836 0.22817915243559853 0.11402306448381921 0.2281791522102729 0.4150466154142393
42 0.12423935559187074 0.12423935595135305 0.1681477409672355 0.001749191627295199 0.5209689955800463 0.3112613292654324 0.40374062109113823 0.0017491910939220479 0.3112613292702616 0.3043311726730691 0.3112613289665609 0.20479218895979126 0.16814774102084337 0.05568492154968328 0.5209689958340813 0.16814774108232683 0.16814774119731615 0.12423935592121513 0.16814774070052024 0.8235207811335883
19 0.12533915960089007 0.12533915993797226 0.2262065791862312 0.08167830687109974 0.4469063503787731 0.3334628319038601 0.7818105586825376 0.08167830644180932 0.3334628319660986 0.18145720057517967 0.3334628316668635 0.34049183205296524 0.22620657893981239 0.16595757530576893 0.4469063502267843 0.2262065788195456 0.2262065789573887 0.12533916041380996 0.22620657897627322 0.40374062109113534
76 0.07939123780984952 0.07939123784205972 0.5878727560892012 0.0925148293887069 0.10956862054106045 0.04232032908619188 0.226206579018563 0.09251482948372901 0.04232032908435031 0.03132585138814361 0.04232032882064143 0.2190952920741354 0.5878727560744138 0.27962562231277427 0.10956862067643232 0.587872756338611 0.5878727562395956 0.07939123789248542 0.5878727556902992 0.16814774100440041
45 0.10078648763890352 0.10078648769754718 0.22246660069266522 0.07834717481269388 0.5353839251124298 0.29652232703100617 0.7132294392118919 0.07834717456667284 0.2965223269529238 0.10231993220549303 0.29652232643803444 0.32332667534614085 0.2224666005998042 0.1915425702657506 0.535383925407026 0.22246660058381937 0.2224666008326429 0.10078648770585454 0.2224666004362754 0.41518309689157823
142 0.4203205051650668 0.4203205060945302 0.09251482948772873 0.7987102661729236 0.017123176377099984 0.05487314088603146 0.08167830668916609 0.7987102665685941 0.05487314119078459 0.030201527479434907 0.054873140867723706 0.0926737696498138 0.09251482915582136 0.3542969262837272 0.01712317591089959 0.09251482938288506 0.09251482940235169 0.4203205064338669 0.0925148294066512 0.0017491913479493002
132 0.4203205051650668 0.4203205060945302 0.09251482948772873 0.7987102661729236 0.017123176377099984 0.05487314088603146 0.08167830668916609 0.7987102665685941 0.05487314119078459 0.030201527479434907 0.054873140867723706 0.0926737696498138 0.09251482915582136 0.3542969262837272 0.01712317591089959 0.09251482938288506 0.09251482940235169 0.4203205064338669 0.0925148294066512 0.0017491913479493002
2 0.21119314636057948 0.2111931466628039 0.04232032903870035 0.05487314102663059 0.43025647013705726 0.5690530268589055 0.3334628317497761 0.05487314076675932 0.5690530269824491 0.48474758769164833 0.5690530264378251 0.2491903166590633 0.042320328947862244 0.06597556582651659 0.43025647018567587 0.04232032890765064 0.042320329206447176 0.21119314684194462 0.0423203289568295 0.311261329174041
102 0.6463153864430616 0.6463153880151586 0.07939123787849633 0.42032050628703 0.11452051019405082 0.21119314686886043 0.12533916004813353 0.4203205061299206 0.21119314699788705 0.2787022506780443 0.21119314657643853 0.13085913376704894 0.07939123801842143 0.27566981844715754 0.11452050991508467 0.07939123806333563 0.07939123827811385 0.6463153880094296 0.07939123808379606 0.12423935584789866
30 0.11452050948654374 0.11452050999437864 0.10956862067960092 0.017123176321458468 0.5980005632463942 0.4302564704832593 0.4469063503423502 0.01712317597741446 0.4302564704775075 0.29881406486484996 0.43025646999646966 0.25398023315140306 0.10956862072103764 0.06738928983411227 0.5980005630268609 0.109568620641581 0.10956862098136708 0.11452051009857953 0.10956862045905752 0.5209689957220727
89 0.07939123780984952 0.07939123784205972 0.5878727560892012 0.0925148293887069 0.10956862054106045 0.04232032908619188 0.226206579018563 0.09251482948372901 0.04232032908435031 0.03132585138814361 0.04232032882064143 0.2190952920741354 0.5878727560744138 0.27962562231277427 0.10956862067643232 0.587872756338611 0.5878727562395956 0.07939123789248542 0.5878727556902992 0.16814774100440041
119 0.07939123780984952 0.07939123784205972 0.5878727560892012 0.0925148293887069 0.10956862054106045 0.04232032908619188 0.226206579018563 0.09251482948372901 0.04232032908435031 0.03132585138814361 0.04232032882064143 0.2190952920741354 0.5878727560744138 0.27962562231277427 0.10956862067643232 0.587872756338611 0.5878727562395956 0.07939123789248542 0.5878727556902992 0.16814774100440041
28 0.21119314636057948 0.2111931466628039 0.04232032903870035 0.05487314102663059 0.43025647013705726 0.5690530268589055 0.3334628317497761 0.05487314076675932 0.5690530269824491 0.48474758769164833 0.5690530264378251 0.2491903166590633 0.042320328947862244 0.06597556582651659 0.43025647018567587 0.04232032890765064 0.042320329206447176 0.21119314684194462 0.0423203289568295 0.311261329174041
47 0.11402306388683978 0.11402306458339695 0.22817915248192594 0.07631677491823148 0.5001965510346215 0.3124566260163661 0.7349660701545686 0.07631677461324426 0.31245662606341673 0.13469169928246644 0.3124566255077359 0.3452135354242463 0.22817915229360192 0.1857239688938659 0.5001965511678353 0.22817915227717836 0.22817915243559853 0.11402306448381921 0.2281791522102729 0.4150466154142393
9 0.12533915960089007 0.12533915993797226 0.2262065791862312 0.08167830687109974 0.4469063503787731 0.3334628319038601 0.7818105586825376 0.08167830644180932 0.3334628319660986 0.18145720057517967 0.3334628316668635 0.34049183205296524 0.22620657893981239 0.16595757530576893 0.4469063502267843 0.2262065788195456 0.2262065789573887 0.12533916041380996 0.22620657897627322 0.40374062109113534
158 0.27566981805721125 0.275669818187031 0.2796256227213174 0.3542969262944888 0.0673892897814943 0.06597556592419634 0.16595757530576974 0.35429692612049546 0.06597556598021034 0.03377709349232079 0.06597556571935108 0.3062527037903944 0.2796256219655259 0.9911095246412197 0.06738928978633267 0.27962562224823895 0.2796256222914084 0.2756698185026604 0.2796256224361651 0.05568492154968379
106 0.6463153864430616 0.6463153880151586 0.07939123787849633 0.42032050628703 0.11452051019405082 0.21119314686886043 0.12533916004813353 0.4203205061299206 0.21119314699788705 0.2787022506780443 0.21119314657643853 0.13085913376704894 0.07939123801842143 0.27566981844715754 0.11452050991508467 0.07939123806333563 0.07939123827811385 0.6463153880094296 0.07939123808379606 0.12423935584789866
187 0.4203205051650668 0.4203205060945302 0.09251482948772873 0.7987102661729236 0.017123176377099984 0.05487314088603146 0.08167830668916609 0.7987102665685941 0.05487314119078459 0.030201527479434907 0.054873140867723706 0.0926737696498138 0.09251482915582136 0.3542969262837272 0.01712317591089959 0.09251482938288506 0.09251482940235169 0.4203205064338669 0.0925148294066512 0.0017491913479493002
5 0.11402306388683978 0.11402306458339695 0.22817915248192594 0.07631677491823148 0.5001965510346215 0.3124566260163661 0.7349660701545686 0.07631677461324426 0.31245662606341673 0.13469169928246644 0.3124566255077359 0.3452135354242463 0.22817915229360192 0.1857239688938659 0.5001965511678353 0.22817915227717836 0.22817915243559853 0.11402306448381921 0.2281791522102729 0.4150466154142393
50 0.12423935559187074 0.12423935595135305 0.1681477409672355 0.001749191627295199 0.5209689955800463 0.3112613292654324 0.40374062109113823 0.0017491910939220479 0.3112613292702616 0.3043311726730691 0.3112613289665609 0.20479218895979126 0.16814774102084337 0.05568492154968328 0.5209689958340813 0.16814774108232683 0.16814774119731615 0.12423935592121513 0.16814774070052024 0.8235207811335883
71 0.07939123780984952 0.07939123784205972 0.5878727560892012 0.0925148293887069 0.10956862054106045 0.04232032908619188 0.226206579018563 0.09251482948372901 0.04232032908435031 0.03132585138814361 0.04232032882064143 0.2190952920741354 0.5878727560744138 0.27962562231277427 0.10956862067643232 0.587872756338611 0.5878727562395956 0.07939123789248542 0.5878727556902992 0.16814774100440041
107 0.4203205051650668 0.4203205060945302 0.09251482948772873 0.7987102661729236 0.017123176377099984 0.05487314088603146 0.08167830668916609 0.7987102665685941 0.05487314119078459 0.030201527479434907 0.054873140867723706 0.0926737696498138 0.09251482915582136 0.3542969262837272 0.01712317591089959 0.09251482938288506 0.09251482940235169 0.4203205064338669 0.0925148294066512 0.0017491913479493002
206 0.3442168030676824 0.34421680355696965 0.15883822813954046 0.16585284826419158 0.19230571631661017 0.2500072285594686 0.26099281151100107 0.16585284807259437 0.25000722835610345 0.48810154408269374 0.250007228192696 0.7234710147445649 0.15883822799413477 0.4199891975942859 0.1923057164403273 0.1588382279251682 0.15883822821710708 0.344216803302364 0.1588382278095724 0.35416679486797975
189 0.27870225024067896 0.27870225084160055 0.03132585126518993 0.030201527582369343 0.2988140648700617 0.4847475879175034 0.1814572005751825 0.03020152729558754 0.48474758791241024 0.829581339739712 0.4847475874883054 0.24866388040853316 0.03132585148975572 0.03377709349232116 0.29881406480788203 0.031325851343486956 0.03132585162533097 0.2787022507771518 0.03132585129213265 0.30433117267306886
144 0.27566981805721125 0.275669818187031 0.2796256227213174 0.3542969262944888 0.0673892897814943 0.06597556592419634 0.16595757530576974 0.35429692612049546 0.06597556598021034 0.03377709349232079 0.06597556571935108 0.3062527037903944 0.2796256219655259 0.9911095246412197 0.06738928978633267 0.27962562224823895 0.2796256222914084 0.2756698185026604 0.2796256224361651 0.05568492154968379
216 0.4203205051650668 0.4203205060945302 0.09251482948772873 0.7987102661729236 0.017123176377099984 0.05487314088603146 0.08167830668916609 0.7987102665685941 0.05487314119078459 0.030201527479434907 0.054873140867723706 0.0926737696498138 0.09251482915582136 0.3542969262837272 0.01712317591089959 0.09251482938288506 0.09251482940235169 0.4203205064338669 0.0925148294066512 0.0017491913479493002
155 0.4203205051650668 0.4203205060945302 0.09251482948772873 0.7987102661729236 0.017123176377099984 0.05487314088603146 0.08167830668916609 0.7987102665685941 0.05487314119078459 0.030201527479434907 0.054873140867723706 0.0926737696498138 0.09251482915582136 0.3542969262837272 0.01712317591089959 0.09251482938288506 0.09251482940235169 0.4203205064338669 0.0925148294066512 0.0017491913479493002
205 0.3442168030676824 0.34421680355696965 0.15883822813954046 0.16585284826419158 0.19230571631661017 0.2500072285594686 0.26099281151100107 0.16585284807259437 0.25000722835610345 0.48810154408269374 0.250007228192696 0.7234710147445649 0.15883822799413477 0.4199891975942859 0.1923057164403273 0.1588382279251682 0.15883822821710708 0.344216803302364 0.1588382278095724 0.35416679486797975
44 0.21119314636057948 0.2111931466628039 0.04232032903870035 0.05487314102663059 0.43025647013705726 0.5690530268589055 0.3334628317497761 0.05487314076675932 0.5690530269824491 0.48474758769164833 0.5690530264378251 0.2491903166590633 0.042320328947862244 0.06597556582651659 0.43025647018567587 0.04232032890765064 0.042320329206447176 0.21119314684194462 0.0423203289568295 0.311261329174041
23 0.11402306388683978 0.11402306458339695 0.22817915248192594 0.07631677491823148 0.5001965510346215 0.3124566260163661 0.7349660701545686 0.07631677461324426 0.31245662606341673 0.13469169928246644 0.3124566255077359 0.3452135354242463 0.22817915229360192 0.1857239688938659 0.5001965511678353 0.22817915227717836 0.22817915243559853 0.11402306448381921 0.2281791522102729 0.4150466154142393
69 0.4203205051650668 0.4203205060945302 0.09251482948772873 0.7987102661729236 0.017123176377099984 0.05487314088603146 0.08167830668916609 0.7987102665685941 0.05487314119078459 0.030201527479434907 0.054873140867723706 0.0926737696498138 0.09251482915582136 0.3542969262837272 0.01712317591089959 0.09251482938288506 0.09251482940235169 0.4203205064338669 0.0925148294066512 0.0017491913479493002
179 0.07939123780984952 0.07939123784205972 0.5878727560892012 0.0925148293887069 0.10956862054106045 0.04232032908619188 0.226206579018563 0.09251482948372901 0.04232032908435031 0.03132585138814361 0.04232032882064143 0.2190952920741354 0.5878727560744138 0.27962562231277427 0.10956862067643232 0.587872756338611 0.5878727562395956 0.07939123789248542 0.5878727556902992 0.16814774100440041
51 0.12533915960089007 0.12533915993797226 0.2262065791862312 0.08167830687109974 0.4469063503787731 0.3334628319038601 0.7818105586825376 0.08167830644180932 0.3334628319660986 0.18145720057517967 0.3334628316668635 0.34049183205296524 0.22620657893981239 0.16595757530576893 0.4469063502267843 0.2262065788195456 0.2262065789573887 0.12533916041380996 0.22620657897627322 0.40374062109113534
41 0.11402306388683978 0.11402306458339695 0.22817915248192594 0.07631677491823148 0.5001965510346215 0.3124566260163661 0.7349660701545686 0.07631677461324426 0.31245662606341673 0.13469169928246644 0.3124566255077359 0.3452135354242463 0.22817915229360192 0.1857239688938659 0.5001965511678353 0.22817915227717836 0.22817915243559853 0.11402306448381921 0.2281791522102729 0.4150466154142393
176 0.07939123780984952 0.07939123784205972 0.5878727560892012 0.0925148293887069 0.10956862054106045 0.04232032908619188 0.226206579018563 0.09251482948372901 0.04232032908435031 0.03132585138814361 0.04232032882064143 0.2190952920741354 0.5878727560744138 0.27962562231277427 0.10956862067643232 0.587872756338611 0.5878727562395956 0.07939123789248542 0.5878727556902992 0.16814774100440041
173 0.4203205051650668 0.4203205060945302 0.09251482948772873 0.7987102661729236 0.017123176377099984 0.05487314088603146 0.08167830668916609 0.7987102665685941 0.05487314119078459 0.030201527479434907 0.054873140867723706 0.0926737696498138 0.09251482915582136 0.3542969262837272 0.01712317591089959 0.09251482938288506 0.09251482940235169 0.4203205064338669 0.0925148294066512 0.0017491913479493002
120 0.07939123780984952 0.07939123784205972 0.5878727560892012 0.0925148293887069 0.10956862054106045 0.04232032908619188 0.226206579018563 0.09251482948372901 0.04232032908435031 0.03132585138814361 0.04232032882064143 0.2190952920741354 0.5878727560744138 0.27962562231277427 0.10956862067643232 0.587872756338611 0.5878727562395956 0.07939123789248542 0.5878727556902992 0.16814774100440041
82 0.27566981805721125 0.275669818187031 0.2796256227213174 0.3542969262944888 0.0673892897814943 0.06597556592419634 0.16595757530576974 0.35429692612049546 0.06597556598021034 0.03377709349232079 0.06597556571935108 0.3062527037903944 0.2796256219655259 0.9911095246412197 0.06738928978633267 0.27962562224823895 0.2796256222914084 0.2756698185026604 0.2796256224361651 0.05568492154968379
79 0.4203205051650668 0.4203205060945302 0.09251482948772873 0.7987102661729236 0.017123176377099984 0.05487314088603146 0.08167830668916609 0.7987102665685941 0.05487314119078459 0.030201527479434907 0.054873140867723706 0.0926737696498138 0.09251482915582136 0.3542969262837272 0.01712317591089959 0.09251482938288506 0.09251482940235169 0.4203205064338669 0.0925148294066512 0.0017491913479493002
135 0.27566981805721125 0.275669818187031 0.2796256227213174 0.3542969262944888 0.0673892897814943 0.06597556592419634 0.16595757530576974 0.35429692612049546 0.06597556598021034 0.03377709349232079 0.06597556571935108 0.3062527037903944 0.2796256219655259 0.9911095246412197 0.06738928978633267 0.27962562224823895 0.2796256222914084 0.2756698185026604 0.2796256224361651 0.05568492154968379
178 0.07939123780984952 0.07939123784205972 0.5878727560892012 0.0925148293887069 0.10956862054106045 0.04232032908619188 0.226206579018563 0.09251482948372901 0.04232032908435031 0.03132585138814361 0.04232032882064143 0.2190952920741354 0.5878727560744138 0.27962562231277427 0.10956862067643232 0.587872756338611 0.5878727562395956 0.07939123789248542 0.5878727556902992 0.16814774100440041
12 0.12423935559187074 0.12423935595135305 0.1681477409672355 0.001749191627295199 0.5209689955800463 0.3112613292654324 0.40374062109113823 0.0017491910939220479 0.3112613292702616 0.3043311726730691 0.3112613289665609 0.20479218895979126 0.16814774102084337 0.05568492154968328 0.5209689958340813 0.16814774108232683 0.16814774119731615 0.12423935592121513 0.16814774070052024 0.8235207811335883
114 0.13085913334866606 0.13085913350843115 0.21909529222596177 0.09267376959543566 0.2539802331609856 0.24919031684277212 0.3404918320529658 0.09267376956043585 0.24919031680685683 0.2486638804085324 0.24919031645692985 1.030843702680503 0.21909529199380778 0.3062527037903937 0.2539802330589614 0.21909529203318223 0.21909529219981586 0.13085913368789936 0.2190952920104645 0.20479218895979007
192 0.3442168030676824 0.34421680355696965 0.15883822813954046 0.16585284826419158 0.19230571631661017 0.2500072285594686 0.26099281151100107 0.16585284807259437 0.25000722835610345 0.48810154408269374 0.250007228192696 0.7234710147445649 0.15883822799413477 0.4199891975942859 0.1923057164403273 0.1588382279251682 0.15883822821710708 0.344216803302364 0.1588382278095724 0.35416679486797975
91 0.07939123780984952 0.07939123784205972 0.5878727560892012 0.0925148293887069 0.10956862054106045 0.04232032908619188 0.226206579018563 0.09251482948372901 0.04232032908435031 0.03132585138814361 0.04232032882064143 0.2190952920741354 0.5878727560744138 0.27962562231277427 0.10956862067643232 0.587872756338611 0.5878727562395956 0.07939123789248542 0.5878727556902992 0.16814774100440041
146 0.3442168030676824 0.34421680355696965 0.15883822813954046 0.16585284826419158 0.19230571631661017 0.2500072285594686 0.26099281151100107 0.16585284807259437 0.25000722835610345 0.48810154408269374 0.250007228192696 0.7234710147445649 0.15883822799413477 0.4199891975942859 0.1923057164403273 0.1588382279251682 0.15883822821710708 0.344216803302364 0.1588382278095724 0.35416679486797975
124 0.07939123780984952 0.07939123784205972 0.5878727560892012 0.0925148293887069 0.10956862054106045 0.04232032908619188 0.226206579018563 0.09251482948372901 0.04232032908435031 0.03132585138814361 0.04232032882064143 0.2190952920741354 0.5878727560744138 0.27962562231277427 0.10956862067643232 0.587872756338611 0.5878727562395956 0.07939123789248542 0.5878727556902992 0.16814774100440041
167 0.07939123780984952 0.07939123784205972 0.5878727560892012 0.0925148293887069 0.10956862054106045 0.04232032908619188 0.226206579018563 0.09251482948372901 0.04232032908435031 0.03132585138814361 0.04232032882064143 0.2190952920741354 0.5878727560744138 0.27962562231277427 0.10956862067643232 0.587872756338611 0.5878727562395956 0.07939123789248542 0.5878727556902992 0.16814774100440041
36 0.11452050948654374 0.11452050999437864 0.10956862067960092 0.017123176321458468 0.5980005632463942 0.4302564704832593 0.4469063503423502 0.01712317597741446 0.4302564704775075 0.29881406486484996 0.43025646999646966 0.25398023315140306 0.10956862072103764 0.06738928983411227 0.5980005630268609 0.109568620641581 0.10956862098136708 0.11452051009857953 0.10956862045905752 0.5209689957220727
171 0.6463153864430616 0.6463153880151586 0.07939123787849633 0.42032050628703 0.11452051019405082 0.21119314686886043 0.12533916004813353 0.4203205061299206 0.21119314699788705 0.2787022506780443 0.21119314657643853 0.13085913376704894 0.07939123801842143 0.27566981844715754 0.11452050991508467 0.07939123806333563 0.07939123827811385 0.6463153880094296 0.07939123808379606 0.12423935584789866
53 0.12533915960089007 0.12533915993797226 0.2262065791862312 0.08167830687109974 0.4469063503787731 0.3334628319038601 0.7818105586825376 0.08167830644180932 0.3334628319660986 0.18145720057517967 0.3334628316668635 0.34049183205296524 0.22620657893981239 0.16595757530576893 0.4469063502267843 0.2262065788195456 0.2262065789573887 0.12533916041380996 0.22620657897627322 0.40374062109113534
136 0.3442168030676824 0.34421680355696965 0.15883822813954046 0.16585284826419158 0.19230571631661017 0.2500072285594686 0.26099281151100107 0.16585284807259437 0.25000722835610345 0.48810154408269374 0.250007228192696 0.7234710147445649 0.15883822799413477 0.4199891975942859 0.1923057164403273 0.1588382279251682 0.15883822821710708 0.344216803302364 0.1588382278095724 0.35416679486797975
131 0.4203205051650668 0.4203205060945302 0.09251482948772873 0.7987102661729236 0.017123176377099984 0.05487314088603146 0.08167830668916609 0.7987102665685941 0.05487314119078459 0.030201527479434907 0.054873140867723706 0.0926737696498138 0.09251482915582136 0.3542969262837272 0.01712317591089959 0.09251482938288506 0.09251482940235169 0.4203205064338669 0.0925148294066512 0.0017491913479493002
60 0.27870225024067896 0.27870225084160055 0.03132585126518993 0.030201527582369343 0.2988140648700617 0.4847475879175034 0.1814572005751825 0.03020152729558754 0.48474758791241024 0.829581339739712 0.4847475874883054 0.24866388040853316 0.03132585148975572 0.03377709349232116 0.29881406480788203 0.031325851343486956 0.03132585162533097 0.2787022507771518 0.03132585129213265 0.30433117267306886
126 0.07939123780984952 0.07939123784205972 0.5878727560892012 0.0925148293887069 0.10956862054106045 0.04232032908619188 0.226206579018563 0.09251482948372901 0.04232032908435031 0.03132585138814361 0.04232032882064143 0.2190952920741354 0.5878727560744138 0.27962562231277427 0.10956862067643232 0.587872756338611 0.5878727562395956 0.07939123789248542 0.5878727556902992 0.16814774100440041
164 0.07939123780984952 0.07939123784205972 0.5878727560892012 0.0925148293887069 0.10956862054106045 0.04232032908619188 0.226206579018563 0.09251482948372901 0.04232032908435031 0.03132585138814361 0.04232032882064143 0.2190952920741354 0.5878727560744138 0.27962562231277427 0.10956862067643232 0.587872756338611 0.5878727562395956 0.07939123789248542 0.5878727556902992 0.16814774100440041
198 0.07939123780984952 0.07939123784205972 0.5878727560892012 0.0925148293887069 0.10956862054106045 0.04232032908619188 0.226206579018563 0.09251482948372901 0.04232032908435031 0.03132585138814361 0.04232032882064143 0.2190952920741354 0.5878727560744138 0.27962562231277427 0.10956862067643232 0.587872756338611 0.5878727562395956 0.07939123789248542 0.5878727556902992 0.16814774100440041
31 0.11402306388683978 0.11402306458339695 0.22817915248192594 0.07631677491823148 0.5001965510346215 0.3124566260163661 0.7349660701545686 0.07631677461324426 0.31245662606341673 0.13469169928246644 0.3124566255077359 0.3452135354242463 0.22817915229360192 0.1857239688938659 0.5001965511678353 0.22817915227717836 0.22817915243559853 0.11402306448381921 0.2281791522102729 0.4150466154142393
113 0.3442168030676824 0.34421680355696965 0.15883822813954046 0.16585284826419158 0.19230571631661017 0.2500072285594686 0.26099281151100107 0.16585284807259437 0.25000722835610345 0.48810154408269374 0.250007228192696 0.7234710147445649 0.15883822799413477 0.4199891975942859 0.1923057164403273 0.1588382279251682 0.15883822821710708 0.344216803302364 0.1588382278095724 0.35416679486797975
16 0.21119314636057948 0.2111931466628039 0.04232032903870035 0.05487314102663059 0.43025647013705726 0.5690530268589055 0.3334628317497761 0.05487314076675932 0.5690530269824491 0.48474758769164833 0.5690530264378251 0.2491903166590633 0.042320328947862244 0.06597556582651659 0.43025647018567587 0.04232032890765064 0.042320329206447176 0.21119314684194462 0.0423203289568295 0.311261329174041
180 0.07939123780984952 0.07939123784205972 0.5878727560892012 0.0925148293887069 0.10956862054106045 0.04232032908619188 0.226206579018563 0.09251482948372901 0.04232032908435031 0.03132585138814361 0.04232032882064143 0.2190952920741354 0.5878727560744138 0.27962562231277427 0.10956862067643232 0.587872756338611 0.5878727562395956 0.07939123789248542 0.5878727556902992 0.16814774100440041
6 0.21119314636057948 0.2111931466628039 0.04232032903870035 0.05487314102663059 0.43025647013705726 0.5690530268589055 0.3334628317497761 0.05487314076675932 0.5690530269824491 0.48474758769164833 0.5690530264378251 0.2491903166590633 0.042320328947862244 0.06597556582651659 0.43025647018567587 0.04232032890765064 0.042320329206447176 0.21119314684194462 0.0423203289568295 0.311261329174041
15 0.10078648763890352 0.10078648769754718 0.22246660069266522 0.07834717481269388 0.5353839251124298 0.29652232703100617 0.7132294392118919 0.07834717456667284 0.2965223269529238 0.10231993220549303 0.29652232643803444 0.32332667534614085 0.2224666005998042 0.1915425702657506 0.535383925407026 0.22246660058381937 0.2224666008326429 0.10078648770585454 0.2224666004362754 0.41518309689157823
165 0.07939123780984952 0.07939123784205972 0.5878727560892012 0.0925148293887069 0.10956862054106045 0.04232032908619188 0.226206579018563 0.09251482948372901 0.04232032908435031 0.03132585138814361 0.04232032882064143 0.2190952920741354 0.5878727560744138 0.27962562231277427 0.10956862067643232 0.587872756338611 0.5878727562395956 0.07939123789248542 0.5878727556902992 0.16814774100440041
199 0.07939123780984952 0.07939123784205972 0.5878727560892012 0.0925148293887069 0.10956862054106045 0.04232032908619188 0.226206579018563 0.09251482948372901 0.04232032908435031 0.03132585138814361 0.04232032882064143 0.2190952920741354 0.5878727560744138 0.27962562231277427 0.10956862067643232 0.587872756338611 0.5878727562395956 0.07939123789248542 0.5878727556902992 0.16814774100440041
27 0.11402306388683978 0.11402306458339695 0.22817915248192594 0.07631677491823148 0.5001965510346215 0.3124566260163661 0.7349660701545686 0.07631677461324426 0.31245662606341673 0.13469169928246644 0.3124566255077359 0.3452135354242463 0.22817915229360192 0.1857239688938659 0.5001965511678353 0.22817915227717836 0.22817915243559853 0.11402306448381921 0.2281791522102729 0.4150466154142393
24 0.21119314636057948 0.2111931466628039 0.04232032903870035 0.05487314102663059 0.43025647013705726 0.5690530268589055 0.3334628317497761 0.05487314076675932 0.5690530269824491 0.48474758769164833 0.5690530264378251 0.2491903166590633 0.042320328947862244 0.06597556582651659 0.43025647018567587 0.04232032890765064 0.042320329206447176 0.21119314684194462 0.0423203289568295 0.311261329174041
128 0.07939123780984952 0.07939123784205972 0.5878727560892012 0.0925148293887069 0.10956862054106045 0.04232032908619188 0.226206579018563 0.09251482948372901 0.04232032908435031 0.03132585138814361 0.04232032882064143 0.2190952920741354 0.5878727560744138 0.27962562231277427 0.10956862067643232 0.587872756338611 0.5878727562395956 0.07939123789248542 0.5878727556902992 0.16814774100440041
215 0.6463153864430616 0.6463153880151586 0.07939123787849633 0.42032050628703 0.11452051019405082 0.21119314686886043 0.12533916004813353 0.4203205061299206 0.21119314699788705 0.2787022506780443 0.21119314657643853 0.13085913376704894 0.07939123801842143 0.27566981844715754 0.11452050991508467 0.07939123806333563 0.07939123827811385 0.6463153880094296 0.07939123808379606 0.12423935584789866
175 0.07939123780984952 0.07939123784205972 0.5878727560892012 0.0925148293887069 0.10956862054106045 0.04232032908619188 0.226206579018563 0.09251482948372901 0.04232032908435031 0.03132585138814361 0.04232032882064143 0.2190952920741354 0.5878727560744138 0.27962562231277427 0.10956862067643232 0.587872756338611 0.5878727562395956 0.07939123789248542 0.5878727556902992 0.16814774100440041
37 0.12533915960089007 0.12533915993797226 0.2262065791862312 0.08167830687109974 0.4469063503787731 0.3334628319038601 0.7818105586825376 0.08167830644180932 0.3334628319660986 0.18145720057517967 0.3334628316668635 0.34049183205296524 0.22620657893981239 0.16595757530576893 0.4469063502267843 0.2262065788195456 0.2262065789573887 0.12533916041380996 0.22620657897627322 0.40374062109113534
14 0.21119314636057948 0.2111931466628039 0.04232032903870035 0.05487314102663059 0.43025647013705726 0.5690530268589055 0.3334628317497761 0.05487314076675932 0.5690530269824491 0.48474758769164833 0.5690530264378251 0.2491903166590633 0.042320328947862244 0.06597556582651659 0.43025647018567587 0.04232032890765064 0.042320329206447176 0.21119314684194462 0.0423203289568295 0.311261329174041
87 0.06303574952200176 0.06303574979958963 0.00667913094666499 -0.023305612258833614 0.2342285271735814 0.40924509846540424 0.0392448175172072 -0.023305612494224918 0.409245098414237 1.0738049659066389 0.4092450981086925 0.22293692218090755 0.006679131317081185 -0.07376585067602232 0.2342285271575054 0.006679131240303881 0.0066791314738045915 0.06303574923267453 0.006679130608406964 0.2595357923580001
133 0.27870225024067896 0.27870225084160055 0.03132585126518993 0.030201527582369343 0.2988140648700617 0.4847475879175034 0.1814572005751825 0.03020152729558754 0.48474758791241024 0.829581339739712 0.4847475874883054 0.24866388040853316 0.03132585148975572 0.03377709349232116 0.29881406480788203 0.031325851343486956 0.03132585162533097 0.2787022507771518 0.03132585129213265 0.30433117267306886
202 0.27870225024067896 0.27870225084160055 0.03132585126518993 0.030201527582369343 0.2988140648700617 0.4847475879175034 0.1814572005751825 0.03020152729558754 0.48474758791241024 0.829581339739712 0.4847475874883054 0.24866388040853316 0.03132585148975572 0.03377709349232116 0.29881406480788203 0.031325851343486956 0.03132585162533097 0.2787022507771518 0.03132585129213265 0.30433117267306886
75 0.07939123780984952 0.07939123784205972 0.5878727560892012 0.0925148293887069 0.10956862054106045 0.04232032908619188 0.226206579018563 0.09251482948372901 0.04232032908435031 0.03132585138814361 0.04232032882064143 0.2190952920741354 0.5878727560744138 0.27962562231277427 0.10956862067643232 0.587872756338611 0.5878727562395956 0.07939123789248542 0.5878727556902992 0.16814774100440041
186 0.6463153864430616 0.6463153880151586 0.07939123787849633 0.42032050628703 0.11452051019405082 0.21119314686886043 0.12533916004813353 0.4203205061299206 0.21119314699788705 0.2787022506780443 0.21119314657643853 0.13085913376704894 0.07939123801842143 0.27566981844715754 0.11452050991508467 0.07939123806333563 0.07939123827811385 0.6463153880094296 0.07939123808379606 0.12423935584789866
59 0.11402306388683978 0.11402306458339695 0.22817915248192594 0.07631677491823148 0.5001965510346215 0.3124566260163661 0.7349660701545686 0.07631677461324426 0.31245662606341673 0.13469169928246644 0.3124566255077359 0.3452135354242463 0.22817915229360192 0.1857239688938659 0.5001965511678353 0.22817915227717836 0.22817915243559853 0.11402306448381921 0.2281791522102729 0.4150466154142393
156 0.4203205051650668 0.4203205060945302 0.09251482948772873 0.7987102661729236 0.017123176377099984 0.05487314088603146 0.08167830668916609 0.7987102665685941 0.05487314119078459 0.030201527479434907 0.054873140867723706 0.0926737696498138 0.09251482915582136 0.3542969262837272 0.01712317591089959 0.09251482938288506 0.09251482940235169 0.4203205064338669 0.0925148294066512 0.0017491913479493002
200 0.07939123780984952 0.07939123784205972 0.5878727560892012 0.0925148293887069 0.10956862054106045 0.04232032908619188 0.226206579018563 0.09251482948372901 0.04232032908435031 0.03132585138814361 0.04232032882064143 0.2190952920741354 0.5878727560744138 0.27962562231277427 0.10956862067643232 0.587872756338611 0.5878727562395956 0.07939123789248542 0.5878727556902992 0.16814774100440041
211 0.3442168030676824 0.34421680355696965 0.15883822813954046 0.16585284826419158 0.19230571631661017 0.2500072285594686 0.26099281151100107 0.16585284807259437 0.25000722835610345 0.48810154408269374 0.250007228192696 0.7234710147445649 0.15883822799413477 0.4199891975942859 0.1923057164403273 0.1588382279251682 0.15883822821710708 0.344216803302364 0.1588382278095724 0.35416679486797975
20 0.12423935559187074 0.12423935595135305 0.1681477409672355 0.001749191627295199 0.5209689955800463 0.3112613292654324 0.40374062109113823 0.0017491910939220479 0.3112613292702616 0.3043311726730691 0.3112613289665609 0.20479218895979126 0.16814774102084337 0.05568492154968328 0.5209689958340813 0.16814774108232683 0.16814774119731615 0.12423935592121513 0.16814774070052024 0.8235207811335883
104 0.4203205051650668 0.4203205060945302 0.09251482948772873 0.7987102661729236 0.017123176377099984 0.05487314088603146 0.08167830668916609 0.7987102665685941 0.05487314119078459 0.030201527479434907 0.054873140867723706 0.0926737696498138 0.09251482915582136 0.3542969262837272 0.01712317591089959 0.09251482938288506 0.09251482940235169 0.4203205064338669 0.0925148294066512 0.0017491913479493002
188 0.4203205051650668 0.4203205060945302 0.09251482948772873 0.7987102661729236 0.017123176377099984 0.05487314088603146 0.08167830668916609 0.7987102665685941 0.05487314119078459 0.030201527479434907 0.054873140867723706 0.0926737696498138 0.09251482915582136 0.3542969262837272 0.01712317591089959 0.09251482938288506 0.09251482940235169 0.4203205064338669 0.0925148294066512 0.0017491913479493002
214 0.6463153864430616 0.6463153880151586 0.07939123787849633 0.42032050628703 0.11452051019405082 0.21119314686886043 0.12533916004813353 0.4203205061299206 0.21119314699788705 0.2787022506780443 0.21119314657643853 0.13085913376704894 0.07939123801842143 0.27566981844715754 0.11452050991508467 0.07939123806333563 0.07939123827811385 0.6463153880094296 0.07939123808379606 0.12423935584789866
39 0.11402306388683978 0.11402306458339695 0.22817915248192594 0.07631677491823148 0.5001965510346215 0.3124566260163661 0.7349660701545686 0.07631677461324426 0.31245662606341673 0.13469169928246644 0.3124566255077359 0.3452135354242463 0.22817915229360192 0.1857239688938659 0.5001965511678353 0.22817915227717836 0.22817915243559853 0.11402306448381921 0.2281791522102729 0.4150466154142393
151 0.4203205051650668 0.4203205060945302 0.09251482948772873 0.7987102661729236 0.017123176377099984 0.05487314088603146 0.08167830668916609 0.7987102665685941 0.05487314119078459 0.030201527479434907 0.054873140867723706 0.0926737696498138 0.09251482915582136 0.3542969262837272 0.01712317591089959 0.09251482938288506 0.09251482940235169 0.4203205064338669 0.0925148294066512 0.0017491913479493002
166 0.07939123780984952 0.07939123784205972 0.5878727560892012 0.0925148293887069 0.10956862054106045 0.04232032908619188 0.226206579018563 0.09251482948372901 0.04232032908435031 0.03132585138814361 0.04232032882064143 0.2190952920741354 0.5878727560744138 0.27962562231277427 0.10956862067643232 0.587872756338611 0.5878727562395956 0.07939123789248542 0.5878727556902992 0.16814774100440041
195 0.06303574952200176 0.06303574979958963 0.00667913094666499 -0.023305612258833614 0.2342285271735814 0.40924509846540424 0.0392448175172072 -0.023305612494224918 0.409245098414237 1.0738049659066389 0.4092450981086925 0.22293692218090755 0.006679131317081185 -0.07376585067602232 0.2342285271575054 0.006679131240303881 0.0066791314738045915 0.06303574923267453 0.006679130608406964 0.2595357923580001
159 0.27566981805721125 0.275669818187031 0.2796256227213174 0.3542969262944888 0.0673892897814943 0.06597556592419634 0.16595757530576974 0.35429692612049546 0.06597556598021034 0.03377709349232079 0.06597556571935108 0.3062527037903944 0.2796256219655259 0.9911095246412197 0.06738928978633267 0.27962562224823895 0.2796256222914084 0.2756698185026604 0.2796256224361651 0.05568492154968379
172 0.4203205051650668 0.4203205060945302 0.09251482948772873 0.7987102661729236 0.017123176377099984 0.05487314088603146 0.08167830668916609 0.7987102665685941 0.05487314119078459 0.030201527479434907 0.054873140867723706 0.0926737696498138 0.09251482915582136 0.3542969262837272 0.01712317591089959 0.09251482938288506 0.09251482940235169 0.4203205064338669 0.0925148294066512 0.0017491913479493002
63 0.3442168030676824 0.34421680355696965 0.15883822813954046 0.16585284826419158 0.19230571631661017 0.2500072285594686 0.26099281151100107 0.16585284807259437 0.25000722835610345 0.48810154408269374 0.250007228192696 0.7234710147445649 0.15883822799413477 0.4199891975942859 0.1923057164403273 0.1588382279251682 0.15883822821710708 0.344216803302364 0.1588382278095724 0.35416679486797975
138 0.13085913334866606 0.13085913350843115 0.21909529222596177 0.09267376959543566 0.2539802331609856 0.24919031684277212 0.3404918320529658 0.09267376956043585 0.24919031680685683 0.2486638804085324 0.24919031645692985 1.030843702680503 0.21909529199380778 0.3062527037903937 0.2539802330589614 0.21909529203318223 0.21909529219981586 0.13085913368789936 0.2190952920104645 0.20479218895979007
141 0.4203205051650668 0.4203205060945302 0.09251482948772873 0.7987102661729236 0.017123176377099984 0.05487314088603146 0.08167830668916609 0.7987102665685941 0.05487314119078459 0.030201527479434907 0.054873140867723706 0.0926737696498138 0.09251482915582136 0.3542969262837272 0.01712317591089959 0.09251482938288506 0.09251482940235169 0.4203205064338669 0.0925148294066512 0.0017491913479493002
127 0.07939123780984952 0.07939123784205972 0.5878727560892012 0.0925148293887069 0.10956862054106045 0.04232032908619188 0.226206579018563 0.09251482948372901 0.04232032908435031 0.03132585138814361 0.04232032882064143 0.2190952920741354 0.5878727560744138 0.27962562231277427 0.10956862067643232 0.587872756338611 0.5878727562395956 0.07939123789248542 0.5878727556902992 0.16814774100440041
62 0.27566981805721125 0.275669818187031 0.2796256227213174 0.3542969262944888 0.0673892897814943 0.06597556592419634 0.16595757530576974 0.35429692612049546 0.06597556598021034 0.03377709349232079 0.06597556571935108 0.3062527037903944 0.2796256219655259 0.9911095246412197 0.06738928978633267 0.27962562224823895 0.2796256222914084 0.2756698185026604 0.2796256224361651 0.05568492154968379
130 0.6463153864430616 0.6463153880151586 0.07939123787849633 0.42032050628703 0.11452051019405082 0.21119314686886043 0.12533916004813353 0.4203205061299206 0.21119314699788705 0.2787022506780443 0.21119314657643853 0.13085913376704894 0.07939123801842143 0.27566981844715754 0.11452050991508467 0.07939123806333563 0.07939123827811385 0.6463153880094296 0.07939123808379606 0.12423935584789866
139 0.6463153864430616 0.6463153880151586 0.07939123787849633 0.42032050628703 0.11452051019405082 0.21119314686886043 0.12533916004813353 0.4203205061299206 0.21119314699788705 0.2787022506780443 0.21119314657643853 0.13085913376704894 0.07939123801842143 0.27566981844715754 0.11452050991508467 0.07939123806333563 0.07939123827811385 0.6463153880094296 0.07939123808379606 0.12423935584789866
17 0.11402306388683978 0.11402306458339695 0.22817915248192594 0.07631677491823148 0.5001965510346215 0.3124566260163661 0.7349660701545686 0.07631677461324426 0.31245662606341673 0.13469169928246644 0.3124566255077359 0.3452135354242463 0.22817915229360192 0.1857239688938659 0.5001965511678353 0.22817915227717836 0.22817915243559853 0.11402306448381921 0.2281791522102729 0.4150466154142393
174 0.06303574952200176 0.06303574979958963 0.00667913094666499 -0.023305612258833614 0.2342285271735814 0.40924509846540424 0.0392448175172072 -0.023305612494224918 0.409245098414237 1.0738049659066389 0.4092450981086925 0.22293692218090755 0.006679131317081185 -0.07376585067602232 0.2342285271575054 0.006679131240303881 0.0066791314738045915 0.06303574923267453 0.006679130608406964 0.2595357923580001
101 0.6463153864430616 0.6463153880151586 0.07939123787849633 0.42032050628703 0.11452051019405082 0.21119314686886043 0.12533916004813353 0.4203205061299206 0.21119314699788705 0.2787022506780443 0.21119314657643853 0.13085913376704894 0.07939123801842143 0.27566981844715754 0.11452050991508467 0.07939123806333563 0.07939123827811385 0.6463153880094296 0.07939123808379606 0.12423935584789866
152 0.4203205051650668 0.4203205060945302 0.09251482948772873 0.7987102661729236 0.017123176377099984 0.05487314088603146 0.08167830668916609 0.7987102665685941 0.05487314119078459 0.030201527479434907 0.054873140867723706 0.0926737696498138 0.09251482915582136 0.3542969262837272 0.01712317591089959 0.09251482938288506 0.09251482940235169 0.4203205064338669 0.0925148294066512 0.0017491913479493002
197 0.07939123780984952 0.07939123784205972 0.5878727560892012 0.0925148293887069 0.10956862054106045 0.04232032908619188 0.226206579018563 0.09251482948372901 0.04232032908435031 0.03132585138814361 0.04232032882064143 0.2190952920741354 0.5878727560744138 0.27962562231277427 0.10956862067643232 0.587872756338611 0.5878727562395956 0.07939123789248542 0.5878727556902992 0.16814774100440041
221 0.4203205051650668 0.4203205060945302 0.09251482948772873 0.7987102661729236 0.017123176377099984 0.05487314088603146 0.08167830668916609 0.7987102665685941 0.05487314119078459 0.030201527479434907 0.054873140867723706 0.0926737696498138 0.09251482915582136 0.3542969262837272 0.01712317591089959 0.09251482938288506 0.09251482940235169 0.4203205064338669 0.0925148294066512 0.0017491913479493002
78 0.6463153864430616 0.6463153880151586 0.07939123787849633 0.42032050628703 0.11452051019405082 0.21119314686886043 0.12533916004813353 0.4203205061299206 0.21119314699788705 0.2787022506780443 0.21119314657643853 0.13085913376704894 0.07939123801842143 0.27566981844715754 0.11452050991508467 0.07939123806333563 0.07939123827811385 0.6463153880094296 0.07939123808379606 0.12423935584789866
220 0.4203205051650668 0.4203205060945302 0.09251482948772873 0.7987102661729236 0.017123176377099984 0.05487314088603146 0.08167830668916609 0.7987102665685941 0.05487314119078459 0.030201527479434907 0.054873140867723706 0.0926737696498138 0.09251482915582136 0.3542969262837272 0.01712317591089959 0.09251482938288506 0.09251482940235169 0.4203205064338669 0.0925148294066512 0.0017491913479493002
111 0.27566981805721125 0.275669818187031 0.2796256227213174 0.3542969262944888 0.0673892897814943 0.06597556592419634 0.16595757530576974 0.35429692612049546 0.06597556598021034 0.03377709349232079 0.06597556571935108 0.3062527037903944 0.2796256219655259 0.9911095246412197 0.06738928978633267 0.27962562224823895 0.2796256222914084 0.2756698185026604 0.2796256224361651 0.05568492154968379
219 0.6463153864430616 0.6463153880151586 0.07939123787849633 0.42032050628703 0.11452051019405082 0.21119314686886043 0.12533916004813353 0.4203205061299206 0.21119314699788705 0.2787022506780443 0.21119314657643853 0.13085913376704894 0.07939123801842143 0.27566981844715754 0.11452050991508467 0.07939123806333563 0.07939123827811385 0.6463153880094296 0.07939123808379606 0.12423935584789866
61 0.27566981805721125 0.275669818187031 0.2796256227213174 0.3542969262944888 0.0673892897814943 0.06597556592419634 0.16595757530576974 0.35429692612049546 0.06597556598021034 0.03377709349232079 0.06597556571935108 0.3062527037903944 0.2796256219655259 0.9911095246412197 0.06738928978633267 0.27962562224823895 0.2796256222914084 0.2756698185026604 0.2796256224361651 0.05568492154968379
93 0.07939123780984952 0.07939123784205972 0.5878727560892012 0.0925148293887069 0.10956862054106045 0.04232032908619188 0.226206579018563 0.09251482948372901 0.04232032908435031 0.03132585138814361 0.04232032882064143 0.2190952920741354 0.5878727560744138 0.27962562231277427 0.10956862067643232 0.587872756338611 0.5878727562395956 0.07939123789248542 0.5878727556902992 0.16814774100440041
94 0.06303574952200176 0.06303574979958963 0.00667913094666499 -0.023305612258833614 0.2342285271735814 0.40924509846540424 0.0392448175172072 -0.023305612494224918 0.409245098414237 1.0738049659066389 0.4092450981086925 0.22293692218090755 0.006679131317081185 -0.07376585067602232 0.2342285271575054 0.006679131240303881 0.0066791314738045915 0.06303574923267453 0.006679130608406964 0.2595357923580001
54 0.11452050948654374 0.11452050999437864 0.10956862067960092 0.017123176321458468 0.5980005632463942 0.4302564704832593 0.4469063503423502 0.01712317597741446 0.4302564704775075 0.29881406486484996 0.43025646999646966 0.25398023315140306 0.10956862072103764 0.06738928983411227 0.5980005630268609 0.109568620641581 0.10956862098136708 0.11452051009857953 0.10956862045905752 0.5209689957220727
33 0.10078648763890352 0.10078648769754718 0.22246660069266522 0.07834717481269388 0.5353839251124298 0.29652232703100617 0.7132294392118919 0.07834717456667284 0.2965223269529238 0.10231993220549303 0.29652232643803444 0.32332667534614085 0.2224666005998042 0.1915425702657506 0.535383925407026 0.22246660058381937 0.2224666008326429 0.10078648770585454 0.2224666004362754 0.41518309689157823
116 0.07939123780984952 0.07939123784205972 0.5878727560892012 0.0925148293887069 0.10956862054106045 0.04232032908619188 0.226206579018563 0.09251482948372901 0.04232032908435031 0.03132585138814361 0.04232032882064143 0.2190952920741354 0.5878727560744138 0.27962562231277427 0.10956862067643232 0.587872756338611 0.5878727562395956 0.07939123789248542 0.5878727556902992 0.16814774100440041
190 0.27566981805721125 0.275669818187031 0.2796256227213174 0.3542969262944888 0.0673892897814943 0.06597556592419634 0.16595757530576974 0.35429692612049546 0.06597556598021034 0.03377709349232079 0.06597556571935108 0.3062527037903944 0.2796256219655259 0.9911095246412197 0.06738928978633267 0.27962562224823895 0.2796256222914084 0.2756698185026604 0.2796256224361651 0.05568492154968379
169 0.07939123780984952 0.07939123784205972 0.5878727560892012 0.0925148293887069 0.10956862054106045 0.04232032908619188 0.226206579018563 0.09251482948372901 0.04232032908435031 0.03132585138814361 0.04232032882064143 0.2190952920741354 0.5878727560744138 0.27962562231277427 0.10956862067643232 0.587872756338611 0.5878727562395956 0.07939123789248542 0.5878727556902992 0.16814774100440041
137 0.3442168030676824 0.34421680355696965 0.15883822813954046 0.16585284826419158 0.19230571631661017 0.2500072285594686 0.26099281151100107 0.16585284807259437 0.25000722835610345 0.48810154408269374 0.250007228192696 0.7234710147445649 0.15883822799413477 0.4199891975942859 0.1923057164403273 0.1588382279251682 0.15883822821710708 0.344216803302364 0.1588382278095724 0.35416679486797975
121 0.07939123780984952 0.07939123784205972 0.5878727560892012 0.0925148293887069 0.10956862054106045 0.04232032908619188 0.226206579018563 0.09251482948372901 0.04232032908435031 0.03132585138814361 0.04232032882064143 0.2190952920741354 0.5878727560744138 0.27962562231277427 0.10956862067643232 0.587872756338611 0.5878727562395956 0.07939123789248542 0.5878727556902992 0.16814774100440041
8 0.11452050948654374 0.11452050999437864 0.10956862067960092 0.017123176321458468 0.5980005632463942 0.4302564704832593 0.4469063503423502 0.01712317597741446 0.4302564704775075 0.29881406486484996 0.43025646999646966 0.25398023315140306 0.10956862072103764 0.06738928983411227 0.5980005630268609 0.109568620641581 0.10956862098136708 0.11452051009857953 0.10956862045905752 0.5209689957220727
213 0.13085913334866606 0.13085913350843115 0.21909529222596177 0.09267376959543566 0.2539802331609856 0.24919031684277212 0.3404918320529658 0.09267376956043585 0.24919031680685683 0.2486638804085324 0.24919031645692985 1.030843702680503 0.21909529199380778 0.3062527037903937 0.2539802330589614 0.21909529203318223 0.21909529219981586 0.13085913368789936 0.2190952920104645 0.20479218895979007
129 0.6463153864430616 0.6463153880151586 0.07939123787849633 0.42032050628703 0.11452051019405082 0.21119314686886043 0.12533916004813353 0.4203205061299206 0.21119314699788705 0.2787022506780443 0.21119314657643853 0.13085913376704894 0.07939123801842143 0.27566981844715754 0.11452050991508467 0.07939123806333563 0.07939123827811385 0.6463153880094296 0.07939123808379606 0.12423935584789866
140 0.6463153864430616 0.6463153880151586 0.07939123787849633 0.42032050628703 0.11452051019405082 0.21119314686886043 0.12533916004813353 0.4203205061299206 0.21119314699788705 0.2787022506780443 0.21119314657643853 0.13085913376704894 0.07939123801842143 0.27566981844715754 0.11452050991508467 0.07939123806333563 0.07939123827811385 0.6463153880094296 0.07939123808379606 0.12423935584789866
153 0.6463153864430616 0.6463153880151586 0.07939123787849633 0.42032050628703 0.11452051019405082 0.21119314686886043 0.12533916004813353 0.4203205061299206 0.21119314699788705 0.2787022506780443 0.21119314657643853 0.13085913376704894 0.07939123801842143 0.27566981844715754 0.11452050991508467 0.07939123806333563 0.07939123827811385 0.6463153880094296 0.07939123808379606 0.12423935584789866
83 0.27566981805721125 0.275669818187031 0.2796256227213174 0.3542969262944888 0.0673892897814943 0.06597556592419634 0.16595757530576974 0.35429692612049546 0.06597556598021034 0.03377709349232079 0.06597556571935108 0.3062527037903944 0.2796256219655259 0.9911095246412197 0.06738928978633267 0.27962562224823895 0.2796256222914084 0.2756698185026604 0.2796256224361651 0.05568492154968379
112 0.3442168030676824 0.34421680355696965 0.15883822813954046 0.16585284826419158 0.19230571631661017 0.2500072285594686 0.26099281151100107 0.16585284807259437 0.25000722835610345 0.48810154408269374 0.250007228192696 0.7234710147445649 0.15883822799413477 0.4199891975942859 0.1923057164403273 0.1588382279251682 0.15883822821710708 0.344216803302364 0.1588382278095724 0.35416679486797975
203 0.27566981805721125 0.275669818187031 0.2796256227213174 0.3542969262944888 0.0673892897814943 0.06597556592419634 0.16595757530576974 0.35429692612049546 0.06597556598021034 0.03377709349232079 0.06597556571935108 0.3062527037903944 0.2796256219655259 0.9911095246412197 0.06738928978633267 0.27962562224823895 0.2796256222914084 0.2756698185026604 0.2796256224361651 0.05568492154968379
52 0.11452050948654374 0.11452050999437864 0.10956862067960092 0.017123176321458468 0.5980005632463942 0.4302564704832593 0.4469063503423502 0.01712317597741446 0.4302564704775075 0.29881406486484996 0.43025646999646966 0.25398023315140306 0.10956862072103764 0.06738928983411227 0.5980005630268609 0.109568620641581 0.10956862098136708 0.11452051009857953 0.10956862045905752 0.5209689957220727
207 0.13085913334866606 0.13085913350843115 0.21909529222596177 0.09267376959543566 0.2539802331609856 0.24919031684277212 0.3404918320529658 0.09267376956043585 0.24919031680685683 0.2486638804085324 0.24919031645692985 1.030843702680503 0.21909529199380778 0.3062527037903937 0.2539802330589614 0.21909529203318223 0.21909529219981586 0.13085913368789936 0.2190952920104645 0.20479218895979007
77 0.6463153864430616 0.6463153880151586 0.07939123787849633 0.42032050628703 0.11452051019405082 0.21119314686886043 0.12533916004813353 0.4203205061299206 0.21119314699788705 0.2787022506780443 0.21119314657643853 0.13085913376704894 0.07939123801842143 0.27566981844715754 0.11452050991508467 0.07939123806333563 0.07939123827811385 0.6463153880094296 0.07939123808379606 0.12423935584789866
143 0.27870225024067896 0.27870225084160055 0.03132585126518993 0.030201527582369343 0.2988140648700617 0.4847475879175034 0.1814572005751825 0.03020152729558754 0.48474758791241024 0.829581339739712 0.4847475874883054 0.24866388040853316 0.03132585148975572 0.03377709349232116 0.29881406480788203 0.031325851343486956 0.03132585162533097 0.2787022507771518 0.03132585129213265 0.30433117267306886
