121 0.2076535038655868 0.29063421115258226 0.2575396555952566 0.2575396553880086 -0.0023352785649257304 0.8911541381374984 0.32271050760881287 0.3596931357564675 0.1243564408565551 0.29063421068040046 0.2575396556021998 0.20765350490068868 0.2906342106982183 0.163412164675888 0.3630123551260458 0.003473381783395978 0.29063420996367356 0.04067232043285847 0.2906342102917073 0.2930092057557201
51 0.14709612522538243 0.03573628635548928 0.017268156019435946 0.017268155205980247 0.822234856902086 0.046964146424269194 0.01737764588601746 0.04206700870404939 0.45451277034937965 0.035736284676950635 0.017268154917123423 0.14709612564963967 0.035736284497099396 0.350420537426068 0.1304864489417351 0.3600585542155782 0.035736284947222086 0.8650683182151386 0.03573628563390642 0.2041404240497694
8 0.09109350939277691 0.041526903728281196 -0.007498543253415992 -0.007498544435871902 0.8254300476965144 -0.011705433356544954 0.04105733990536645 0.0270412595354525 0.45535068902435855 0.04152690413090956 -0.007498544455427511 0.09109351016152116 0.04152690400708428 0.3572569736158449 0.09563489448429462 0.3110901318674363 0.04152690385182163 0.8876457779401141 0.041526903419334855 0.21957635728402367
122 0.1521662798897971 0.016964528621796187 -0.031467393358490976 -0.0314673941501654 0.37182636775969546 -0.03758976863353771 0.026766450524165226 0.0015720400463275649 0.09640413319777552 0.016964529515645616 -0.03146739420010723 0.15216628063234502 0.016964529434439983 0.2120687330273302 0.1161840452690156 1.1833730743852224 0.016964529206045454 0.3160789670496396 0.016964528197508894 0.3526483904090327
108 0.39340792246561884 0.08122515961575878 0.6932179441664674 0.693217943887382 -0.011107205227724095 0.2465953462247716 0.08373063269416718 0.08690954187994196 0.0629068454503567 0.08122515946702022 0.693217943487872 0.3934079234795393 0.0812251589762225 0.04605194522576425 0.32073833236167404 0.03433746492481858 0.08122515889661476 0.017570056294674685 0.0812251585284072 0.17286933238835187
96 0.07123301026060926 0.5022906857052216 0.08122515895311258 0.08122515896332766 -0.0006909954857895577 0.31126110581616473 0.48621217511313325 0.46712727000276844 0.228780977244404 0.5022906870732234 0.08122515919440601 0.07123301113253912 0.5022906868938317 0.26864041139624656 0.08857697652379425 0.0406412886788484 0.5022906862789798 0.04000675533155245 0.5022906864038469 0.14655649910112706
150 0.6528399903256874 0.07123301107634172 0.39340792287751974 0.39340792276944486 0.12108861184354035 0.2076035159735194 0.06994309657035572 0.06861493923245737 0.13750237027692766 0.07123301085950409 0.3934079226480049 0.6528399921537814 0.07123301046789067 0.13233979275179844 0.5809241920471361 0.31960100663909313 0.07123300997101849 0.1347579483053576 0.07123301010509492 0.31041896781563866
64 0.3104189671562392 0.14655649911978771 0.17286933280286884 0.17286933234687718 0.1845572101102549 0.26024516145416354 0.16031365475857112 0.17549022281672988 0.2974025866288738 0.14655649967622766 0.1728693321479411 0.31041896844922523 0.14655649922783215 0.40892624287160295 0.3173420613062131 0.43618987835568546 0.14655649866441667 0.19851299953009408 0.14655649860487352 0.9305398991478571
192 0.3974355303444457 0.1258709126514589 0.3863382194756188 0.3863382192831303 0.09795912934558554 0.5130732687152971 0.17160705107415297 0.20611042189390838 0.20039544625518382 0.12587091305313206 0.3863382188481097 0.3974355319929854 0.12587091269145823 0.23400744009474442 0.45536106202864157 0.16536217711112008 0.1258709123610083 0.09513507048415779 0.12587091187128654 0.6650305759901087
42 0.09818633408626912 0.07394588471107286 0.0015481250557476932 0.0015481239836505662 0.74460191570536 0.010436486776479544 0.06220110119340057 0.05403869842059643 0.5395940646467502 0.07394588444851326 0.0015481239368140827 0.09818633466669988 0.07394588431568894 0.4076757921303857 0.11462631421651061 0.3073452758971718 0.07394588428715518 0.8753833008505352 0.0739458842430833 0.21592667024260076
184 0.39340792246561884 0.08122515961575878 0.6932179441664674 0.693217943887382 -0.011107205227724095 0.2465953462247716 0.08373063269416718 0.08690954187994196 0.0629068454503567 0.08122515946702022 0.693217943487872 0.3934079234795393 0.0812251589762225 0.04605194522576425 0.32073833236167404 0.03433746492481858 0.08122515889661476 0.017570056294674685 0.0812251585284072 0.17286933238835187
161 0.3104189671562392 0.14655649911978771 0.17286933280286884 0.17286933234687718 0.1845572101102549 0.26024516145416354 0.16031365475857112 0.17549022281672988 0.2974025866288738 0.14655649967622766 0.1728693321479411 0.31041896844922523 0.14655649922783215 0.40892624287160295 0.3173420613062131 0.43618987835568546 0.14655649866441667 0.19851299953009408 0.14655649860487352 0.9305398991478571
61 0.23280564937411938 0.1877664545200252 0.3646919922751019 0.3646919926979007 0.002237842181074056 0.7413940590259044 0.2577367014140538 0.4917528294348444 0.15291629380654626 0.18776644869884324 0.364691992010104 0.23280564981856788 0.18776644850700835 0.25150764907520534 0.284153884232879 -0.021844095807673283 0.18776644933400086 -0.009488567324388332 0.18776645290638128 0.4273785226965261
198 0.07123301026060926 0.5022906857052216 0.08122515895311258 0.08122515896332766 -0.0006909954857895577 0.31126110581616473 0.48621217511313325 0.46712727000276844 0.228780977244404 0.5022906870732234 0.08122515919440601 0.07123301113253912 0.5022906868938317 0.26864041139624656 0.08857697652379425 0.0406412886788484 0.5022906862789798 0.04000675533155245 0.5022906864038469 0.14655649910112706
60 0.2220884677305422 0.06909300339814486 -0.0012125603079930593 -0.0012125608410940357 0.5563946593962197 0.060500571995463076 0.048713431502872516 0.03417931332180796 0.3681617105154962 0.06909300315416422 -0.0012125609682668245 0.22208846798895437 0.06909300288124699 0.43196428058150904 0.5326603198744441 0.761879197791682 0.06909300275783481 0.42956570777640196 0.06909300239002279 0.34540244209306536
99 0.07123301026060926 0.5022906857052216 0.08122515895311258 0.08122515896332766 -0.0006909954857895577 0.31126110581616473 0.48621217511313325 0.46712727000276844 0.228780977244404 0.5022906870732234 0.08122515919440601 0.07123301113253912 0.5022906868938317 0.26864041139624656 0.08857697652379425 0.0406412886788484 0.5022906862789798 0.04000675533155245 0.5022906864038469 0.14655649910112706
136 0.3659842703901659 0.12502330512162116 0.4028109641969274 0.4028109633406932 0.085083076430573 0.4884880505218063 0.20306752141640375 0.21569356960964303 0.22742738447373206 0.1250233073498946 0.4028109633747441 0.3659842720511664 0.12502330653748642 0.24239323435308646 0.4707796576436783 0.2019735310965162 0.1250233057214336 0.09135453079716287 0.1250233043631534 0.6328760741964695
149 0.6528399903256874 0.07123301107634172 0.39340792287751974 0.39340792276944486 0.12108861184354035 0.2076035159735194 0.06994309657035572 0.06861493923245737 0.13750237027692766 0.07123301085950409 0.3934079226480049 0.6528399921537814 0.07123301046789067 0.13233979275179844 0.5809241920471361 0.31960100663909313 0.07123300997101849 0.1347579483053576 0.07123301010509492 0.31041896781563866
39 0.11275038202880028 0.02281223216269386 0.0030906459973386 0.003090644611788883 0.8507992152415245 0.015710526919588116 0.03152006987416921 0.007144258618361215 0.403007842230204 0.02281223300877689 0.003090644722690843 0.11275038276408797 0.022812232905305253 0.2971188918032516 0.11134614417945407 0.3249037564403743 0.02281223264700641 0.915643626132606 0.022812231826708353 0.19007107353044728
80 0.39340792246561884 0.08122515961575878 0.6932179441664674 0.693217943887382 -0.011107205227724095 0.2465953462247716 0.08373063269416718 0.08690954187994196 0.0629068454503567 0.08122515946702022 0.693217943487872 0.3934079234795393 0.0812251589762225 0.04605194522576425 0.32073833236167404 0.03433746492481858 0.08122515889661476 0.017570056294674685 0.0812251585284072 0.17286933238835187
145 0.35781171096567305 0.14275580119632422 0.4136552851081116 0.4136552843679225 0.07621909031342095 0.5470133933425025 0.14785779948217023 0.10959324485683217 0.1616692596387982 0.1427558027318509 0.4136552843057368 0.3578117126288484 0.14275580212304403 0.31813694726447334 0.36744237061065566 0.17823155340533778 0.1427558011718776 0.1077572787028657 0.14275580050717923 0.6409858682137631
65 0.1263255831715998 0.16548895838839842 0.10648974201756972 0.10648974313370016 0.1784126509226656 0.08435204546367189 0.20108866485265647 0.5173576587096965 0.43746637153266255 0.16548894892699964 0.10648974185471964 0.1263255825868586 0.16548894913074852 0.48707288385201647 0.05040200274322519 0.32768032064571334 0.16548895097154934 0.10875543156506613 0.16548895643873282 0.9016385762495532
28 0.12108861158352047 -0.0006909951883526191 -0.011107204436435623 -0.011107205563188269 0.9523666503306287 -0.004787511906471094 -0.00012608486551758902 -0.00012374452762398656 0.3221517964745826 -0.0006909954373870733 -0.011107205676385807 0.12108861213408957 -0.000690995625117781 0.2759780080555407 0.1369521950248201 0.4431228311085358 -0.0006909953609052401 0.7963395373494858 -0.0006909957134455098 0.18455721011026688
154 0.5031886135875988 0.10591517440963247 0.2588361429923168 0.25883614319403647 0.1350110789838739 0.5091683757279926 0.1020662564838314 0.09687241548733105 0.15731298059307858 0.10591517457239072 0.2588361430044786 0.503188614788593 0.10591517408554608 0.22215537355760762 0.8223872039829306 0.24988189019692242 0.10591517362656708 0.17206253218900727 0.10591517337553018 0.3067989774091848
212 0.5767776270926473 0.0683953153656476 0.4529074193972806 0.45290741793322775 0.08660420546003907 0.31911540621156376 0.09681231541169334 0.009626201734515267 0.0762707044001052 0.06839531928675698 0.4529074183904106 0.576777629658617 0.06839531881286216 0.12347519899412905 0.40023601173965995 0.2572485216589905 0.0683953173832546 0.15096655881003404 0.06839531523998642 0.5204515710091642
40 0.14897272575845913 0.040366856563451 -0.000681281060513653 -0.0006812818339454943 0.7949860887216021 0.020331157330811613 0.023488383451088495 0.048845121576900234 0.45588900630176743 0.0403668549870229 -0.000681282077427727 0.14897272602666484 0.04036685474205175 0.437142689019458 0.2745480974660006 0.5739297604457934 0.04036685514460724 0.6521327440870677 0.04036685572581974 0.26371626577394286
199 0.07123301026060926 0.5022906857052216 0.08122515895311258 0.08122515896332766 -0.0006909954857895577 0.31126110581616473 0.48621217511313325 0.46712727000276844 0.228780977244404 0.5022906870732234 0.08122515919440601 0.07123301113253912 0.5022906868938317 0.26864041139624656 0.08857697652379425 0.0406412886788484 0.5022906862789798 0.04000675533155245 0.5022906864038469 0.14655649910112706
11 0.11433836540289931 0.025115388894380784 -0.0007110918175844646 -0.00071109298584792 0.8503326475980859 0.02093044158242753 0.01511122253263497 0.0014631307123009192 0.33444305550460846 0.02511538874761194 -0.0007110929792696959 0.11433836606537252 0.025115388562300483 0.4458003763411149 0.1214894211868558 0.29261007235129305 0.02511538860434066 0.8796226628775761 0.02511538838435144 0.21356666611114242
18 0.10754500851467824 0.06498297387946028 0.005022041917112454 0.005022041022575252 0.7660202710131118 0.009235381523567386 0.0464830750087256 0.06839569302552595 0.5753866496566725 0.06498297245163916 0.005022040834576028 0.10754500898856928 0.06498297239915468 0.3311667923437671 0.0910528838806789 0.3386282835147433 0.06498297267416127 0.8628297251704534 0.06498297338278979 0.2075678658411414
38 0.0884175927111053 0.043417754553797386 -0.006093734287970417 -0.006093735612815552 0.8126371913429598 -0.011086231725167163 0.047310063997836264 0.024900176959169063 0.465427651237572 0.04341775529731969 -0.0060937354816590706 0.08841759334037462 0.04341775523148851 0.3203479907648366 0.09239351092910861 0.2975901870046486 0.0434177550170642 0.9145822324831621 0.04341775433875258 0.20014005970227555
101 0.5809241913050431 0.08857697689268837 0.3207383322849057 0.32073833250484685 0.1369521950248173 0.36599589075145467 0.08710678044269793 0.08474338626679556 0.15937416033627982 0.08857697693659639 0.3207383322343519 0.5809241929243955 0.08857697669802035 0.18274787461699776 0.7411717005793484 0.28316451136159676 0.08857697601014164 0.14389953977469844 0.08857697604420756 0.3173420613062122
90 0.07123301026060926 0.5022906857052216 0.08122515895311258 0.08122515896332766 -0.0006909954857895577 0.31126110581616473 0.48621217511313325 0.46712727000276844 0.228780977244404 0.5022906870732234 0.08122515919440601 0.07123301113253912 0.5022906868938317 0.26864041139624656 0.08857697652379425 0.0406412886788484 0.5022906862789798 0.04000675533155245 0.5022906864038469 0.14655649910112706
23 0.09760923548436981 0.07197349468286432 0.0021009191575226994 0.0021009180879906133 0.7451044979842908 0.011354456602792152 0.06392237245550082 0.06576847988697934 0.5221700258466171 0.07197349426745056 0.0021009180293131194 0.09760923605384943 0.0719734940716615 0.4285096700619062 0.10709930968354593 0.2858876437225735 0.0719734941683538 0.8817013912607742 0.07197349422699215 0.21563227871989987
165 0.07123301026060926 0.5022906857052216 0.08122515895311258 0.08122515896332766 -0.0006909954857895577 0.31126110581616473 0.48621217511313325 0.46712727000276844 0.228780977244404 0.5022906870732234 0.08122515919440601 0.07123301113253912 0.5022906868938317 0.26864041139624656 0.08857697652379425 0.0406412886788484 0.5022906862789798 0.04000675533155245 0.5022906864038469 0.14655649910112706
87 0.05632950636217893 0.03286315949965205 -0.05435821236613257 -0.05435821295207267 0.5535142988885561 -0.09329254024581496 -0.002597679974988878 -0.008705712163227262 0.20964566635817147 0.03286315842571214 -0.054358213184617254 0.05632950612355017 0.032863158275598665 0.4212955429581144 0.3454780672373261 0.9924947533586391 0.03286315848104671 0.2838833624319108 0.03286315851237493 0.3045366504163128
195 0.09411908828613606 0.020307617597011687 -0.04270395021439995 -0.042703950875893404 0.450781163960925 -0.06090234948538851 0.010766244107665131 0.0021009457792708856 0.1397372320336093 0.02030761731494748 -0.04270395103052544 0.09411908841482808 0.02030761720313285 0.2664663472556342 0.16842705268043873 1.1639891953549037 0.020307617340365163 0.28549570732892987 0.02030761697439335 0.330226567565733
26 0.187709486985187 0.037901381549531384 0.046664904570485326 0.04666490389130843 0.7462386219682224 0.13220509318544774 0.011101285309497182 0.04120919030951492 0.3619314192867941 0.03790137939646348 0.04666490352001709 0.1877094875556933 0.03790137914556287 0.4818899290909785 0.17804486038531933 0.2967175606907549 0.03790137960086549 0.8735964317951971 0.0379013807245927 0.21787937908338817
30 0.1271343896391677 0.01941594267691787 -0.004202018461589104 -0.004202019460727975 0.8941107904019714 0.008525173786170244 0.00395824038256054 0.019170044053607584 0.3828262951607821 0.019415941497083495 -0.004202019636443866 0.12713439008725366 0.01941594124700813 0.3583219481725748 0.1395929579301132 0.40606360087764065 0.01941594158104905 0.8078785247190079 0.019415942007556884 0.2253727369891575
102 0.5809241913050431 0.08857697689268837 0.3207383322849057 0.32073833250484685 0.1369521950248173 0.36599589075145467 0.08710678044269793 0.08474338626679556 0.15937416033627982 0.08857697693659639 0.3207383322343519 0.5809241929243955 0.08857697669802035 0.18274787461699776 0.7411717005793484 0.28316451136159676 0.08857697601014164 0.14389953977469844 0.08857697604420756 0.3173420613062122
137 0.5301860637814334 0.07896662168569876 0.3227742439323562 0.3227742424682574 0.10979984032887938 0.23140809192004214 0.12061708810741571 0.009230140188867553 0.1570981398229162 0.07896662664658353 0.3227742429746794 0.5301860666245619 0.07896662614387953 0.20857411469502957 0.33286076841927076 0.5245062430205787 0.07896662448531731 0.21696984457931295 0.07896662151732031 0.6897272417747355
67 0.6528399903256874 0.07123301107634172 0.39340792287751974 0.39340792276944486 0.12108861184354035 0.2076035159735194 0.06994309657035572 0.06861493923245737 0.13750237027692766 0.07123301085950409 0.3934079226480049 0.6528399921537814 0.07123301046789067 0.13233979275179844 0.5809241920471361 0.31960100663909313 0.07123300997101849 0.1347579483053576 0.07123301010509492 0.31041896781563866
73 0.07123301026060926 0.5022906857052216 0.08122515895311258 0.08122515896332766 -0.0006909954857895577 0.31126110581616473 0.48621217511313325 0.46712727000276844 0.228780977244404 0.5022906870732234 0.08122515919440601 0.07123301113253912 0.5022906868938317 0.26864041139624656 0.08857697652379425 0.0406412886788484 0.5022906862789798 0.04000675533155245 0.5022906864038469 0.14655649910112706
91 0.07123301026060926 0.5022906857052216 0.08122515895311258 0.08122515896332766 -0.0006909954857895577 0.31126110581616473 0.48621217511313325 0.46712727000276844 0.228780977244404 0.5022906870732234 0.08122515919440601 0.07123301113253912 0.5022906868938317 0.26864041139624656 0.08857697652379425 0.0406412886788484 0.5022906862789798 0.04000675533155245 0.5022906864038469 0.14655649910112706
116 0.06861493892032416 0.46712726968923574 0.08690954179258635 0.08690954182701395 -0.00012374452760379611 0.30320981884532994 0.5213499963447061 0.5817518993877954 0.23534949607215475 0.4671272705305818 0.086909541906125 0.0686149398088384 0.46712726987531655 0.2812219648862362 0.08474338626682192 0.03463433336871387 0.46712726977037405 0.0324725503558829 0.46712726995775383 0.17549022281678248
166 0.07123301026060926 0.5022906857052216 0.08122515895311258 0.08122515896332766 -0.0006909954857895577 0.31126110581616473 0.48621217511313325 0.46712727000276844 0.228780977244404 0.5022906870732234 0.08122515919440601 0.07123301113253912 0.5022906868938317 0.26864041139624656 0.08857697652379425 0.0406412886788484 0.5022906862789798 0.04000675533155245 0.5022906864038469 0.14655649910112706
164 0.07123301026060926 0.5022906857052216 0.08122515895311258 0.08122515896332766 -0.0006909954857895577 0.31126110581616473 0.48621217511313325 0.46712727000276844 0.228780977244404 0.5022906870732234 0.08122515919440601 0.07123301113253912 0.5022906868938317 0.26864041139624656 0.08857697652379425 0.0406412886788484 0.5022906862789798 0.04000675533155245 0.5022906864038469 0.14655649910112706
27 0.09896593660793064 0.04144259349911266 -0.007138601254555573 -0.007138602178962494 0.8357631284304088 -0.004415180744478407 0.025059180028015993 0.02831975793314782 0.4137494549770575 0.04144259269399718 -0.007138602374035872 0.09896593720888516 0.04144259265425863 0.4289307906752192 0.07723736986417087 0.28535266503555395 0.04144259284123079 0.8775213814564564 0.04144259302802511 0.20431348487120918
56 0.12418155741133886 0.01942323716139934 -0.00408298281926024 -0.004082983889459977 0.8735733404822326 -0.0015200998471526191 0.019630746643266573 0.026984574329272044 0.4517837979470104 0.019423236816880917 -0.004082983973838715 0.12418155791500138 0.01942323664503861 0.22635833713645034 0.16425486753737398 0.5104728908790901 0.01942323681713955 0.7850969273992198 0.019423236650844642 0.17948580313057708
5 0.1890273586829093 0.06973809563152215 0.043975078267285146 0.04397507787512298 0.6915648263395484 0.13089167333617904 0.02378746869698175 0.07604023003512318 0.45788376495903615 0.06973809199856673 0.04397507729879543 0.18902735893345415 0.06973809186695806 0.5614053678411803 0.18562135226103726 0.3287019597279305 0.06973809278483126 0.794665813267808 0.0697380946403928 0.24719017962219683
19 0.1280918441386656 0.11806781034581529 0.019368798753803533 0.019368798011828423 0.6295404326665881 0.050520514958921084 0.08698510073891871 0.11923178217794003 0.6838915225895048 0.11806780816048719 0.019368797726853824 0.12809184451288622 0.1180678080828134 0.5035479384477842 0.12741417608930647 0.35508872378232553 0.11806780840018166 0.7342023060546904 0.11806780967486462 0.2541701601253172
79 0.39340792246561884 0.08122515961575878 0.6932179441664674 0.693217943887382 -0.011107205227724095 0.2465953462247716 0.08373063269416718 0.08690954187994196 0.0629068454503567 0.08122515946702022 0.693217943487872 0.3934079234795393 0.0812251589762225 0.04605194522576425 0.32073833236167404 0.03433746492481858 0.08122515889661476 0.017570056294674685 0.0812251585284072 0.17286933238835187
24 0.1464567808723807 -0.0005193007667969439 -0.011768484967680837 -0.011768485828700994 0.9315504231367366 0.0028931096319605044 -0.015681185015995025 -0.0011878179581333054 0.29548253105592037 -0.0005193019991477392 -0.01176848608424723 0.14645678127278536 -0.0005193021680638147 0.3245014589897639 0.2126034936752591 0.5535588300952806 -0.0005193017468989699 0.7008664800799037 -0.0005193014852706629 0.21190576872072905
148 0.10366017643306663 0.16650590300183374 0.11835665639186191 0.11835665715446331 0.16409532273027708 0.05963357600331092 0.22050521882521495 0.5209367141105365 0.4758369466705285 0.16650589511050995 0.11835665625408755 0.1036601758859972 0.166505894771098 0.4884937798861547 0.06111124020899284 0.3663285284480469 0.16650589650461287 0.104507876372748 0.1665059013765635 0.8262381883014941
189 0.31960100604379976 0.040641289020234804 0.03433746545907754 0.03433746478037444 0.4431228311085208 0.011395355315240226 0.03764463117707985 0.03463433336868629 0.30891806399755034 0.04064128889952608 0.03433746460773258 0.31960100728348584 0.04064128866850504 0.2604840612388203 0.2831645113615976 1.0154533772374588 0.040641288598920765 0.3463216074301693 0.04064128833891635 0.4361898783556891
109 0.29355730980514816 0.05007233323703766 0.016247705776526945 0.016247705345161862 0.5251437796495173 0.026445628411646504 0.02872652653840404 0.03834015523987328 0.3438804896496501 0.0500723320484387 0.016247704978764606 0.29355731043656763 0.050072331897237095 0.3159938821964275 0.39072129817406953 0.9234952609795244 0.05007233210998109 0.37035755029724293 0.050072332328225694 0.40185610834098195
106 0.6528399903256874 0.07123301107634172 0.39340792287751974 0.39340792276944486 0.12108861184354035 0.2076035159735194 0.06994309657035572 0.06861493923245737 0.13750237027692766 0.07123301085950409 0.3934079226480049 0.6528399921537814 0.07123301046789067 0.13233979275179844 0.5809241920471361 0.31960100663909313 0.07123300997101849 0.1347579483053576 0.07123301010509492 0.31041896781563866
158 0.23280564937411938 0.1877664545200252 0.3646919922751019 0.3646919926979007 0.002237842181074056 0.7413940590259044 0.2577367014140538 0.4917528294348444 0.15291629380654626 0.18776644869884324 0.364691992010104 0.23280564981856788 0.18776644850700835 0.25150764907520534 0.284153884232879 -0.021844095807673283 0.18776644933400086 -0.009488567324388332 0.18776645290638128 0.4273785226965261
52 0.13475794800543664 0.040006755503694924 0.017570057052549187 0.017570055977958066 0.7963395373494889 0.04710338536033704 0.0361067336344977 0.03247255035582751 0.4697715761818984 0.04000675548766567 0.017570055886549654 0.13475794867824464 0.04000675525134069 0.3252096903663472 0.1438995397746968 0.34632160743018503 0.04000675532761155 0.899732402741764 0.04000675513595535 0.1985129995301055
97 0.07123301026060926 0.5022906857052216 0.08122515895311258 0.08122515896332766 -0.0006909954857895577 0.31126110581616473 0.48621217511313325 0.46712727000276844 0.228780977244404 0.5022906870732234 0.08122515919440601 0.07123301113253912 0.5022906868938317 0.26864041139624656 0.08857697652379425 0.0406412886788484 0.5022906862789798 0.04000675533155245 0.5022906864038469 0.14655649910112706
168 0.07123301026060926 0.5022906857052216 0.08122515895311258 0.08122515896332766 -0.0006909954857895577 0.31126110581616473 0.48621217511313325 0.46712727000276844 0.228780977244404 0.5022906870732234 0.08122515919440601 0.07123301113253912 0.5022906868938317 0.26864041139624656 0.08857697652379425 0.0406412886788484 0.5022906862789798 0.04000675533155245 0.5022906864038469 0.14655649910112706
123 0.06994309624312126 0.4862121744723119 0.08373063251846728 0.08373063254996051 -0.0001260848655551305 0.3080372195581846 0.5050607063422072 0.5213499963445023 0.23185534827078014 0.4862121757395234 0.08373063268752497 0.06994309718734182 0.48621217543271783 0.27500403158330333 0.08710678044265747 0.03764463117702345 0.4862121748851744 0.03610673363443457 0.48621217522568977 0.16031365475843404
71 0.07123301026060926 0.5022906857052216 0.08122515895311258 0.08122515896332766 -0.0006909954857895577 0.31126110581616473 0.48621217511313325 0.46712727000276844 0.228780977244404 0.5022906870732234 0.08122515919440601 0.07123301113253912 0.5022906868938317 0.26864041139624656 0.08857697652379425 0.0406412886788484 0.5022906862789798 0.04000675533155245 0.5022906864038469 0.14655649910112706
59 0.10097806287555769 0.13526200584391926 0.016889156697724252 0.016889155275435712 0.5795844471536025 0.05219932009920949 0.1357207576140743 0.10952357348016103 0.6483037011088569 0.1352620068180935 0.016889155633074027 0.10097806363138621 0.13526200655127996 0.5042366238480653 0.14852181897672392 0.28409051808258906 0.13526200624978577 0.8127372199939357 0.1352620056197896 0.24698064213551085
182 0.5809241913050431 0.08857697689268837 0.3207383322849057 0.32073833250484685 0.1369521950248173 0.36599589075145467 0.08710678044269793 0.08474338626679556 0.15937416033627982 0.08857697693659639 0.3207383322343519 0.5809241929243955 0.08857697669802035 0.18274787461699776 0.7411717005793484 0.28316451136159676 0.08857697601014164 0.14389953977469844 0.08857697604420756 0.3173420613062122
151 0.39340792246561884 0.08122515961575878 0.6932179441664674 0.693217943887382 -0.011107205227724095 0.2465953462247716 0.08373063269416718 0.08690954187994196 0.0629068454503567 0.08122515946702022 0.693217943487872 0.3934079234795393 0.0812251589762225 0.04605194522576425 0.32073833236167404 0.03433746492481858 0.08122515889661476 0.017570056294674685 0.0812251585284072 0.17286933238835187
181 0.5809241913050431 0.08857697689268837 0.3207383322849057 0.32073833250484685 0.1369521950248173 0.36599589075145467 0.08710678044269793 0.08474338626679556 0.15937416033627982 0.08857697693659639 0.3207383322343519 0.5809241929243955 0.08857697669802035 0.18274787461699776 0.7411717005793484 0.28316451136159676 0.08857697601014164 0.14389953977469844 0.08857697604420756 0.3173420613062122
89 0.07123301026060926 0.5022906857052216 0.08122515895311258 0.08122515896332766 -0.0006909954857895577 0.31126110581616473 0.48621217511313325 0.46712727000276844 0.228780977244404 0.5022906870732234 0.08122515919440601 0.07123301113253912 0.5022906868938317 0.26864041139624656 0.08857697652379425 0.0406412886788484 0.5022906862789798 0.04000675533155245 0.5022906864038469 0.14655649910112706
63 0.3104189671562392 0.14655649911978771 0.17286933280286884 0.17286933234687718 0.1845572101102549 0.26024516145416354 0.16031365475857112 0.17549022281672988 0.2974025866288738 0.14655649967622766 0.1728693321479411 0.31041896844922523 0.14655649922783215 0.40892624287160295 0.3173420613062131 0.43618987835568546 0.14655649866441667 0.19851299953009408 0.14655649860487352 0.9305398991478571
160 0.3104189671562392 0.14655649911978771 0.17286933280286884 0.17286933234687718 0.1845572101102549 0.26024516145416354 0.16031365475857112 0.17549022281672988 0.2974025866288738 0.14655649967622766 0.1728693321479411 0.31041896844922523 0.14655649922783215 0.40892624287160295 0.3173420613062131 0.43618987835568546 0.14655649866441667 0.19851299953009408 0.14655649860487352 0.9305398991478571
191 0.231843839184061 0.13799660013306564 0.3859377763366622 0.3859377777884817 -0.00823774623781376 0.6484772533726806 0.21771730711981954 0.5951609980020521 0.15760786829346604 0.13799658986010158 0.3859377766465733 0.23184383881912524 0.13799658999309755 0.2465367120273937 0.24598311438396422 -0.022879355956985 0.13799659171565995 -0.0013416536993816584 0.1379965977430038 0.4621731704553947
205 0.3104189671562392 0.14655649911978771 0.17286933280286884 0.17286933234687718 0.1845572101102549 0.26024516145416354 0.16031365475857112 0.17549022281672988 0.2974025866288738 0.14655649967622766 0.1728693321479411 0.31041896844922523 0.14655649922783215 0.40892624287160295 0.3173420613062131 0.43618987835568546 0.14655649866441667 0.19851299953009408 0.14655649860487352 0.9305398991478571
45 0.12341902583728799 0.21048321320707136 0.06176500789293491 0.06176500703203803 0.3198956024406523 0.12792044271093686 0.24488685366822135 0.30270241814640514 0.8662062834236429 0.21048321219200816 0.06176500719422869 0.12341902654661265 0.2104832119821054 0.46935028624691977 0.12457042844561499 0.23732680716932092 0.21048321197527697 0.5795163929734255 0.21048321253106686 0.26554074405013167
178 0.07123301026060926 0.5022906857052216 0.08122515895311258 0.08122515896332766 -0.0006909954857895577 0.31126110581616473 0.48621217511313325 0.46712727000276844 0.228780977244404 0.5022906870732234 0.08122515919440601 0.07123301113253912 0.5022906868938317 0.26864041139624656 0.08857697652379425 0.0406412886788484 0.5022906862789798 0.04000675533155245 0.5022906864038469 0.14655649910112706
37 0.132339792315727 0.26864041160139274 0.0460519457185949 0.04605194482758506 0.27597800805553624 0.15953834097345665 0.27500403158346803 0.28122196488613 0.49238191216675187 0.2686404115066225 0.046051944877450186 0.13233979331749587 0.26864041149520995 0.851335193787217 0.18274787461699454 0.2604840612388242 0.268640411163708 0.3252096903663428 0.2686404113371842 0.4089262428716066
201 0.07123301026060926 0.5022906857052216 0.08122515895311258 0.08122515896332766 -0.0006909954857895577 0.31126110581616473 0.48621217511313325 0.46712727000276844 0.228780977244404 0.5022906870732234 0.08122515919440601 0.07123301113253912 0.5022906868938317 0.26864041139624656 0.08857697652379425 0.0406412886788484 0.5022906862789798 0.04000675533155245 0.5022906864038469 0.14655649910112706
216 0.39340792246561884 0.08122515961575878 0.6932179441664674 0.693217943887382 -0.011107205227724095 0.2465953462247716 0.08373063269416718 0.08690954187994196 0.0629068454503567 0.08122515946702022 0.693217943487872 0.3934079234795393 0.0812251589762225 0.04605194522576425 0.32073833236167404 0.03433746492481858 0.08122515889661476 0.017570056294674685 0.0812251585284072 0.17286933238835187
211 0.5301860637814334 0.07896662168569876 0.3227742439323562 0.3227742424682574 0.10979984032887938 0.23140809192004214 0.12061708810741571 0.009230140188867553 0.1570981398229162 0.07896662664658353 0.3227742429746794 0.5301860666245619 0.07896662614387953 0.20857411469502957 0.33286076841927076 0.5245062430205787 0.07896662448531731 0.21696984457931295 0.07896662151732031 0.6897272417747355
208 0.42436552193092586 0.03947111188906119 0.08645642211938885 0.08645642151208595 0.40619961385435405 0.04493347761033031 0.04865859919884125 0.04109877374349051 0.3004540148235443 0.03947111230780504 0.08645642140099206 0.4243655233117608 0.03947111206668008 0.23717593639713933 0.3730834781652795 0.9257998007665753 0.0394711119238468 0.343427977217332 0.03947111146133742 0.41294647843315163
85 0.5552412504790359 0.08144120236949429 0.3070348867157041 0.3070348858302734 0.12565119381419618 0.24476553118084282 0.09048896349948392 0.0045700686783763595 0.12772144015381878 0.08144120521751491 0.3070348858939206 0.555241252955084 0.08144120481011788 0.1945228645554647 0.31954386111123395 0.48499379643659507 0.08144120361528513 0.22149930291154998 0.08144120190556252 0.7166841654222
88 0.07123301026060926 0.5022906857052216 0.08122515895311258 0.08122515896332766 -0.0006909954857895577 0.31126110581616473 0.48621217511313325 0.46712727000276844 0.228780977244404 0.5022906870732234 0.08122515919440601 0.07123301113253912 0.5022906868938317 0.26864041139624656 0.08857697652379425 0.0406412886788484 0.5022906862789798 0.04000675533155245 0.5022906864038469 0.14655649910112706
135 0.20511643202681626 0.13946969161425754 0.401056670662554 0.4010566719086158 -0.012966068896931417 0.6177946731635016 0.24819406917211137 0.6050000232401808 0.18019575649743097 0.13946968308177488 0.4010566707823577 0.20511643160824342 0.13946968294969733 0.24772745223455628 0.26661679444211905 0.0017635219971467153 0.1394696844438967 -0.008411153714267585 0.13946968950737387 0.4396681050832242
44 0.1520418033328148 0.03308675637984484 0.009213500887560677 0.00921350000965084 0.8127003195088064 0.017587887098575294 0.026303013590305853 0.06472786476539497 0.5179554781706236 0.03308675474588739 0.009213499769362319 0.15204180367975312 0.03308675459407383 0.2673199826198894 0.21152559526636672 0.5450827894344542 0.03308675495368874 0.7361218254670016 0.03308675560356025 0.21081901312267884
47 0.11725934537938032 0.02191425272348786 4.718515467465925e-05 4.718391607036901e-05 0.8695481227374311 0.012575389096655417 0.022320839212730606 0.011972590865268425 0.4029954282033109 0.021914252927821228 4.718389011177957e-05 0.11725934597850989 0.02191425275286588 0.31292307897369276 0.12751231394934304 0.3612563966386137 0.02191425274230944 0.8758341990949482 0.021914252322312085 0.19422900113471867
7 0.10956683500402394 0.011517763157535494 -0.01437205283234869 -0.014372053853926344 0.9196968071128719 -0.007143689482219576 -0.0072851593957306135 -0.006918792874782742 0.30358480293192486 0.011517762298291098 -0.014372054024772069 0.10956683541535321 0.011517762207141555 0.4263190642101907 0.13261822064278792 0.3710548700241694 0.011517762472072441 0.7989449759337823 0.01151776259761887 0.21642048234115668
6 0.16318866693967615 0.0803763574129128 0.029523866903403174 0.029523865859216618 0.6579267499620387 0.10812923488870026 0.08879029860466474 0.09566408522728716 0.5297703129535364 0.08037635753681484 0.029523865966370952 0.16318866757174383 0.08037635718570102 0.50304995359232 0.33019454921141933 0.4205204203798104 0.08037635702982675 0.7377188330634749 0.08037635676288359 0.2526267903250937
95 0.07123301026060926 0.5022906857052216 0.08122515895311258 0.08122515896332766 -0.0006909954857895577 0.31126110581616473 0.48621217511313325 0.46712727000276844 0.228780977244404 0.5022906870732234 0.08122515919440601 0.07123301113253912 0.5022906868938317 0.26864041139624656 0.08857697652379425 0.0406412886788484 0.5022906862789798 0.04000675533155245 0.5022906864038469 0.14655649910112706
217 0.39340792246561884 0.08122515961575878 0.6932179441664674 0.693217943887382 -0.011107205227724095 0.2465953462247716 0.08373063269416718 0.08690954187994196 0.0629068454503567 0.08122515946702022 0.693217943487872 0.3934079234795393 0.0812251589762225 0.04605194522576425 0.32073833236167404 0.03433746492481858 0.08122515889661476 0.017570056294674685 0.0812251585284072 0.17286933238835187
210 0.3659842703901659 0.12502330512162116 0.4028109641969274 0.4028109633406932 0.085083076430573 0.4884880505218063 0.20306752141640375 0.21569356960964303 0.22742738447373206 0.1250233073498946 0.4028109633747441 0.3659842720511664 0.12502330653748642 0.24239323435308646 0.4707796576436783 0.2019735310965162 0.1250233057214336 0.09135453079716287 0.1250233043631534 0.6328760741964695
127 0.06994309624312126 0.4862121744723119 0.08373063251846728 0.08373063254996051 -0.0001260848655551305 0.3080372195581846 0.5050607063422072 0.5213499963445023 0.23185534827078014 0.4862121757395234 0.08373063268752497 0.06994309718734182 0.48621217543271783 0.27500403158330333 0.08710678044265747 0.03764463117702345 0.4862121748851744 0.03610673363443457 0.48621217522568977 0.16031365475843404
53 0.11240469064874778 0.12565277251322549 0.014578810042735271 0.014578809014274443 0.6054682561652355 0.04074734284112929 0.1267519918040337 0.1308908781128655 0.6767179435082076 0.12565277244712778 0.014578808998002124 0.11240469125098769 0.12565277214775494 0.5254702382168689 0.17582204888325803 0.36846773251832377 0.12565277211977544 0.7095387735105078 0.12565277199934408 0.2762060552190942
54 0.13344960569564926 0.09587763599869452 0.02432791918374619 0.024327918859226715 0.6494983743074233 0.030669440766291963 0.0713916488178822 0.17680779805587052 0.7514480755264196 0.09587763159045294 0.02432791837507382 0.13344960571415504 0.09587763138704931 0.3623332970925424 0.11571758620368912 0.398921491545183 0.09587763246073872 0.7127766401032551 0.09587763491056965 0.250808243078981
177 0.07123301026060926 0.5022906857052216 0.08122515895311258 0.08122515896332766 -0.0006909954857895577 0.31126110581616473 0.48621217511313325 0.46712727000276844 0.228780977244404 0.5022906870732234 0.08122515919440601 0.07123301113253912 0.5022906868938317 0.26864041139624656 0.08857697652379425 0.0406412886788484 0.5022906862789798 0.04000675533155245 0.5022906864038469 0.14655649910112706
172 0.39340792246561884 0.08122515961575878 0.6932179441664674 0.693217943887382 -0.011107205227724095 0.2465953462247716 0.08373063269416718 0.08690954187994196 0.0629068454503567 0.08122515946702022 0.693217943487872 0.3934079234795393 0.0812251589762225 0.04605194522576425 0.32073833236167404 0.03433746492481858 0.08122515889661476 0.017570056294674685 0.0812251585284072 0.17286933238835187
163 0.08183720742121411 0.02407625614217946 -0.04748593865748769 -0.047485939241573065 0.504561774722309 -0.07233148840530568 0.0021243234027258887 0.0008799783152587589 0.17219246429952006 0.02407625533185802 -0.04748593950338699 0.08183720732456201 0.024076255179139777 0.3201368906770008 0.2362864565132553 1.1193127497200657 0.024076255400382572 0.2728347657001281 0.024076255342059816 0.31580590381857077
66 0.6528399903256874 0.07123301107634172 0.39340792287751974 0.39340792276944486 0.12108861184354035 0.2076035159735194 0.06994309657035572 0.06861493923245737 0.13750237027692766 0.07123301085950409 0.3934079226480049 0.6528399921537814 0.07123301046789067 0.13233979275179844 0.5809241920471361 0.31960100663909313 0.07123300997101849 0.1347579483053576 0.07123301010509492 0.31041896781563866
155 0.39340792246561884 0.08122515961575878 0.6932179441664674 0.693217943887382 -0.011107205227724095 0.2465953462247716 0.08373063269416718 0.08690954187994196 0.0629068454503567 0.08122515946702022 0.693217943487872 0.3934079234795393 0.0812251589762225 0.04605194522576425 0.32073833236167404 0.03433746492481858 0.08122515889661476 0.017570056294674685 0.0812251585284072 0.17286933238835187
183 0.39340792246561884 0.08122515961575878 0.6932179441664674 0.693217943887382 -0.011107205227724095 0.2465953462247716 0.08373063269416718 0.08690954187994196 0.0629068454503567 0.08122515946702022 0.693217943487872 0.3934079234795393 0.0812251589762225 0.04605194522576425 0.32073833236167404 0.03433746492481858 0.08122515889661476 0.017570056294674685 0.0812251585284072 0.17286933238835187
70 0.07254145079941961 0.02628440122711849 -0.05097127063079289 -0.050971271096895386 0.5482971493647413 -0.08225086848706929 -0.005424637256210059 0.005033383494453743 0.1945313316590662 0.02628439970337195 -0.05097127145544478 0.07254145042329609 0.026284399578295464 0.3624068944771507 0.28566008570920676 1.0657357713730915 0.026284399905224486 0.26303802172120794 0.026284400225783763 0.3105455111781653
176 0.07123301026060926 0.5022906857052216 0.08122515895311258 0.08122515896332766 -0.0006909954857895577 0.31126110581616473 0.48621217511313325 0.46712727000276844 0.228780977244404 0.5022906870732234 0.08122515919440601 0.07123301113253912 0.5022906868938317 0.26864041139624656 0.08857697652379425 0.0406412886788484 0.5022906862789798 0.04000675533155245 0.5022906864038469 0.14655649910112706
206 0.3104189671562392 0.14655649911978771 0.17286933280286884 0.17286933234687718 0.1845572101102549 0.26024516145416354 0.16031365475857112 0.17549022281672988 0.2974025866288738 0.14655649967622766 0.1728693321479411 0.31041896844922523 0.14655649922783215 0.40892624287160295 0.3173420613062131 0.43618987835568546 0.14655649866441667 0.19851299953009408 0.14655649860487352 0.9305398991478571
81 0.3435619526345589 0.05927909011671274 0.04502893381301033 0.04502893345427359 0.5035993632344522 0.11031031637836362 0.044514030686393126 0.05033669275488757 0.35158603820411527 0.05927908955254139 0.045028933203799575 0.34356195362873737 0.05927908931934668 0.34893132475976346 0.5764498344363083 0.762471162158801 0.05927908929803396 0.4018974668748417 0.05927908927284783 0.3388889340671702
84 0.5552412504790359 0.08144120236949429 0.3070348867157041 0.3070348858302734 0.12565119381419618 0.24476553118084282 0.09048896349948392 0.0045700686783763595 0.12772144015381878 0.08144120521751491 0.3070348858939206 0.555241252955084 0.08144120481011788 0.1945228645554647 0.31954386111123395 0.48499379643659507 0.08144120361528513 0.22149930291154998 0.08144120190556252 0.7166841654222
142 0.39340792246561884 0.08122515961575878 0.6932179441664674 0.693217943887382 -0.011107205227724095 0.2465953462247716 0.08373063269416718 0.08690954187994196 0.0629068454503567 0.08122515946702022 0.693217943487872 0.3934079234795393 0.0812251589762225 0.04605194522576425 0.32073833236167404 0.03433746492481858 0.08122515889661476 0.017570056294674685 0.0812251585284072 0.17286933238835187
48 0.1092352626580014 0.11807541969473857 0.026612046859175984 0.026612045960973184 0.5966455012945528 0.04878200099513414 0.09980257229430839 0.1289428549552707 0.7038781776645977 0.11807541799477102 0.02661204585538807 0.10923526310361664 0.11807541785435026 0.3533723429713424 0.09039523606456329 0.27124382206972203 0.11807541820300399 0.8694356430158995 0.11807541897652958 0.20839285806294758
213 0.40529336478711364 0.07929536137952828 0.5005712995989078 0.5005712998245738 0.06405400446380742 0.28225016575604495 0.12602599918308602 0.22925585044845795 0.21442662886225747 0.07929535938285674 0.500571299016703 0.40529336596577686 0.07929535882465093 0.1699957884252067 0.26215517002394545 0.24424006271592189 0.07929535908943704 0.0816031021646984 0.07929536034539013 0.6621055063415229
3 0.11068670191013548 0.23527240394486054 0.05316857557509264 0.0531685744232916 0.29936731063445404 0.13665458907531536 0.2776892929823268 0.2775616023475402 0.8165145749304575 0.23527240561839963 0.05316857473973966 0.11068670295454139 0.2352724056121893 0.4839336570263072 0.1479557262382855 0.21657634428717001 0.2352724047593709 0.6085581693652914 0.23527240407348707 0.250840726736657
100 0.07123301026060926 0.5022906857052216 0.08122515895311258 0.08122515896332766 -0.0006909954857895577 0.31126110581616473 0.48621217511313325 0.46712727000276844 0.228780977244404 0.5022906870732234 0.08122515919440601 0.07123301113253912 0.5022906868938317 0.26864041139624656 0.08857697652379425 0.0406412886788484 0.5022906862789798 0.04000675533155245 0.5022906864038469 0.14655649910112706
20 0.09145220741868502 0.07756034700562132 -0.002060698778965827 -0.0020606999744783353 0.7370978744631761 0.0034708356487068133 0.0738376109642581 0.05492047463407015 0.5496917118319281 0.07756034752358114 -0.002060699965199202 0.09145220802025865 0.077560347247854 0.4082208557556108 0.1491509968850233 0.33116380753066726 0.0775603471673514 0.855657719008337 0.0775603465588524 0.2187953101921787
0 0.09613806561443619 0.020042592597703603 -0.014612427048153184 -0.014612428166048264 0.9052664266073207 -0.02265234311386003 0.015957668725052866 0.01897759247268994 0.42615780487059074 0.020042592121330395 -0.014612428266852117 0.09613806609787214 0.02004259207888772 0.2655346427139687 0.08481171612187942 0.39597441275989964 0.020042592232841907 0.8337096617784975 0.02004259209923777 0.19161138540433517
35 0.167888037871692 0.08268976447730174 0.04044973499976619 0.04044973428630916 0.6506856961415152 0.1480206377456453 0.047051644108348493 0.06005182412830938 0.415459715822315 0.08268976265375023 0.0404497340022647 0.16788803842368422 0.08268976252735334 0.6235114071294023 0.20364503503484926 0.2854840357883394 0.08268976277720828 0.8245286082343661 0.08268976364595307 0.2347589023042179
98 0.07123301026060926 0.5022906857052216 0.08122515895311258 0.08122515896332766 -0.0006909954857895577 0.31126110581616473 0.48621217511313325 0.46712727000276844 0.228780977244404 0.5022906870732234 0.08122515919440601 0.07123301113253912 0.5022906868938317 0.26864041139624656 0.08857697652379425 0.0406412886788484 0.5022906862789798 0.04000675533155245 0.5022906864038469 0.14655649910112706
68 0.39340792246561884 0.08122515961575878 0.6932179441664674 0.693217943887382 -0.011107205227724095 0.2465953462247716 0.08373063269416718 0.08690954187994196 0.0629068454503567 0.08122515946702022 0.693217943487872 0.3934079234795393 0.0812251589762225 0.04605194522576425 0.32073833236167404 0.03433746492481858 0.08122515889661476 0.017570056294674685 0.0812251585284072 0.17286933238835187
180 0.07123301026060926 0.5022906857052216 0.08122515895311258 0.08122515896332766 -0.0006909954857895577 0.31126110581616473 0.48621217511313325 0.46712727000276844 0.228780977244404 0.5022906870732234 0.08122515919440601 0.07123301113253912 0.5022906868938317 0.26864041139624656 0.08857697652379425 0.0406412886788484 0.5022906862789798 0.04000675533155245 0.5022906864038469 0.14655649910112706
69 0.39340792246561884 0.08122515961575878 0.6932179441664674 0.693217943887382 -0.011107205227724095 0.2465953462247716 0.08373063269416718 0.08690954187994196 0.0629068454503567 0.08122515946702022 0.693217943487872 0.3934079234795393 0.0812251589762225 0.04605194522576425 0.32073833236167404 0.03433746492481858 0.08122515889661476 0.017570056294674685 0.0812251585284072 0.17286933238835187
218 0.5809241913050431 0.08857697689268837 0.3207383322849057 0.32073833250484685 0.1369521950248173 0.36599589075145467 0.08710678044269793 0.08474338626679556 0.15937416033627982 0.08857697693659639 0.3207383322343519 0.5809241929243955 0.08857697669802035 0.18274787461699776 0.7411717005793484 0.28316451136159676 0.08857697601014164 0.14389953977469844 0.08857697604420756 0.3173420613062122
118 0.2076535038655868 0.29063421115258226 0.2575396555952566 0.2575396553880086 -0.0023352785649257304 0.8911541381374984 0.32271050760881287 0.3596931357564675 0.1243564408565551 0.29063421068040046 0.2575396556021998 0.20765350490068868 0.2906342106982183 0.163412164675888 0.3630123551260458 0.003473381783395978 0.29063420996367356 0.04067232043285847 0.2906342102917073 0.2930092057557201
113 0.3104189671562392 0.14655649911978771 0.17286933280286884 0.17286933234687718 0.1845572101102549 0.26024516145416354 0.16031365475857112 0.17549022281672988 0.2974025866288738 0.14655649967622766 0.1728693321479411 0.31041896844922523 0.14655649922783215 0.40892624287160295 0.3173420613062131 0.43618987835568546 0.14655649866441667 0.19851299953009408 0.14655649860487352 0.9305398991478571
77 0.6528399903256874 0.07123301107634172 0.39340792287751974 0.39340792276944486 0.12108861184354035 0.2076035159735194 0.06994309657035572 0.06861493923245737 0.13750237027692766 0.07123301085950409 0.3934079226480049 0.6528399921537814 0.07123301046789067 0.13233979275179844 0.5809241920471361 0.31960100663909313 0.07123300997101849 0.1347579483053576 0.07123301010509492 0.31041896781563866
120 0.06861493892032416 0.46712726968923574 0.08690954179258635 0.08690954182701395 -0.00012374452760379611 0.30320981884532994 0.5213499963447061 0.5817518993877954 0.23534949607215475 0.4671272705305818 0.086909541906125 0.0686149398088384 0.46712726987531655 0.2812219648862362 0.08474338626682192 0.03463433336871387 0.46712726977037405 0.0324725503558829 0.46712726995775383 0.17549022281678248
130 0.40182852213605363 0.11354426044369534 0.19320938950579225 0.1932093897193715 0.12749006724421083 0.6485153969607423 0.12225521698226612 0.1555006787652822 0.13380230647564834 0.11354425951592757 0.19320938941581037 0.4018285227023264 0.11354425902523406 0.25780089688140534 0.853792417650759 0.2044605640725158 0.11354425901561943 0.21630222331476334 0.11354425911033789 0.30453648297903113
25 0.20101036749725892 0.15469455049121728 0.10653935997244515 0.10653935895647798 0.3439669330161802 0.35365272978833273 0.1727069419417381 0.14558891650577854 0.5487360915104114 0.15469455188582995 0.10653935913211834 0.20101036876618927 0.1546945513692333 0.555164021174003 0.30401268767865736 0.220656475644139 0.1546945509800777 0.7792515013083854 0.15469454999920318 0.2410698984149056
125 0.20760351549463515 0.31126110596356976 0.24659534632929492 0.2465953460290182 -0.0047875119064731565 0.9032540508801427 0.30803721955822677 0.30320981884526454 0.12149428398180809 0.31126110629294695 0.2465953460833497 0.20760351666025642 0.31126110595224965 0.1595383409734545 0.3659958907514491 0.011395355315237114 0.3112611053938351 0.04710338536034168 0.3112611056836209 0.26024516145415905
190 0.3974355303444457 0.1258709126514589 0.3863382194756188 0.3863382192831303 0.09795912934558554 0.5130732687152971 0.17160705107415297 0.20611042189390838 0.20039544625518382 0.12587091305313206 0.3863382188481097 0.3974355319929854 0.12587091269145823 0.23400744009474442 0.45536106202864157 0.16536217711112008 0.1258709123610083 0.09513507048415779 0.12587091187128654 0.6650305759901087
139 0.3941313431941209 0.12193904054664446 0.1883533138126597 0.18835331396193175 0.1201279155754041 0.6701323255938795 0.12022841193095529 0.13208938323216196 0.131263791976138 0.12193904044218512 0.18835331364888067 0.39413134390443033 0.12193903994427407 0.26117247876435096 0.8507813760263937 0.2056107009395946 0.12193903948629616 0.22443898668146095 0.12193903967268663 0.28816252866491576
215 0.5031886135875988 0.10591517440963247 0.2588361429923168 0.25883614319403647 0.1350110789838739 0.5091683757279926 0.1020662564838314 0.09687241548733105 0.15731298059307858 0.10591517457239072 0.2588361430044786 0.503188614788593 0.10591517408554608 0.22215537355760762 0.8223872039829306 0.24988189019692242 0.10591517362656708 0.17206253218900727 0.10591517337553018 0.3067989774091848
193 0.28474381779192404 0.14402997501647105 0.1870749070879036 0.1870749058937527 0.16911367963556398 0.24299116403532026 0.19206514853078693 0.18441119708876194 0.3344588698974523 0.14402997683969118 0.18707490611892985 0.28474381909875207 0.14402997626081004 0.42242099262149224 0.3269341963108543 0.47623178658901455 0.1440299755632605 0.19109936228100946 0.14402997429062764 0.8894220509641005
117 0.2076535038655868 0.29063421115258226 0.2575396555952566 0.2575396553880086 -0.0023352785649257304 0.8911541381374984 0.32271050760881287 0.3596931357564675 0.1243564408565551 0.29063421068040046 0.2575396556021998 0.20765350490068868 0.2906342106982183 0.163412164675888 0.3630123551260458 0.003473381783395978 0.29063420996367356 0.04067232043285847 0.2906342102917073 0.2930092057557201
14 0.15642041709781032 0.035258233461937974 0.007643434350307949 0.007643433614801575 0.802138637706314 0.015984422785793397 0.023851744184120973 0.05473775927600334 0.5179513946966103 0.03525823190604403 0.007643433312692067 0.15642041750132477 0.035258231821768855 0.2698803918281672 0.22175947445064842 0.5869352556200674 0.03525823213626824 0.7109730907458359 0.035258232729697095 0.2106505025506915
94 0.06882503054963937 0.02842594006983296 -0.05138310002339935 -0.051383100569425834 0.5375040983305956 -0.08336718064821998 -0.0019322268643138284 -0.003118466938150127 0.19510487421772169 0.028425939012684358 -0.05138310084750208 0.06882503034901773 0.028425938913968312 0.37302318898132025 0.2960203544211303 1.059327806762257 0.028425939175617893 0.2736798407818143 0.02842593925885598 0.30769940089272707
36 0.12372603587830949 0.10502214731912203 0.015012854343652609 0.015012853563220869 0.6295878239802329 0.029947242961535423 0.11294946947266236 0.18374086888777266 0.7002744869954244 0.105022145347967 0.015012853318362352 0.1237260361754738 0.1050221451057518 0.45890816232415893 0.16437379312763378 0.3922224385707999 0.10502214564035166 0.6709914492008221 0.10502214671587422 0.3319444921947055
93 0.07123301026060926 0.5022906857052216 0.08122515895311258 0.08122515896332766 -0.0006909954857895577 0.31126110581616473 0.48621217511313325 0.46712727000276844 0.228780977244404 0.5022906870732234 0.08122515919440601 0.07123301113253912 0.5022906868938317 0.26864041139624656 0.08857697652379425 0.0406412886788484 0.5022906862789798 0.04000675533155245 0.5022906864038469 0.14655649910112706
146 0.4263683602690294 0.0852257681501221 0.17404952316775324 0.17404952178348734 0.13946890198456507 0.1354588125829684 0.10426687634986495 0.004804118966447426 0.19636181017212928 0.08522577194734833 0.1740495220656866 0.4263683627519964 0.08522577164466054 0.27115033493225044 0.23261313884313833 0.7461582870752939 0.08522577028606564 0.27520388839806553 0.08522576791385206 0.7985047500533917
86 0.2083495841242743 0.13189815429645543 0.4545249012786493 0.45452490239844723 0.0012387869768335199 0.5335576273844748 0.23020890089931303 0.5772402242074828 0.24093161331589033 0.1318981458813487 0.45452490116254385 0.20834958365875134 0.13189814578763062 0.1636362295637558 0.27048338821620693 0.008971493474378195 0.1318981471408861 -0.04090282595430456 0.13189815227224286 0.4723975108581781
157 0.33015950221651896 0.04250710504017236 0.028685357809964188 0.028685357308884673 0.45502121719222893 0.012688758513998455 0.026032824071598737 0.033511178466857 0.29282744055152937 0.0425071040600762 0.028685357079793736 0.3301595030384887 0.04250710385424157 0.25057102865075387 0.28344843455771357 1.0000970386274215 0.04250710393077891 0.3480793446692892 0.0425071041881255 0.4536931908690826
200 0.07123301026060926 0.5022906857052216 0.08122515895311258 0.08122515896332766 -0.0006909954857895577 0.31126110581616473 0.48621217511313325 0.46712727000276844 0.228780977244404 0.5022906870732234 0.08122515919440601 0.07123301113253912 0.5022906868938317 0.26864041139624656 0.08857697652379425 0.0406412886788484 0.5022906862789798 0.04000675533155245 0.5022906864038469 0.14655649910112706
203 0.23280564937411938 0.1877664545200252 0.3646919922751019 0.3646919926979007 0.002237842181074056 0.7413940590259044 0.2577367014140538 0.4917528294348444 0.15291629380654626 0.18776644869884324 0.364691992010104 0.23280564981856788 0.18776644850700835 0.25150764907520534 0.284153884232879 -0.021844095807673283 0.18776644933400086 -0.009488567324388332 0.18776645290638128 0.4273785226965261
43 0.17983302475773907 0.06945486519447469 0.04663064878934987 0.04663064814693198 0.6861280327092754 0.12360142258982607 0.04138203985911471 0.07264322106683908 0.5170768445592401 0.06945486296119276 0.046630647778372926 0.17983302525400982 0.06945486288546297 0.45697844496032675 0.18445357619351677 0.32979825907176324 0.06945486330407279 0.850137351015522 0.06945486440652571 0.2271518116002793
46 0.17795748701677438 0.07617810612262872 0.030351737087722222 0.030351736174932222 0.6474646714947999 0.07746218812947815 0.0881585836578531 0.10125678225259171 0.5920523847658743 0.07617810609746489 0.030351736000222652 0.17795748734174133 0.07617810577439998 0.3883675972916065 0.3573147630699855 0.5336014213307327 0.07617810573970417 0.6707248368069642 0.07617810545071346 0.2660272542204985
187 0.39340792246561884 0.08122515961575878 0.6932179441664674 0.693217943887382 -0.011107205227724095 0.2465953462247716 0.08373063269416718 0.08690954187994196 0.0629068454503567 0.08122515946702022 0.693217943487872 0.3934079234795393 0.0812251589762225 0.04605194522576425 0.32073833236167404 0.03433746492481858 0.08122515889661476 0.017570056294674685 0.0812251585284072 0.17286933238835187
78 0.6528399903256874 0.07123301107634172 0.39340792287751974 0.39340792276944486 0.12108861184354035 0.2076035159735194 0.06994309657035572 0.06861493923245737 0.13750237027692766 0.07123301085950409 0.3934079226480049 0.6528399921537814 0.07123301046789067 0.13233979275179844 0.5809241920471361 0.31960100663909313 0.07123300997101849 0.1347579483053576 0.07123301010509492 0.31041896781563866
29 0.10110940597378014 0.2751353132884962 0.03849428032827906 0.038494278946973694 0.25890978574404766 0.1672658410200325 0.3113487469731991 0.2625068007262521 0.5803146481875302 0.27513531643122413 0.03849427937814859 0.1011094072217384 0.2751353162316528 0.6828500454244238 0.15472713569864877 0.16600371830410054 0.2751353150611892 0.6169270067623066 0.2751353133845818 0.23352422975312193
22 0.09599207269930515 0.14243257620049085 0.00992072976063973 0.009920728370822415 0.574822371535594 0.03628655892334048 0.1498032066009799 0.11079061715973819 0.6857578158888062 0.14243257752357705 0.009920728708273886 0.09599207337292968 0.14243257737530085 0.453288494087357 0.20815102082179396 0.34110920286159147 0.14243257677831195 0.7658078711386097 0.14243257578914179 0.24576718182734875
134 0.5767776270926473 0.0683953153656476 0.4529074193972806 0.45290741793322775 0.08660420546003907 0.31911540621156376 0.09681231541169334 0.009626201734515267 0.0762707044001052 0.06839531928675698 0.4529074183904106 0.576777629658617 0.06839531881286216 0.12347519899412905 0.40023601173965995 0.2572485216589905 0.0683953173832546 0.15096655881003404 0.06839531523998642 0.5204515710091642
169 0.07123301026060926 0.5022906857052216 0.08122515895311258 0.08122515896332766 -0.0006909954857895577 0.31126110581616473 0.48621217511313325 0.46712727000276844 0.228780977244404 0.5022906870732234 0.08122515919440601 0.07123301113253912 0.5022906868938317 0.26864041139624656 0.08857697652379425 0.0406412886788484 0.5022906862789798 0.04000675533155245 0.5022906864038469 0.14655649910112706
209 0.20511643202681626 0.13946969161425754 0.401056670662554 0.4010566719086158 -0.012966068896931417 0.6177946731635016 0.24819406917211137 0.6050000232401808 0.18019575649743097 0.13946968308177488 0.4010566707823577 0.20511643160824342 0.13946968294969733 0.24772745223455628 0.26661679444211905 0.0017635219971467153 0.1394696844438967 -0.008411153714267585 0.13946968950737387 0.4396681050832242
49 0.10018351126817893 0.04102530888668125 -0.0106511637589807 -0.010651164797678471 0.8562447327320779 -0.011250239541070692 0.020653976923917294 0.028614413629821155 0.4639920412616857 0.04102530765731377 -0.010651164936024854 0.1001835116818631 0.041025307609370766 0.3734447239187833 0.11239475389057238 0.3838316863436143 0.04102530788104635 0.8221781696873851 0.04102530832124012 0.19340431181987552
126 0.06994309624312126 0.4862121744723119 0.08373063251846728 0.08373063254996051 -0.0001260848655551305 0.3080372195581846 0.5050607063422072 0.5213499963445023 0.23185534827078014 0.4862121757395234 0.08373063268752497 0.06994309718734182 0.48621217543271783 0.27500403158330333 0.08710678044265747 0.03764463117702345 0.4862121748851744 0.03610673363443457 0.48621217522568977 0.16031365475843404
186 0.6528399903256874 0.07123301107634172 0.39340792287751974 0.39340792276944486 0.12108861184354035 0.2076035159735194 0.06994309657035572 0.06861493923245737 0.13750237027692766 0.07123301085950409 0.3934079226480049 0.6528399921537814 0.07123301046789067 0.13233979275179844 0.5809241920471361 0.31960100663909313 0.07123300997101849 0.1347579483053576 0.07123301010509492 0.31041896781563866
82 0.20606672311221433 0.18864347830076122 0.38006533595913616 0.3800653364916232 -0.0026159411526081727 0.7095986625576697 0.28773417199323065 0.502830320529472 0.1755603705582444 0.18864347422500005 0.38006533580483454 0.2060667234674428 0.18864347391821784 0.25263885495452937 0.30433041283162104 0.002786383374046707 0.18864347445147023 -0.01646049599166528 0.18864347668849155 0.40529017472528167
72 0.07123301026060926 0.5022906857052216 0.08122515895311258 0.08122515896332766 -0.0006909954857895577 0.31126110581616473 0.48621217511313325 0.46712727000276844 0.228780977244404 0.5022906870732234 0.08122515919440601 0.07123301113253912 0.5022906868938317 0.26864041139624656 0.08857697652379425 0.0406412886788484 0.5022906862789798 0.04000675533155245 0.5022906864038469 0.14655649910112706
12 0.08839596413514679 0.023690888004791768 -0.013038567340740596 -0.013038568687259484 0.876991436393577 -0.02203093454005651 0.029382599339369306 0.007680007305974325 0.4130453934555817 0.023690888765209694 -0.013038568622933178 0.08839596484254121 0.023690888698454742 0.2883579886098786 0.08314694726270598 0.33035165886365814 0.02369088847980671 0.8882094991022651 0.023690887716644134 0.19102120269157782
173 0.39340792246561884 0.08122515961575878 0.6932179441664674 0.693217943887382 -0.011107205227724095 0.2465953462247716 0.08373063269416718 0.08690954187994196 0.0629068454503567 0.08122515946702022 0.693217943487872 0.3934079234795393 0.0812251589762225 0.04605194522576425 0.32073833236167404 0.03433746492481858 0.08122515889661476 0.017570056294674685 0.0812251585284072 0.17286933238835187
105 0.6528399903256874 0.07123301107634172 0.39340792287751974 0.39340792276944486 0.12108861184354035 0.2076035159735194 0.06994309657035572 0.06861493923245737 0.13750237027692766 0.07123301085950409 0.3934079226480049 0.6528399921537814 0.07123301046789067 0.13233979275179844 0.5809241920471361 0.31960100663909313 0.07123300997101849 0.1347579483053576 0.07123301010509492 0.31041896781563866
153 0.5031886135875988 0.10591517440963247 0.2588361429923168 0.25883614319403647 0.1350110789838739 0.5091683757279926 0.1020662564838314 0.09687241548733105 0.15731298059307858 0.10591517457239072 0.2588361430044786 0.503188614788593 0.10591517408554608 0.22215537355760762 0.8223872039829306 0.24988189019692242 0.10591517362656708 0.17206253218900727 0.10591517337553018 0.3067989774091848
112 0.3104189671562392 0.14655649911978771 0.17286933280286884 0.17286933234687718 0.1845572101102549 0.26024516145416354 0.16031365475857112 0.17549022281672988 0.2974025866288738 0.14655649967622766 0.1728693321479411 0.31041896844922523 0.14655649922783215 0.40892624287160295 0.3173420613062131 0.43618987835568546 0.14655649866441667 0.19851299953009408 0.14655649860487352 0.9305398991478571
114 0.1263255831715998 0.16548895838839842 0.10648974201756972 0.10648974313370016 0.1784126509226656 0.08435204546367189 0.20108866485265647 0.5173576587096965 0.43746637153266255 0.16548894892699964 0.10648974185471964 0.1263255825868586 0.16548894913074852 0.48707288385201647 0.05040200274322519 0.32768032064571334 0.16548895097154934 0.10875543156506613 0.16548895643873282 0.9016385762495532
21 0.13750236990773762 0.22878097723780966 0.06290684603194284 0.06290684508924957 0.3221517964745815 0.12149428398181063 0.23185534827095614 0.23534949607202688 0.8879851930889947 0.22878097763412675 0.06290684535845542 0.1375023707972436 0.2287809772333578 0.49238191216675536 0.15937416033627883 0.30891806399755556 0.22878097704164105 0.4697715761818933 0.2287809770852694 0.2974025866288793
197 0.07123301026060926 0.5022906857052216 0.08122515895311258 0.08122515896332766 -0.0006909954857895577 0.31126110581616473 0.48621217511313325 0.46712727000276844 0.228780977244404 0.5022906870732234 0.08122515919440601 0.07123301113253912 0.5022906868938317 0.26864041139624656 0.08857697652379425 0.0406412886788484 0.5022906862789798 0.04000675533155245 0.5022906864038469 0.14655649910112706
185 0.6528399903256874 0.07123301107634172 0.39340792287751974 0.39340792276944486 0.12108861184354035 0.2076035159735194 0.06994309657035572 0.06861493923245737 0.13750237027692766 0.07123301085950409 0.3934079226480049 0.6528399921537814 0.07123301046789067 0.13233979275179844 0.5809241920471361 0.31960100663909313 0.07123300997101849 0.1347579483053576 0.07123301010509492 0.31041896781563866
159 0.23280564937411938 0.1877664545200252 0.3646919922751019 0.3646919926979007 0.002237842181074056 0.7413940590259044 0.2577367014140538 0.4917528294348444 0.15291629380654626 0.18776644869884324 0.364691992010104 0.23280564981856788 0.18776644850700835 0.25150764907520534 0.284153884232879 -0.021844095807673283 0.18776644933400086 -0.009488567324388332 0.18776645290638128 0.4273785226965261
9 0.10026469101489914 0.15054521486358363 0.009895913116990198 0.009895912045675645 0.542370918762291 0.06625337413189465 0.13693879499092082 0.11313064927806493 0.47185508676915894 0.1505452151909299 0.00989591219888019 0.10026469188041716 0.1505452150117665 0.7287405503784081 0.15171843408275903 0.22776559131707239 0.15054521473116117 0.772120735742848 0.15054521434835222 0.26154629852782296
152 0.39340792246561884 0.08122515961575878 0.6932179441664674 0.693217943887382 -0.011107205227724095 0.2465953462247716 0.08373063269416718 0.08690954187994196 0.0629068454503567 0.08122515946702022 0.693217943487872 0.3934079234795393 0.0812251589762225 0.04605194522576425 0.32073833236167404 0.03433746492481858 0.08122515889661476 0.017570056294674685 0.0812251585284072 0.17286933238835187
188 0.39340792246561884 0.08122515961575878 0.6932179441664674 0.693217943887382 -0.011107205227724095 0.2465953462247716 0.08373063269416718 0.08690954187994196 0.0629068454503567 0.08122515946702022 0.693217943487872 0.3934079234795393 0.0812251589762225 0.04605194522576425 0.32073833236167404 0.03433746492481858 0.08122515889661476 0.017570056294674685 0.0812251585284072 0.17286933238835187
13 0.10552014943885005 0.2504065317713644 0.05127180899222034 0.05127180763229582 0.2844082328165764 0.14468308143453948 0.2721864979379529 0.23561658581455783 0.7983968215529711 0.2504065338106964 0.05127180819505854 0.10552015039111852 0.25040653350353625 0.472521575611868 0.14162628668625732 0.19981956525248856 0.2504065327134245 0.6508554851762693 0.2504065317249379 0.22247350741923816
124 0.06994309624312126 0.4862121744723119 0.08373063251846728 0.08373063254996051 -0.0001260848655551305 0.3080372195581846 0.5050607063422072 0.5213499963445023 0.23185534827078014 0.4862121757395234 0.08373063268752497 0.06994309718734182 0.48621217543271783 0.27500403158330333 0.08710678044265747 0.03764463117702345 0.4862121748851744 0.03610673363443457 0.48621217522568977 0.16031365475843404
55 0.10681290303263336 0.12691994109881818 0.020611143757251697 0.020611142660599373 0.5952656010312535 0.04459657116766406 0.11421316617746465 0.11536300355485937 0.7097473207933399 0.12691994062807935 0.02061114267810964 0.10681290358566672 0.12691994048619665 0.3886913080066885 0.13495463638461702 0.30860635754034915 0.1269199405111764 0.8249748957058709 0.12691994059595485 0.21860645908573845
167 0.07123301026060926 0.5022906857052216 0.08122515895311258 0.08122515896332766 -0.0006909954857895577 0.31126110581616473 0.48621217511313325 0.46712727000276844 0.228780977244404 0.5022906870732234 0.08122515919440601 0.07123301113253912 0.5022906868938317 0.26864041139624656 0.08857697652379425 0.0406412886788484 0.5022906862789798 0.04000675533155245 0.5022906864038469 0.14655649910112706
76 0.07123301026060926 0.5022906857052216 0.08122515895311258 0.08122515896332766 -0.0006909954857895577 0.31126110581616473 0.48621217511313325 0.46712727000276844 0.228780977244404 0.5022906870732234 0.08122515919440601 0.07123301113253912 0.5022906868938317 0.26864041139624656 0.08857697652379425 0.0406412886788484 0.5022906862789798 0.04000675533155245 0.5022906864038469 0.14655649910112706
174 0.09411908828613606 0.020307617597011687 -0.04270395021439995 -0.042703950875893404 0.450781163960925 -0.06090234948538851 0.010766244107665131 0.0021009457792708856 0.1397372320336093 0.02030761731494748 -0.04270395103052544 0.09411908841482808 0.02030761720313285 0.2664663472556342 0.16842705268043873 1.1639891953549037 0.020307617340365163 0.28549570732892987 0.02030761697439335 0.330226567565733
50 0.09793811254736896 0.0708752337691249 0.008035176270361962 0.008035175126404134 0.7287594349260919 0.013198398887466139 0.06217305772028526 0.0565842151227201 0.5562654961670225 0.07087523351412207 0.008035175135165265 0.09793811308529696 0.07087523329994445 0.31611332392532343 0.07470670523766706 0.27255365554350136 0.07087523330014307 0.9329507584177352 0.07087523326256533 0.19979425364817746
62 0.23280564937411938 0.1877664545200252 0.3646919922751019 0.3646919926979007 0.002237842181074056 0.7413940590259044 0.2577367014140538 0.4917528294348444 0.15291629380654626 0.18776644869884324 0.364691992010104 0.23280564981856788 0.18776644850700835 0.25150764907520534 0.284153884232879 -0.021844095807673283 0.18776644933400086 -0.009488567324388332 0.18776645290638128 0.4273785226965261
103 0.39340792246561884 0.08122515961575878 0.6932179441664674 0.693217943887382 -0.011107205227724095 0.2465953462247716 0.08373063269416718 0.08690954187994196 0.0629068454503567 0.08122515946702022 0.693217943487872 0.3934079234795393 0.0812251589762225 0.04605194522576425 0.32073833236167404 0.03433746492481858 0.08122515889661476 0.017570056294674685 0.0812251585284072 0.17286933238835187
204 0.23280564937411938 0.1877664545200252 0.3646919922751019 0.3646919926979007 0.002237842181074056 0.7413940590259044 0.2577367014140538 0.4917528294348444 0.15291629380654626 0.18776644869884324 0.364691992010104 0.23280564981856788 0.18776644850700835 0.25150764907520534 0.284153884232879 -0.021844095807673283 0.18776644933400086 -0.009488567324388332 0.18776645290638128 0.4273785226965261
141 0.39340792246561884 0.08122515961575878 0.6932179441664674 0.693217943887382 -0.011107205227724095 0.2465953462247716 0.08373063269416718 0.08690954187994196 0.0629068454503567 0.08122515946702022 0.693217943487872 0.3934079234795393 0.0812251589762225 0.04605194522576425 0.32073833236167404 0.03433746492481858 0.08122515889661476 0.017570056294674685 0.0812251585284072 0.17286933238835187
156 0.39340792246561884 0.08122515961575878 0.6932179441664674 0.693217943887382 -0.011107205227724095 0.2465953462247716 0.08373063269416718 0.08690954187994196 0.0629068454503567 0.08122515946702022 0.693217943487872 0.3934079234795393 0.0812251589762225 0.04605194522576425 0.32073833236167404 0.03433746492481858 0.08122515889661476 0.017570056294674685 0.0812251585284072 0.17286933238835187
202 0.2643964135158047 0.05204339206424402 0.00870816442893648 0.008708164023848905 0.573122485511122 0.0341081333122999 0.030737429323885044 0.05927417065874162 0.3678053571068254 0.052043390254443614 0.008708163709197372 0.2643964137034268 0.05204339008788492 0.3605631254596053 0.4543100513500374 0.8488264880919187 0.05204339027306594 0.3838474544772493 0.05204339100592144 0.3766083090964536
104 0.39340792246561884 0.08122515961575878 0.6932179441664674 0.693217943887382 -0.011107205227724095 0.2465953462247716 0.08373063269416718 0.08690954187994196 0.0629068454503567 0.08122515946702022 0.693217943487872 0.3934079234795393 0.0812251589762225 0.04605194522576425 0.32073833236167404 0.03433746492481858 0.08122515889661476 0.017570056294674685 0.0812251585284072 0.17286933238835187
83 0.20606672311221433 0.18864347830076122 0.38006533595913616 0.3800653364916232 -0.0026159411526081727 0.7095986625576697 0.28773417199323065 0.502830320529472 0.1755603705582444 0.18864347422500005 0.38006533580483454 0.2060667234674428 0.18864347391821784 0.25263885495452937 0.30433041283162104 0.002786383374046707 0.18864347445147023 -0.01646049599166528 0.18864347668849155 0.40529017472528167
196 0.07123301026060926 0.5022906857052216 0.08122515895311258 0.08122515896332766 -0.0006909954857895577 0.31126110581616473 0.48621217511313325 0.46712727000276844 0.228780977244404 0.5022906870732234 0.08122515919440601 0.07123301113253912 0.5022906868938317 0.26864041139624656 0.08857697652379425 0.0406412886788484 0.5022906862789798 0.04000675533155245 0.5022906864038469 0.14655649910112706
107 0.39340792246561884 0.08122515961575878 0.6932179441664674 0.693217943887382 -0.011107205227724095 0.2465953462247716 0.08373063269416718 0.08690954187994196 0.0629068454503567 0.08122515946702022 0.693217943487872 0.3934079234795393 0.0812251589762225 0.04605194522576425 0.32073833236167404 0.03433746492481858 0.08122515889661476 0.017570056294674685 0.0812251585284072 0.17286933238835187
4 0.11378584206782653 0.02261150200413847 0.000368668395696958 0.00036866716497699917 0.8614104370522027 0.012072371485891702 0.028246974512562653 0.011802686558700395 0.4064319076444885 0.022611502597207553 0.0003686671537534336 0.11378584278527328 0.02261150247045787 0.300080866699088 0.12852649229198926 0.3480102822920994 0.02261150222709036 0.8917016826663245 0.022611501706361996 0.19479471967241
131 0.39340792246561884 0.08122515961575878 0.6932179441664674 0.693217943887382 -0.011107205227724095 0.2465953462247716 0.08373063269416718 0.08690954187994196 0.0629068454503567 0.08122515946702022 0.693217943487872 0.3934079234795393 0.0812251589762225 0.04605194522576425 0.32073833236167404 0.03433746492481858 0.08122515889661476 0.017570056294674685 0.0812251585284072 0.17286933238835187
34 0.11540987806300983 0.022481485627433632 -0.00705629896461659 -0.007056300064247924 0.8718321123258992 0.00039118678088121794 0.02143167419946254 0.018117614834813243 0.42448689188303507 0.022481485514488513 -0.007056300163098862 0.11540987851071051 0.022481485372713647 0.3202972796275566 0.19003819738547117 0.4724168090742299 0.022481485458843053 0.7889406373620529 0.022481485122018564 0.1973153048561526
111 0.23280564937411938 0.1877664545200252 0.3646919922751019 0.3646919926979007 0.002237842181074056 0.7413940590259044 0.2577367014140538 0.4917528294348444 0.15291629380654626 0.18776644869884324 0.364691992010104 0.23280564981856788 0.18776644850700835 0.25150764907520534 0.284153884232879 -0.021844095807673283 0.18776644933400086 -0.009488567324388332 0.18776645290638128 0.4273785226965261
57 0.09975926698490871 0.13288665419333773 0.018713705906059135 0.018713704758638778 0.5777517070555684 0.05281013895232314 0.13463711171989676 0.11537858715490723 0.6494350071324039 0.13288665474767206 0.01871370473150423 0.09975926782866806 0.13288665453546375 0.4804337884738687 0.1352897307405571 0.26704557768990445 0.13288665429284552 0.8372411568483958 0.1328866537686536 0.24053701849516707
33 0.113276770286453 0.13131740862647828 0.016145144135783444 0.016145143346714602 0.5945006882262418 0.06348559963831134 0.11161526596870944 0.12743237704437538 0.5648034904919852 0.13131740716717827 0.01614514312767641 0.11327677086411024 0.13131740722268526 0.6303360778332285 0.12129820641496307 0.25575778340947675 0.1313174073103025 0.789796694145356 0.13131740789998603 0.23377864505782137
74 0.07123301026060926 0.5022906857052216 0.08122515895311258 0.08122515896332766 -0.0006909954857895577 0.31126110581616473 0.48621217511313325 0.46712727000276844 0.228780977244404 0.5022906870732234 0.08122515919440601 0.07123301113253912 0.5022906868938317 0.26864041139624656 0.08857697652379425 0.0406412886788484 0.5022906862789798 0.04000675533155245 0.5022906864038469 0.14655649910112706
92 0.07123301026060926 0.5022906857052216 0.08122515895311258 0.08122515896332766 -0.0006909954857895577 0.31126110581616473 0.48621217511313325 0.46712727000276844 0.228780977244404 0.5022906870732234 0.08122515919440601 0.07123301113253912 0.5022906868938317 0.26864041139624656 0.08857697652379425 0.0406412886788484 0.5022906862789798 0.04000675533155245 0.5022906864038469 0.14655649910112706
110 0.23280564937411938 0.1877664545200252 0.3646919922751019 0.3646919926979007 0.002237842181074056 0.7413940590259044 0.2577367014140538 0.4917528294348444 0.15291629380654626 0.18776644869884324 0.364691992010104 0.23280564981856788 0.18776644850700835 0.25150764907520534 0.284153884232879 -0.021844095807673283 0.18776644933400086 -0.009488567324388332 0.18776645290638128 0.4273785226965261
207 0.1263255831715998 0.16548895838839842 0.10648974201756972 0.10648974313370016 0.1784126509226656 0.08435204546367189 0.20108866485265647 0.5173576587096965 0.43746637153266255 0.16548894892699964 0.10648974185471964 0.1263255825868586 0.16548894913074852 0.48707288385201647 0.05040200274322519 0.32768032064571334 0.16548895097154934 0.10875543156506613 0.16548895643873282 0.9016385762495532
129 0.40182852213605363 0.11354426044369534 0.19320938950579225 0.1932093897193715 0.12749006724421083 0.6485153969607423 0.12225521698226612 0.1555006787652822 0.13380230647564834 0.11354425951592757 0.19320938941581037 0.4018285227023264 0.11354425902523406 0.25780089688140534 0.853792417650759 0.2044605640725158 0.11354425901561943 0.21630222331476334 0.11354425911033789 0.30453648297903113
10 0.08658559867835645 0.01130550197044911 -0.015637224585313192 -0.015637226066406905 0.9008864887864684 -0.027222921006891613 0.028906895118999236 -0.004001453587916254 0.3710333876209129 0.011305503430340622 -0.015637225906933706 0.08658559952472505 0.011305503261311436 0.24172498021332364 0.05922667071477143 0.31000553079632087 0.01130550293742191 0.904954336533123 0.011305501779279732 0.1884349572410782
194 0.3396328622675384 0.09446402001310711 0.24603899012761948 0.24603899021042328 0.1289746596506437 0.13785244753098577 0.10036321964291647 0.21794196817090536 0.31383826734218406 0.09446401598838247 0.24603898956310336 0.33963286341373217 0.09446401573658375 0.2921137482245013 0.10834600659396995 0.5585214774398592 0.0944640163843194 0.17162328664967272 0.09446401872077737 0.919586755602923
140 0.3941313431941209 0.12193904054664446 0.1883533138126597 0.18835331396193175 0.1201279155754041 0.6701323255938795 0.12022841193095529 0.13208938323216196 0.131263791976138 0.12193904044218512 0.18835331364888067 0.39413134390443033 0.12193903994427407 0.26117247876435096 0.8507813760263937 0.2056107009395946 0.12193903948629616 0.22443898668146095 0.12193903967268663 0.28816252866491576
133 0.3519474480264183 0.0420551537155489 0.05718766018675218 0.05718766007703206 0.5286282992287055 0.07693977325204196 0.03965161205031571 0.09709291859766105 0.36428134311725163 0.04205515187156498 0.05718765966178248 0.35194744861929 0.04205515150016723 0.31909746484325485 0.5336577208533385 0.7862857800397115 0.04205515166829953 0.37156873471170776 0.04205515263946066 0.3480820155094502
175 0.07123301026060926 0.5022906857052216 0.08122515895311258 0.08122515896332766 -0.0006909954857895577 0.31126110581616473 0.48621217511313325 0.46712727000276844 0.228780977244404 0.5022906870732234 0.08122515919440601 0.07123301113253912 0.5022906868938317 0.26864041139624656 0.08857697652379425 0.0406412886788484 0.5022906862789798 0.04000675533155245 0.5022906864038469 0.14655649910112706
15 0.09978997899330319 0.06819940325597519 0.005871452592803933 0.005871451521968487 0.7462455525735844 0.00925760078230933 0.05993607569289091 0.06477674389579795 0.5686105634029769 0.06819940279462838 0.005871451505024066 0.09978997947132838 0.06819940256462596 0.33137704642525384 0.09235846648240745 0.30985712747740796 0.06819940272370265 0.8929462710702645 0.0681994028446789 0.20603956966341802
32 0.2135441556582882 0.05576899865484146 0.038782386912835705 0.038782386498437675 0.6764816629241338 0.06424644844277609 0.04901099929591582 0.12824513145582808 0.5625157901580139 0.05576899573765009 0.038782386007761425 0.21354415593190618 0.05576899553544603 0.4149716014337857 0.2989050283227802 0.5824879634994574 0.055768996083923175 0.5861785997331218 0.05576899762493726 0.3370150288822045
58 0.126760239173496 0.04967145140488373 -0.004606441323397098 -0.004606442329025498 0.7701694001636687 0.026409590716130447 0.04384108321920695 0.03943767282809776 0.4406363637148161 0.04967145117172992 -0.0046064424257275536 0.12676023956064744 0.04967145098670661 0.4858633889031089 0.3123711792921807 0.5047598740388924 0.04967145101092298 0.6953326165511621 0.04967145074665715 0.25502291250100073
219 0.5809241913050431 0.08857697689268837 0.3207383322849057 0.32073833250484685 0.1369521950248173 0.36599589075145467 0.08710678044269793 0.08474338626679556 0.15937416033627982 0.08857697693659639 0.3207383322343519 0.5809241929243955 0.08857697669802035 0.18274787461699776 0.7411717005793484 0.28316451136159676 0.08857697601014164 0.14389953977469844 0.08857697604420756 0.3173420613062122
138 0.40529336478711364 0.07929536137952828 0.5005712995989078 0.5005712998245738 0.06405400446380742 0.28225016575604495 0.12602599918308602 0.22925585044845795 0.21442662886225747 0.07929535938285674 0.500571299016703 0.40529336596577686 0.07929535882465093 0.1699957884252067 0.26215517002394545 0.24424006271592189 0.07929535908943704 0.0816031021646984 0.07929536034539013 0.6621055063415229
128 0.20760351549463515 0.31126110596356976 0.24659534632929492 0.2465953460290182 -0.0047875119064731565 0.9032540508801427 0.30803721955822677 0.30320981884526454 0.12149428398180809 0.31126110629294695 0.2465953460833497 0.20760351666025642 0.31126110595224965 0.1595383409734545 0.3659958907514491 0.011395355315237114 0.3112611053938351 0.04710338536034168 0.3112611056836209 0.26024516145415905
171 0.5809241913050431 0.08857697689268837 0.3207383322849057 0.32073833250484685 0.1369521950248173 0.36599589075145467 0.08710678044269793 0.08474338626679556 0.15937416033627982 0.08857697693659639 0.3207383322343519 0.5809241929243955 0.08857697669802035 0.18274787461699776 0.7411717005793484 0.28316451136159676 0.08857697601014164 0.14389953977469844 0.08857697604420756 0.3173420613062122
221 0.39340792246561884 0.08122515961575878 0.6932179441664674 0.693217943887382 -0.011107205227724095 0.2465953462247716 0.08373063269416718 0.08690954187994196 0.0629068454503567 0.08122515946702022 0.693217943487872 0.3934079234795393 0.0812251589762225 0.04605194522576425 0.32073833236167404 0.03433746492481858 0.08122515889661476 0.017570056294674685 0.0812251585284072 0.17286933238835187
2 0.21722500569682274 0.06085344914624099 0.041174322172418086 0.041174321646597456 0.6540378179406982 0.052556190457558355 0.050495030538458226 0.10667593948858907 0.607190645834645 0.06085344668094603 0.041174321284629105 0.21722500600870037 0.06085344649306289 0.3278147073055968 0.3005833548579653 0.6421714776238646 0.06085344687017512 0.5943782191158418 0.06085344806414285 0.2841211156751457
132 0.39340792246561884 0.08122515961575878 0.6932179441664674 0.693217943887382 -0.011107205227724095 0.2465953462247716 0.08373063269416718 0.08690954187994196 0.0629068454503567 0.08122515946702022 0.693217943487872 0.3934079234795393 0.0812251589762225 0.04605194522576425 0.32073833236167404 0.03433746492481858 0.08122515889661476 0.017570056294674685 0.0812251585284072 0.17286933238835187
170 0.5809241913050431 0.08857697689268837 0.3207383322849057 0.32073833250484685 0.1369521950248173 0.36599589075145467 0.08710678044269793 0.08474338626679556 0.15937416033627982 0.08857697693659639 0.3207383322343519 0.5809241929243955 0.08857697669802035 0.18274787461699776 0.7411717005793484 0.28316451136159676 0.08857697601014164 0.14389953977469844 0.08857697604420756 0.3173420613062122
31 0.18916082640371265 0.07781028248544583 0.03934385516249926 0.03934385527016804 0.6557434925043182 0.1488776910550426 0.002894872672481732 0.07957640886988814 0.3195883216913682 0.07781027719925117 0.0393438544400092 0.18916082668863282 0.07781027697832579 0.7381691821751843 0.182341593185634 0.2881689511921803 0.07781027812555284 0.7188335681869045 0.07781028111811117 0.2814681939394127
147 0.28474381779192404 0.14402997501647105 0.1870749070879036 0.1870749058937527 0.16911367963556398 0.24299116403532026 0.19206514853078693 0.18441119708876194 0.3344588698974523 0.14402997683969118 0.18707490611892985 0.28474381909875207 0.14402997626081004 0.42242099262149224 0.3269341963108543 0.47623178658901455 0.1440299755632605 0.19109936228100946 0.14402997429062764 0.8894220509641005
162 0.1263255831715998 0.16548895838839842 0.10648974201756972 0.10648974313370016 0.1784126509226656 0.08435204546367189 0.20108866485265647 0.5173576587096965 0.43746637153266255 0.16548894892699964 0.10648974185471964 0.1263255825868586 0.16548894913074852 0.48707288385201647 0.05040200274322519 0.32768032064571334 0.16548895097154934 0.10875543156506613 0.16548895643873282 0.9016385762495532
115 0.19051366618039461 0.019104580700004828 -0.030655656006421162 -0.030655656493436625 0.4466054585311196 -0.03211907569202059 0.012531667837078332 0.008670662482627857 0.13813928898550665 0.0191045803499619 -0.030655656723059525 0.19051366654776924 0.019104580219089756 0.2561909400911854 0.2261996147495685 1.1496284377941532 0.01910458033733436 0.28709578115675827 0.0191045800232473 0.3265565561671085
119 0.2076535038655868 0.29063421115258226 0.2575396555952566 0.2575396553880086 -0.0023352785649257304 0.8911541381374984 0.32271050760881287 0.3596931357564675 0.1243564408565551 0.29063421068040046 0.2575396556021998 0.20765350490068868 0.2906342106982183 0.163412164675888 0.3630123551260458 0.003473381783395978 0.29063420996367356 0.04067232043285847 0.2906342102917073 0.2930092057557201
144 0.20606672311221433 0.18864347830076122 0.38006533595913616 0.3800653364916232 -0.0026159411526081727 0.7095986625576697 0.28773417199323065 0.502830320529472 0.1755603705582444 0.18864347422500005 0.38006533580483454 0.2060667234674428 0.18864347391821784 0.25263885495452937 0.30433041283162104 0.002786383374046707 0.18864347445147023 -0.01646049599166528 0.18864347668849155 0.40529017472528167
16 0.1763210981873418 0.07139623124661007 0.0407668236575209 0.04076682273578463 0.6651436640360099 0.08638688638582429 0.0736373525561399 0.08730722078545623 0.613794270111391 0.07139623075401509 0.04076682265004089 0.17632109877331714 0.07139623063156988 0.3343293283827097 0.2823242430863083 0.47023338588844943 0.07139623064975484 0.7685746624847635 0.07139623061445069 0.22370153788771466
220 0.39340792246561884 0.08122515961575878 0.6932179441664674 0.693217943887382 -0.011107205227724095 0.2465953462247716 0.08373063269416718 0.08690954187994196 0.0629068454503567 0.08122515946702022 0.693217943487872 0.3934079234795393 0.0812251589762225 0.04605194522576425 0.32073833236167404 0.03433746492481858 0.08122515889661476 0.017570056294674685 0.0812251585284072 0.17286933238835187
41 0.10269358496328944 0.12716006917056302 0.02034368327478494 0.020343682209123165 0.5859231037315225 0.05279601011426491 0.125696635358203 0.12914388836655885 0.6525005787186277 0.12716006897595994 0.0203436823058614 0.10269358554216784 0.1271600688329239 0.4532985109324735 0.11858569541286469 0.2543267328012348 0.1271600688313169 0.8548741188806103 0.1271600689367781 0.2300717152247727
75 0.07123301026060926 0.5022906857052216 0.08122515895311258 0.08122515896332766 -0.0006909954857895577 0.31126110581616473 0.48621217511313325 0.46712727000276844 0.228780977244404 0.5022906870732234 0.08122515919440601 0.07123301113253912 0.5022906868938317 0.26864041139624656 0.08857697652379425 0.0406412886788484 0.5022906862789798 0.04000675533155245 0.5022906864038469 0.14655649910112706
1 0.09889689768612271 0.07237564763661182 0.0026818706829764096 0.0026818696115695757 0.7476495737337608 0.009837304114187092 0.060699935580508506 0.05809423290853581 0.5515569777497108 0.07237564707248968 0.0026818695350100145 0.09889689819184751 0.07237564703167752 0.3822822655010291 0.11027558033228543 0.3126537482350367 0.07237564711434077 0.8786186502299477 0.0723756470970792 0.20451394063223857
214 0.5031886135875988 0.10591517440963247 0.2588361429923168 0.25883614319403647 0.1350110789838739 0.5091683757279926 0.1020662564838314 0.09687241548733105 0.15731298059307858 0.10591517457239072 0.2588361430044786 0.503188614788593 0.10591517408554608 0.22215537355760762 0.8223872039829306 0.24988189019692242 0.10591517362656708 0.17206253218900727 0.10591517337553018 0.3067989774091848
179 0.07123301026060926 0.5022906857052216 0.08122515895311258 0.08122515896332766 -0.0006909954857895577 0.31126110581616473 0.48621217511313325 0.46712727000276844 0.228780977244404 0.5022906870732234 0.08122515919440601 0.07123301113253912 0.5022906868938317 0.26864041139624656 0.08857697652379425 0.0406412886788484 0.5022906862789798 0.04000675533155245 0.5022906864038469 0.14655649910112706
17 0.09972687809622682 0.03872838188742003 -0.0061058647335699425 -0.006105865819685588 0.8448015499175494 -0.00961013754588997 0.028593537567067916 0.03268386727280794 0.48765489497853004 0.03872838119375715 -0.006105865916496593 0.099726878693226 0.03872838102440223 0.28774916163965114 0.0849034775386949 0.35836328180377397 0.03872838126496618 0.8681028174136216 0.038728381327383925 0.18683696677523023
143 0.3089273843315594 0.06267937338288565 0.03566624625460252 0.035666245888141344 0.5195070863234869 0.1306625568807646 0.05026788310431713 0.06692216595616718 0.35561007589213484 0.0626793725165865 0.03566624575717982 0.30892738476525844 0.06267937216434236 0.3871434968863046 0.6238432801754972 0.6995945103792004 0.06267937207131366 0.42031513666392806 0.0626793723321361 0.3245099260801664
