87 0.03468440406754367 -0.04107911459508004 0.03468440502608515 0.3264749803657745 0.06197234707033375 0.034684405170649316 0.10503844743158494 0.18755474790411625 0.00848227533288227 1.0283699546805218 -0.0507779594277859 -0.0410791150348571 0.008482275241107791 -0.05077795936419538 0.4611484709151643 0.21023808026409943 -0.04107911518947949 0.3524601201900816 0.43638633628352097 -0.050777959192321455
123 0.5964672855626847 0.23900644800976564 0.5964672870663302 0.04729474197993896 0.11791559879790198 0.5964672883780328 0.09025301036855361 0.1665292758308379 0.5705214822021449 0.08849544930079925 0.07196281785904171 0.23900644860673537 0.5705214822346655 0.07196281765343403 0.1649256589392876 0.060529084606543784 0.23900644675049257 0.06199303711756788 0.015010158303801943 0.07196281917324658
135 0.18198120217306119 0.4113626843959569 0.18198120342576396 0.18571674579876948 0.3455694030518523 0.18198120428943398 0.35931457643182446 0.12678208017815537 0.11187060840219613 0.17517309254475188 0.3537293020565315 0.4113626852384589 0.1118706088151434 0.35372930173455136 0.5293200733770693 0.48395919318603775 0.411362683662234 0.22178166540152033 0.0809298550814756 0.3537293034779104
43 0.07021362124148424 0.06749357414336815 0.07021362195762962 0.9056241757720475 0.1680926127611164 0.07021362197285619 0.12002413282072759 0.5965092795472767 0.05562841594178854 0.3591842248883418 0.012575447931122193 0.06749357410339557 0.05562841584573286 0.012575447993074466 0.22816027416349025 0.11907718721036903 0.06749357354688455 0.14159008883604776 0.7256524688560798 0.012575448552670374
214 0.09025301015004551 0.24288969743980104 0.09025301011582362 0.1338126762907944 0.6102261875485225 0.09025301077369972 0.6356636928609444 0.12578052142679189 0.08658481789767103 0.31636343854770027 0.30303254255661677 0.24288969754812942 0.08658481819570128 0.3030325425075 0.2848930158016458 0.4243660018681907 0.24288969688030926 0.5689384502370761 0.11357252447917891 0.30303254311741445
114 0.15976174007717356 0.2682983208108499 0.15976173719963116 0.24376270875211245 -0.004688411317984239 0.15976173795671136 0.08049050072186066 0.3392493380927122 0.3810820890620775 0.2573122693530189 0.0700668912010942 0.26829832084405864 0.381082089194353 0.07006689104292839 0.9980684599442525 0.0563375595586133 0.2682983203744762 0.2249871903482006 0.17742041739953046 0.07006689147197431
210 0.23900644728300338 0.624913455860769 0.2390064475406939 0.03225970236359229 0.27968622491236944 0.23900644845383498 0.24288969732117777 0.06858384967287232 0.25573634779198684 0.048772861303060605 0.26332471163534577 0.6249134567353785 0.2557363483431264 0.2633247110945578 0.2721683091038701 0.25249531983925094 0.6249134553947463 0.18708158172188727 0.009131997356683793 0.26332471305883104
69 0.07196281815413386 0.2633247119374573 0.07196281802316662 -0.004098186401489873 0.24482054290308503 0.07196281902724877 0.30303254265434687 0.024751241018861447 0.07084000180111616 0.011388884310274947 0.658520291581226 0.26332471263594925 0.07084000222675968 0.6585202911146553 0.12616080235330093 0.39701897380075224 0.26332471147179604 0.3733244163035654 -0.004912359844299163 0.658520292785397
196 0.5964672855626847 0.23900644800976564 0.5964672870663302 0.04729474197993896 0.11791559879790198 0.5964672883780328 0.09025301036855361 0.1665292758308379 0.5705214822021449 0.08849544930079925 0.07196281785904171 0.23900644860673537 0.5705214822346655 0.07196281765343403 0.1649256589392876 0.060529084606543784 0.23900644675049257 0.06199303711756788 0.015010158303801943 0.07196281917324658
81 0.0726929250674565 0.04924140601663475 0.07269292530914391 0.4026377704326872 0.28198560004635104 0.07269292571044565 0.3400818653504127 0.41851272607784734 0.07314477124596903 0.9308588892049304 0.009813649545380753 0.049241405939986896 0.07314477115095554 0.009813649484731434 0.432296297583328 0.17813566077731474 0.0492414056619081 0.34000600986169704 0.4706685276348142 0.009813649737533956
41 0.20141616855649377 0.10524035755586877 0.20141616936225004 0.919626822746543 0.1499357099124375 0.20141616961568626 0.1014506413270668 0.6447250439356915 0.2032900236420658 0.3962058828107154 0.008670294267849156 0.10524035771531984 0.20329002351947426 0.00867029427978763 0.30974512414233674 0.09935788545781365 0.10524035657690436 0.1007868867620584 0.410332559813021 0.008670295343916142
46 0.03656942778747603 0.02260045196836826 0.036569428078181074 0.6815295185028688 0.1423078917367929 0.03656942818849633 0.15365925996395735 0.6369780422600031 0.03739050944584383 0.5551926609893479 0.00017764104068849747 0.022600451941140916 0.03739050931063441 0.00017764113374514048 0.2133267605431362 0.10308345218209583 0.022600451562184865 0.12679925575483234 0.8341135386327099 0.00017764139011092544
115 0.031171228971742525 -0.011651843487955999 0.03117122944454262 0.3926550783408926 0.21032226760840583 0.03117122967145273 0.219074937050938 0.23175639562378048 0.03010109660868292 1.0855620707338665 -0.02779714043991802 -0.011651843918534284 0.03010109656031747 -0.027797140374965747 0.38534672142451737 0.19697140332941773 -0.011651844177994423 0.349568413550659 0.38879349513613326 -0.027797140185488973
142 0.07196281815413386 0.2633247119374573 0.07196281802316662 -0.004098186401489873 0.24482054290308503 0.07196281902724877 0.30303254265434687 0.024751241018861447 0.07084000180111616 0.011388884310274947 0.658520291581226 0.26332471263594925 0.07084000222675968 0.6585202911146553 0.12616080235330093 0.39701897380075224 0.26332471147179604 0.3733244163035654 -0.004912359844299163 0.658520292785397
9 0.11596154454177152 0.05421519961345499 0.11596154506023094 0.947756864911945 0.12391997619916216 0.11596154505806525 0.11881795687714643 0.6050164928765607 0.11691385578969382 0.4303484524402658 -0.0021580457362318445 0.05421519962176785 0.11691385566315753 -0.0021580456346187785 0.2925149376619774 0.09641827746445747 0.05421519894350185 0.10003784133413961 0.5757778165131157 -0.0021580449929801087
143 0.0726929250674565 0.04924140601663475 0.07269292530914391 0.4026377704326872 0.28198560004635104 0.07269292571044565 0.3400818653504127 0.41851272607784734 0.07314477124596903 0.9308588892049304 0.009813649545380753 0.049241405939986896 0.07314477115095554 0.009813649484731434 0.432296297583328 0.17813566077731474 0.0492414056619081 0.34000600986169704 0.4706685276348142 0.009813649737533956
189 0.0803571637331991 0.08365424373255886 0.08035716402419113 0.3795574556391854 0.4173036358472359 0.08035716448676414 0.41544295219772887 0.4076443287143347 0.07664035645873872 0.8758536508581792 0.04846472453354747 0.08365424346423682 0.07664035645091354 0.0484647245352439 0.37246531641170916 0.19892003171871425 0.08365424315489597 0.3884478016711368 0.4183726265936747 0.04846472488276974
127 0.5964672855626847 0.23900644800976564 0.5964672870663302 0.04729474197993896 0.11791559879790198 0.5964672883780328 0.09025301036855361 0.1665292758308379 0.5705214822021449 0.08849544930079925 0.07196281785904171 0.23900644860673537 0.5705214822346655 0.07196281765343403 0.1649256589392876 0.060529084606543784 0.23900644675049257 0.06199303711756788 0.015010158303801943 0.07196281917324658
163 0.03235827201743518 -0.03592396007266045 0.03235827320171542 0.28465430767339545 0.07323552143528166 0.03235827336578479 0.09494845366558068 0.1587759297157526 0.0008587029576574985 0.9497758954629079 -0.04739992777399002 -0.03592396056865844 0.0008587028633918859 -0.04739992773474162 0.48157682241762884 0.26719087603456637 -0.03592396067516276 0.4468367763946139 0.4444717035339709 -0.0473999275300566
190 0.16275738568877066 0.6344397573857928 0.1627573840867975 0.03124059641330296 0.17502122829983152 0.162757385100337 0.21666736196574424 0.08434047208220158 0.28303012233446656 0.05882657466169097 0.29384135389077337 0.6344397580517259 0.28303012268198297 0.2938413535724539 0.3026766493668132 0.1712089090352407 0.6344397572043103 0.23547146263625254 0.002919555750276419 0.29384135433944125
28 0.014743148956302497 0.0023789102197587218 0.014743149217791423 0.5505863766682009 0.08158096966915741 0.014743149340699901 0.16392777566073335 0.5925875835977916 0.009106267446273504 0.6054020304227558 -0.01146035469182142 0.0023789101746385594 0.00910626729006194 -0.011460354613795324 0.2173607708373632 0.10545882847666865 0.002378910029996896 0.15658543018359625 0.9239567667174247 -0.011460354610171947
30 0.03362412952840558 0.02042227555020381 0.033624129755019966 0.6161028760520822 0.13799136410560256 0.03362412997681399 0.15122403433507603 0.6630320976280252 0.03367201258913915 0.5460488424517529 0.0003899196498651438 0.02042227552534575 0.03367201247153139 0.00038991968396800915 0.2173087789588306 0.10911790673437265 0.020422275186722887 0.12945459709577165 0.8699739263462678 0.0003899199867863854
199 0.5964672855626847 0.23900644800976564 0.5964672870663302 0.04729474197993896 0.11791559879790198 0.5964672883780328 0.09025301036855361 0.1665292758308379 0.5705214822021449 0.08849544930079925 0.07196281785904171 0.23900644860673537 0.5705214822346655 0.07196281765343403 0.1649256589392876 0.060529084606543784 0.23900644675049257 0.06199303711756788 0.015010158303801943 0.07196281917324658
13 0.1587060813646818 0.24081127867117696 0.15870608323376498 0.9559186394819619 0.4281595875864152 0.15870608337847616 0.16374156891087988 0.3546222878880637 0.09912994802876518 0.3829902985483148 0.05801202543606194 0.2408112785928699 0.09912994799695411 0.058012025275043455 0.26992168462726973 0.18424114642281883 0.24081127741922953 0.21651046276805738 0.31279298022969887 0.05801202632067035
63 0.16492565855173705 0.2721683092765365 0.16492565872536966 0.27274219714354836 0.25825429900025415 0.16492565950048643 0.2848930158016508 0.26246613769070404 0.1756007075891409 0.3860277516523623 0.126160802268863 0.2721683095094833 0.17560070771733702 0.1261608020266581 0.9241822493080433 0.40835019077909 0.2721683085769342 0.2970454818090074 0.19364583634292348 0.12616080320313522
206 0.16492565855173705 0.2721683092765365 0.16492565872536966 0.27274219714354836 0.25825429900025415 0.16492565950048643 0.2848930158016508 0.26246613769070404 0.1756007075891409 0.3860277516523623 0.126160802268863 0.2721683095094833 0.17560070771733702 0.1261608020266581 0.9241822493080433 0.40835019077909 0.2721683085769342 0.2970454818090074 0.19364583634292348 0.12616080320313522
209 0.23900644728300338 0.624913455860769 0.2390064475406939 0.03225970236359229 0.27968622491236944 0.23900644845383498 0.24288969732117777 0.06858384967287232 0.25573634779198684 0.048772861303060605 0.26332471163534577 0.6249134567353785 0.2557363483431264 0.2633247110945578 0.2721683091038701 0.25249531983925094 0.6249134553947463 0.18708158172188727 0.009131997356683793 0.26332471305883104
156 0.07196281815413386 0.2633247119374573 0.07196281802316662 -0.004098186401489873 0.24482054290308503 0.07196281902724877 0.30303254265434687 0.024751241018861447 0.07084000180111616 0.011388884310274947 0.658520291581226 0.26332471263594925 0.07084000222675968 0.6585202911146553 0.12616080235330093 0.39701897380075224 0.26332471147179604 0.3733244163035654 -0.004912359844299163 0.658520292785397
54 0.08824094526732892 0.03133278107285303 0.08824094570716798 0.4627392715539337 0.10481920316164657 0.08824094618397951 0.09905805998742825 0.8817049582359574 0.08372514000836531 0.43287897575042344 0.010109394977427983 0.03133278118879185 0.08372513990956716 0.010109394909915411 0.21246097744762274 0.10245435576394203 0.03133278065921607 0.12154991462167875 0.8293663885467801 0.010109395356744827
155 0.07196281815413386 0.2633247119374573 0.07196281802316662 -0.004098186401489873 0.24482054290308503 0.07196281902724877 0.30303254265434687 0.024751241018861447 0.07084000180111616 0.011388884310274947 0.658520291581226 0.26332471263594925 0.07084000222675968 0.6585202911146553 0.12616080235330093 0.39701897380075224 0.26332471147179604 0.3733244163035654 -0.004912359844299163 0.658520292785397
70 0.03128471061563179 -0.03938604217210415 0.03128471157761046 0.3167681809082212 0.0522914953582656 0.03128471169094832 0.10505256629413591 0.17902540548830911 0.008104592673977 1.0146342423950552 -0.051194573017721255 -0.03938604264050874 0.008104592588088518 -0.051194573008064057 0.4693923754518466 0.20425790017817436 -0.03938604275842273 0.36469080865370346 0.44888067624352174 -0.051194572804939754
149 0.09025301015004551 0.24288969743980104 0.09025301011582362 0.1338126762907944 0.6102261875485225 0.09025301077369972 0.6356636928609444 0.12578052142679189 0.08658481789767103 0.31636343854770027 0.30303254255661677 0.24288969754812942 0.08658481819570128 0.3030325425075 0.2848930158016458 0.4243660018681907 0.24288969688030926 0.5689384502370761 0.11357252447917891 0.30303254311741445
154 0.12301168388647495 0.3136676230394194 0.12301168398495348 0.17667728815758243 0.8201115383469024 0.1230116846948872 0.5640451217778737 0.13869271824852594 0.12343685607000116 0.36485879583411074 0.2065352858843593 0.31366762326808884 0.12343685628924916 0.2065352855520235 0.24629621896188417 0.31862575219626577 0.3136676224375803 0.3869443804638294 0.1072955301253929 0.20653528682068648
35 0.09556931090706351 0.04786257313705072 0.09556931117883817 0.7126500357924501 0.10065985579098491 0.09556931144182594 0.15143062988447845 0.7366206258797942 0.10247497558825552 0.4767496435006747 -0.0002872190402661886 0.04786257313664456 0.1024749754608248 -0.00028721896908546314 0.3077485788460666 0.08877249460105303 0.047862572730383975 0.11715178875878943 0.714397808641723 -0.00028721851668547544
44 0.01602548360060449 0.010891552440825864 0.016025483936023648 0.7054568429760947 0.09142571525343005 0.016025483921039675 0.13878285912802202 0.5766242240368669 0.013509533358107688 0.4758058219691353 -0.007684534100935218 0.01089155234401231 0.01350953320566561 -0.007684534026874266 0.19601390813394864 0.09995082426111845 0.010891552186646242 0.13886256566945343 0.9182340582590798 -0.007684533916356113
25 0.04729474167339094 0.032259702635786425 0.047294742191732214 0.9904316100644829 0.15930008376638125 0.04729474204706751 0.1338126762907983 0.469568445652091 0.04711938594268413 0.4496042928231134 -0.004098186616265262 0.03225970255356104 0.04711938583408067 -0.0040981864881315866 0.2727421971435506 0.11789441421034183 0.03225970199573045 0.10855623152722671 0.6623663454464374 -0.004098186051429971
151 0.07196281815413386 0.2633247119374573 0.07196281802316662 -0.004098186401489873 0.24482054290308503 0.07196281902724877 0.30303254265434687 0.024751241018861447 0.07084000180111616 0.011388884310274947 0.658520291581226 0.26332471263594925 0.07084000222675968 0.6585202911146553 0.12616080235330093 0.39701897380075224 0.26332471147179604 0.3733244163035654 -0.004912359844299163 0.658520292785397
92 0.5705214813287913 0.2557363484375212 0.5705214820236557 0.047119385892599286 0.10605902176019295 0.5705214830425974 0.08658481802410185 0.1680922884072597 0.5986732546715784 0.08851084897683491 0.07084000157409177 0.25573634912334503 0.5986732548172791 0.07084000152156539 0.1756007076420045 0.04997948144409406 0.255736347093165 0.06951137147169882 0.014763719263906135 0.07084000305859842
23 0.03556307496648429 0.007433421035993045 0.03556307524077943 0.8310402150509845 0.08711366312635023 0.03556307517431592 0.12073764596235972 0.5787538012716514 0.04214786467860988 0.44617823200538625 -0.012340856589986309 0.007433420941151738 0.042147864496436455 -0.012340856511824604 0.241944550052348 0.095465416241092 0.007433420606415293 0.0989549155357058 0.814970112903073 -0.012340856237051433
186 0.1179155984176489 0.2796862250962356 0.11791559859768606 0.15930008376637952 0.7533643154285614 0.11791559936830577 0.6102261875485192 0.13426081225443487 0.10605902168300482 0.35065823163377996 0.24482054271040612 0.2796862254701883 0.10605902190998878 0.24482054247439974 0.258254299000251 0.36860841495656427 0.27968622465402637 0.4480823887039188 0.10799773818590246 0.24482054357988403
77 0.12301168388647495 0.3136676230394194 0.12301168398495348 0.17667728815758243 0.8201115383469024 0.1230116846948872 0.5640451217778737 0.13869271824852594 0.12343685607000116 0.36485879583411074 0.2065352858843593 0.31366762326808884 0.12343685628924916 0.2065352855520235 0.24629621896188417 0.31862575219626577 0.3136676224375803 0.3869443804638294 0.1072955301253929 0.20653528682068648
180 0.5964672855626847 0.23900644800976564 0.5964672870663302 0.04729474197993896 0.11791559879790198 0.5964672883780328 0.09025301036855361 0.1665292758308379 0.5705214822021449 0.08849544930079925 0.07196281785904171 0.23900644860673537 0.5705214822346655 0.07196281765343403 0.1649256589392876 0.060529084606543784 0.23900644675049257 0.06199303711756788 0.015010158303801943 0.07196281917324658
88 0.5705214813287913 0.2557363484375212 0.5705214820236557 0.047119385892599286 0.10605902176019295 0.5705214830425974 0.08658481802410185 0.1680922884072597 0.5986732546715784 0.08851084897683491 0.07084000157409177 0.25573634912334503 0.5986732548172791 0.07084000152156539 0.1756007076420045 0.04997948144409406 0.255736347093165 0.06951137147169882 0.014763719263906135 0.07084000305859842
39 0.35757667772950874 0.19052052870900846 0.3575766786095021 0.6095337214257597 0.1517128755861944 0.3575766792560549 0.1488007090417465 0.6812857558624626 0.36765610723426667 0.38117919571819775 0.03205524617710845 0.19052052921907361 0.36765610724284953 0.03205524606057001 0.3529706815348958 0.07434502250113897 0.19052052778567566 0.10873351959570604 0.18182338755413696 0.03205524746728066
118 0.23686537632895677 0.42761269982216155 0.23686537791399886 0.16441516458366112 0.6014064181595662 0.23686537893968412 0.3034779799714292 0.13532128408599922 0.15463929212741243 0.20318983005166438 0.23639338559657347 0.42761270077653796 0.15463929238700927 0.23639338551543368 0.44555620121556105 0.5517130027159376 0.42761269856593376 0.09151965499863808 0.08755034215717336 0.23639338759752693
113 0.16492565855173705 0.2721683092765365 0.16492565872536966 0.27274219714354836 0.25825429900025415 0.16492565950048643 0.2848930158016508 0.26246613769070404 0.1756007075891409 0.3860277516523623 0.126160802268863 0.2721683095094833 0.17560070771733702 0.1261608020266581 0.9241822493080433 0.40835019077909 0.2721683085769342 0.2970454818090074 0.19364583634292348 0.12616080320313522
137 0.09874559863068977 0.1147956869413684 0.09874559947784022 0.22381891698485443 0.2263859852977191 0.0987456001481348 0.21987494135414165 0.22453660403568582 0.07622841966828653 0.4795380285050848 0.14251819442935088 0.11479568693843391 0.07622841973379875 0.14251819435880947 0.8408290400987184 0.5438312257061146 0.1147956862359175 0.4970375511732246 0.2403538736699707 0.1425181951957014
8 0.030865514461555492 0.03033985883861395 0.030865514834539264 0.7591321559021511 0.11437688204823969 0.030865514837705194 0.15643902928014425 0.5838062396001547 0.028612986354052107 0.4388005602462735 -0.003219225114881738 0.030339858766784508 0.028612986241631316 -0.0032192250536693377 0.2621098296207997 0.11301800992189051 0.03033985857205413 0.1420126646626701 0.8583960133603714 -0.0032192248952603573
132 0.07196281815413386 0.2633247119374573 0.07196281802316662 -0.004098186401489873 0.24482054290308503 0.07196281902724877 0.30303254265434687 0.024751241018861447 0.07084000180111616 0.011388884310274947 0.658520291581226 0.26332471263594925 0.07084000222675968 0.6585202911146553 0.12616080235330093 0.39701897380075224 0.26332471147179604 0.3733244163035654 -0.004912359844299163 0.658520292785397
148 0.15976174007717356 0.2682983208108499 0.15976173719963116 0.24376270875211245 -0.004688411317984239 0.15976173795671136 0.08049050072186066 0.3392493380927122 0.3810820890620775 0.2573122693530189 0.0700668912010942 0.26829832084405864 0.381082089194353 0.07006689104292839 0.9980684599442525 0.0563375595586133 0.2682983203744762 0.2249871903482006 0.17742041739953046 0.07006689147197431
3 0.048317768292671745 0.06497806838711952 0.04831776902102039 1.0026374628773236 0.20481811872779956 0.04831776885189125 0.1469172643573729 0.442244993895355 0.03763418868211054 0.42556485652497383 0.007895882736541652 0.06497806819831392 0.03763418855733296 0.00789588280018069 0.24783810918750174 0.12572549606627575 0.06497806781298641 0.15102945297683842 0.6529882409046364 0.007895883207860981
103 0.07196281815413386 0.2633247119374573 0.07196281802316662 -0.004098186401489873 0.24482054290308503 0.07196281902724877 0.30303254265434687 0.024751241018861447 0.07084000180111616 0.011388884310274947 0.658520291581226 0.26332471263594925 0.07084000222675968 0.6585202911146553 0.12616080235330093 0.39701897380075224 0.26332471147179604 0.3733244163035654 -0.004912359844299163 0.658520292785397
152 0.07196281815413386 0.2633247119374573 0.07196281802316662 -0.004098186401489873 0.24482054290308503 0.07196281902724877 0.30303254265434687 0.024751241018861447 0.07084000180111616 0.011388884310274947 0.658520291581226 0.26332471263594925 0.07084000222675968 0.6585202911146553 0.12616080235330093 0.39701897380075224 0.26332471147179604 0.3733244163035654 -0.004912359844299163 0.658520292785397
150 0.09025301015004551 0.24288969743980104 0.09025301011582362 0.1338126762907944 0.6102261875485225 0.09025301077369972 0.6356636928609444 0.12578052142679189 0.08658481789767103 0.31636343854770027 0.30303254255661677 0.24288969754812942 0.08658481819570128 0.3030325425075 0.2848930158016458 0.4243660018681907 0.24288969688030926 0.5689384502370761 0.11357252447917891 0.30303254311741445
218 0.06199303693924598 0.1870815816671709 0.061993036870073834 0.10855623152722918 0.4480823887039251 0.06199303757404643 0.5689384502370713 0.11393823255908064 0.06951137133488557 0.26370892705659865 0.3733244163099636 0.18708158201488934 0.06951137164270887 0.3733244160204211 0.297045481809012 0.4938330522481183 0.1870815818162901 0.700474357258598 0.11893706666257044 0.37332441650817516
85 0.16492565855173705 0.2721683092765365 0.16492565872536966 0.27274219714354836 0.25825429900025415 0.16492565950048643 0.2848930158016508 0.26246613769070404 0.1756007075891409 0.3860277516523623 0.126160802268863 0.2721683095094833 0.17560070771733702 0.1261608020266581 0.9241822493080433 0.40835019077909 0.2721683085769342 0.2970454818090074 0.19364583634292348 0.12616080320313522
93 0.5705214813287913 0.2557363484375212 0.5705214820236557 0.047119385892599286 0.10605902176019295 0.5705214830425974 0.08658481802410185 0.1680922884072597 0.5986732546715784 0.08851084897683491 0.07084000157409177 0.25573634912334503 0.5986732548172791 0.07084000152156539 0.1756007076420045 0.04997948144409406 0.255736347093165 0.06951137147169882 0.014763719263906135 0.07084000305859842
62 0.23900644728300338 0.624913455860769 0.2390064475406939 0.03225970236359229 0.27968622491236944 0.23900644845383498 0.24288969732117777 0.06858384967287232 0.25573634779198684 0.048772861303060605 0.26332471163534577 0.6249134567353785 0.2557363483431264 0.2633247110945578 0.2721683091038701 0.25249531983925094 0.6249134553947463 0.18708158172188727 0.009131997356683793 0.26332471305883104
193 0.06052908421296507 0.25249531955219684 0.060529084320009745 0.11789441421034101 0.3686084149565584 0.060529085128498465 0.4243660018681952 0.09415664117458378 0.04997948134073173 0.17198871239226282 0.39701897340201897 0.2524953205909392 0.04997948168270981 0.39701897335148384 0.40835019077908646 0.7267963352442013 0.2524953193770501 0.49383305224811885 0.11279056391938196 0.397018974749389
119 0.3685651778688051 0.4972361498251022 0.36856517925872495 -0.005745810747228443 0.5781890102255427 0.36856518027230206 0.19361669394070732 0.050473122650877035 0.32722674039115024 0.07224797353788398 0.21087957532369395 0.49723615041167574 0.3272267409029127 0.2108795749043688 0.17422557422631 0.2510237893978712 0.4972361484277112 0.07583759455542843 0.03890447082598698 0.21087957739299162
72 0.5705214813287913 0.2557363484375212 0.5705214820236557 0.047119385892599286 0.10605902176019295 0.5705214830425974 0.08658481802410185 0.1680922884072597 0.5986732546715784 0.08851084897683491 0.07084000157409177 0.25573634912334503 0.5986732548172791 0.07084000152156539 0.1756007076420045 0.04997948144409406 0.255736347093165 0.06951137147169882 0.014763719263906135 0.07084000305859842
204 0.23900644728300338 0.624913455860769 0.2390064475406939 0.03225970236359229 0.27968622491236944 0.23900644845383498 0.24288969732117777 0.06858384967287232 0.25573634779198684 0.048772861303060605 0.26332471163534577 0.6249134567353785 0.2557363483431264 0.2633247110945578 0.2721683091038701 0.25249531983925094 0.6249134553947463 0.18708158172188727 0.009131997356683793 0.26332471305883104
101 0.16129007995893235 0.3302469761111119 0.16129008059530583 0.21224742643938596 0.984738433682584 0.16129008126770106 0.36460945871891265 0.14469598271557688 0.15345539787951173 0.3796683483621326 0.1461127560470039 0.3302469758083907 0.15345539819095402 0.1461127559633517 0.18250046974644224 0.26384732494724505 0.3302469743879227 0.23480384944033497 0.09955816165078604 0.14611275756853698
164 0.369933726585795 0.5046587354380967 0.3699337283800075 -0.002940697779348082 0.5784019466589704 0.36993372931621316 0.19209735247463727 0.05046152969664559 0.31305921909719625 0.06575361809499282 0.19841414185463652 0.5046587360924564 0.3130592193542679 0.19841414159236143 0.1691970382545889 0.2770834802369476 0.5046587342260876 0.08164233777707397 0.0372931883739511 0.19841414336674662
94 0.03500859197080618 -0.03327457627020989 0.035008592150097405 0.4648674505623878 0.16528089050366437 0.035008592369522494 0.15417935610976483 0.2845365173412426 0.04662980099307829 1.1253642037514908 -0.034916548220404874 -0.03327457668544059 0.04662980090159518 -0.034916548171949315 0.38085705689601473 0.14665314785327402 -0.03327457713834244 0.19490889861729752 0.35551864154015506 -0.03491654772356084
45 0.060022722765898665 0.024255962320590036 0.06002272314675838 0.7969242189229365 0.08941561562910018 0.06002272320869247 0.11996153326892714 0.654741227217096 0.05936267027641845 0.4220624874714722 -0.006110371044943574 0.02425596233842121 0.059362670131117005 -0.006110371042557766 0.239317530716065 0.09496334181798366 0.024255961920987737 0.1096167689395084 0.7965268490215757 -0.006110370658214317
169 0.369933726585795 0.5046587354380967 0.3699337283800075 -0.002940697779348082 0.5784019466589704 0.36993372931621316 0.19209735247463727 0.05046152969664559 0.31305921909719625 0.06575361809499282 0.19841414185463652 0.5046587360924564 0.3130592193542679 0.19841414159236143 0.1691970382545889 0.2770834802369476 0.5046587342260876 0.08164233777707397 0.0372931883739511 0.19841414336674662
181 0.13961141105591457 0.2999452899879519 0.13961141142810438 0.17962044521693923 0.8569916061250593 0.1396114121516393 0.5445234471572905 0.1394701104304765 0.12223212655445805 0.36876388999730764 0.2036533880964614 0.2999452902803255 0.12223212673015309 0.20365338782850753 0.2297821942722294 0.32926902859591034 0.2999452891634153 0.3559196779587583 0.10377913183964003 0.20365338896557006
104 0.07196281815413386 0.2633247119374573 0.07196281802316662 -0.004098186401489873 0.24482054290308503 0.07196281902724877 0.30303254265434687 0.024751241018861447 0.07084000180111616 0.011388884310274947 0.658520291581226 0.26332471263594925 0.07084000222675968 0.6585202911146553 0.12616080235330093 0.39701897380075224 0.26332471147179604 0.3733244163035654 -0.004912359844299163 0.658520292785397
200 0.5964672855626847 0.23900644800976564 0.5964672870663302 0.04729474197993896 0.11791559879790198 0.5964672883780328 0.09025301036855361 0.1665292758308379 0.5705214822021449 0.08849544930079925 0.07196281785904171 0.23900644860673537 0.5705214822346655 0.07196281765343403 0.1649256589392876 0.060529084606543784 0.23900644675049257 0.06199303711756788 0.015010158303801943 0.07196281917324658
79 0.07196281815413386 0.2633247119374573 0.07196281802316662 -0.004098186401489873 0.24482054290308503 0.07196281902724877 0.30303254265434687 0.024751241018861447 0.07084000180111616 0.011388884310274947 0.658520291581226 0.26332471263594925 0.07084000222675968 0.6585202911146553 0.12616080235330093 0.39701897380075224 0.26332471147179604 0.3733244163035654 -0.004912359844299163 0.658520292785397
84 0.16492565855173705 0.2721683092765365 0.16492565872536966 0.27274219714354836 0.25825429900025415 0.16492565950048643 0.2848930158016508 0.26246613769070404 0.1756007075891409 0.3860277516523623 0.126160802268863 0.2721683095094833 0.17560070771733702 0.1261608020266581 0.9241822493080433 0.40835019077909 0.2721683085769342 0.2970454818090074 0.19364583634292348 0.12616080320313522
86 0.15976174007717356 0.2682983208108499 0.15976173719963116 0.24376270875211245 -0.004688411317984239 0.15976173795671136 0.08049050072186066 0.3392493380927122 0.3810820890620775 0.2573122693530189 0.0700668912010942 0.26829832084405864 0.381082089194353 0.07006689104292839 0.9980684599442525 0.0563375595586133 0.2682983203744762 0.2249871903482006 0.17742041739953046 0.07006689147197431
89 0.5705214813287913 0.2557363484375212 0.5705214820236557 0.047119385892599286 0.10605902176019295 0.5705214830425974 0.08658481802410185 0.1680922884072597 0.5986732546715784 0.08851084897683491 0.07084000157409177 0.25573634912334503 0.5986732548172791 0.07084000152156539 0.1756007076420045 0.04997948144409406 0.255736347093165 0.06951137147169882 0.014763719263906135 0.07084000305859842
120 0.5043786596810537 0.29316530540716373 0.5043786582504072 0.046650581267304786 0.07603494471616734 0.5043786595078236 0.07522269920027216 0.173406482020694 0.6572301619676038 0.08739654606653981 0.0694406861758621 0.2931653059635317 0.6572301621694073 0.06944068628116097 0.20058120303407864 0.023940138291160973 0.29316530418684356 0.09034741054522344 0.013204570821077797 0.06944068742035527
4 0.05817717487109492 0.04780395268825097 0.05817717547189997 0.5790423100757929 0.15813192668199358 0.0581771757757053 0.1334280549300678 0.7575803624890155 0.04402455371744323 0.42578844175822084 0.018440221136973137 0.04780395276084379 0.04402455359941813 0.018440221142469036 0.20008704014075487 0.1215634535818765 0.047803952257292934 0.1508970678162707 0.8724736713937844 0.018440221533106992
24 0.03984985560547555 0.058871564233936476 0.03984985585785964 0.8862457847134889 0.21218338573560383 0.03984985580698517 0.20879093718045044 0.4564489681733326 0.04492577888944468 0.5613826573750076 0.0014471085147853052 0.05887156396794814 0.04492577879038395 0.001447108590821352 0.32185557729083947 0.12765152804340316 0.05887156356862398 0.15270692275785241 0.6534654176430235 0.0014471089228535277
32 0.05865159220314709 0.04998381501554123 0.05865159266336054 0.6282603685519242 0.1349994087864156 0.05865159288463076 0.21826712975492132 0.646323063534495 0.04838919614600029 0.5952264312995361 0.0083131745056248 0.049983815070616014 0.04838919604896455 0.00831317451319913 0.2550112050414882 0.0927079839689531 0.04998381477571204 0.1992724156555365 0.7844813439746613 0.008313174756100477
57 0.033351885076790586 0.02750896283322156 0.033351885599575005 0.6870035792532526 0.11276965646386088 0.0333518856531487 0.12952561974313856 0.6474859498840079 0.02245775845242001 0.4150092468819347 0.0026205631388084892 0.02750896281426803 0.022457758337820086 0.0026205631835718676 0.192942673175745 0.11090542428097609 0.02750896248926477 0.1444868864751697 0.9097724918622447 0.0026205634677798507
75 0.5705214813287913 0.2557363484375212 0.5705214820236557 0.047119385892599286 0.10605902176019295 0.5705214830425974 0.08658481802410185 0.1680922884072597 0.5986732546715784 0.08851084897683491 0.07084000157409177 0.25573634912334503 0.5986732548172791 0.07084000152156539 0.1756007076420045 0.04997948144409406 0.255736347093165 0.06951137147169882 0.014763719263906135 0.07084000305859842
5 0.2191964406801633 0.28293578944586034 0.21919644243120748 0.761277306053535 0.3376957919160566 0.21919644287835285 0.1944033693556508 0.6049728033914851 0.16255454245364337 0.3063073619918531 0.07480750250311508 0.2829357895943036 0.16255454250341048 0.07480750224471756 0.27119767118044735 0.15302095581724376 0.28293578846761513 0.22615989655021584 0.332584189268866 0.07480750339956985
60 0.08849544894217513 0.048772861729976406 0.08849544925809581 0.4496042928231123 0.3506582316337793 0.08849544977141859 0.3163634385477077 0.44464974087384096 0.0885108489951868 0.9495289782383349 0.011388884188910913 0.04877286138992801 0.08851084904926096 0.011388884003951046 0.38602775165236286 0.17198871239226418 0.04877286096703447 0.26370892705659404 0.42504373389474026 0.011388884667105753
14 -0.008778099079279072 -0.00501133599754105 -0.008778098877426092 0.7977157014129693 0.10749906223550891 -0.00877809903029464 0.15787485495275347 0.43159503334276744 -0.005985985459410511 0.5433915849404118 -0.01512800381517849 -0.005011336199075139 -0.00598598561669316 -0.015128003718197381 0.20791663946483951 0.11407644330349614 -0.005011336279167952 0.1268974588178757 0.8751857168848433 -0.015128003592184108
121 0.3685651778688051 0.4972361498251022 0.36856517925872495 -0.005745810747228443 0.5781890102255427 0.36856518027230206 0.19361669394070732 0.050473122650877035 0.32722674039115024 0.07224797353788398 0.21087957532369395 0.49723615041167574 0.3272267409029127 0.2108795749043688 0.17422557422631 0.2510237893978712 0.4972361484277112 0.07583759455542843 0.03890447082598698 0.21087957739299162
161 0.16492565855173705 0.2721683092765365 0.16492565872536966 0.27274219714354836 0.25825429900025415 0.16492565950048643 0.2848930158016508 0.26246613769070404 0.1756007075891409 0.3860277516523623 0.126160802268863 0.2721683095094833 0.17560070771733702 0.1261608020266581 0.9241822493080433 0.40835019077909 0.2721683085769342 0.2970454818090074 0.19364583634292348 0.12616080320313522
208 0.0647106959495074 0.0322624713048885 0.06471069674776124 0.31524178456672847 0.18183286959723877 0.06471069707162294 0.3216953766540514 0.3479565555665209 0.036602077832219165 0.866352901421113 0.008383298131490998 0.03226247113368835 0.03660207782689984 0.00838329813412564 0.5224139577813796 0.2604115696887279 0.032262471056304136 0.46466995463790484 0.4976011544937258 0.00838329823566937
82 0.23900644728300338 0.624913455860769 0.2390064475406939 0.03225970236359229 0.27968622491236944 0.23900644845383498 0.24288969732117777 0.06858384967287232 0.25573634779198684 0.048772861303060605 0.26332471163534577 0.6249134567353785 0.2557363483431264 0.2633247110945578 0.2721683091038701 0.25249531983925094 0.6249134553947463 0.18708158172188727 0.009131997356683793 0.26332471305883104
133 0.07726282856213065 0.12612536588755854 0.07726282872285668 0.3395320599139713 0.5417256814392458 0.07726282922594688 0.5021746219348018 0.36597478991138516 0.07396735809105116 0.7721631147556817 0.08704850381734405 0.12612536576525785 0.07396735810791225 0.08704850386544419 0.3114266010961593 0.22125122245965115 0.12612536566084076 0.45071125261133893 0.37619240781324287 0.08704850404295285
112 0.16492565855173705 0.2721683092765365 0.16492565872536966 0.27274219714354836 0.25825429900025415 0.16492565950048643 0.2848930158016508 0.26246613769070404 0.1756007075891409 0.3860277516523623 0.126160802268863 0.2721683095094833 0.17560070771733702 0.1261608020266581 0.9241822493080433 0.40835019077909 0.2721683085769342 0.2970454818090074 0.19364583634292348 0.12616080320313522
159 0.23900644728300338 0.624913455860769 0.2390064475406939 0.03225970236359229 0.27968622491236944 0.23900644845383498 0.24288969732117777 0.06858384967287232 0.25573634779198684 0.048772861303060605 0.26332471163534577 0.6249134567353785 0.2557363483431264 0.2633247110945578 0.2721683091038701 0.25249531983925094 0.6249134553947463 0.18708158172188727 0.009131997356683793 0.26332471305883104
107 0.07196281815413386 0.2633247119374573 0.07196281802316662 -0.004098186401489873 0.24482054290308503 0.07196281902724877 0.30303254265434687 0.024751241018861447 0.07084000180111616 0.011388884310274947 0.658520291581226 0.26332471263594925 0.07084000222675968 0.6585202911146553 0.12616080235330093 0.39701897380075224 0.26332471147179604 0.3733244163035654 -0.004912359844299163 0.658520292785397
19 0.05861477125880151 0.01517127446301736 0.058614771485509275 0.6645408580658388 0.0925418380073354 0.058614771654335845 0.15328520416413854 0.6783779263764473 0.06200914029663548 0.5607032012699619 -0.00892383468285069 0.015171274464804166 0.062009140128898695 -0.008923834585831176 0.28189027706295666 0.0956377535604723 0.015171274053763634 0.10829361411864206 0.7917769168461325 -0.008923834313290274
213 0.15976174007717356 0.2682983208108499 0.15976173719963116 0.24376270875211245 -0.004688411317984239 0.15976173795671136 0.08049050072186066 0.3392493380927122 0.3810820890620775 0.2573122693530189 0.0700668912010942 0.26829832084405864 0.381082089194353 0.07006689104292839 0.9980684599442525 0.0563375595586133 0.2682983203744762 0.2249871903482006 0.17742041739953046 0.07006689147197431
216 0.07196281815413386 0.2633247119374573 0.07196281802316662 -0.004098186401489873 0.24482054290308503 0.07196281902724877 0.30303254265434687 0.024751241018861447 0.07084000180111616 0.011388884310274947 0.658520291581226 0.26332471263594925 0.07084000222675968 0.6585202911146553 0.12616080235330093 0.39701897380075224 0.26332471147179604 0.3733244163035654 -0.004912359844299163 0.658520292785397
140 0.13961141105591457 0.2999452899879519 0.13961141142810438 0.17962044521693923 0.8569916061250593 0.1396114121516393 0.5445234471572905 0.1394701104304765 0.12223212655445805 0.36876388999730764 0.2036533880964614 0.2999452902803255 0.12223212673015309 0.20365338782850753 0.2297821942722294 0.32926902859591034 0.2999452891634153 0.3559196779587583 0.10377913183964003 0.20365338896557006
182 0.13961141105591457 0.2999452899879519 0.13961141142810438 0.17962044521693923 0.8569916061250593 0.1396114121516393 0.5445234471572905 0.1394701104304765 0.12223212655445805 0.36876388999730764 0.2036533880964614 0.2999452902803255 0.12223212673015309 0.20365338782850753 0.2297821942722294 0.32926902859591034 0.2999452891634153 0.3559196779587583 0.10377913183964003 0.20365338896557006
20 0.015010158080774359 0.009131997504515857 0.01501015838334699 0.6623663454464424 0.10799773818590416 0.01501015840617521 0.11357252447918133 0.6256557830996822 0.014763719343817287 0.42504373389474215 -0.004912359969409142 0.009131997474990345 0.014763719195542015 -0.004912359884776901 0.19364583634292581 0.11279056391938197 0.00913199714976772 0.11893706666256587 0.9480508370322253 -0.004912359704809267
125 0.5964672855626847 0.23900644800976564 0.5964672870663302 0.04729474197993896 0.11791559879790198 0.5964672883780328 0.09025301036855361 0.1665292758308379 0.5705214822021449 0.08849544930079925 0.07196281785904171 0.23900644860673537 0.5705214822346655 0.07196281765343403 0.1649256589392876 0.060529084606543784 0.23900644675049257 0.06199303711756788 0.015010158303801943 0.07196281917324658
106 0.1579019015325413 0.3231593854802335 0.15790190218293196 0.2044228999068341 0.9590241193765429 0.15790190291270445 0.41677998060933785 0.14386711833141 0.14515777770439395 0.3793019464055341 0.15864524002457595 0.32315938566682917 0.14515777809575833 0.1586452397548936 0.19381900763486998 0.27953621773781095 0.3231593844269326 0.2598933076751876 0.10029695640192979 0.15864524127153667
66 0.1179155984176489 0.2796862250962356 0.11791559859768606 0.15930008376637952 0.7533643154285614 0.11791559936830577 0.6102261875485192 0.13426081225443487 0.10605902168300482 0.35065823163377996 0.24482054271040612 0.2796862254701883 0.10605902190998878 0.24482054247439974 0.258254299000251 0.36860841495656427 0.27968622465402637 0.4480823887039188 0.10799773818590246 0.24482054357988403
34 0.017216085685454387 0.026125662743232168 0.01721608609888528 0.7299035352060536 0.13048105958281384 0.017216086108502983 0.1621994242952403 0.5568865146368497 0.010566230188798207 0.48366630329845495 0.0003242380161039337 0.026125662652178396 0.010566230078857422 0.00032423807584493517 0.20463633278475885 0.11235273286848396 0.026125662439442473 0.15616920490570016 0.8902254400739867 0.0003242382468206451
10 0.06188874324759044 0.020926648017815675 0.06188874350091804 0.7714158434294655 0.11161112888959338 0.061888743638910684 0.10553741294918934 0.6870501281113307 0.06774947164713602 0.4361402847140896 -0.004244505748385997 0.020926648042275377 0.06774947149354801 -0.004244505688282715 0.23024703790571047 0.1001645506846712 0.020926647465563147 0.08923468301384647 0.7885012962770039 -0.004244505205246436
187 0.07196281815413386 0.2633247119374573 0.07196281802316662 -0.004098186401489873 0.24482054290308503 0.07196281902724877 0.30303254265434687 0.024751241018861447 0.07084000180111616 0.011388884310274947 0.658520291581226 0.26332471263594925 0.07084000222675968 0.6585202911146553 0.12616080235330093 0.39701897380075224 0.26332471147179604 0.3733244163035654 -0.004912359844299163 0.658520292785397
27 0.06627502490717034 0.016363184107551988 0.06627502514116237 0.7541338837611206 0.12726864412600689 0.06627502533410873 0.10656533032452778 0.6994236842740078 0.07328058465846883 0.47639295643516 -0.0036792226976303717 0.016363184151188193 0.07328058452850983 -0.0036792225975632357 0.2400660412218111 0.10645083517660295 0.016363183513268292 0.07160096318643426 0.7618825565529909 -0.0036792221424260326
207 0.15976174007717356 0.2682983208108499 0.15976173719963116 0.24376270875211245 -0.004688411317984239 0.15976173795671136 0.08049050072186066 0.3392493380927122 0.3810820890620775 0.2573122693530189 0.0700668912010942 0.26829832084405864 0.381082089194353 0.07006689104292839 0.9980684599442525 0.0563375595586133 0.2682983203744762 0.2249871903482006 0.17742041739953046 0.07006689147197431
6 0.020717099917597636 0.024882677261800594 0.020717100236325697 0.7895428060345226 0.152071988503396 0.02071710020569089 0.1754249219204818 0.5206888526494017 0.01847361823061283 0.5459052464305897 -0.0023410322850411372 0.024882677134744787 0.018473618095201337 -0.002341032199475878 0.22949150041202565 0.11391142896423015 0.02488267690180623 0.14106602437283927 0.8126774252079271 -0.002341031962015619
12 -0.0028995269308605 -0.0020689396461951006 -0.0028995267277424665 0.749538540553381 0.11118076862796802 -0.002899526834042209 0.12389128146771054 0.5227003754525864 0.00013278416798247775 0.4543746418719896 -0.010354231714817537 -0.002068939764066607 0.0001327840079600093 -0.010354231623452736 0.19139272071164193 0.11586878130224156 -0.0020689399873614995 0.10997805537734202 0.9313597674260364 -0.010354231486485135
191 0.14293503428343898 0.4200202890538224 0.14293503396044355 0.11627186064894501 0.3814272688726666 0.14293503483744877 0.42065209220150185 0.1518100681165562 0.15969451858403846 0.20566955935788442 0.33555282300860634 0.4200202896036065 0.15969451884891345 0.335552822746717 0.5435559025382678 0.4385449820066254 0.4200202883852367 0.2925537153665948 0.09241838236740407 0.33555282393143304
212 0.16492565855173705 0.2721683092765365 0.16492565872536966 0.27274219714354836 0.25825429900025415 0.16492565950048643 0.2848930158016508 0.26246613769070404 0.1756007075891409 0.3860277516523623 0.126160802268863 0.2721683095094833 0.17560070771733702 0.1261608020266581 0.9241822493080433 0.40835019077909 0.2721683085769342 0.2970454818090074 0.19364583634292348 0.12616080320313522
172 0.07196281815413386 0.2633247119374573 0.07196281802316662 -0.004098186401489873 0.24482054290308503 0.07196281902724877 0.30303254265434687 0.024751241018861447 0.07084000180111616 0.011388884310274947 0.658520291581226 0.26332471263594925 0.07084000222675968 0.6585202911146553 0.12616080235330093 0.39701897380075224 0.26332471147179604 0.3733244163035654 -0.004912359844299163 0.658520292785397
122 0.03246285047752357 -0.04539989256570467 0.032462851025375196 0.394564333274873 0.06264823645162607 0.032462851125448694 0.1179732019142687 0.23324528655327836 0.027548755851823398 1.1014697356430947 -0.047570856459560135 -0.04539989297910781 0.027548755738266765 -0.04757085642506546 0.4309872222876234 0.14821283685326528 -0.045399893260547275 0.2407977332800325 0.4133022456894894 -0.04757085614112509
58 0.09880913302168037 0.104338557689925 0.09880913331098702 0.5664847996692921 0.19520222956940989 0.09880913369453365 0.29527729919589163 0.6759609238988475 0.09817743687902976 0.6230020385979913 0.03201408796411915 0.10433855771173375 0.09817743678471438 0.032014087909970596 0.3437170470393421 0.08685415294527601 0.10433855738249033 0.25606798959774285 0.6293258019451234 0.032014088129531534
71 0.5705214813287913 0.2557363484375212 0.5705214820236557 0.047119385892599286 0.10605902176019295 0.5705214830425974 0.08658481802410185 0.1680922884072597 0.5986732546715784 0.08851084897683491 0.07084000157409177 0.25573634912334503 0.5986732548172791 0.07084000152156539 0.1756007076420045 0.04997948144409406 0.255736347093165 0.06951137147169882 0.014763719263906135 0.07084000305859842
170 0.13961141105591457 0.2999452899879519 0.13961141142810438 0.17962044521693923 0.8569916061250593 0.1396114121516393 0.5445234471572905 0.1394701104304765 0.12223212655445805 0.36876388999730764 0.2036533880964614 0.2999452902803255 0.12223212673015309 0.20365338782850753 0.2297821942722294 0.32926902859591034 0.2999452891634153 0.3559196779587583 0.10377913183964003 0.20365338896557006
68 0.07196281815413386 0.2633247119374573 0.07196281802316662 -0.004098186401489873 0.24482054290308503 0.07196281902724877 0.30303254265434687 0.024751241018861447 0.07084000180111616 0.011388884310274947 0.658520291581226 0.26332471263594925 0.07084000222675968 0.6585202911146553 0.12616080235330093 0.39701897380075224 0.26332471147179604 0.3733244163035654 -0.004912359844299163 0.658520292785397
55 0.16652927535285367 0.06858384975515558 0.16652927573961673 0.4695684456520866 0.1342608122544357 0.16652927639225487 0.12578052142679996 0.9539964424256436 0.16809228846752713 0.44464974087384224 0.02475124078904079 0.06858385013822987 0.16809228834778464 0.02475124088529164 0.2624661376907066 0.09415664117458464 0.06858384908625795 0.1139382325590765 0.6256557830996835 0.024751241496249715
17 0.11305131462025783 0.04978018008728651 0.11305131507037434 0.8721525302678139 0.13483288371687602 0.11305131524347353 0.09738190506663029 0.6910546166683508 0.11634993679913255 0.40672177237519175 0.0020842348277176547 0.04978018017685627 0.11634993667879268 0.0020842347467323516 0.25480541249151767 0.10268615564557275 0.04978017938187922 0.08705093062484531 0.635422552808152 0.002084235585610834
18 0.08620755499168084 0.03782211066690174 0.08620755520110912 0.5290619251903118 0.09905206582815496 0.08620755557289181 0.1256956593884005 0.840096069225725 0.09141421782729701 0.45448664577102776 0.00621460380299649 0.03782211079699361 0.0914142176809545 0.006214603780163387 0.2679607691208842 0.09545153701070248 0.03782211022323304 0.12129516180077411 0.8006784178390959 0.006214604109326608
11 0.2145050294451518 0.09330717129425269 0.21450502999538787 0.851825913809792 0.18183493482601937 0.21450503033093526 0.11482554018715262 0.6620973173268951 0.22208837688963345 0.4767517859202293 0.008643543389335543 0.09330717135020111 0.22208837683040356 0.008643543272312478 0.33025795388741525 0.1078591876848266 0.09330717036714878 0.07062280500272494 0.382011596146267 0.008643544256278342
64 0.16492565855173705 0.2721683092765365 0.16492565872536966 0.27274219714354836 0.25825429900025415 0.16492565950048643 0.2848930158016508 0.26246613769070404 0.1756007075891409 0.3860277516523623 0.126160802268863 0.2721683095094833 0.17560070771733702 0.1261608020266581 0.9241822493080433 0.40835019077909 0.2721683085769342 0.2970454818090074 0.19364583634292348 0.12616080320313522
167 0.369933726585795 0.5046587354380967 0.3699337283800075 -0.002940697779348082 0.5784019466589704 0.36993372931621316 0.19209735247463727 0.05046152969664559 0.31305921909719625 0.06575361809499282 0.19841414185463652 0.5046587360924564 0.3130592193542679 0.19841414159236143 0.1691970382545889 0.2770834802369476 0.5046587342260876 0.08164233777707397 0.0372931883739511 0.19841414336674662
21 0.018829631867466536 0.012177052197580118 0.018829632286210415 0.7444342053879077 0.10217053973058966 0.018829632265334496 0.10436304521428202 0.5978580701116877 0.012405525295230155 0.3703978273299406 -0.004023506739743184 0.012177052151724354 0.012405525153327442 -0.004023506682060402 0.18041010664804455 0.11387811000863388 0.012177051882701849 0.12256082528756834 0.9304439870649482 -0.004023506467002236
177 0.5964672855626847 0.23900644800976564 0.5964672870663302 0.04729474197993896 0.11791559879790198 0.5964672883780328 0.09025301036855361 0.1665292758308379 0.5705214822021449 0.08849544930079925 0.07196281785904171 0.23900644860673537 0.5705214822346655 0.07196281765343403 0.1649256589392876 0.060529084606543784 0.23900644675049257 0.06199303711756788 0.015010158303801943 0.07196281917324658
91 0.4002461094838612 0.4721522837621372 0.4002461121412799 -0.0030948483848591774 0.616042844546084 0.4002461130744817 0.1893798537488574 0.04810754407043672 0.2981275115422256 0.06576009828277495 0.19621831302415993 0.47215228445664575 0.2981275118827566 0.1962183125976896 0.15078560211382774 0.28479443884856825 0.47215228262936565 0.06636007596457132 0.039003430437634524 0.19621831498226242
205 0.16492565855173705 0.2721683092765365 0.16492565872536966 0.27274219714354836 0.25825429900025415 0.16492565950048643 0.2848930158016508 0.26246613769070404 0.1756007075891409 0.3860277516523623 0.126160802268863 0.2721683095094833 0.17560070771733702 0.1261608020266581 0.9241822493080433 0.40835019077909 0.2721683085769342 0.2970454818090074 0.19364583634292348 0.12616080320313522
166 0.369933726585795 0.5046587354380967 0.3699337283800075 -0.002940697779348082 0.5784019466589704 0.36993372931621316 0.19209735247463727 0.05046152969664559 0.31305921909719625 0.06575361809499282 0.19841414185463652 0.5046587360924564 0.3130592193542679 0.19841414159236143 0.1691970382545889 0.2770834802369476 0.5046587342260876 0.08164233777707397 0.0372931883739511 0.19841414336674662
22 0.019396671599646524 0.028634059943120318 0.019396672121300487 0.7688646401646827 0.14182116325798383 0.019396672130390806 0.11123331750498403 0.585634411996011 0.00991079226134329 0.35405186639045433 0.00571290153332887 0.028634059874601166 0.0099107921368152 0.005712901591197582 0.18320249160351182 0.12674086938772627 0.028634059572999603 0.13500306487040406 0.9122054372343126 0.0057129018320471224
61 0.23900644728300338 0.624913455860769 0.2390064475406939 0.03225970236359229 0.27968622491236944 0.23900644845383498 0.24288969732117777 0.06858384967287232 0.25573634779198684 0.048772861303060605 0.26332471163534577 0.6249134567353785 0.2557363483431264 0.2633247110945578 0.2721683091038701 0.25249531983925094 0.6249134553947463 0.18708158172188727 0.009131997356683793 0.26332471305883104
185 0.1179155984176489 0.2796862250962356 0.11791559859768606 0.15930008376637952 0.7533643154285614 0.11791559936830577 0.6102261875485192 0.13426081225443487 0.10605902168300482 0.35065823163377996 0.24482054271040612 0.2796862254701883 0.10605902190998878 0.24482054247439974 0.258254299000251 0.36860841495656427 0.27968622465402637 0.4480823887039188 0.10799773818590246 0.24482054357988403
175 0.5964672855626847 0.23900644800976564 0.5964672870663302 0.04729474197993896 0.11791559879790198 0.5964672883780328 0.09025301036855361 0.1665292758308379 0.5705214822021449 0.08849544930079925 0.07196281785904171 0.23900644860673537 0.5705214822346655 0.07196281765343403 0.1649256589392876 0.060529084606543784 0.23900644675049257 0.06199303711756788 0.015010158303801943 0.07196281917324658
53 0.03346554925440941 0.004838516170459247 0.03346554949853977 0.7036697436844612 0.08877386794447575 0.03346554959633382 0.11030622117070873 0.6535190916729001 0.0373320786705558 0.46078359604334795 -0.009845374767035857 0.00483851614632692 0.037332078511816164 -0.009845374697313112 0.2070948696659176 0.09844223015012805 0.004838515776988686 0.09838594929805104 0.8796114430122313 -0.009845374423433605
26 0.03221270125966001 0.004658563557569609 0.03221270148827847 0.6813455152063462 0.09004724538129825 0.03221270156831171 0.10137156623850867 0.6724961510557758 0.036680422334378834 0.43806135827558895 -0.008577650244118946 0.004658563548764484 0.036680422203239575 -0.008577650139950608 0.20466450152391458 0.10078243800213624 0.004658563152146356 0.09654111390867968 0.8959840405342389 -0.008577649901674787
138 0.163701673496352 0.22545634519755473 0.1637016702414242 0.22274978566601328 -0.006311234409674135 0.16370167101898558 0.06449603939424475 0.3771297939698065 0.4077716995602303 0.29663210759529307 0.09813884469762424 0.22545634487190888 0.40777169961114806 0.0981388448001953 0.8940178970634309 0.012682043391369635 0.22545634432061415 0.2145782109840623 0.159144178575855 0.09813884477083822
220 0.07196281815413386 0.2633247119374573 0.07196281802316662 -0.004098186401489873 0.24482054290308503 0.07196281902724877 0.30303254265434687 0.024751241018861447 0.07084000180111616 0.011388884310274947 0.658520291581226 0.26332471263594925 0.07084000222675968 0.6585202911146553 0.12616080235330093 0.39701897380075224 0.26332471147179604 0.3733244163035654 -0.004912359844299163 0.658520292785397
215 0.09025301015004551 0.24288969743980104 0.09025301011582362 0.1338126762907944 0.6102261875485225 0.09025301077369972 0.6356636928609444 0.12578052142679189 0.08658481789767103 0.31636343854770027 0.30303254255661677 0.24288969754812942 0.08658481819570128 0.3030325425075 0.2848930158016458 0.4243660018681907 0.24288969688030926 0.5689384502370761 0.11357252447917891 0.30303254311741445
7 0.04465273768091 0.09209038727587955 0.04465273862758822 0.8821915700610782 0.23512142216111503 0.044652738579640486 0.13472950450246085 0.537300903182261 0.01580121145381035 0.3268608663268493 0.031779664834924795 0.09209038715416469 0.01580121139243618 0.03177966480404306 0.1956408990500102 0.15239760814285813 0.09209038668664961 0.17776102646317612 0.768614312627078 0.03177966537972693
179 0.5964672855626847 0.23900644800976564 0.5964672870663302 0.04729474197993896 0.11791559879790198 0.5964672883780328 0.09025301036855361 0.1665292758308379 0.5705214822021449 0.08849544930079925 0.07196281785904171 0.23900644860673537 0.5705214822346655 0.07196281765343403 0.1649256589392876 0.060529084606543784 0.23900644675049257 0.06199303711756788 0.015010158303801943 0.07196281917324658
37 0.07008908752127237 0.06389756150754242 0.0700890882404391 0.8603579394022107 0.16744529580401105 0.07008908827342215 0.15533987561077323 0.6012435993735445 0.05549766129664754 0.43105829628028874 0.009954784333034913 0.0638975614985253 0.055497661173402844 0.009954784388190786 0.24723554546187593 0.11655963250080191 0.06389756096802965 0.14454446451317712 0.7255083059065365 0.009954784899345188
76 0.5705214813287913 0.2557363484375212 0.5705214820236557 0.047119385892599286 0.10605902176019295 0.5705214830425974 0.08658481802410185 0.1680922884072597 0.5986732546715784 0.08851084897683491 0.07084000157409177 0.25573634912334503 0.5986732548172791 0.07084000152156539 0.1756007076420045 0.04997948144409406 0.255736347093165 0.06951137147169882 0.014763719263906135 0.07084000305859842
109 0.0647106959495074 0.0322624713048885 0.06471069674776124 0.31524178456672847 0.18183286959723877 0.06471069707162294 0.3216953766540514 0.3479565555665209 0.036602077832219165 0.866352901421113 0.008383298131490998 0.03226247113368835 0.03660207782689984 0.00838329813412564 0.5224139577813796 0.2604115696887279 0.032262471056304136 0.46466995463790484 0.4976011544937258 0.00838329823566937
36 0.08409191485088874 0.04154974065578407 0.08409191535057864 0.5539275080523786 0.08069631009729109 0.08409191575100441 0.1119663369719534 0.8392924779289984 0.07634110640415692 0.3901309919522407 0.007641956738940164 0.04154974079827772 0.07634110627995354 0.00764195681086462 0.2242895338796447 0.09297042350708058 0.04154974030179444 0.14082547580076152 0.8346964125673942 0.0076419571273067255
184 0.07196281815413386 0.2633247119374573 0.07196281802316662 -0.004098186401489873 0.24482054290308503 0.07196281902724877 0.30303254265434687 0.024751241018861447 0.07084000180111616 0.011388884310274947 0.658520291581226 0.26332471263594925 0.07084000222675968 0.6585202911146553 0.12616080235330093 0.39701897380075224 0.26332471147179604 0.3733244163035654 -0.004912359844299163 0.658520292785397
171 0.13961141105591457 0.2999452899879519 0.13961141142810438 0.17962044521693923 0.8569916061250593 0.1396114121516393 0.5445234471572905 0.1394701104304765 0.12223212655445805 0.36876388999730764 0.2036533880964614 0.2999452902803255 0.12223212673015309 0.20365338782850753 0.2297821942722294 0.32926902859591034 0.2999452891634153 0.3559196779587583 0.10377913183964003 0.20365338896557006
217 0.07196281815413386 0.2633247119374573 0.07196281802316662 -0.004098186401489873 0.24482054290308503 0.07196281902724877 0.30303254265434687 0.024751241018861447 0.07084000180111616 0.011388884310274947 0.658520291581226 0.26332471263594925 0.07084000222675968 0.6585202911146553 0.12616080235330093 0.39701897380075224 0.26332471147179604 0.3733244163035654 -0.004912359844299163 0.658520292785397
131 0.07196281815413386 0.2633247119374573 0.07196281802316662 -0.004098186401489873 0.24482054290308503 0.07196281902724877 0.30303254265434687 0.024751241018861447 0.07084000180111616 0.011388884310274947 0.658520291581226 0.26332471263594925 0.07084000222675968 0.6585202911146553 0.12616080235330093 0.39701897380075224 0.26332471147179604 0.3733244163035654 -0.004912359844299163 0.658520292785397
136 0.09874559863068977 0.1147956869413684 0.09874559947784022 0.22381891698485443 0.2263859852977191 0.0987456001481348 0.21987494135414165 0.22453660403568582 0.07622841966828653 0.4795380285050848 0.14251819442935088 0.11479568693843391 0.07622841973379875 0.14251819435880947 0.8408290400987184 0.5438312257061146 0.1147956862359175 0.4970375511732246 0.2403538736699707 0.1425181951957014
211 0.16492565855173705 0.2721683092765365 0.16492565872536966 0.27274219714354836 0.25825429900025415 0.16492565950048643 0.2848930158016508 0.26246613769070404 0.1756007075891409 0.3860277516523623 0.126160802268863 0.2721683095094833 0.17560070771733702 0.1261608020266581 0.9241822493080433 0.40835019077909 0.2721683085769342 0.2970454818090074 0.19364583634292348 0.12616080320313522
198 0.5964672855626847 0.23900644800976564 0.5964672870663302 0.04729474197993896 0.11791559879790198 0.5964672883780328 0.09025301036855361 0.1665292758308379 0.5705214822021449 0.08849544930079925 0.07196281785904171 0.23900644860673537 0.5705214822346655 0.07196281765343403 0.1649256589392876 0.060529084606543784 0.23900644675049257 0.06199303711756788 0.015010158303801943 0.07196281917324658
15 0.20832627911740353 0.09291360264946738 0.2083262798396596 0.8556767105401949 0.17567959659030594 0.20832628013095789 0.08811338529798543 0.7093073279010396 0.21237445431331406 0.4197302849815954 0.011756752885448309 0.09291360278519147 0.21237445418689693 0.011756752892976018 0.276590222623493 0.10921941609181776 0.09291360159390295 0.07707078567910372 0.42625207215206135 0.011756754108909145
38 0.09157002429378379 0.0340403034592096 0.09157002456573929 0.5176501716964352 0.10988599852065821 0.0915700249858423 0.11755701713643808 0.8526722607363322 0.09305609334112842 0.4711874390412135 0.007317115770158171 0.03404030362070864 0.09305609323318283 0.007317115783899843 0.23667880525461785 0.09734889594511752 0.03404030300349307 0.11493593133496224 0.7944850172476771 0.007317116236131693
134 0.18198120217306119 0.4113626843959569 0.18198120342576396 0.18571674579876948 0.3455694030518523 0.18198120428943398 0.35931457643182446 0.12678208017815537 0.11187060840219613 0.17517309254475188 0.3537293020565315 0.4113626852384589 0.1118706088151434 0.35372930173455136 0.5293200733770693 0.48395919318603775 0.411362683662234 0.22178166540152033 0.0809298550814756 0.3537293034779104
188 0.07196281815413386 0.2633247119374573 0.07196281802316662 -0.004098186401489873 0.24482054290308503 0.07196281902724877 0.30303254265434687 0.024751241018861447 0.07084000180111616 0.011388884310274947 0.658520291581226 0.26332471263594925 0.07084000222675968 0.6585202911146553 0.12616080235330093 0.39701897380075224 0.26332471147179604 0.3733244163035654 -0.004912359844299163 0.658520292785397
195 0.036156381423345256 -0.046373015218251996 0.036156381769192385 0.43852199392821484 0.09558767572618293 0.036156381989423794 0.12393153750319778 0.26686902739249124 0.03731088596718119 1.1269236661563637 -0.043020765996588536 -0.04637301560768065 0.037310885839863854 -0.04302076594826922 0.4035012434281957 0.1449583253741879 -0.046373015972961215 0.19267966181013493 0.37718110117086034 -0.043020765569467954
116 0.23686537632895677 0.42761269982216155 0.23686537791399886 0.16441516458366112 0.6014064181595662 0.23686537893968412 0.3034779799714292 0.13532128408599922 0.15463929212741243 0.20318983005166438 0.23639338559657347 0.42761270077653796 0.15463929238700927 0.23639338551543368 0.44555620121556105 0.5517130027159376 0.42761269856593376 0.09151965499863808 0.08755034215717336 0.23639338759752693
165 0.5399811851007661 0.27386555099046545 0.5399811850629112 0.046906456828040746 0.09216322702053269 0.539981186080604 0.08166485883466859 0.17033026782070415 0.6278543347517455 0.08818352199726316 0.06995649049496695 0.27386555171709237 0.6278543349128852 0.06995649037455044 0.1874973663952006 0.037817624065157394 0.27386555010452734 0.07886110123886837 0.014194863948757783 0.0699564919894307
2 0.031105239720590382 0.02035130163137078 0.031105240015221237 0.6143420067368554 0.10798591674216437 0.031105240151215623 0.18975689923962225 0.603765044253641 0.02801916287959827 0.6047732391555546 -0.005157051406164125 0.020351301587992844 0.02801916273091876 -0.005157051412958017 0.2585933518802563 0.10307257583795143 0.020351301345310976 0.16475610615341216 0.850777230183276 -0.0051570511858670355
202 0.0647106959495074 0.0322624713048885 0.06471069674776124 0.31524178456672847 0.18183286959723877 0.06471069707162294 0.3216953766540514 0.3479565555665209 0.036602077832219165 0.866352901421113 0.008383298131490998 0.03226247113368835 0.03660207782689984 0.00838329813412564 0.5224139577813796 0.2604115696887279 0.032262471056304136 0.46466995463790484 0.4976011544937258 0.00838329823566937
65 0.15976174007717356 0.2682983208108499 0.15976173719963116 0.24376270875211245 -0.004688411317984239 0.15976173795671136 0.08049050072186066 0.3392493380927122 0.3810820890620775 0.2573122693530189 0.0700668912010942 0.26829832084405864 0.381082089194353 0.07006689104292839 0.9980684599442525 0.0563375595586133 0.2682983203744762 0.2249871903482006 0.17742041739953046 0.07006689147197431
197 0.5964672855626847 0.23900644800976564 0.5964672870663302 0.04729474197993896 0.11791559879790198 0.5964672883780328 0.09025301036855361 0.1665292758308379 0.5705214822021449 0.08849544930079925 0.07196281785904171 0.23900644860673537 0.5705214822346655 0.07196281765343403 0.1649256589392876 0.060529084606543784 0.23900644675049257 0.06199303711756788 0.015010158303801943 0.07196281917324658
201 0.5964672855626847 0.23900644800976564 0.5964672870663302 0.04729474197993896 0.11791559879790198 0.5964672883780328 0.09025301036855361 0.1665292758308379 0.5705214822021449 0.08849544930079925 0.07196281785904171 0.23900644860673537 0.5705214822346655 0.07196281765343403 0.1649256589392876 0.060529084606543784 0.23900644675049257 0.06199303711756788 0.015010158303801943 0.07196281917324658
129 0.09409350594167691 0.29531435114269 0.09409350575980081 0.15383471263078793 0.6924257839521625 0.09409350642272704 0.6295913481864749 0.1327658609798778 0.10559466002923919 0.34166093935879294 0.2508623430072974 0.29531435133478096 0.10559466036012809 0.25086234260909995 0.28020122781048584 0.3542448390584508 0.2953143505953777 0.4939174443806072 0.11378134277251946 0.2508623436016179
1 0.20227969703336865 0.11280306316267824 0.2022796977766942 0.9699550016155557 0.1405043608809777 0.20227969798778173 0.11139281696030288 0.5553200966621271 0.2031440753591837 0.39907776055439026 0.0049405875542335685 0.11280306328296022 0.20314407528351316 0.004940587426790908 0.3608308439037604 0.09808847130474117 0.11280306231117064 0.11108775778340746 0.3612172702625868 0.004940588421512999
219 0.06199303693924598 0.1870815816671709 0.061993036870073834 0.10855623152722918 0.4480823887039251 0.06199303757404643 0.5689384502370713 0.11393823255908064 0.06951137133488557 0.26370892705659865 0.3733244163099636 0.18708158201488934 0.06951137164270887 0.3733244160204211 0.297045481809012 0.4938330522481183 0.1870815818162901 0.700474357258598 0.11893706666257044 0.37332441650817516
96 0.5705214813287913 0.2557363484375212 0.5705214820236557 0.047119385892599286 0.10605902176019295 0.5705214830425974 0.08658481802410185 0.1680922884072597 0.5986732546715784 0.08851084897683491 0.07084000157409177 0.25573634912334503 0.5986732548172791 0.07084000152156539 0.1756007076420045 0.04997948144409406 0.255736347093165 0.06951137147169882 0.014763719263906135 0.07084000305859842
99 0.4002461094838612 0.4721522837621372 0.4002461121412799 -0.0030948483848591774 0.616042844546084 0.4002461130744817 0.1893798537488574 0.04810754407043672 0.2981275115422256 0.06576009828277495 0.19621831302415993 0.47215228445664575 0.2981275118827566 0.1962183125976896 0.15078560211382774 0.28479443884856825 0.47215228262936565 0.06636007596457132 0.039003430437634524 0.19621831498226242
110 0.23900644728300338 0.624913455860769 0.2390064475406939 0.03225970236359229 0.27968622491236944 0.23900644845383498 0.24288969732117777 0.06858384967287232 0.25573634779198684 0.048772861303060605 0.26332471163534577 0.6249134567353785 0.2557363483431264 0.2633247110945578 0.2721683091038701 0.25249531983925094 0.6249134553947463 0.18708158172188727 0.009131997356683793 0.26332471305883104
178 0.5964672855626847 0.23900644800976564 0.5964672870663302 0.04729474197993896 0.11791559879790198 0.5964672883780328 0.09025301036855361 0.1665292758308379 0.5705214822021449 0.08849544930079925 0.07196281785904171 0.23900644860673537 0.5705214822346655 0.07196281765343403 0.1649256589392876 0.060529084606543784 0.23900644675049257 0.06199303711756788 0.015010158303801943 0.07196281917324658
98 0.5705214813287913 0.2557363484375212 0.5705214820236557 0.047119385892599286 0.10605902176019295 0.5705214830425974 0.08658481802410185 0.1680922884072597 0.5986732546715784 0.08851084897683491 0.07084000157409177 0.25573634912334503 0.5986732548172791 0.07084000152156539 0.1756007076420045 0.04997948144409406 0.255736347093165 0.06951137147169882 0.014763719263906135 0.07084000305859842
16 -0.005203265125307477 -0.0035815253027014406 -0.005203264847831818 0.608973094612733 0.08134766514789171 -0.005203264848425025 0.13892886660562168 0.5396391670872657 -0.008601772109749743 0.49964127326824487 -0.013024972612253934 -0.0035815253718410305 -0.00860177226110483 -0.013024972541133169 0.1839133464674055 0.11428571632671239 -0.0035815254867244007 0.14225193508859177 0.9952098422377602 -0.013024972541644149
126 0.5964672855626847 0.23900644800976564 0.5964672870663302 0.04729474197993896 0.11791559879790198 0.5964672883780328 0.09025301036855361 0.1665292758308379 0.5705214822021449 0.08849544930079925 0.07196281785904171 0.23900644860673537 0.5705214822346655 0.07196281765343403 0.1649256589392876 0.060529084606543784 0.23900644675049257 0.06199303711756788 0.015010158303801943 0.07196281917324658
47 0.1714440884865144 0.10122110587036456 0.17144408903218608 0.7339445693183054 0.11396348642262043 0.17144408940427616 0.139403468690257 0.8096994179775968 0.17598720217203434 0.3921772647415144 0.0142366774152391 0.10122110606535166 0.17598720206287458 0.014236677432111187 0.3140992682038991 0.08441615288075002 0.10122110521993391 0.1243182105346282 0.5523577727571463 0.014236677995189975
162 0.15976174007717356 0.2682983208108499 0.15976173719963116 0.24376270875211245 -0.004688411317984239 0.15976173795671136 0.08049050072186066 0.3392493380927122 0.3810820890620775 0.2573122693530189 0.0700668912010942 0.26829832084405864 0.381082089194353 0.07006689104292839 0.9980684599442525 0.0563375595586133 0.2682983203744762 0.2249871903482006 0.17742041739953046 0.07006689147197431
42 0.005313830311141789 -0.0005837490373294405 0.005313830592576239 0.6967841035745704 0.10084874256083605 0.005313830571472524 0.09171111924726648 0.596552151448995 0.006623685529307923 0.38173304097187094 -0.008405723668062387 -0.0005837491619524082 0.006623685371893978 -0.008405723525806024 0.1725164792887202 0.11439064241239467 -0.0005837493755554805 0.10563688293105904 0.9685987082757421 -0.008405723365494293
102 0.16129007995893235 0.3302469761111119 0.16129008059530583 0.21224742643938596 0.984738433682584 0.16129008126770106 0.36460945871891265 0.14469598271557688 0.15345539787951173 0.3796683483621326 0.1461127560470039 0.3302469758083907 0.15345539819095402 0.1461127559633517 0.18250046974644224 0.26384732494724505 0.3302469743879227 0.23480384944033497 0.09955816165078604 0.14611275756853698
168 0.5399811851007661 0.27386555099046545 0.5399811850629112 0.046906456828040746 0.09216322702053269 0.539981186080604 0.08166485883466859 0.17033026782070415 0.6278543347517455 0.08818352199726316 0.06995649049496695 0.27386555171709237 0.6278543349128852 0.06995649037455044 0.1874973663952006 0.037817624065157394 0.27386555010452734 0.07886110123886837 0.014194863948757783 0.0699564919894307
128 0.5964672855626847 0.23900644800976564 0.5964672870663302 0.04729474197993896 0.11791559879790198 0.5964672883780328 0.09025301036855361 0.1665292758308379 0.5705214822021449 0.08849544930079925 0.07196281785904171 0.23900644860673537 0.5705214822346655 0.07196281765343403 0.1649256589392876 0.060529084606543784 0.23900644675049257 0.06199303711756788 0.015010158303801943 0.07196281917324658
194 0.07543800546835658 0.37417889754005157 0.075438004858594 0.08155230606711292 0.14310506619409072 0.07543800573160313 0.319124962975046 0.14137906069215664 0.11314271465555108 0.13290906864156826 0.4237425566935245 0.3741788977230024 0.11314271499053073 0.4237425564829841 0.5953220993756138 0.4735969788285155 0.3741788969262835 0.4207645701468747 0.1049034925603025 0.42374255740272465
124 0.5964672855626847 0.23900644800976564 0.5964672870663302 0.04729474197993896 0.11791559879790198 0.5964672883780328 0.09025301036855361 0.1665292758308379 0.5705214822021449 0.08849544930079925 0.07196281785904171 0.23900644860673537 0.5705214822346655 0.07196281765343403 0.1649256589392876 0.060529084606543784 0.23900644675049257 0.06199303711756788 0.015010158303801943 0.07196281917324658
83 0.23900644728300338 0.624913455860769 0.2390064475406939 0.03225970236359229 0.27968622491236944 0.23900644845383498 0.24288969732117777 0.06858384967287232 0.25573634779198684 0.048772861303060605 0.26332471163534577 0.6249134567353785 0.2557363483431264 0.2633247110945578 0.2721683091038701 0.25249531983925094 0.6249134553947463 0.18708158172188727 0.009131997356683793 0.26332471305883104
147 0.16492565855173705 0.2721683092765365 0.16492565872536966 0.27274219714354836 0.25825429900025415 0.16492565950048643 0.2848930158016508 0.26246613769070404 0.1756007075891409 0.3860277516523623 0.126160802268863 0.2721683095094833 0.17560070771733702 0.1261608020266581 0.9241822493080433 0.40835019077909 0.2721683085769342 0.2970454818090074 0.19364583634292348 0.12616080320313522
141 0.07196281815413386 0.2633247119374573 0.07196281802316662 -0.004098186401489873 0.24482054290308503 0.07196281902724877 0.30303254265434687 0.024751241018861447 0.07084000180111616 0.011388884310274947 0.658520291581226 0.26332471263594925 0.07084000222675968 0.6585202911146553 0.12616080235330093 0.39701897380075224 0.26332471147179604 0.3733244163035654 -0.004912359844299163 0.658520292785397
174 0.036156381423345256 -0.046373015218251996 0.036156381769192385 0.43852199392821484 0.09558767572618293 0.036156381989423794 0.12393153750319778 0.26686902739249124 0.03731088596718119 1.1269236661563637 -0.043020765996588536 -0.04637301560768065 0.037310885839863854 -0.04302076594826922 0.4035012434281957 0.1449583253741879 -0.046373015972961215 0.19267966181013493 0.37718110117086034 -0.043020765569467954
146 0.16492565855173705 0.2721683092765365 0.16492565872536966 0.27274219714354836 0.25825429900025415 0.16492565950048643 0.2848930158016508 0.26246613769070404 0.1756007075891409 0.3860277516523623 0.126160802268863 0.2721683095094833 0.17560070771733702 0.1261608020266581 0.9241822493080433 0.40835019077909 0.2721683085769342 0.2970454818090074 0.19364583634292348 0.12616080320313522
183 0.07196281815413386 0.2633247119374573 0.07196281802316662 -0.004098186401489873 0.24482054290308503 0.07196281902724877 0.30303254265434687 0.024751241018861447 0.07084000180111616 0.011388884310274947 0.658520291581226 0.26332471263594925 0.07084000222675968 0.6585202911146553 0.12616080235330093 0.39701897380075224 0.26332471147179604 0.3733244163035654 -0.004912359844299163 0.658520292785397
67 0.1179155984176489 0.2796862250962356 0.11791559859768606 0.15930008376637952 0.7533643154285614 0.11791559936830577 0.6102261875485192 0.13426081225443487 0.10605902168300482 0.35065823163377996 0.24482054271040612 0.2796862254701883 0.10605902190998878 0.24482054247439974 0.258254299000251 0.36860841495656427 0.27968622465402637 0.4480823887039188 0.10799773818590246 0.24482054357988403
117 0.5043786596810537 0.29316530540716373 0.5043786582504072 0.046650581267304786 0.07603494471616734 0.5043786595078236 0.07522269920027216 0.173406482020694 0.6572301619676038 0.08739654606653981 0.0694406861758621 0.2931653059635317 0.6572301621694073 0.06944068628116097 0.20058120303407864 0.023940138291160973 0.29316530418684356 0.09034741054522344 0.013204570821077797 0.06944068742035527
192 0.08300757777009454 0.19327799717481586 0.08300757824764665 0.17758583373071643 0.3109010088571281 0.08300757899949965 0.34757665963911144 0.1620979588640239 0.06597984475183963 0.3304652486877838 0.2708003580818309 0.193277997506854 0.06597984496794844 0.27080035780536377 0.6646207950844576 0.67915026917649 0.19327799651830033 0.5317680687650259 0.18202140149468735 0.27080035888076626
203 0.23900644728300338 0.624913455860769 0.2390064475406939 0.03225970236359229 0.27968622491236944 0.23900644845383498 0.24288969732117777 0.06858384967287232 0.25573634779198684 0.048772861303060605 0.26332471163534577 0.6249134567353785 0.2557363483431264 0.2633247110945578 0.2721683091038701 0.25249531983925094 0.6249134553947463 0.18708158172188727 0.009131997356683793 0.26332471305883104
48 0.027299469522864692 0.0034876472872971934 0.027299469813999763 0.5369791021891438 0.07557013979767672 0.027299470016292172 0.08747842475073436 0.7213387918123498 0.025133659811151385 0.4077532378683673 -0.00757982300756196 0.0034876473115866063 0.025133659687749974 -0.0075798228812651415 0.18184605936865103 0.10588042552402108 0.0034876469954249053 0.11595956136956467 0.9732543337212894 -0.007579822760973527
221 0.07196281815413386 0.2633247119374573 0.07196281802316662 -0.004098186401489873 0.24482054290308503 0.07196281902724877 0.30303254265434687 0.024751241018861447 0.07084000180111616 0.011388884310274947 0.658520291581226 0.26332471263594925 0.07084000222675968 0.6585202911146553 0.12616080235330093 0.39701897380075224 0.26332471147179604 0.3733244163035654 -0.004912359844299163 0.658520292785397
59 0.18486966819711487 0.11738544116986958 0.18486966885722436 0.9261629174673617 0.10857262584934656 0.18486966903797888 0.14298170178453015 0.6061533322486253 0.18810664535646174 0.4023525689336984 0.005751321139094306 0.11738544118962098 0.188106645290619 0.005751321235854596 0.3621906340978285 0.0770759209791065 0.1173854403948839 0.14035800504975937 0.42235317859863736 0.005751321873986728
157 0.0647106959495074 0.0322624713048885 0.06471069674776124 0.31524178456672847 0.18183286959723877 0.06471069707162294 0.3216953766540514 0.3479565555665209 0.036602077832219165 0.866352901421113 0.008383298131490998 0.03226247113368835 0.03660207782689984 0.00838329813412564 0.5224139577813796 0.2604115696887279 0.032262471056304136 0.46466995463790484 0.4976011544937258 0.00838329823566937
73 0.4002461094838612 0.4721522837621372 0.4002461121412799 -0.0030948483848591774 0.616042844546084 0.4002461130744817 0.1893798537488574 0.04810754407043672 0.2981275115422256 0.06576009828277495 0.19621831302415993 0.47215228445664575 0.2981275118827566 0.1962183125976896 0.15078560211382774 0.28479443884856825 0.47215228262936565 0.06636007596457132 0.039003430437634524 0.19621831498226242
90 0.4002461094838612 0.4721522837621372 0.4002461121412799 -0.0030948483848591774 0.616042844546084 0.4002461130744817 0.1893798537488574 0.04810754407043672 0.2981275115422256 0.06576009828277495 0.19621831302415993 0.47215228445664575 0.2981275118827566 0.1962183125976896 0.15078560211382774 0.28479443884856825 0.47215228262936565 0.06636007596457132 0.039003430437634524 0.19621831498226242
139 0.13961141105591457 0.2999452899879519 0.13961141142810438 0.17962044521693923 0.8569916061250593 0.1396114121516393 0.5445234471572905 0.1394701104304765 0.12223212655445805 0.36876388999730764 0.2036533880964614 0.2999452902803255 0.12223212673015309 0.20365338782850753 0.2297821942722294 0.32926902859591034 0.2999452891634153 0.3559196779587583 0.10377913183964003 0.20365338896557006
52 0.09263959105747047 0.0415329310131875 0.0926395915607608 0.6129528578978596 0.09867412695821551 0.09263959181825006 0.10366295558200993 0.8308724518887423 0.0852027755941636 0.3901829039239728 0.007767562091501378 0.04153293119919577 0.08520277549419612 0.00776756211287357 0.21972422151678084 0.09910897182636678 0.04153293057514714 0.12006490511394038 0.800897066407862 0.00776756256544865
173 0.07196281815413386 0.2633247119374573 0.07196281802316662 -0.004098186401489873 0.24482054290308503 0.07196281902724877 0.30303254265434687 0.024751241018861447 0.07084000180111616 0.011388884310274947 0.658520291581226 0.26332471263594925 0.07084000222675968 0.6585202911146553 0.12616080235330093 0.39701897380075224 0.26332471147179604 0.3733244163035654 -0.004912359844299163 0.658520292785397
33 0.08961569885257523 0.04426374802477434 0.08961569934111586 0.6305461898127015 0.09461632795966891 0.08961569967231618 0.09260023756663341 0.8282205002531039 0.08390773095811725 0.3556775433717317 0.00834081395547226 0.044263748150156046 0.08390773084050354 0.008340813974592097 0.20905947828267915 0.09758615438651919 0.04426374757082037 0.12547460090952664 0.8105864905296402 0.008340814437613453
50 0.005624462262114883 -0.0014239683871137532 0.005624462513547972 0.6959113483535291 0.09713559219109173 0.005624462480573031 0.10589724260929138 0.5845802522994784 0.006186080114875882 0.42149962950915354 -0.009882951431610948 -0.0014239684702132477 0.006186079953454205 -0.009882951361041833 0.17842785784899937 0.11240535539677035 -0.0014239687043253039 0.10847781038847237 0.9581158275562428 -0.009882951214299503
176 0.5964672855626847 0.23900644800976564 0.5964672870663302 0.04729474197993896 0.11791559879790198 0.5964672883780328 0.09025301036855361 0.1665292758308379 0.5705214822021449 0.08849544930079925 0.07196281785904171 0.23900644860673537 0.5705214822346655 0.07196281765343403 0.1649256589392876 0.060529084606543784 0.23900644675049257 0.06199303711756788 0.015010158303801943 0.07196281917324658
29 0.22595619311586398 0.2685321218290137 0.22595619382449775 0.6115802948693954 0.4356044749539302 0.22595619442106635 0.2275219235196787 0.639361992045585 0.22692619068968034 0.4112686502530428 0.0727374459895448 0.2685321221656567 0.22692619078069334 0.07273744589644268 0.3332728209252963 0.16525458483270888 0.26853212075354677 0.1642036902084794 0.3140103413194169 0.07273744732747382
31 0.1686735692909949 0.0980195358003221 0.16867356986624069 0.7277070171742122 0.10934020670226595 0.16867357031800975 0.12001332296381621 0.8385189076912191 0.16766594935423307 0.3605444709334289 0.01751163489224495 0.09801953609756765 0.16766594929899542 0.01751163495123878 0.2662839182574651 0.08329992563593434 0.09801953522274885 0.13135882481150582 0.5783209544282247 0.01751163571720252
100 0.4002461094838612 0.4721522837621372 0.4002461121412799 -0.0030948483848591774 0.616042844546084 0.4002461130744817 0.1893798537488574 0.04810754407043672 0.2981275115422256 0.06576009828277495 0.19621831302415993 0.47215228445664575 0.2981275118827566 0.1962183125976896 0.15078560211382774 0.28479443884856825 0.47215228262936565 0.06636007596457132 0.039003430437634524 0.19621831498226242
95 0.5705214813287913 0.2557363484375212 0.5705214820236557 0.047119385892599286 0.10605902176019295 0.5705214830425974 0.08658481802410185 0.1680922884072597 0.5986732546715784 0.08851084897683491 0.07084000157409177 0.25573634912334503 0.5986732548172791 0.07084000152156539 0.1756007076420045 0.04997948144409406 0.255736347093165 0.06951137147169882 0.014763719263906135 0.07084000305859842
111 0.23900644728300338 0.624913455860769 0.2390064475406939 0.03225970236359229 0.27968622491236944 0.23900644845383498 0.24288969732117777 0.06858384967287232 0.25573634779198684 0.048772861303060605 0.26332471163534577 0.6249134567353785 0.2557363483431264 0.2633247110945578 0.2721683091038701 0.25249531983925094 0.6249134553947463 0.18708158172188727 0.009131997356683793 0.26332471305883104
74 0.4002461094838612 0.4721522837621372 0.4002461121412799 -0.0030948483848591774 0.616042844546084 0.4002461130744817 0.1893798537488574 0.04810754407043672 0.2981275115422256 0.06576009828277495 0.19621831302415993 0.47215228445664575 0.2981275118827566 0.1962183125976896 0.15078560211382774 0.28479443884856825 0.47215228262936565 0.06636007596457132 0.039003430437634524 0.19621831498226242
145 0.23900644728300338 0.624913455860769 0.2390064475406939 0.03225970236359229 0.27968622491236944 0.23900644845383498 0.24288969732117777 0.06858384967287232 0.25573634779198684 0.048772861303060605 0.26332471163534577 0.6249134567353785 0.2557363483431264 0.2633247110945578 0.2721683091038701 0.25249531983925094 0.6249134553947463 0.18708158172188727 0.009131997356683793 0.26332471305883104
0 0.015771231806853754 -0.005956839115463843 0.015771231958802416 0.6697707167633092 0.08680435295595855 0.01577123197069773 0.09929861040485193 0.6342745523072709 0.02301753758970165 0.45534071677625576 -0.012761547649880547 -0.005956839138893987 0.023017537424726127 -0.0127615475998545 0.19615577096488762 0.10253124716353552 -0.0059568394591322385 0.08992876572717867 0.9279252127917965 -0.012761547380735733
51 0.04197706738241538 0.0024711429352882066 0.041977067590089456 0.9060933126330771 0.09317243422840478 0.04197706750109989 0.15439834518855353 0.47673182018074595 0.04975517128104295 0.5619883428092447 -0.0187009104100555 0.002471142789002264 0.04975517111657783 -0.018700910290242193 0.3056375484368111 0.09765384110747792 0.0024711425145808956 0.09691035674098566 0.6876216042209088 -0.01870090996484293
160 0.16492565855173705 0.2721683092765365 0.16492565872536966 0.27274219714354836 0.25825429900025415 0.16492565950048643 0.2848930158016508 0.26246613769070404 0.1756007075891409 0.3860277516523623 0.126160802268863 0.2721683095094833 0.17560070771733702 0.1261608020266581 0.9241822493080433 0.40835019077909 0.2721683085769342 0.2970454818090074 0.19364583634292348 0.12616080320313522
105 0.1579019015325413 0.3231593854802335 0.15790190218293196 0.2044228999068341 0.9590241193765429 0.15790190291270445 0.41677998060933785 0.14386711833141 0.14515777770439395 0.3793019464055341 0.15864524002457595 0.32315938566682917 0.14515777809575833 0.1586452397548936 0.19381900763486998 0.27953621773781095 0.3231593844269326 0.2598933076751876 0.10029695640192979 0.15864524127153667
56 0.056152671060530006 0.038452786877566966 0.0561526715062169 0.4791446127258523 0.14247488058900248 0.05615267183045828 0.20169361626454407 0.7172122567389964 0.046510508703829605 0.6102991291837124 0.012709548314237078 0.03845278691694742 0.04651050858175871 0.012709548221915274 0.2444467274461965 0.10317705532929516 0.03845278659598218 0.1934386008963663 0.827993427764544 0.012709548550257008
153 0.12301168388647495 0.3136676230394194 0.12301168398495348 0.17667728815758243 0.8201115383469024 0.1230116846948872 0.5640451217778737 0.13869271824852594 0.12343685607000116 0.36485879583411074 0.2065352858843593 0.31366762326808884 0.12343685628924916 0.2065352855520235 0.24629621896188417 0.31862575219626577 0.3136676224375803 0.3869443804638294 0.1072955301253929 0.20653528682068648
97 0.5705214813287913 0.2557363484375212 0.5705214820236557 0.047119385892599286 0.10605902176019295 0.5705214830425974 0.08658481802410185 0.1680922884072597 0.5986732546715784 0.08851084897683491 0.07084000157409177 0.25573634912334503 0.5986732548172791 0.07084000152156539 0.1756007076420045 0.04997948144409406 0.255736347093165 0.06951137147169882 0.014763719263906135 0.07084000305859842
144 0.23900644728300338 0.624913455860769 0.2390064475406939 0.03225970236359229 0.27968622491236944 0.23900644845383498 0.24288969732117777 0.06858384967287232 0.25573634779198684 0.048772861303060605 0.26332471163534577 0.6249134567353785 0.2557363483431264 0.2633247110945578 0.2721683091038701 0.25249531983925094 0.6249134553947463 0.18708158172188727 0.009131997356683793 0.26332471305883104
158 0.23900644728300338 0.624913455860769 0.2390064475406939 0.03225970236359229 0.27968622491236944 0.23900644845383498 0.24288969732117777 0.06858384967287232 0.25573634779198684 0.048772861303060605 0.26332471163534577 0.6249134567353785 0.2557363483431264 0.2633247110945578 0.2721683091038701 0.25249531983925094 0.6249134553947463 0.18708158172188727 0.009131997356683793 0.26332471305883104
49 0.05255394353835452 0.014755667182083222 0.052553943933123265 0.534091176063744 0.09377908233662427 0.052553944229565795 0.08374061718587196 0.792367384035013 0.04781230327928669 0.4022930014274092 0.0001266198611140722 0.014755667296228686 0.047812303135146374 0.00012661994170346032 0.18782784237875713 0.1084130604487593 0.014755666773855208 0.11081700690096569 0.9128062202272673 0.0001266202358693092
80 0.07196281815413386 0.2633247119374573 0.07196281802316662 -0.004098186401489873 0.24482054290308503 0.07196281902724877 0.30303254265434687 0.024751241018861447 0.07084000180111616 0.011388884310274947 0.658520291581226 0.26332471263594925 0.07084000222675968 0.6585202911146553 0.12616080235330093 0.39701897380075224 0.26332471147179604 0.3733244163035654 -0.004912359844299163 0.658520292785397
130 0.09409350594167691 0.29531435114269 0.09409350575980081 0.15383471263078793 0.6924257839521625 0.09409350642272704 0.6295913481864749 0.1327658609798778 0.10559466002923919 0.34166093935879294 0.2508623430072974 0.29531435133478096 0.10559466036012809 0.25086234260909995 0.28020122781048584 0.3542448390584508 0.2953143505953777 0.4939174443806072 0.11378134277251946 0.2508623436016179
78 0.12301168388647495 0.3136676230394194 0.12301168398495348 0.17667728815758243 0.8201115383469024 0.1230116846948872 0.5640451217778737 0.13869271824852594 0.12343685607000116 0.36485879583411074 0.2065352858843593 0.31366762326808884 0.12343685628924916 0.2065352855520235 0.24629621896188417 0.31862575219626577 0.3136676224375803 0.3869443804638294 0.1072955301253929 0.20653528682068648
40 0.013998344930071282 0.0021166172303754963 0.013998345062336147 0.5750375344253466 0.10187685076176038 0.013998345190973415 0.16159384585714376 0.5937370754006068 0.017005028036299347 0.6195689441803255 -0.01146978155576931 0.0021166171733834754 0.01700502788486268 -0.011469781492038653 0.2297969084870734 0.10500122334722473 0.002116616975420821 0.1378252319738681 0.8986578555423516 -0.011469781368216683
108 0.07196281815413386 0.2633247119374573 0.07196281802316662 -0.004098186401489873 0.24482054290308503 0.07196281902724877 0.30303254265434687 0.024751241018861447 0.07084000180111616 0.011388884310274947 0.658520291581226 0.26332471263594925 0.07084000222675968 0.6585202911146553 0.12616080235330093 0.39701897380075224 0.26332471147179604 0.3733244163035654 -0.004912359844299163 0.658520292785397
