181 0.33187075531695465 0.3038826064673147 0.10743790854248156 0.10743790875182982 0.4185834494004855 0.14696839972079728 0.10743790885348813 0.14521672204846517 0.30388260713262905 0.19772613207026013 0.2650165492544369 0.26501654911916944 0.1496579177213963 0.09031603833254959 0.7871491138673508 0.2650165491347128 0.10743790900591633 0.7186001564261983 0.10743790881632886 0.10743790888598934
69 0.15286383887756808 0.8196857056165634 0.06765230461687105 0.06765230514626844 0.3737381239621992 -0.01454729958214745 0.06765230486004008 0.020693351028587156 0.8196857063658851 0.046038309203448806 0.2853261221233815 0.2853261220857382 -0.004119996473268205 0.06098250190704666 0.2461176336292532 0.28532612206631913 0.06765230528579742 0.392963178937317 0.06765230480250119 0.06765230506207051
157 0.39813482837673675 0.09780594350951144 0.07204755059156928 0.07204755127712324 0.18917272730850054 0.4794680951372477 0.07204755079135135 0.42283781885173405 0.09780594394168174 0.32434991339576547 0.11119349268652388 0.11119349266711526 0.3830736952914454 0.23377627759926736 0.723962955640655 0.11119349266805349 0.07204755068076049 0.6211253341603542 0.072047550801556 0.07204755089344332
210 0.2288046475862951 0.2853261215528942 0.22436134682957476 0.22436134659313206 0.402632644865153 -0.022465730605637474 0.22436134685483256 0.05578023445444278 0.2853261223476029 0.09947360691745619 0.6103677534778584 0.6103677532527098 0.02498958295044344 0.21885590852449702 0.29365701211216705 0.6103677534851 0.22436134727555257 0.23403195646117528 0.22436134667764437 0.22436134689164366
75 0.13012386473376938 0.06492400184745847 0.5270360131973073 0.5270360131577091 0.12374491584222375 -0.018724023850966373 0.527036013378625 0.14953150047673722 0.06492400243354864 0.08576530489244936 0.24105360761897338 0.24105360760124867 0.09520586107803757 0.2399664236611671 0.11205864331095021 0.241053607701757 0.5270360136571646 0.08407424584036721 0.5270360130199535 0.5270360132991379
132 0.15286383887756808 0.8196857056165634 0.06765230461687105 0.06765230514626844 0.3737381239621992 -0.01454729958214745 0.06765230486004008 0.020693351028587156 0.8196857063658851 0.046038309203448806 0.2853261221233815 0.2853261220857382 -0.004119996473268205 0.06098250190704666 0.2461176336292532 0.28532612206631913 0.06765230528579742 0.392963178937317 0.06765230480250119 0.06765230506207051
100 0.14207967932591511 0.06765230462769978 0.5326892973389477 0.5326892977682292 0.12781092640631114 -0.018536338019664048 0.5326892978046089 0.15111699857272365 0.06765230494784191 0.09146352553048759 0.22436134703457355 0.2243613468890544 0.09127034055005395 0.20065624548796301 0.11705644085577885 0.22436134685995057 0.5326892985031009 0.08319710235305872 0.5326892975717783 0.5326892979210243
151 0.15286383887756808 0.8196857056165634 0.06765230461687105 0.06765230514626844 0.3737381239621992 -0.01454729958214745 0.06765230486004008 0.020693351028587156 0.8196857063658851 0.046038309203448806 0.2853261221233815 0.2853261220857382 -0.004119996473268205 0.06098250190704666 0.2461176336292532 0.28532612206631913 0.06765230528579742 0.392963178937317 0.06765230480250119 0.06765230506207051
36 0.2536865132389255 0.0004621292265856012 0.010348723625926868 0.010348723986777204 0.11428916670585032 0.8561756352988329 0.010348723749986743 0.4174263963398742 0.0004621295287074264 0.676080838144468 0.0140711179072101 0.014071117910951126 0.6731409070687246 0.18545045279571803 0.17406642056270388 0.014071117911362053 0.010348723802113529 0.1830224180514099 0.01034872367409982 0.010348723802652561
46 0.33356341136428996 0.006346437204161286 0.045153537747131364 0.045153538603285824 0.08925422809910817 0.7733055917247212 0.045153538100673137 0.6894983581314875 0.006346437446067101 0.480805668842962 0.01911863853655357 0.019118638600231656 0.5566219156718202 0.26431808599335344 0.2495343046814797 0.019118638575242226 0.0451535380186637 0.2866123720439236 0.04515353810049139 0.045153538274914584
27 0.3007741537476792 0.01755487263932232 0.3371877961414306 0.33718779651065317 0.08441544734051554 0.12084115890296585 0.3371877967561733 0.4216148029444392 0.017554873190605207 0.5375604990078625 0.15529256756293694 0.15529256754422954 0.7164933675501428 0.2552739147799588 0.20323633808074712 0.15529256758454374 0.3371877973718346 0.1286212706128967 0.3371877965472254 0.3371877969393945
12 0.17846818166640224 0.0032272609349859667 0.03696772347902689 0.03696772422055724 0.10864762542483979 0.7826218940678245 0.03696772382826946 0.7833610892857626 0.0032272611649139093 0.5752498495043878 0.003453040992441083 0.003453040957673107 0.5604516529489024 0.1910933284573368 0.08384667484104337 0.003453041007368865 0.03696772362362111 0.13279511905074456 0.03696772361394912 0.03696772380945747
88 0.11659549728400233 0.06247951101158286 0.5190373476158352 0.5190373477949322 0.11839230257748737 -0.019217264818833214 0.519037347563508 0.14809106420229512 0.06247951137079746 0.07972539152769227 0.259189160791453 0.2591891606598901 0.09907607382130687 0.28411296007064607 0.10572900046593059 0.25918916071450515 0.5190373482176819 0.0851530475441643 0.5190373473338328 0.519037347895624
40 0.26518093205965165 0.0026233555876732924 0.0013040965922362512 0.0013040971696349753 0.08458754131020563 0.9326686690609831 0.0013040967758413005 0.5993037121668335 0.002623355842445464 0.5506394348375125 0.006573987924498647 0.0065739879703007945 0.5018528890851607 0.19624992687755746 0.15690505539664687 0.0065739879597465686 0.001304096511840946 0.2490770199100552 0.0013040966619506703 0.0013040967411465162
150 0.30179769415564656 0.20387391933111904 0.1400794121856806 0.14007941259876674 0.35982483907402146 0.1288111535286765 0.14007941233604065 0.1523376939920811 0.20387391983601957 0.25040376518635743 0.289973237749845 0.28997323768171074 0.16705512725030883 0.037458847275963464 0.9498483290348353 0.28997323773942063 0.14007941254379885 0.531750426492101 0.14007941220131967 0.14007941239383273
161 0.4824760013798365 0.5516377737188937 0.05444572346856647 0.054445724174997594 0.6004262698494918 0.12767995187727638 0.05444572375564104 0.09789911731266367 0.551637774618564 0.1613932819926468 0.23366369633851222 0.2336636965289644 0.07407971626634301 0.16069806782103407 0.34652270583616634 0.23366369640890927 0.05444572372697638 0.6124379311265387 0.05444572368425641 0.054445723851334296
209 0.2288046475862951 0.2853261215528942 0.22436134682957476 0.22436134659313206 0.402632644865153 -0.022465730605637474 0.22436134685483256 0.05578023445444278 0.2853261223476029 0.09947360691745619 0.6103677534778584 0.6103677532527098 0.02498958295044344 0.21885590852449702 0.29365701211216705 0.6103677534851 0.22436134727555257 0.23403195646117528 0.22436134667764437 0.22436134689164366
32 0.28470659127911935 -0.02293706702311 0.0053611879336449945 0.0053611885680384585 0.07373265008097883 0.8795904982611963 0.005361188276612671 0.4321410869427442 -0.022937066910816036 0.531552028925305 -0.022604522034179626 -0.02260452201253422 0.7410318799046371 0.19508547273615603 0.20422467850175588 -0.02260452199457519 0.005361188269803323 0.16512184525240484 0.005361188191778726 0.00536118837571143
107 0.15286383887756808 0.8196857056165634 0.06765230461687105 0.06765230514626844 0.3737381239621992 -0.01454729958214745 0.06765230486004008 0.020693351028587156 0.8196857063658851 0.046038309203448806 0.2853261221233815 0.2853261220857382 -0.004119996473268205 0.06098250190704666 0.2461176336292532 0.28532612206631913 0.06765230528579742 0.392963178937317 0.06765230480250119 0.06765230506207051
123 0.14207967932591511 0.06765230462769978 0.5326892973389477 0.5326892977682292 0.12781092640631114 -0.018536338019664048 0.5326892978046089 0.15111699857272365 0.06765230494784191 0.09146352553048759 0.22436134703457355 0.2243613468890544 0.09127034055005395 0.20065624548796301 0.11705644085577885 0.22436134685995057 0.5326892985031009 0.08319710235305872 0.5326892975717783 0.5326892979210243
20 0.24830350988675487 0.0001969537526002414 0.025947849996586586 0.025947850498669288 0.13168612522977183 0.7793004879800712 0.025947850252303912 0.5732437783948365 0.00019695404646542252 0.6527157571631163 0.009206120012206762 0.00920612005940119 0.6776760157562346 0.20336951970686404 0.18067350777042263 0.009206120050092532 0.025947850204564846 0.13439648679263896 0.025947850115686864 0.02594785026813822
28 0.21295239323534126 -0.014547299677296436 -0.018536338175373215 -0.018536337744740686 0.0895712649413352 0.9801709617197445 -0.018536337980308182 0.46507814244126683 -0.014547299516337034 0.564211643976961 -0.02246573061539922 -0.022465730600274975 0.6153039061756896 0.1548120615134957 0.14205888226200913 -0.022465730576824446 -0.018536338151576938 0.156573776204086 -0.018536338110452015 -0.0185363380027945
93 0.20421628493385977 0.21137064491052684 0.3226820597142517 0.3226820596296879 0.3838612001609315 0.00031860415401203723 0.3226820599005145 0.07562640874896624 0.21137064549003173 0.13168859483532439 0.4874740936388575 0.4874740936547387 -0.046465910896104676 0.05691034124706413 0.5415619400596322 0.48747409363401306 0.3226820604585694 0.16368876325728737 0.32268205980261877 0.3226820597466235
95 0.14207967932591511 0.06765230462769978 0.5326892973389477 0.5326892977682292 0.12781092640631114 -0.018536338019664048 0.5326892978046089 0.15111699857272365 0.06765230494784191 0.09146352553048759 0.22436134703457355 0.2243613468890544 0.09127034055005395 0.20065624548796301 0.11705644085577885 0.22436134685995057 0.5326892985031009 0.08319710235305872 0.5326892975717783 0.5326892979210243
180 0.14207967932591511 0.06765230462769978 0.5326892973389477 0.5326892977682292 0.12781092640631114 -0.018536338019664048 0.5326892978046089 0.15111699857272365 0.06765230494784191 0.09146352553048759 0.22436134703457355 0.2243613468890544 0.09127034055005395 0.20065624548796301 0.11705644085577885 0.22436134685995057 0.5326892985031009 0.08319710235305872 0.5326892975717783 0.5326892979210243
126 0.14207967932591511 0.06765230462769978 0.5326892973389477 0.5326892977682292 0.12781092640631114 -0.018536338019664048 0.5326892978046089 0.15111699857272365 0.06765230494784191 0.09146352553048759 0.22436134703457355 0.2243613468890544 0.09127034055005395 0.20065624548796301 0.11705644085577885 0.22436134685995057 0.5326892985031009 0.08319710235305872 0.5326892975717783 0.5326892979210243
117 0.19431571609940482 0.2219325152323532 0.3391563848725595 0.33915638497395845 0.368927137327115 0.003894420274410428 0.3391563851906017 0.07798628896421038 0.2219325158134932 0.14376487037020702 0.44885439163090396 0.4488543917242157 -0.06083997127196236 0.038361294420334556 0.5714471549250263 0.4488543915716397 0.33915638549422916 0.1528273986899254 0.33915638477944815 0.33915638487777594
201 0.14207967932591511 0.06765230462769978 0.5326892973389477 0.5326892977682292 0.12781092640631114 -0.018536338019664048 0.5326892978046089 0.15111699857272365 0.06765230494784191 0.09146352553048759 0.22436134703457355 0.2243613468890544 0.09127034055005395 0.20065624548796301 0.11705644085577885 0.22436134685995057 0.5326892985031009 0.08319710235305872 0.5326892975717783 0.5326892979210243
85 0.8206179874808595 0.15286383840052273 0.1420796787834566 0.14207967998539714 0.48744732312176936 0.21295239323534218 0.14207967928844317 0.22972082831893714 0.15286383920453142 0.23689602282852698 0.22880464766214428 0.22880464768868816 0.26331861639767923 0.5655739930219021 0.3095212735812467 0.22880464763072653 0.14207967895312293 0.35329569328292243 0.1420796792145083 0.14207967935439725
179 0.14207967932591511 0.06765230462769978 0.5326892973389477 0.5326892977682292 0.12781092640631114 -0.018536338019664048 0.5326892978046089 0.15111699857272365 0.06765230494784191 0.09146352553048759 0.22436134703457355 0.2243613468890544 0.09127034055005395 0.20065624548796301 0.11705644085577885 0.22436134685995057 0.5326892985031009 0.08319710235305872 0.5326892975717783 0.5326892979210243
45 0.19926195290088877 0.011108261616838328 0.07348119337315075 0.07348119412085811 0.11966181525414218 0.6646430795702375 0.07348119374620907 0.8457046336801993 0.011108261814062364 0.5745226870687397 0.017980624306660455 0.017980624237164212 0.5765053840754879 0.22988217761685842 0.11518349074835876 0.01798062435145334 0.07348119362170255 0.13590910515915797 0.07348119360052056 0.07348119387634768
105 0.33187075531695465 0.3038826064673147 0.10743790854248156 0.10743790875182982 0.4185834494004855 0.14696839972079728 0.10743790885348813 0.14521672204846517 0.30388260713262905 0.19772613207026013 0.2650165492544369 0.26501654911916944 0.1496579177213963 0.09031603833254959 0.7871491138673508 0.2650165491347128 0.10743790900591633 0.7186001564261983 0.10743790881632886 0.10743790888598934
206 0.7695982410047172 0.1676049588276488 0.14786963319634508 0.1478696342981276 0.48813606843776003 0.21054414124345203 0.14786963395085387 0.24715941890652948 0.16760495966949066 0.21970973814915315 0.21515711858760972 0.21515711847147573 0.26812235196216877 0.6142771301855683 0.32362094265114455 0.2151571184422732 0.1478696334413658 0.3393340647326544 0.14786963358064603 0.14786963394364203
176 0.14207967932591511 0.06765230462769978 0.5326892973389477 0.5326892977682292 0.12781092640631114 -0.018536338019664048 0.5326892978046089 0.15111699857272365 0.06765230494784191 0.09146352553048759 0.22436134703457355 0.2243613468890544 0.09127034055005395 0.20065624548796301 0.11705644085577885 0.22436134685995057 0.5326892985031009 0.08319710235305872 0.5326892975717783 0.5326892979210243
160 0.41410032067533054 0.4080766298827767 0.14010050099952576 0.14010050122410592 0.6035953728273363 0.09551673399368554 0.1401005013477347 0.148920936286476 0.40807663071752914 0.13617092213565857 0.36807885464542356 0.36807885475344393 0.1106511237465506 0.3572694005659769 0.4319851365575574 0.3680788545353222 0.1401005013820305 0.3862627594932167 0.14010050119182077 0.14010050129993584
158 0.5357068795566619 0.539566231237559 0.016619825047126044 0.016619825628648124 0.42101400229122166 0.20953703431723728 0.01661982511754166 0.08638744087858342 0.5395662322110173 0.21736411805309702 0.1029521685443297 0.10295216843713269 0.03476112331020474 0.10348406296439269 0.2275761954803877 0.10295216847433875 0.016619824988985055 0.7549859657171857 0.01661982518608488 0.016619825249157876
19 0.22903439779263973 0.018152052724524734 0.047428199569987776 0.04742819972541402 0.1296148396825625 0.7258238968610534 0.04742819965108485 0.5057570255460981 0.01815205317837652 0.7523680432860561 0.04899272760338453 0.04899272760277305 0.681469533193613 0.20192238948367 0.15225037917770246 0.0489927276349002 0.04742819973631388 0.16572738066426382 0.04742819951681138 0.04742819969012124
76 0.20817798649929084 0.21128577691344658 0.3352563637683484 0.33525636407354165 0.37065409217632844 9.030471441684126e-05 0.335256364026079 0.07573891040482296 0.21128577744848198 0.1461899802008563 0.4565069229665167 0.456506922673432 -0.056339476578298256 0.0195210626742451 0.5641717273561039 0.4565069229112566 0.33525636381209645 0.16278445241309547 0.33525636348939564 0.33525636349173044
22 0.25167269622979027 0.0010568158858753236 0.08850227400538331 0.0885022748293399 0.12214730216735081 0.6150316065046457 0.08850227449760412 0.7925695125040566 0.0010568160096870503 0.5587521124672742 0.013180491045938837 0.013180491001022598 0.6678619714866108 0.23385460943090566 0.17745164814977518 0.013180491050956174 0.0885022745098664 0.12068288859490624 0.08850227438146711 0.08850227456039389
65 0.5655739930219053 0.06098250142334216 0.20065624498059134 0.20065624618363706 0.28377521634907144 0.15481206151349225 0.20065624549866132 0.24850390937835123 0.0609825022418159 0.19767865760746342 0.218855908571841 0.21885590861324125 0.2540150392954352 0.9970659776066242 0.08971975339210639 0.21885590859565102 0.2006562453738744 0.1240040226762513 0.20065624530085976 0.20065624552027148
110 0.2288046475862951 0.2853261215528942 0.22436134682957476 0.22436134659313206 0.402632644865153 -0.022465730605637474 0.22436134685483256 0.05578023445444278 0.2853261223476029 0.09947360691745619 0.6103677534778584 0.6103677532527098 0.02498958295044344 0.21885590852449702 0.29365701211216705 0.6103677534851 0.22436134727555257 0.23403195646117528 0.22436134667764437 0.22436134689164366
152 0.15286383887756808 0.8196857056165634 0.06765230461687105 0.06765230514626844 0.3737381239621992 -0.01454729958214745 0.06765230486004008 0.020693351028587156 0.8196857063658851 0.046038309203448806 0.2853261221233815 0.2853261220857382 -0.004119996473268205 0.06098250190704666 0.2461176336292532 0.28532612206631913 0.06765230528579742 0.392963178937317 0.06765230480250119 0.06765230506207051
41 0.2633186163976776 -0.004119996668674077 0.09127034018978555 0.0912703407743432 0.12022454539638064 0.615303906175692 0.09127034053836022 0.6381501452212227 -0.004119996397567597 0.6223394318647875 0.024989582903409854 0.02498958299322 0.7640779353486471 0.2540150392954413 0.16513376132807842 0.024989583014364915 0.09127034064118707 0.12478607369382157 0.0912703403998667 0.09127034062387324
193 0.8206179874808595 0.15286383840052273 0.1420796787834566 0.14207967998539714 0.48744732312176936 0.21295239323534218 0.14207967928844317 0.22972082831893714 0.15286383920453142 0.23689602282852698 0.22880464766214428 0.22880464768868816 0.26331861639767923 0.5655739930219021 0.3095212735812467 0.22880464763072653 0.14207967895312293 0.35329569328292243 0.1420796792145083 0.14207967935439725
29 0.31958217009090945 0.061314124764490434 0.06367518593796288 0.06367518584598601 0.13796931014158992 0.54226992203492 0.06367518594269861 0.1816868648572447 0.06131412543734491 0.8571456521781515 0.1639763982565722 0.16397639820001106 0.6558769574347145 0.15799640339204507 0.37232923715999366 0.16397639824991905 0.06367518621551231 0.2469241235386982 0.0636751858428182 0.06367518592353975
165 0.11659549728400233 0.06247951101158286 0.5190373476158352 0.5190373477949322 0.11839230257748737 -0.019217264818833214 0.519037347563508 0.14809106420229512 0.06247951137079746 0.07972539152769227 0.259189160791453 0.2591891606598901 0.09907607382130687 0.28411296007064607 0.10572900046593059 0.25918916071450515 0.5190373482176819 0.0851530475441643 0.5190373473338328 0.519037347895624
115 0.7030699787400578 -0.02635569810776269 0.018765681799794598 0.018765683526126006 -0.09847597672448026 0.7261059391913617 0.01876568270828991 0.38881164176702443 -0.02635569816281044 0.05504412600646768 -0.044109478814037324 -0.044109478774280994 0.40638039531652803 0.27609761218549084 0.3712961798552522 -0.04410947879501477 0.018765682161374603 0.425882372146896 0.018765682615448438 0.018765682756756847
139 0.27707812251237124 0.15051360276810336 0.15717267225954942 0.1571726726028018 0.30190284490163716 0.11494575422607985 0.157172672392996 0.15066453299590993 0.15051360328319446 0.2909723874248717 0.30424504221637183 0.3042450420911191 0.17169952175565278 0.014500813054680654 1.0251475302927655 0.30424504204868236 0.15717267265571566 0.3721257435561334 0.15717267206915175 0.15717267234132445
146 0.8206179874808595 0.15286383840052273 0.1420796787834566 0.14207967998539714 0.48744732312176936 0.21295239323534218 0.14207967928844317 0.22972082831893714 0.15286383920453142 0.23689602282852698 0.22880464766214428 0.22880464768868816 0.26331861639767923 0.5655739930219021 0.3095212735812467 0.22880464763072653 0.14207967895312293 0.35329569328292243 0.1420796792145083 0.14207967935439725
203 0.487447323121772 0.37373812343489243 0.12781092607209718 0.12781092645913048 0.6368767668778388 0.08957126494133569 0.1278109265188761 0.12703273986210842 0.3737381243553164 0.14969479385108114 0.40263264501274393 0.4026326447336976 0.12022454539637895 0.28377521634906716 0.4039931805921335 0.4026326449376704 0.12781092659100948 0.43394483324477734 0.1278109261539029 0.12781092652662251
178 0.14207967932591511 0.06765230462769978 0.5326892973389477 0.5326892977682292 0.12781092640631114 -0.018536338019664048 0.5326892978046089 0.15111699857272365 0.06765230494784191 0.09146352553048759 0.22436134703457355 0.2243613468890544 0.09127034055005395 0.20065624548796301 0.11705644085577885 0.22436134685995057 0.5326892985031009 0.08319710235305872 0.5326892975717783 0.5326892979210243
141 0.15286383887756808 0.8196857056165634 0.06765230461687105 0.06765230514626844 0.3737381239621992 -0.01454729958214745 0.06765230486004008 0.020693351028587156 0.8196857063658851 0.046038309203448806 0.2853261221233815 0.2853261220857382 -0.004119996473268205 0.06098250190704666 0.2461176336292532 0.28532612206631913 0.06765230528579742 0.392963178937317 0.06765230480250119 0.06765230506207051
42 0.22160365271829188 0.00899286780400758 0.07044360031931513 0.07044360124688838 0.10562318717102288 0.6908617945569612 0.0704436007940616 0.8612768683398124 0.008992867969146869 0.5390321200589625 0.016839234496522488 0.01683923445965173 0.5460045286130586 0.22940850637626237 0.11567712671791486 0.01683923451443205 0.07044360054270425 0.165106138684988 0.07044360065195175 0.07044360081640282
129 0.3532956932829193 0.3929631785199176 0.08319710209311826 0.08319710260819714 0.43394483324477384 0.15657377620408852 0.08319710228613612 0.136226663401505 0.3929631792177377 0.16972318458212543 0.23403195655169368 0.23403195646615085 0.12478607369382522 0.12400402267624713 0.6377754522828029 0.2340319564802379 0.0831971025080287 0.81400577262615 0.08319710217040888 0.083197102348364
57 0.22099957186847619 0.019843231456328866 0.13603889460025936 0.1360388952201929 0.1189621598430862 0.49949229518447563 0.13603889493771268 0.7673196191620281 0.019843231864205994 0.6498792140923897 0.07394505529893441 0.07394505533589546 0.6485885824869242 0.2876588974560333 0.10184235426133893 0.07394505534681563 0.13603889507829564 0.16071390413013456 0.13603889481476036 0.1360388950315177
119 0.520106643900119 0.2623389568631738 0.1831003806227163 0.1831003812942913 0.5930421437532581 0.06888900545089131 0.18310038079095475 0.1186485587754806 0.26233895766556936 0.2299804595638938 0.4018287547069763 0.4018287544204321 0.1286272799251743 0.09140489258085666 0.5576914073023461 0.40182875458464895 0.18310038075043314 0.2729098042525642 0.18310038056845473 0.183100380837203
51 0.35923260588149647 0.002068190228717202 0.028580893315582303 0.02858089382155552 0.13993185600760033 0.7528908741977135 0.028580893498578903 0.4274369980726842 0.0020681905866250165 0.6673005167660512 0.03467173616563979 0.0346717361692095 0.6890776547675818 0.21769731916234708 0.26838728105215304 0.034671736169952456 0.02858089345681024 0.20960256919515113 0.02858089340203851 0.028580893541325796
11 0.22960495017040264 -0.006933615887838682 0.047445580302042545 0.04744558080902915 0.1093728193611611 0.7526093741372474 0.04744558060882958 0.6282674406623187 -0.0069336156329089195 0.6139597344046918 0.004475280959682963 0.004475280938212874 0.7102368428727821 0.2117366640697907 0.1227511517454966 0.004475280975358852 0.047445580555227886 0.12965425183319745 0.04744558048203863 0.04744558068863536
217 0.15286383887756808 0.8196857056165634 0.06765230461687105 0.06765230514626844 0.3737381239621992 -0.01454729958214745 0.06765230486004008 0.020693351028587156 0.8196857063658851 0.046038309203448806 0.2853261221233815 0.2853261220857382 -0.004119996473268205 0.06098250190704666 0.2461176336292532 0.28532612206631913 0.06765230528579742 0.392963178937317 0.06765230480250119 0.06765230506207051
183 0.15286383887756808 0.8196857056165634 0.06765230461687105 0.06765230514626844 0.3737381239621992 -0.01454729958214745 0.06765230486004008 0.020693351028587156 0.8196857063658851 0.046038309203448806 0.2853261221233815 0.2853261220857382 -0.004119996473268205 0.06098250190704666 0.2461176336292532 0.28532612206631913 0.06765230528579742 0.392963178937317 0.06765230480250119 0.06765230506207051
200 0.14207967932591511 0.06765230462769978 0.5326892973389477 0.5326892977682292 0.12781092640631114 -0.018536338019664048 0.5326892978046089 0.15111699857272365 0.06765230494784191 0.09146352553048759 0.22436134703457355 0.2243613468890544 0.09127034055005395 0.20065624548796301 0.11705644085577885 0.22436134685995057 0.5326892985031009 0.08319710235305872 0.5326892975717783 0.5326892979210243
194 0.5655739930219053 0.06098250142334216 0.20065624498059134 0.20065624618363706 0.28377521634907144 0.15481206151349225 0.20065624549866132 0.24850390937835123 0.0609825022418159 0.19767865760746342 0.218855908571841 0.21885590861324125 0.2540150392954352 0.9970659776066242 0.08971975339210639 0.21885590859565102 0.2006562453738744 0.1240040226762513 0.20065624530085976 0.20065624552027148
191 0.2288046475862951 0.2853261215528942 0.22436134682957476 0.22436134659313206 0.402632644865153 -0.022465730605637474 0.22436134685483256 0.05578023445444278 0.2853261223476029 0.09947360691745619 0.6103677534778584 0.6103677532527098 0.02498958295044344 0.21885590852449702 0.29365701211216705 0.6103677534851 0.22436134727555257 0.23403195646117528 0.22436134667764437 0.22436134689164366
37 0.2486904240674071 0.014039907883349068 0.1620211672043856 0.16202116767706087 0.1189057735793775 0.442766345335862 0.1620211676046077 0.7072357350982245 0.014039908214307718 0.6488933115116031 0.0660412231057053 0.06604122310074638 0.7314785685911156 0.24255517458380674 0.15361104619217789 0.06604122310501286 0.16202116782222192 0.1275372474973177 0.16202116739703604 0.1620211678170159
96 0.14207967932591511 0.06765230462769978 0.5326892973389477 0.5326892977682292 0.12781092640631114 -0.018536338019664048 0.5326892978046089 0.15111699857272365 0.06765230494784191 0.09146352553048759 0.22436134703457355 0.2243613468890544 0.09127034055005395 0.20065624548796301 0.11705644085577885 0.22436134685995057 0.5326892985031009 0.08319710235305872 0.5326892975717783 0.5326892979210243
24 0.2897478414633477 0.0030597810383207937 0.055061301713906316 0.05506130229800094 0.09535794968313593 0.7303143109996739 0.05506130207802648 0.641267465857305 0.0030597812822166486 0.545293465475968 0.02618003043771692 0.026180030409504233 0.661378341232048 0.2309708057402205 0.2795450059494164 0.026180030459656195 0.05506130198994278 0.233126993993843 0.05506130200474945 0.055061302163905056
112 0.8206179874808595 0.15286383840052273 0.1420796787834566 0.14207967998539714 0.48744732312176936 0.21295239323534218 0.14207967928844317 0.22972082831893714 0.15286383920453142 0.23689602282852698 0.22880464766214428 0.22880464768868816 0.26331861639767923 0.5655739930219021 0.3095212735812467 0.22880464763072653 0.14207967895312293 0.35329569328292243 0.1420796792145083 0.14207967935439725
168 0.11659549728400233 0.06247951101158286 0.5190373476158352 0.5190373477949322 0.11839230257748737 -0.019217264818833214 0.519037347563508 0.14809106420229512 0.06247951137079746 0.07972539152769227 0.259189160791453 0.2591891606598901 0.09907607382130687 0.28411296007064607 0.10572900046593059 0.25918916071450515 0.5190373482176819 0.0851530475441643 0.5190373473338328 0.519037347895624
143 0.5191660780095607 0.0026606031191613103 0.07966948582168416 0.07966948714155762 0.08796552310034424 0.5686540379366467 0.07966948662836544 0.5091903378189244 0.002660603240511496 0.2582584221578675 0.02549104207670125 0.025491042116423446 0.5966729140106273 0.2685546649327431 0.5771041996405474 0.025491042171791586 0.07966948648486365 0.39897633274008126 0.07966948653046613 0.07966948663876477
155 0.15286383887756808 0.8196857056165634 0.06765230461687105 0.06765230514626844 0.3737381239621992 -0.01454729958214745 0.06765230486004008 0.020693351028587156 0.8196857063658851 0.046038309203448806 0.2853261221233815 0.2853261220857382 -0.004119996473268205 0.06098250190704666 0.2461176336292532 0.28532612206631913 0.06765230528579742 0.392963178937317 0.06765230480250119 0.06765230506207051
173 0.15286383887756808 0.8196857056165634 0.06765230461687105 0.06765230514626844 0.3737381239621992 -0.01454729958214745 0.06765230486004008 0.020693351028587156 0.8196857063658851 0.046038309203448806 0.2853261221233815 0.2853261220857382 -0.004119996473268205 0.06098250190704666 0.2461176336292532 0.28532612206631913 0.06765230528579742 0.392963178937317 0.06765230480250119 0.06765230506207051
99 0.14207967932591511 0.06765230462769978 0.5326892973389477 0.5326892977682292 0.12781092640631114 -0.018536338019664048 0.5326892978046089 0.15111699857272365 0.06765230494784191 0.09146352553048759 0.22436134703457355 0.2243613468890544 0.09127034055005395 0.20065624548796301 0.11705644085577885 0.22436134685995057 0.5326892985031009 0.08319710235305872 0.5326892975717783 0.5326892979210243
3 0.15635466377695914 -0.0079206891185378 0.008449151461867015 0.008449151825570695 0.12107535873640536 0.8595492285250302 0.008449151603421946 0.5989622536683537 -0.007920688909989865 0.6224910555480105 -0.01440383019369368 -0.014403830190801444 0.6421916687021391 0.1672396016416846 0.07152044315190721 -0.014403830134516897 0.008449151524069306 0.0967805326243549 0.008449151502454809 0.008449151633874859
10 0.22214170880350398 -0.006476492801342317 0.04991748579304398 0.0499174864419303 0.114471347339695 0.7268158520537309 0.04991748620962168 0.6645136358372362 -0.006476492608629419 0.601748179972997 0.0008983436079582994 0.0008983436050756843 0.7138521418923157 0.20878793324602105 0.1433230415899439 0.0008983436154516071 0.049917486177769026 0.1117679851943866 0.049917486027530475 0.04991748626505432
134 0.2288046475862951 0.2853261215528942 0.22436134682957476 0.22436134659313206 0.402632644865153 -0.022465730605637474 0.22436134685483256 0.05578023445444278 0.2853261223476029 0.09947360691745619 0.6103677534778584 0.6103677532527098 0.02498958295044344 0.21885590852449702 0.29365701211216705 0.6103677534851 0.22436134727555257 0.23403195646117528 0.22436134667764437 0.22436134689164366
8 0.26692187881752855 -0.014170227568545855 0.050281308059647215 0.050281308381501716 0.10966811753947701 0.741042189554767 0.05028130837723893 0.5042851341013719 -0.014170227304708185 0.628127308350596 0.006185580465122647 0.0061855804917696645 0.7747369468951452 0.2450189441537233 0.14074913939759648 0.006185580519368498 0.05028130843586477 0.13470598981104884 0.05028130830319981 0.05028130845994339
56 0.2258205809773996 0.0012613371453319329 0.022829974216333142 0.022829974777657448 0.09626610282214156 0.835657131218116 0.02282997453257434 0.6531208083856032 0.0012613373211831206 0.5730193293914404 0.0070785559615013155 0.007078555968185637 0.6097719741037346 0.19632589833476147 0.17753869020477095 0.007078555961948047 0.022829974368898068 0.18642693839865282 0.022829974373155617 0.02282997450621567
16 0.24853513075311964 -0.0013575173563542407 0.023287168949776768 0.023287169591822577 0.08379734820894903 0.8490432587779151 0.02328716927755031 0.6364791223307195 -0.0013575171316052223 0.5538097198852573 0.006558978172136675 0.006558978119494664 0.6108282517362836 0.19484454235755572 0.18140574962992048 0.006558978150638764 0.02328716910453334 0.20827042332879464 0.02328716916067438 0.02328716935577323
153 0.33187075531695465 0.3038826064673147 0.10743790854248156 0.10743790875182982 0.4185834494004855 0.14696839972079728 0.10743790885348813 0.14521672204846517 0.30388260713262905 0.19772613207026013 0.2650165492544369 0.26501654911916944 0.1496579177213963 0.09031603833254959 0.7871491138673508 0.2650165491347128 0.10743790900591633 0.7186001564261983 0.10743790881632886 0.10743790888598934
218 0.3532956932829193 0.3929631785199176 0.08319710209311826 0.08319710260819714 0.43394483324477384 0.15657377620408852 0.08319710228613612 0.136226663401505 0.3929631792177377 0.16972318458212543 0.23403195655169368 0.23403195646615085 0.12478607369382522 0.12400402267624713 0.6377754522828029 0.2340319564802379 0.0831971025080287 0.81400577262615 0.08319710217040888 0.083197102348364
90 0.20421628493385977 0.21137064491052684 0.3226820597142517 0.3226820596296879 0.3838612001609315 0.00031860415401203723 0.3226820599005145 0.07562640874896624 0.21137064549003173 0.13168859483532439 0.4874740936388575 0.4874740936547387 -0.046465910896104676 0.05691034124706413 0.5415619400596322 0.48747409363401306 0.3226820604585694 0.16368876325728737 0.32268205980261877 0.3226820597466235
120 0.19431571609940482 0.2219325152323532 0.3391563848725595 0.33915638497395845 0.368927137327115 0.003894420274410428 0.3391563851906017 0.07798628896421038 0.2219325158134932 0.14376487037020702 0.44885439163090396 0.4488543917242157 -0.06083997127196236 0.038361294420334556 0.5714471549250263 0.4488543915716397 0.33915638549422916 0.1528273986899254 0.33915638477944815 0.33915638487777594
167 0.11659549728400233 0.06247951101158286 0.5190373476158352 0.5190373477949322 0.11839230257748737 -0.019217264818833214 0.519037347563508 0.14809106420229512 0.06247951137079746 0.07972539152769227 0.259189160791453 0.2591891606598901 0.09907607382130687 0.28411296007064607 0.10572900046593059 0.25918916071450515 0.5190373482176819 0.0851530475441643 0.5190373473338328 0.519037347895624
98 0.14207967932591511 0.06765230462769978 0.5326892973389477 0.5326892977682292 0.12781092640631114 -0.018536338019664048 0.5326892978046089 0.15111699857272365 0.06765230494784191 0.09146352553048759 0.22436134703457355 0.2243613468890544 0.09127034055005395 0.20065624548796301 0.11705644085577885 0.22436134685995057 0.5326892985031009 0.08319710235305872 0.5326892975717783 0.5326892979210243
43 0.2419221915364703 0.023255985033401986 0.14061348694502954 0.14061348794864262 0.13022882887079856 0.49292257697598735 0.14061348753935712 0.9167836226939543 0.023255985324321382 0.5312772204727745 0.04493437078331991 0.04493437082951558 0.5459162324281658 0.2824675887196107 0.1515639881019929 0.04493437083961101 0.14061348742679414 0.16788442426772565 0.14061348723724046 0.1406134875226472
214 0.33187075531695465 0.3038826064673147 0.10743790854248156 0.10743790875182982 0.4185834494004855 0.14696839972079728 0.10743790885348813 0.14521672204846517 0.30388260713262905 0.19772613207026013 0.2650165492544369 0.26501654911916944 0.1496579177213963 0.09031603833254959 0.7871491138673508 0.2650165491347128 0.10743790900591633 0.7186001564261983 0.10743790881632886 0.10743790888598934
48 0.20313635253496642 0.006057639933049435 0.07590480204765314 0.07590480259001763 0.11962248674590199 0.6634553525537465 0.07590480241973956 0.7292807244333914 0.006057640243068756 0.635343392831849 0.029147211408432277 0.029147211387074587 0.6628178866669201 0.24179537608784235 0.1086519916256378 0.029147211422437713 0.07590480236740917 0.13183532559084676 0.07590480222470081 0.07590480245230503
49 0.20258753028956275 -0.00030991327033662926 -0.010211176530635665 -0.010211176178957185 0.11382439699691713 0.9313788841227623 -0.010211176443107213 0.4916905698378296 -0.00030991300111789173 0.6412461350114543 -0.00458140856766863 -0.004581408569636926 0.5958136583707309 0.153281794088081 0.13768447520021715 -0.004581408554112134 -0.010211176543429958 0.15860309018773006 -0.01021117650889522 -0.010211176450630844
101 0.375860712987058 0.5047146975067636 0.058732835360933426 0.058732835772251406 0.41692371039643794 0.16107293650617305 0.058732835606672806 0.12215521612483306 0.5047146983065396 0.15372549821847292 0.18676331432842086 0.186763314221264 0.08622942961016934 0.15104501800154274 0.4514185305590674 0.18676331432832707 0.05873283565364488 0.8623508800637864 0.05873283548941358 0.05873283556545951
91 0.20421628493385977 0.21137064491052684 0.3226820597142517 0.3226820596296879 0.3838612001609315 0.00031860415401203723 0.3226820599005145 0.07562640874896624 0.21137064549003173 0.13168859483532439 0.4874740936388575 0.4874740936547387 -0.046465910896104676 0.05691034124706413 0.5415619400596322 0.48747409363401306 0.3226820604585694 0.16368876325728737 0.32268205980261877 0.3226820597466235
130 0.3532956932829193 0.3929631785199176 0.08319710209311826 0.08319710260819714 0.43394483324477384 0.15657377620408852 0.08319710228613612 0.136226663401505 0.3929631792177377 0.16972318458212543 0.23403195655169368 0.23403195646615085 0.12478607369382522 0.12400402267624713 0.6377754522828029 0.2340319564802379 0.0831971025080287 0.81400577262615 0.08319710217040888 0.083197102348364
137 0.8206179874808595 0.15286383840052273 0.1420796787834566 0.14207967998539714 0.48744732312176936 0.21295239323534218 0.14207967928844317 0.22972082831893714 0.15286383920453142 0.23689602282852698 0.22880464766214428 0.22880464768868816 0.26331861639767923 0.5655739930219021 0.3095212735812467 0.22880464763072653 0.14207967895312293 0.35329569328292243 0.1420796792145083 0.14207967935439725
0 0.18935799455785107 -0.01588616142602309 -0.0034470754802391397 -0.0034470748311312 0.0912394013306714 0.9231777535512053 -0.003447075166653023 0.654713295109316 -0.015886161328817785 0.5161100454572256 -0.024047321342204695 -0.024047321345023867 0.580197840258319 0.17292976162467313 0.09936705803001365 -0.024047321331844736 -0.0034470754003560872 0.1260263372514028 -0.003447075273265742 -0.003447075138490304
205 0.487447323121772 0.37373812343489243 0.12781092607209718 0.12781092645913048 0.6368767668778388 0.08957126494133569 0.1278109265188761 0.12703273986210842 0.3737381243553164 0.14969479385108114 0.40263264501274393 0.4026326447336976 0.12022454539637895 0.28377521634906716 0.4039931805921335 0.4026326449376704 0.12781092659100948 0.43394483324477734 0.1278109261539029 0.12781092652662251
30 0.22371563867969504 -0.00099346311457615 -0.005314114678341957 -0.005314114061440475 0.09760736918437656 0.9131924356949075 -0.005314114443060997 0.6633814699062934 -0.0009934629423672095 0.5453983312437574 -0.009311305454984261 -0.009311305436080027 0.5201193601394833 0.16321078651651072 0.1538914557127364 -0.00931130543749946 -0.0053141147734765935 0.17229343362324487 -0.005314114582635028 -0.005314114509904141
128 0.14207967932591511 0.06765230462769978 0.5326892973389477 0.5326892977682292 0.12781092640631114 -0.018536338019664048 0.5326892978046089 0.15111699857272365 0.06765230494784191 0.09146352553048759 0.22436134703457355 0.2243613468890544 0.09127034055005395 0.20065624548796301 0.11705644085577885 0.22436134685995057 0.5326892985031009 0.08319710235305872 0.5326892975717783 0.5326892979210243
113 0.8206179874808595 0.15286383840052273 0.1420796787834566 0.14207967998539714 0.48744732312176936 0.21295239323534218 0.14207967928844317 0.22972082831893714 0.15286383920453142 0.23689602282852698 0.22880464766214428 0.22880464768868816 0.26331861639767923 0.5655739930219021 0.3095212735812467 0.22880464763072653 0.14207967895312293 0.35329569328292243 0.1420796792145083 0.14207967935439725
25 0.1869077778489647 2.266863508702953e-05 0.040750693854891815 0.04075069434703367 0.11539798770986286 0.7711259713465766 0.0407506941193418 0.686588898712696 2.2668874167884998e-05 0.6255562140265867 0.007401717858000527 0.0074017177989593634 0.6416203373562155 0.20187625883424404 0.08620438038286382 0.007401717838744423 0.040750694080121434 0.12399785800990268 0.04075069399836443 0.040750694155212305
189 0.7014120427477372 0.037126990041537786 0.0427931821578811 0.04279318366031535 0.07325418362271095 0.6715658721246961 0.04279318273722735 0.4804245373411462 0.03712699037508028 0.20979436871069201 0.011452118770407207 0.011452118740457234 0.3224219184976677 0.326106734529863 0.344907350944794 0.011452118758535268 0.04279318226825438 0.5720726938057658 0.04279318270945891 0.04279318284142812
5 0.22972082831894067 0.020693350768865502 0.15111699807403572 0.15111699885835292 0.12703273986210786 0.4650781424412658 0.15111699844234075 0.8299854893073267 0.020693351128670563 0.6081273267534633 0.055780234492150325 0.05578023441743791 0.6381501452212146 0.24850390937835531 0.14608992452428596 0.0557802345220203 0.15111699862280947 0.13622666340150233 0.15111699841532142 0.15111699864557582
15 0.19501821278043988 -0.008221374645225175 0.024676428879779517 0.024676429492841677 0.11494774995384073 0.8019344003655098 0.024676429171371052 0.6472345161624644 -0.008221374459640642 0.6003541518848549 -0.01020743185968383 -0.010207431833920814 0.6737991735739783 0.18426950506709872 0.1135102200053526 -0.01020743180641012 0.024676429104863874 0.10330364214784628 0.024676429103058607 0.024676429281692325
89 0.11659549728400233 0.06247951101158286 0.5190373476158352 0.5190373477949322 0.11839230257748737 -0.019217264818833214 0.519037347563508 0.14809106420229512 0.06247951137079746 0.07972539152769227 0.259189160791453 0.2591891606598901 0.09907607382130687 0.28411296007064607 0.10572900046593059 0.25918916071450515 0.5190373482176819 0.0851530475441643 0.5190373473338328 0.519037347895624
23 0.33964559737566496 0.021682593607159004 0.2818337550177537 0.2818337554901732 0.11934588574868536 0.1686142840358641 0.2818337553371624 0.4811151600057132 0.021682594215433882 0.5010192353897005 0.1995390084647538 0.19953900837805374 0.6403507926967451 0.48237528174490163 0.12537785708402346 0.19953900845482164 0.2818337557358233 0.2195596468529882 0.28183375536557526 0.2818337557116728
202 0.6808615282750163 0.041351251698775966 0.04382000368659399 0.043820005154380656 0.07621245148039552 0.6650748483676532 0.04382000430416703 0.48707689213698674 0.041351252046886645 0.20185082891973502 0.008316957493377323 0.008316957410093329 0.32718504017877403 0.3456085788425143 0.3484757411160579 0.0083169574636256 0.04382000373092952 0.5656991452711168 0.043820004248905274 0.04382000435327245
164 0.19431571609940482 0.2219325152323532 0.3391563848725595 0.33915638497395845 0.368927137327115 0.003894420274410428 0.3391563851906017 0.07798628896421038 0.2219325158134932 0.14376487037020702 0.44885439163090396 0.4488543917242157 -0.06083997127196236 0.038361294420334556 0.5714471549250263 0.4488543915716397 0.33915638549422916 0.1528273986899254 0.33915638477944815 0.33915638487777594
78 0.30179769415564656 0.20387391933111904 0.1400794121856806 0.14007941259876674 0.35982483907402146 0.1288111535286765 0.14007941233604065 0.1523376939920811 0.20387391983601957 0.25040376518635743 0.289973237749845 0.28997323768171074 0.16705512725030883 0.037458847275963464 0.9498483290348353 0.28997323773942063 0.14007941254379885 0.531750426492101 0.14007941220131967 0.14007941239383273
212 0.8206179874808595 0.15286383840052273 0.1420796787834566 0.14207967998539714 0.48744732312176936 0.21295239323534218 0.14207967928844317 0.22972082831893714 0.15286383920453142 0.23689602282852698 0.22880464766214428 0.22880464768868816 0.26331861639767923 0.5655739930219021 0.3095212735812467 0.22880464763072653 0.14207967895312293 0.35329569328292243 0.1420796792145083 0.14207967935439725
14 0.29835449578296197 0.04305770781424922 0.08374546747285554 0.08374546824882494 0.13281908863906405 0.6324861534268236 0.08374546783309722 0.8039502319596664 0.043057708205182545 0.5112084865813586 0.054938781141112496 0.054938781079224716 0.4550417313147433 0.2809281880950943 0.29656899406729387 0.05493878124769239 0.08374546752273927 0.32795242354083326 0.08374546754327002 0.0837454676845158
52 0.23716943263473278 0.0015742614029083622 0.06601981746172692 0.06601981831964433 0.10449962698412922 0.714946406630496 0.06601981790465541 0.7693904500287997 0.0015742616697721654 0.5526812834624777 0.026360586522705374 0.026360586521433655 0.5908863295560881 0.29063896320376775 0.11585546309704893 0.026360586532726632 0.0660198177700551 0.18495122942339826 0.06601981779380142 0.06601981789311041
133 0.5920136279455666 0.013599738458940053 0.06700660316320646 0.06700660452027915 0.07569499209634481 0.6236980828856992 0.06700660406046971 0.5169426708868469 0.01359973862859819 0.23454816391875397 0.01900537551100587 0.019005375512638326 0.49766939307852837 0.27435329414902865 0.49461442477467005 0.01900537554787374 0.06700660379035885 0.4835045055706498 0.06700660385253704 0.06700660411162625
74 0.20817798649929084 0.21128577691344658 0.3352563637683484 0.33525636407354165 0.37065409217632844 9.030471441684126e-05 0.335256364026079 0.07573891040482296 0.21128577744848198 0.1461899802008563 0.4565069229665167 0.456506922673432 -0.056339476578298256 0.0195210626742451 0.5641717273561039 0.4565069229112566 0.33525636381209645 0.16278445241309547 0.33525636348939564 0.33525636349173044
114 0.5655739930219053 0.06098250142334216 0.20065624498059134 0.20065624618363706 0.28377521634907144 0.15481206151349225 0.20065624549866132 0.24850390937835123 0.0609825022418159 0.19767865760746342 0.218855908571841 0.21885590861324125 0.2540150392954352 0.9970659776066242 0.08971975339210639 0.21885590859565102 0.2006562453738744 0.1240040226762513 0.20065624530085976 0.20065624552027148
62 0.2288046475862951 0.2853261215528942 0.22436134682957476 0.22436134659313206 0.402632644865153 -0.022465730605637474 0.22436134685483256 0.05578023445444278 0.2853261223476029 0.09947360691745619 0.6103677534778584 0.6103677532527098 0.02498958295044344 0.21885590852449702 0.29365701211216705 0.6103677534851 0.22436134727555257 0.23403195646117528 0.22436134667764437 0.22436134689164366
184 0.15286383887756808 0.8196857056165634 0.06765230461687105 0.06765230514626844 0.3737381239621992 -0.01454729958214745 0.06765230486004008 0.020693351028587156 0.8196857063658851 0.046038309203448806 0.2853261221233815 0.2853261220857382 -0.004119996473268205 0.06098250190704666 0.2461176336292532 0.28532612206631913 0.06765230528579742 0.392963178937317 0.06765230480250119 0.06765230506207051
148 0.5655739930219053 0.06098250142334216 0.20065624498059134 0.20065624618363706 0.28377521634907144 0.15481206151349225 0.20065624549866132 0.24850390937835123 0.0609825022418159 0.19767865760746342 0.218855908571841 0.21885590861324125 0.2540150392954352 0.9970659776066242 0.08971975339210639 0.21885590859565102 0.2006562453738744 0.1240040226762513 0.20065624530085976 0.20065624552027148
195 0.7787753911648653 -0.03393355800380395 0.009105470818510646 0.009105472558791346 -0.16923498871745235 0.7400436655816176 0.009105471541343068 0.3650824934727984 -0.033933557984287384 0.058728506074404926 -0.05826771190016713 -0.05826771191067892 0.24378230684406416 0.3161506151085536 0.20523433703843286 -0.058267711892504556 0.009105470736844153 0.3295402865700563 0.00910547144404019 0.009105471582524068
208 0.5568234597823521 0.007349218237428158 0.07718900673289757 0.07718900801349217 0.07886349194339788 0.586591272239767 0.07718900757350088 0.5179437235932792 0.007349218346203599 0.24820900806405496 0.020706907797512067 0.02070690772600262 0.5601755168136544 0.25200701988427016 0.5473913016884725 0.020706907770027552 0.07718900728188093 0.4341920958113247 0.07718900745436733 0.07718900780276183
71 0.13012386473376938 0.06492400184745847 0.5270360131973073 0.5270360131577091 0.12374491584222375 -0.018724023850966373 0.527036013378625 0.14953150047673722 0.06492400243354864 0.08576530489244936 0.24105360761897338 0.24105360760124867 0.09520586107803757 0.2399664236611671 0.11205864331095021 0.241053607701757 0.5270360136571646 0.08407424584036721 0.5270360130199535 0.5270360132991379
38 0.17716314133754146 -0.003983108021298333 0.015326964627211177 0.015326965275500929 0.10074796219104493 0.8508901925132076 0.015326964901082787 0.7773258920870786 -0.003983107885081063 0.5231782072901019 -0.010240431019894566 -0.010240431046618021 0.5183714739831783 0.18769153522408394 0.0868009976765828 -0.01024043099260962 0.01532696464365972 0.13295315075647982 0.01532696479884162 0.015326964920815506
50 0.23689602282852631 0.04603830886075239 0.09146352550836277 0.09146352568146089 0.14969479385108175 0.5642116439769613 0.0914635255002843 0.6081273267534671 0.046038309417802695 0.8045860846414407 0.09947360690687469 0.09947360687009049 0.6223394318647898 0.19767865760746667 0.21599227982698546 0.09947360693177082 0.09146352558072374 0.16972318458212352 0.09146352539327869 0.09146352553269665
116 0.11659549728400233 0.06247951101158286 0.5190373476158352 0.5190373477949322 0.11839230257748737 -0.019217264818833214 0.519037347563508 0.14809106420229512 0.06247951137079746 0.07972539152769227 0.259189160791453 0.2591891606598901 0.09907607382130687 0.28411296007064607 0.10572900046593059 0.25918916071450515 0.5190373482176819 0.0851530475441643 0.5190373473338328 0.519037347895624
190 0.2288046475862951 0.2853261215528942 0.22436134682957476 0.22436134659313206 0.402632644865153 -0.022465730605637474 0.22436134685483256 0.05578023445444278 0.2853261223476029 0.09947360691745619 0.6103677534778584 0.6103677532527098 0.02498958295044344 0.21885590852449702 0.29365701211216705 0.6103677534851 0.22436134727555257 0.23403195646117528 0.22436134667764437 0.22436134689164366
182 0.33187075531695465 0.3038826064673147 0.10743790854248156 0.10743790875182982 0.4185834494004855 0.14696839972079728 0.10743790885348813 0.14521672204846517 0.30388260713262905 0.19772613207026013 0.2650165492544369 0.26501654911916944 0.1496579177213963 0.09031603833254959 0.7871491138673508 0.2650165491347128 0.10743790900591633 0.7186001564261983 0.10743790881632886 0.10743790888598934
79 0.15286383887756808 0.8196857056165634 0.06765230461687105 0.06765230514626844 0.3737381239621992 -0.01454729958214745 0.06765230486004008 0.020693351028587156 0.8196857063658851 0.046038309203448806 0.2853261221233815 0.2853261220857382 -0.004119996473268205 0.06098250190704666 0.2461176336292532 0.28532612206631913 0.06765230528579742 0.392963178937317 0.06765230480250119 0.06765230506207051
31 0.28572683927750026 -0.008001230651481428 0.09930066644977406 0.09930066699968598 0.1106788230396206 0.5880634860681432 0.09930066679097613 0.46142870143779136 -0.008001230253148485 0.6668504790349641 0.03137740231706409 0.031377402340812294 0.8519778236311911 0.2457943697651361 0.16291666867684415 0.03137740235314252 0.09930066716244498 0.12378113463814143 0.09930066675433126 0.09930066701114022
140 0.27707812251237124 0.15051360276810336 0.15717267225954942 0.1571726726028018 0.30190284490163716 0.11494575422607985 0.157172672392996 0.15066453299590993 0.15051360328319446 0.2909723874248717 0.30424504221637183 0.3042450420911191 0.17169952175565278 0.014500813054680654 1.0251475302927655 0.30424504204868236 0.15717267265571566 0.3721257435561334 0.15717267206915175 0.15717267234132445
170 0.3095212735812466 0.24611763324124786 0.11705644078004859 0.11705644106649532 0.4039931805921288 0.14205888226201022 0.11705644083576386 0.1460899245242874 0.24611763388751343 0.21599227982698443 0.2936570121888518 0.2936570121861568 0.16513376132807825 0.08971975339210243 0.8652570426588638 0.2936570121636969 0.11705644105197668 0.6377754522828022 0.11705644062465154 0.11705644084338024
199 0.14207967932591511 0.06765230462769978 0.5326892973389477 0.5326892977682292 0.12781092640631114 -0.018536338019664048 0.5326892978046089 0.15111699857272365 0.06765230494784191 0.09146352553048759 0.22436134703457355 0.2243613468890544 0.09127034055005395 0.20065624548796301 0.11705644085577885 0.22436134685995057 0.5326892985031009 0.08319710235305872 0.5326892975717783 0.5326892979210243
53 0.3350201221962171 0.018921558565033882 0.32662192207378465 0.3266219224321401 0.11478495123031277 0.14167509881889115 0.3266219223988174 0.5043182466859072 0.01892155899891552 0.49338909025610883 0.15697583823221117 0.15697583830295464 0.6665654068386985 0.3200770562542743 0.19413031388801943 0.15697583833517434 0.32662192310990185 0.1722470589582489 0.3266219223750144 0.3266219227811497
136 0.8206179874808595 0.15286383840052273 0.1420796787834566 0.14207967998539714 0.48744732312176936 0.21295239323534218 0.14207967928844317 0.22972082831893714 0.15286383920453142 0.23689602282852698 0.22880464766214428 0.22880464768868816 0.26331861639767923 0.5655739930219021 0.3095212735812467 0.22880464763072653 0.14207967895312293 0.35329569328292243 0.1420796792145083 0.14207967935439725
125 0.14207967932591511 0.06765230462769978 0.5326892973389477 0.5326892977682292 0.12781092640631114 -0.018536338019664048 0.5326892978046089 0.15111699857272365 0.06765230494784191 0.09146352553048759 0.22436134703457355 0.2243613468890544 0.09127034055005395 0.20065624548796301 0.11705644085577885 0.22436134685995057 0.5326892985031009 0.08319710235305872 0.5326892975717783 0.5326892979210243
94 0.7614204607775411 -0.04058116596325365 0.01583516074700047 0.01583516252328604 -0.1653386396851187 0.7386489061900354 0.015835161603150114 0.3926402584040085 -0.04058116604434463 0.04018107596864767 -0.060605900894031055 -0.06060590088072089 0.3495254598481919 0.2863106314482666 0.2637095032328075 -0.06060590088049298 0.01583516091445919 0.3273442634190256 0.015835161559961213 0.015835161706615735
147 0.8206179874808595 0.15286383840052273 0.1420796787834566 0.14207967998539714 0.48744732312176936 0.21295239323534218 0.14207967928844317 0.22972082831893714 0.15286383920453142 0.23689602282852698 0.22880464766214428 0.22880464768868816 0.26331861639767923 0.5655739930219021 0.3095212735812467 0.22880464763072653 0.14207967895312293 0.35329569328292243 0.1420796792145083 0.14207967935439725
81 0.6391817033686846 0.023246429771332264 0.05525437439038482 0.05525437596095691 0.07348685853459125 0.655203196689981 0.055254375052292255 0.5062400017878538 0.023246430023856474 0.2210236038638655 0.016080975408112295 0.016080975482521766 0.41802396679120707 0.29973700476524806 0.4269326155673093 0.016080975426280928 0.05525437472178258 0.5320836693554544 0.055254375063603756 0.05525437515711341
1 0.2542071700365671 0.020084069307575322 0.1660609682394025 0.1660609691141067 0.1410149664045443 0.4234964186040011 0.16606096905090997 0.8769867796766437 0.02008406951430994 0.5469016770508788 0.03649492572974829 0.036494925712759634 0.6183962463155634 0.23218278653308108 0.19922253937846765 0.036494925780656 0.16606096897335756 0.111165192103255 0.1660609686946943 0.16606096908981094
106 0.33187075531695465 0.3038826064673147 0.10743790854248156 0.10743790875182982 0.4185834494004855 0.14696839972079728 0.10743790885348813 0.14521672204846517 0.30388260713262905 0.19772613207026013 0.2650165492544369 0.26501654911916944 0.1496579177213963 0.09031603833254959 0.7871491138673508 0.2650165491347128 0.10743790900591633 0.7186001564261983 0.10743790881632886 0.10743790888598934
97 0.14207967932591511 0.06765230462769978 0.5326892973389477 0.5326892977682292 0.12781092640631114 -0.018536338019664048 0.5326892978046089 0.15111699857272365 0.06765230494784191 0.09146352553048759 0.22436134703457355 0.2243613468890544 0.09127034055005395 0.20065624548796301 0.11705644085577885 0.22436134685995057 0.5326892985031009 0.08319710235305872 0.5326892975717783 0.5326892979210243
204 0.21213100759506598 0.2982594368015595 0.18094611134126756 0.18094611151965176 0.3822670560883488 -0.026709795795602134 0.1809461115602595 0.060514215118786754 0.2982594375137479 0.085600891722927 0.6351226793041173 0.6351226792569513 0.036293551161910347 0.2969456722836452 0.21363885944870664 0.6351226791933662 0.18094611183085493 0.23619034239409595 0.1809461113228526 0.18094611155868734
144 0.2288046475862951 0.2853261215528942 0.22436134682957476 0.22436134659313206 0.402632644865153 -0.022465730605637474 0.22436134685483256 0.05578023445444278 0.2853261223476029 0.09947360691745619 0.6103677534778584 0.6103677532527098 0.02498958295044344 0.21885590852449702 0.29365701211216705 0.6103677534851 0.22436134727555257 0.23403195646117528 0.22436134667764437 0.22436134689164366
145 0.2288046475862951 0.2853261215528942 0.22436134682957476 0.22436134659313206 0.402632644865153 -0.022465730605637474 0.22436134685483256 0.05578023445444278 0.2853261223476029 0.09947360691745619 0.6103677534778584 0.6103677532527098 0.02498958295044344 0.21885590852449702 0.29365701211216705 0.6103677534851 0.22436134727555257 0.23403195646117528 0.22436134667764437 0.22436134689164366
111 0.2288046475862951 0.2853261215528942 0.22436134682957476 0.22436134659313206 0.402632644865153 -0.022465730605637474 0.22436134685483256 0.05578023445444278 0.2853261223476029 0.09947360691745619 0.6103677534778584 0.6103677532527098 0.02498958295044344 0.21885590852449702 0.29365701211216705 0.6103677534851 0.22436134727555257 0.23403195646117528 0.22436134667764437 0.22436134689164366
122 0.7903900138577701 -0.03444043633255637 0.011547150006583063 0.011547151734096598 -0.17427605705736374 0.729683955139344 0.01154715075242285 0.3738905961585125 -0.034440436321472166 0.05828719325042394 -0.05903367520531327 -0.059033675186339334 0.2644278666341816 0.29518621851603366 0.21389595029880912 -0.05903367517960443 0.011547149985325408 0.32817436409396217 0.011547150693531998 0.011547150763465274
2 0.275362329850378 -0.013062496058021622 0.008118880746772512 0.008118881443190777 0.06502530752001716 0.8994280858107474 0.008118881068806873 0.6306002288019201 -0.013062495949157052 0.4771789365685073 -0.012569590677008465 -0.012569590661262474 0.5941671217788788 0.20083222647833962 0.18715028733355374 -0.01256959066006725 0.00811888079240022 0.20520841878325477 0.00811888093380233 0.008118881099450054
171 0.3095212735812466 0.24611763324124786 0.11705644078004859 0.11705644106649532 0.4039931805921288 0.14205888226201022 0.11705644083576386 0.1460899245242874 0.24611763388751343 0.21599227982698443 0.2936570121888518 0.2936570121861568 0.16513376132807825 0.08971975339210243 0.8652570426588638 0.2936570121636969 0.11705644105197668 0.6377754522828022 0.11705644062465154 0.11705644084338024
70 0.7555419480480703 -0.0317862130605968 0.0158972287217036 0.015897230470571455 -0.14028706052786274 0.7344290102795354 0.01589722956623953 0.38794139326614113 -0.03178621309162334 0.04994572759467814 -0.05315660573272007 -0.05315660570025375 0.34531504230440746 0.27804741912846975 0.29177055334329277 -0.0531566057104867 0.015897228909579945 0.3820559553896111 0.015897229474403623 0.015897229694616568
169 0.520106643900119 0.2623389568631738 0.1831003806227163 0.1831003812942913 0.5930421437532581 0.06888900545089131 0.18310038079095475 0.1186485587754806 0.26233895766556936 0.2299804595638938 0.4018287547069763 0.4018287544204321 0.1286272799251743 0.09140489258085666 0.5576914073023461 0.40182875458464895 0.18310038075043314 0.2729098042525642 0.18310038056845473 0.183100380837203
220 0.15286383887756808 0.8196857056165634 0.06765230461687105 0.06765230514626844 0.3737381239621992 -0.01454729958214745 0.06765230486004008 0.020693351028587156 0.8196857063658851 0.046038309203448806 0.2853261221233815 0.2853261220857382 -0.004119996473268205 0.06098250190704666 0.2461176336292532 0.28532612206631913 0.06765230528579742 0.392963178937317 0.06765230480250119 0.06765230506207051
156 0.15286383887756808 0.8196857056165634 0.06765230461687105 0.06765230514626844 0.3737381239621992 -0.01454729958214745 0.06765230486004008 0.020693351028587156 0.8196857063658851 0.046038309203448806 0.2853261221233815 0.2853261220857382 -0.004119996473268205 0.06098250190704666 0.2461176336292532 0.28532612206631913 0.06765230528579742 0.392963178937317 0.06765230480250119 0.06765230506207051
188 0.15286383887756808 0.8196857056165634 0.06765230461687105 0.06765230514626844 0.3737381239621992 -0.01454729958214745 0.06765230486004008 0.020693351028587156 0.8196857063658851 0.046038309203448806 0.2853261221233815 0.2853261220857382 -0.004119996473268205 0.06098250190704666 0.2461176336292532 0.28532612206631913 0.06765230528579742 0.392963178937317 0.06765230480250119 0.06765230506207051
175 0.14207967932591511 0.06765230462769978 0.5326892973389477 0.5326892977682292 0.12781092640631114 -0.018536338019664048 0.5326892978046089 0.15111699857272365 0.06765230494784191 0.09146352553048759 0.22436134703457355 0.2243613468890544 0.09127034055005395 0.20065624548796301 0.11705644085577885 0.22436134685995057 0.5326892985031009 0.08319710235305872 0.5326892975717783 0.5326892979210243
54 0.2009818161933943 -0.015353835448856448 0.005818321468050436 0.005818322001625146 0.09666253428155534 0.9145880231687693 0.005818321732978278 0.5704373695548435 -0.015353835265053286 0.5710775640679894 -0.014484231334717122 -0.014484231344756432 0.6245912531168294 0.19503249109606483 0.08608713759340443 -0.0144842313184975 0.005818321620632495 0.13946418497556645 0.005818321583644533 0.0058183217387503304
87 0.7452655280082005 -0.020210323805579904 0.015885602998517906 0.015885604619509778 -0.11283895830185316 0.7269994994360305 0.015885603744535706 0.38133876653719073 -0.02021032380143212 0.06072507939263889 -0.04493412487915778 -0.044934124806793395 0.33941580911937036 0.2687474064592906 0.3224891392470001 -0.04493412485422652 0.015885603133108103 0.44057799232705186 0.01588560367686532 0.015885603836029005
60 0.5307097353463568 0.0035745117682270894 0.08562278189569729 0.08562278302416526 0.08234396639273134 0.5493431483490261 0.0856227824687804 0.5133105307405448 0.003574511873875732 0.26089652635133714 0.021589365673398957 0.021589365674496975 0.6075869669068173 0.23324233283269655 0.5872337725959591 0.021589365755592626 0.0856227826440836 0.38823144495190687 0.0856227824176791 0.08562278284745138
109 0.5828031149610317 0.013862669098822764 0.06190797222823892 0.06190797343712638 0.08006352120762608 0.6382216266287112 0.06190797299491657 0.5120736574004252 0.01386266927878682 0.23261205179299288 0.021733193183601094 0.02173319328209115 0.48353663274177516 0.3017811131788162 0.48227748820765315 0.021733193260299863 0.061907972742266795 0.49121081281310425 0.06190797287225002 0.06190797307944452
82 0.2288046475862951 0.2853261215528942 0.22436134682957476 0.22436134659313206 0.402632644865153 -0.022465730605637474 0.22436134685483256 0.05578023445444278 0.2853261223476029 0.09947360691745619 0.6103677534778584 0.6103677532527098 0.02498958295044344 0.21885590852449702 0.29365701211216705 0.6103677534851 0.22436134727555257 0.23403195646117528 0.22436134667764437 0.22436134689164366
34 0.36674437614537286 -0.01636101000052915 0.020556229092193967 0.02055622997478229 0.06903462599532553 0.8589909655800609 0.02055622961789727 0.5441743207508789 -0.016361009819286336 0.46497676698596724 0.00028190555462436574 0.0002819056080815636 0.6083403137983224 0.27695027606173594 0.22929938091472832 0.00028190561411135204 0.02055622938941039 0.2610134737294002 0.02055622943465587 0.020556229659945382
135 0.2288046475862951 0.2853261215528942 0.22436134682957476 0.22436134659313206 0.402632644865153 -0.022465730605637474 0.22436134685483256 0.05578023445444278 0.2853261223476029 0.09947360691745619 0.6103677534778584 0.6103677532527098 0.02498958295044344 0.21885590852449702 0.29365701211216705 0.6103677534851 0.22436134727555257 0.23403195646117528 0.22436134667764437 0.22436134689164366
73 0.13012386473376938 0.06492400184745847 0.5270360131973073 0.5270360131577091 0.12374491584222375 -0.018724023850966373 0.527036013378625 0.14953150047673722 0.06492400243354864 0.08576530489244936 0.24105360761897338 0.24105360760124867 0.09520586107803757 0.2399664236611671 0.11205864331095021 0.241053607701757 0.5270360136571646 0.08407424584036721 0.5270360130199535 0.5270360132991379
67 0.31458970309638074 0.24293187718438128 0.12643672164444428 0.12643672207818885 0.3898367344470413 0.13713064034000497 0.12643672177062595 0.1500576741756422 0.24293187774714536 0.22623006806137738 0.28190370783881963 0.28190370789363484 0.1620960775989279 0.06061096368771615 0.8872869164633022 0.2819037078533105 0.12643672209157036 0.6182536426559527 0.12643672174624632 0.1264367218222914
127 0.14207967932591511 0.06765230462769978 0.5326892973389477 0.5326892977682292 0.12781092640631114 -0.018536338019664048 0.5326892978046089 0.15111699857272365 0.06765230494784191 0.09146352553048759 0.22436134703457355 0.2243613468890544 0.09127034055005395 0.20065624548796301 0.11705644085577885 0.22436134685995057 0.5326892985031009 0.08319710235305872 0.5326892975717783 0.5326892979210243
72 0.13012386473376938 0.06492400184745847 0.5270360131973073 0.5270360131577091 0.12374491584222375 -0.018724023850966373 0.527036013378625 0.14953150047673722 0.06492400243354864 0.08576530489244936 0.24105360761897338 0.24105360760124867 0.09520586107803757 0.2399664236611671 0.11205864331095021 0.241053607701757 0.5270360136571646 0.08407424584036721 0.5270360130199535 0.5270360132991379
104 0.15286383887756808 0.8196857056165634 0.06765230461687105 0.06765230514626844 0.3737381239621992 -0.01454729958214745 0.06765230486004008 0.020693351028587156 0.8196857063658851 0.046038309203448806 0.2853261221233815 0.2853261220857382 -0.004119996473268205 0.06098250190704666 0.2461176336292532 0.28532612206631913 0.06765230528579742 0.392963178937317 0.06765230480250119 0.06765230506207051
4 0.22035264657468198 -0.004313254127429219 0.04507333189307755 0.04507333265564619 0.10788854032028494 0.747852988826691 0.04507333234755335 0.7556310379000792 -0.004313253950024817 0.5531207371467036 -0.0022308920956304033 -0.0022308920649529683 0.634818342418467 0.20613840630299182 0.13897367545317643 -0.0022308920550632837 0.04507333217237927 0.1258414658335254 0.04507333215913941 0.045073332356747216
47 0.1825544457962858 0.0020893218221087967 0.036785035408117 0.03678503610968978 0.11411173858407772 0.7785557184867805 0.03678503563255508 0.7699356023892979 0.002089322011218362 0.5814419614136889 0.0036063387595774753 0.003606338813517416 0.57176541316247 0.2050585404676555 0.08798602042803992 0.003606338811954012 0.036785035519229285 0.12824674872977465 0.03678503558934495 0.03678503573070278
55 0.3028306997799354 0.004198096469928119 0.05321610156970076 0.0532161018605311 0.12308017635862883 0.705523674849604 0.0532161018185507 0.3824358306259944 0.004198096888239404 0.712440454231938 0.04950435293182226 0.04950435290111498 0.7528409690495561 0.23825289231920116 0.20380152463130974 0.04950435293159812 0.05321610190595975 0.19030993288708986 0.053216101705781726 0.05321610181686856
219 0.3532956932829193 0.3929631785199176 0.08319710209311826 0.08319710260819714 0.43394483324477384 0.15657377620408852 0.08319710228613612 0.136226663401505 0.3929631792177377 0.16972318458212543 0.23403195655169368 0.23403195646615085 0.12478607369382522 0.12400402267624713 0.6377754522828029 0.2340319564802379 0.0831971025080287 0.81400577262615 0.08319710217040888 0.083197102348364
108 0.15286383887756808 0.8196857056165634 0.06765230461687105 0.06765230514626844 0.3737381239621992 -0.01454729958214745 0.06765230486004008 0.020693351028587156 0.8196857063658851 0.046038309203448806 0.2853261221233815 0.2853261220857382 -0.004119996473268205 0.06098250190704666 0.2461176336292532 0.28532612206631913 0.06765230528579742 0.392963178937317 0.06765230480250119 0.06765230506207051
102 0.375860712987058 0.5047146975067636 0.058732835360933426 0.058732835772251406 0.41692371039643794 0.16107293650617305 0.058732835606672806 0.12215521612483306 0.5047146983065396 0.15372549821847292 0.18676331432842086 0.186763314221264 0.08622942961016934 0.15104501800154274 0.4514185305590674 0.18676331432832707 0.05873283565364488 0.8623508800637864 0.05873283548941358 0.05873283556545951
207 0.7766214643611038 0.2445575203359452 0.08828922113431664 0.08828922231836378 0.4830099429469551 0.23591224417554463 0.0882892214958016 0.22210814552365266 0.24455752134973488 0.21608330499126593 0.19464482331774113 0.19464482323367766 0.0995632759958911 0.7165100410062359 0.11079847614876309 0.19464482319520693 0.08828922106431494 0.36138087554154685 0.0882892214016441 0.08828922153366812
92 0.20421628493385977 0.21137064491052684 0.3226820597142517 0.3226820596296879 0.3838612001609315 0.00031860415401203723 0.3226820599005145 0.07562640874896624 0.21137064549003173 0.13168859483532439 0.4874740936388575 0.4874740936547387 -0.046465910896104676 0.05691034124706413 0.5415619400596322 0.48747409363401306 0.3226820604585694 0.16368876325728737 0.32268205980261877 0.3226820597466235
215 0.33187075531695465 0.3038826064673147 0.10743790854248156 0.10743790875182982 0.4185834494004855 0.14696839972079728 0.10743790885348813 0.14521672204846517 0.30388260713262905 0.19772613207026013 0.2650165492544369 0.26501654911916944 0.1496579177213963 0.09031603833254959 0.7871491138673508 0.2650165491347128 0.10743790900591633 0.7186001564261983 0.10743790881632886 0.10743790888598934
124 0.14207967932591511 0.06765230462769978 0.5326892973389477 0.5326892977682292 0.12781092640631114 -0.018536338019664048 0.5326892978046089 0.15111699857272365 0.06765230494784191 0.09146352553048759 0.22436134703457355 0.2243613468890544 0.09127034055005395 0.20065624548796301 0.11705644085577885 0.22436134685995057 0.5326892985031009 0.08319710235305872 0.5326892975717783 0.5326892979210243
59 0.1993863324259387 -0.009366640344126414 0.02456779139777205 0.024567791838941314 0.11269802820766216 0.8151962071153263 0.02456779160703219 0.5999057023286558 -0.009366640123912666 0.6150526950939037 -0.00802422365212234 -0.00802422365934522 0.6894072453400558 0.18897010770135292 0.10443079205741969 -0.008024223617941084 0.024567791581065982 0.11264312952568709 0.02456779152861934 0.02456779173601182
7 0.22202306693801516 -0.005026737879621134 0.04992024548730658 0.049920246067139025 0.11644247480543587 0.7225186596418551 0.04992024590459916 0.6862269262420895 -0.005026737710908009 0.5989347466760414 -0.00044532834589294725 -0.00044532836922339436 0.7007856320061399 0.20240048103128988 0.1406700456594179 -0.0004453283108713472 0.049920245875668026 0.10868147620103003 0.04992024575301471 0.04992024597993018
26 0.19874753776851808 -0.007450946488720028 0.014735695351648415 0.014735696074889249 0.09608538854608623 0.8708500621215284 0.014735695676488832 0.7315688856403104 -0.007450946350560786 0.5298213328952003 -0.008678065408461364 -0.008678065446984764 0.5385475462533806 0.20071576472553895 0.08675928422638574 -0.00867806539948906 0.014735695426640777 0.14664583616380605 0.01473569550599144 0.014735695671451388
18 0.17727505946476177 0.012704585981425053 0.016638913861814097 0.016638914256619453 0.12077084617522875 0.83927230629102 0.01663891399683739 0.6872874589533872 0.012704586252443313 0.6363165711746868 0.011775033002192821 0.011775033011480012 0.5368662462447081 0.18066404300869426 0.10954695510129538 0.011775033042500863 0.01663891383103002 0.15559441621406345 0.016638913846166857 0.0166389140049189
185 0.3532956932829193 0.3929631785199176 0.08319710209311826 0.08319710260819714 0.43394483324477384 0.15657377620408852 0.08319710228613612 0.136226663401505 0.3929631792177377 0.16972318458212543 0.23403195655169368 0.23403195646615085 0.12478607369382522 0.12400402267624713 0.6377754522828029 0.2340319564802379 0.0831971025080287 0.81400577262615 0.08319710217040888 0.083197102348364
118 0.11659549728400233 0.06247951101158286 0.5190373476158352 0.5190373477949322 0.11839230257748737 -0.019217264818833214 0.519037347563508 0.14809106420229512 0.06247951137079746 0.07972539152769227 0.259189160791453 0.2591891606598901 0.09907607382130687 0.28411296007064607 0.10572900046593059 0.25918916071450515 0.5190373482176819 0.0851530475441643 0.5190373473338328 0.519037347895624
159 0.19207431650534063 0.5827750834689872 0.06886005202208062 0.06886005208471124 0.5349396973373548 -0.009796007955012126 0.06886005217466352 0.004691951839633667 0.5827750841869035 0.0711754983748303 0.49522876401674787 0.49522876415161693 -0.0009038938788474769 0.03023550048531502 0.2832373729317411 0.49522876404130284 0.06886005262301584 0.3285977332993326 0.0688600521411227 0.06886005247193037
216 0.15286383887756808 0.8196857056165634 0.06765230461687105 0.06765230514626844 0.3737381239621992 -0.01454729958214745 0.06765230486004008 0.020693351028587156 0.8196857063658851 0.046038309203448806 0.2853261221233815 0.2853261220857382 -0.004119996473268205 0.06098250190704666 0.2461176336292532 0.28532612206631913 0.06765230528579742 0.392963178937317 0.06765230480250119 0.06765230506207051
21 0.3299195969405222 0.00829417857198125 0.02478745308695516 0.024787453307363563 0.13116866270603933 0.784694564476563 0.024787453090672894 0.3247965225983747 0.0082941790612888 0.7241582862675416 0.04440326645545897 0.04440326653860585 0.6777665904436667 0.21180956138950552 0.1978838191877779 0.04440326652626041 0.02478745315910167 0.22316368621851573 0.02478745301690889 0.024787453117330348
86 0.5655739930219053 0.06098250142334216 0.20065624498059134 0.20065624618363706 0.28377521634907144 0.15481206151349225 0.20065624549866132 0.24850390937835123 0.0609825022418159 0.19767865760746342 0.218855908571841 0.21885590861324125 0.2540150392954352 0.9970659776066242 0.08971975339210639 0.21885590859565102 0.2006562453738744 0.1240040226762513 0.20065624530085976 0.20065624552027148
211 0.8206179874808595 0.15286383840052273 0.1420796787834566 0.14207967998539714 0.48744732312176936 0.21295239323534218 0.14207967928844317 0.22972082831893714 0.15286383920453142 0.23689602282852698 0.22880464766214428 0.22880464768868816 0.26331861639767923 0.5655739930219021 0.3095212735812467 0.22880464763072653 0.14207967895312293 0.35329569328292243 0.1420796792145083 0.14207967935439725
162 0.41456652887901785 0.532099061068962 0.08680349405606162 0.08680349456557622 0.5811926778419321 0.10728568372851817 0.08680349440453952 0.1393537011282896 0.5320990621051626 0.1197071425817241 0.3226586409398853 0.32265864104064235 0.045293156150212795 0.4443971570478068 0.19935858182518473 0.3226586409488349 0.08680349403504042 0.37779445956712404 0.08680349425907653 0.08680349445719604
174 0.7903900138577701 -0.03444043633255637 0.011547150006583063 0.011547151734096598 -0.17427605705736374 0.729683955139344 0.01154715075242285 0.3738905961585125 -0.034440436321472166 0.05828719325042394 -0.05903367520531327 -0.059033675186339334 0.2644278666341816 0.29518621851603366 0.21389595029880912 -0.05903367517960443 0.011547149985325408 0.32817436409396217 0.011547150693531998 0.011547150763465274
103 0.15286383887756808 0.8196857056165634 0.06765230461687105 0.06765230514626844 0.3737381239621992 -0.01454729958214745 0.06765230486004008 0.020693351028587156 0.8196857063658851 0.046038309203448806 0.2853261221233815 0.2853261220857382 -0.004119996473268205 0.06098250190704666 0.2461176336292532 0.28532612206631913 0.06765230528579742 0.392963178937317 0.06765230480250119 0.06765230506207051
172 0.15286383887756808 0.8196857056165634 0.06765230461687105 0.06765230514626844 0.3737381239621992 -0.01454729958214745 0.06765230486004008 0.020693351028587156 0.8196857063658851 0.046038309203448806 0.2853261221233815 0.2853261220857382 -0.004119996473268205 0.06098250190704666 0.2461176336292532 0.28532612206631913 0.06765230528579742 0.392963178937317 0.06765230480250119 0.06765230506207051
61 0.2288046475862951 0.2853261215528942 0.22436134682957476 0.22436134659313206 0.402632644865153 -0.022465730605637474 0.22436134685483256 0.05578023445444278 0.2853261223476029 0.09947360691745619 0.6103677534778584 0.6103677532527098 0.02498958295044344 0.21885590852449702 0.29365701211216705 0.6103677534851 0.22436134727555257 0.23403195646117528 0.22436134667764437 0.22436134689164366
131 0.15286383887756808 0.8196857056165634 0.06765230461687105 0.06765230514626844 0.3737381239621992 -0.01454729958214745 0.06765230486004008 0.020693351028587156 0.8196857063658851 0.046038309203448806 0.2853261221233815 0.2853261220857382 -0.004119996473268205 0.06098250190704666 0.2461176336292532 0.28532612206631913 0.06765230528579742 0.392963178937317 0.06765230480250119 0.06765230506207051
66 0.31458970309638074 0.24293187718438128 0.12643672164444428 0.12643672207818885 0.3898367344470413 0.13713064034000497 0.12643672177062595 0.1500576741756422 0.24293187774714536 0.22623006806137738 0.28190370783881963 0.28190370789363484 0.1620960775989279 0.06061096368771615 0.8872869164633022 0.2819037078533105 0.12643672209157036 0.6182536426559527 0.12643672174624632 0.1264367218222914
121 0.11659549728400233 0.06247951101158286 0.5190373476158352 0.5190373477949322 0.11839230257748737 -0.019217264818833214 0.519037347563508 0.14809106420229512 0.06247951137079746 0.07972539152769227 0.259189160791453 0.2591891606598901 0.09907607382130687 0.28411296007064607 0.10572900046593059 0.25918916071450515 0.5190373482176819 0.0851530475441643 0.5190373473338328 0.519037347895624
84 0.8206179874808595 0.15286383840052273 0.1420796787834566 0.14207967998539714 0.48744732312176936 0.21295239323534218 0.14207967928844317 0.22972082831893714 0.15286383920453142 0.23689602282852698 0.22880464766214428 0.22880464768868816 0.26331861639767923 0.5655739930219021 0.3095212735812467 0.22880464763072653 0.14207967895312293 0.35329569328292243 0.1420796792145083 0.14207967935439725
13 0.1929863824337849 0.03085115563346495 0.12797854583451712 0.12797854669927136 0.13040977063134157 0.5051224926173407 0.12797854642659692 0.9404208043199747 0.030851155994730387 0.5703167148825073 0.05000037353858632 0.05000037349735944 0.508205059165744 0.2740929689878165 0.11270683219619332 0.050000373596512646 0.12797854626262056 0.15429449799758416 0.1279785460940078 0.12797854638593067
63 0.8206179874808595 0.15286383840052273 0.1420796787834566 0.14207967998539714 0.48744732312176936 0.21295239323534218 0.14207967928844317 0.22972082831893714 0.15286383920453142 0.23689602282852698 0.22880464766214428 0.22880464768868816 0.26331861639767923 0.5655739930219021 0.3095212735812467 0.22880464763072653 0.14207967895312293 0.35329569328292243 0.1420796792145083 0.14207967935439725
196 0.14207967932591511 0.06765230462769978 0.5326892973389477 0.5326892977682292 0.12781092640631114 -0.018536338019664048 0.5326892978046089 0.15111699857272365 0.06765230494784191 0.09146352553048759 0.22436134703457355 0.2243613468890544 0.09127034055005395 0.20065624548796301 0.11705644085577885 0.22436134685995057 0.5326892985031009 0.08319710235305872 0.5326892975717783 0.5326892979210243
213 0.5655739930219053 0.06098250142334216 0.20065624498059134 0.20065624618363706 0.28377521634907144 0.15481206151349225 0.20065624549866132 0.24850390937835123 0.0609825022418159 0.19767865760746342 0.218855908571841 0.21885590861324125 0.2540150392954352 0.9970659776066242 0.08971975339210639 0.21885590859565102 0.2006562453738744 0.1240040226762513 0.20065624530085976 0.20065624552027148
64 0.8206179874808595 0.15286383840052273 0.1420796787834566 0.14207967998539714 0.48744732312176936 0.21295239323534218 0.14207967928844317 0.22972082831893714 0.15286383920453142 0.23689602282852698 0.22880464766214428 0.22880464768868816 0.26331861639767923 0.5655739930219021 0.3095212735812467 0.22880464763072653 0.14207967895312293 0.35329569328292243 0.1420796792145083 0.14207967935439725
186 0.3532956932829193 0.3929631785199176 0.08319710209311826 0.08319710260819714 0.43394483324477384 0.15657377620408852 0.08319710228613612 0.136226663401505 0.3929631792177377 0.16972318458212543 0.23403195655169368 0.23403195646615085 0.12478607369382522 0.12400402267624713 0.6377754522828029 0.2340319564802379 0.0831971025080287 0.81400577262615 0.08319710217040888 0.083197102348364
187 0.15286383887756808 0.8196857056165634 0.06765230461687105 0.06765230514626844 0.3737381239621992 -0.01454729958214745 0.06765230486004008 0.020693351028587156 0.8196857063658851 0.046038309203448806 0.2853261221233815 0.2853261220857382 -0.004119996473268205 0.06098250190704666 0.2461176336292532 0.28532612206631913 0.06765230528579742 0.392963178937317 0.06765230480250119 0.06765230506207051
39 0.18745492175160738 0.02716109832522754 0.04323610774132726 0.043236108039453 0.13469472836689214 0.7334553319604161 0.043236107826854525 0.6355496027144755 0.02716109872936834 0.7377027843048034 0.04258862373298039 0.04258862368372725 0.6017296230360749 0.18481148174563744 0.13491243284134175 0.04258862375149934 0.04323610787974036 0.15211603940893456 0.04323610776039647 0.04323610778683605
192 0.8206179874808595 0.15286383840052273 0.1420796787834566 0.14207967998539714 0.48744732312176936 0.21295239323534218 0.14207967928844317 0.22972082831893714 0.15286383920453142 0.23689602282852698 0.22880464766214428 0.22880464768868816 0.26331861639767923 0.5655739930219021 0.3095212735812467 0.22880464763072653 0.14207967895312293 0.35329569328292243 0.1420796792145083 0.14207967935439725
58 0.3260692943790897 0.006580134727288977 0.039065728749250184 0.039065729593652884 0.08669152497303757 0.8040333789890571 0.03906572914196233 0.6611961403548304 0.006580135030662592 0.5055391462921885 0.026151250354892422 0.026151250376740147 0.5389833494702405 0.268714098556805 0.2173064276736894 0.026151250400646933 0.039065728848366864 0.2990289808808347 0.03906572896522903 0.0390657291408253
83 0.2288046475862951 0.2853261215528942 0.22436134682957476 0.22436134659313206 0.402632644865153 -0.022465730605637474 0.22436134685483256 0.05578023445444278 0.2853261223476029 0.09947360691745619 0.6103677534778584 0.6103677532527098 0.02498958295044344 0.21885590852449702 0.29365701211216705 0.6103677534851 0.22436134727555257 0.23403195646117528 0.22436134667764437 0.22436134689164366
17 0.20110371998807758 0.009244156386435132 0.07456598642425229 0.0745659871515398 0.11763922701966294 0.6684632453584913 0.0745659867933187 0.7868563060213302 0.009244156645874082 0.6116118531239901 0.02430363216080931 0.024303632077597573 0.6197546810277751 0.22682374905864539 0.10524868528583094 0.02430363218320928 0.07456598660055866 0.13643684177305707 0.07456598667504576 0.07456598681766884
33 0.22306119305002195 0.021654539278589152 0.1480464436411266 0.1480464441933418 0.12975185554119445 0.4679071137443862 0.14804644414144832 0.8414737722191353 0.02165453950910268 0.6072375165949546 0.05615872794524442 0.05615872788111934 0.6252475350369225 0.25725114634039153 0.14230040808560276 0.05615872800238022 0.14804644414470206 0.13475661703330621 0.1480464439007923 0.14804644415342125
68 0.15286383887756808 0.8196857056165634 0.06765230461687105 0.06765230514626844 0.3737381239621992 -0.01454729958214745 0.06765230486004008 0.020693351028587156 0.8196857063658851 0.046038309203448806 0.2853261221233815 0.2853261220857382 -0.004119996473268205 0.06098250190704666 0.2461176336292532 0.28532612206631913 0.06765230528579742 0.392963178937317 0.06765230480250119 0.06765230506207051
221 0.15286383887756808 0.8196857056165634 0.06765230461687105 0.06765230514626844 0.3737381239621992 -0.01454729958214745 0.06765230486004008 0.020693351028587156 0.8196857063658851 0.046038309203448806 0.2853261221233815 0.2853261220857382 -0.004119996473268205 0.06098250190704666 0.2461176336292532 0.28532612206631913 0.06765230528579742 0.392963178937317 0.06765230480250119 0.06765230506207051
154 0.33187075531695465 0.3038826064673147 0.10743790854248156 0.10743790875182982 0.4185834494004855 0.14696839972079728 0.10743790885348813 0.14521672204846517 0.30388260713262905 0.19772613207026013 0.2650165492544369 0.26501654911916944 0.1496579177213963 0.09031603833254959 0.7871491138673508 0.2650165491347128 0.10743790900591633 0.7186001564261983 0.10743790881632886 0.10743790888598934
142 0.15286383887756808 0.8196857056165634 0.06765230461687105 0.06765230514626844 0.3737381239621992 -0.01454729958214745 0.06765230486004008 0.020693351028587156 0.8196857063658851 0.046038309203448806 0.2853261221233815 0.2853261220857382 -0.004119996473268205 0.06098250190704666 0.2461176336292532 0.28532612206631913 0.06765230528579742 0.392963178937317 0.06765230480250119 0.06765230506207051
149 0.30179769415564656 0.20387391933111904 0.1400794121856806 0.14007941259876674 0.35982483907402146 0.1288111535286765 0.14007941233604065 0.1523376939920811 0.20387391983601957 0.25040376518635743 0.289973237749845 0.28997323768171074 0.16705512725030883 0.037458847275963464 0.9498483290348353 0.28997323773942063 0.14007941254379885 0.531750426492101 0.14007941220131967 0.14007941239383273
77 0.30179769415564656 0.20387391933111904 0.1400794121856806 0.14007941259876674 0.35982483907402146 0.1288111535286765 0.14007941233604065 0.1523376939920811 0.20387391983601957 0.25040376518635743 0.289973237749845 0.28997323768171074 0.16705512725030883 0.037458847275963464 0.9498483290348353 0.28997323773942063 0.14007941254379885 0.531750426492101 0.14007941220131967 0.14007941239383273
9 0.3523057714686718 -0.002660978984621075 0.17577346090243456 0.17577346165287175 0.12219450614554031 0.4207042062973607 0.17577346159998966 0.5615493060726511 -0.002660978699385015 0.5893533266598174 0.06954930755452055 0.06954930752253091 0.8027836665900129 0.31276193028816696 0.20628814504970186 0.0695493076476165 0.17577346180364467 0.15542755105499328 0.17577346133555835 0.17577346154964035
80 0.15286383887756808 0.8196857056165634 0.06765230461687105 0.06765230514626844 0.3737381239621992 -0.01454729958214745 0.06765230486004008 0.020693351028587156 0.8196857063658851 0.046038309203448806 0.2853261221233815 0.2853261220857382 -0.004119996473268205 0.06098250190704666 0.2461176336292532 0.28532612206631913 0.06765230528579742 0.392963178937317 0.06765230480250119 0.06765230506207051
6 0.1925958044321277 -0.010201363017884003 -0.0008101220772822595 -0.0008101215274133451 0.09448282486617489 0.9094511065676699 -0.0008101217438929709 0.5801850455011719 -0.010201362878746394 0.5652241155546731 -0.014935158025180788 -0.014935158012451412 0.6318836766262195 0.16750775527239445 0.1363948908462488 -0.014935157999999345 -0.000810121916755867 0.14208100532709358 -0.0008101219309320237 -0.0008101217902656936
163 0.7096387372192796 -0.026593846910984383 0.020918871008323837 0.02091887270771697 -0.10115449273411446 0.7157577724427833 0.020918871803651245 0.3950442858203826 -0.026593846960919872 0.05675958083140015 -0.04485063415347109 -0.04485063414346413 0.4205004128075353 0.2590764029156641 0.37881207716438564 -0.044850634139938235 0.020918871302379557 0.42238574609233553 0.02091887178078553 0.020918872012549362
198 0.14207967932591511 0.06765230462769978 0.5326892973389477 0.5326892977682292 0.12781092640631114 -0.018536338019664048 0.5326892978046089 0.15111699857272365 0.06765230494784191 0.09146352553048759 0.22436134703457355 0.2243613468890544 0.09127034055005395 0.20065624548796301 0.11705644085577885 0.22436134685995057 0.5326892985031009 0.08319710235305872 0.5326892975717783 0.5326892979210243
197 0.14207967932591511 0.06765230462769978 0.5326892973389477 0.5326892977682292 0.12781092640631114 -0.018536338019664048 0.5326892978046089 0.15111699857272365 0.06765230494784191 0.09146352553048759 0.22436134703457355 0.2243613468890544 0.09127034055005395 0.20065624548796301 0.11705644085577885 0.22436134685995057 0.5326892985031009 0.08319710235305872 0.5326892975717783 0.5326892979210243
35 0.34813175102695504 0.07975303202500689 0.19573141156080462 0.1957314115001632 0.07469645207456287 0.2499278731941966 0.19573141141315412 0.13203935422469265 0.07975303276793219 0.7859695656742828 0.2699027044477076 0.2699027043439629 0.6543472763421687 0.18105788781313306 0.33929921372663907 0.2699027043277037 0.19573141213116288 0.23430568877943475 0.19573141138396782 0.19573141155441873
44 0.3185239776436917 -0.0019871337679915773 0.015617772236001169 0.015617773253249478 0.0499457985036445 0.8770223751707659 0.015617772615719158 0.75516967208599 -0.0019871336534708762 0.3879117082310621 -0.008121791255931925 -0.008121791224941116 0.4415476963953781 0.23515481965288032 0.19316581006306063 -0.008121791231548369 0.01561777221637384 0.2746328520097477 0.015617772475319019 0.015617772587804859
138 0.5655739930219053 0.06098250142334216 0.20065624498059134 0.20065624618363706 0.28377521634907144 0.15481206151349225 0.20065624549866132 0.24850390937835123 0.0609825022418159 0.19767865760746342 0.218855908571841 0.21885590861324125 0.2540150392954352 0.9970659776066242 0.08971975339210639 0.21885590859565102 0.2006562453738744 0.1240040226762513 0.20065624530085976 0.20065624552027148
166 0.19431571609940482 0.2219325152323532 0.3391563848725595 0.33915638497395845 0.368927137327115 0.003894420274410428 0.3391563851906017 0.07798628896421038 0.2219325158134932 0.14376487037020702 0.44885439163090396 0.4488543917242157 -0.06083997127196236 0.038361294420334556 0.5714471549250263 0.4488543915716397 0.33915638549422916 0.1528273986899254 0.33915638477944815 0.33915638487777594
177 0.14207967932591511 0.06765230462769978 0.5326892973389477 0.5326892977682292 0.12781092640631114 -0.018536338019664048 0.5326892978046089 0.15111699857272365 0.06765230494784191 0.09146352553048759 0.22436134703457355 0.2243613468890544 0.09127034055005395 0.20065624548796301 0.11705644085577885 0.22436134685995057 0.5326892985031009 0.08319710235305872 0.5326892975717783 0.5326892979210243
