id,x_0,x_1,x_2,x_3,x_4,x_5,x_6,x_7,x_8,x_9,x_10,x_11,x_12,x_13,x_14,x_15,x_16,x_17,x_18
0.0,0.00042975389394087846,0.00845158337766571,2.220446049250313e-16,2.220446049250313e-16,0.21787418730235764,2.220446049250313e-16,0.0009380399244346583,0.1735960272902596,2.220446049250313e-16,2.220446049250313e-16,2.220446049250313e-16,0.5042158561076691,2.220446049250313e-16,0.23658968943477685,2.220446049250313e-16,2.220446049250313e-16,0.004773102012146355,0.5577938408965889,0.49491568987968754
1.0,2.220446049250313e-16,2.220446049250313e-16,0.39284717155059906,0.4128340573661156,2.220446049250313e-16,2.220446049250313e-16,0.36085506240525905,0.39473769896890304,2.220446049250313e-16,5.551115123125783e-17,2.220446049250313e-16,2.220446049250313e-16,2.220446049250313e-16,0.26889528311233973,2.220446049250313e-16,2.220446049250313e-16,0.5474398678211528,2.220446049250313e-16,2.220446049250313e-16
2.0,2.220446049250313e-16,2.220446049250313e-16,2.220446049250313e-16,2.220446049250313e-16,0.48182919203281177,0.4804267745502278,2.220446049250313e-16,2.220446049250313e-16,0.3914945092788583,0.40956827380017435,5.551115123125783e-17,2.220446049250313e-16,2.220446049250313e-16,0.2049156667192401,2.220446049250313e-16,2.220446049250313e-16,0.4047686340568432,0.24898437996813239,2.220446049250313e-16
3.0,0.5279453524815918,2.220446049250313e-16,0.3928471715505991,2.220446049250313e-16,2.220446049250313e-16,0.0004295381456923607,0.021606299982363374,2.220446049250313e-16,2.220446049250313e-16,6.938893903907228e-18,0.0011327588887403274,0.5008093172620834,2.220446049250313e-16,2.220446049250313e-16,0.5047276691810026,2.220446049250313e-16,2.220446049250313e-16,2.220446049250313e-16,0.49491568987968754
4.0,2.220446049250313e-16,0.1974814332548451,2.220446049250313e-16,0.3750715573728015,0.2004495152236629,2.220446049250313e-16,1.0547118733938987e-15,0.016196251180370137,0.39149450927885804,0.4095682738001744,2.220446049250313e-16,3.783488941745221e-17,2.220446049250313e-16,2.220446049250313e-16,2.220446049250313e-16,2.220446049250313e-16,0.35717087370765954,0.15665624744165207,0.4949156898796876
5.0,0.5289720425474453,2.220446049250313e-16,2.220446049250313e-16,2.220446049250313e-16,0.21714094190906288,0.00042838664999347577,0.02366828232379781,2.220446049250313e-16,0.39149450927885837,2.220446049250313e-16,0.0011155675113576574,0.2367078656926872,2.220446049250313e-16,2.220446049250313e-16,0.5047276810594766,2.220446049250313e-16,0.019507798628926185,2.220446049250313e-16,0.49491568987968754
6.0,2.220446049250313e-16,0.3846791027901192,2.220446049250313e-16,2.220446049250313e-16,2.220446049250313e-16,0.4613871952100979,2.220446049250313e-16,2.220446049250313e-16,0.39149450927885826,0.4095682738001744,2.220446049250313e-16,2.220446049250313e-16,2.220446049250313e-16,0.2691373369885695,2.220446049250313e-16,2.220446049250313e-16,0.5474248238115166,2.220446049250313e-16,2.220446049250313e-16
7.0,0.5257392510041524,0.4052971628222619,2.220446049250313e-16,2.220446049250313e-16,2.220446049250313e-16,2.220446049250313e-16,0.020758182760618662,2.220446049250313e-16,0.3914945092788583,2.220446049250313e-16,0.0011696988809586381,2.220446049250313e-16,2.220446049250313e-16,2.220446049250313e-16,0.4959998871269335,2.220446049250313e-16,2.220446049250313e-16,2.220446049250313e-16,0.4949156898796876
8.0,0.000822048584964471,0.5701607346404782,2.220446049250313e-16,0.4153850603983242,1.6653345369377348e-16,0.010448526485907716,2.220446049250313e-16,3.3306690738754696e-15,2.220446049250313e-16,2.220446049250313e-16,2.220446049250313e-16,2.220446049250313e-16,0.42045750423802025,0.24502456329389788,0.4923400828536906,2.220446049250313e-16,2.220446049250313e-16,2.220446049250313e-16,0.49491568987968754
9.0,0.001459931926625097,0.006378897921158765,2.220446049250313e-16,0.41128187728054505,0.19895205800427296,0.003106101385798034,0.002999791904224514,2.220446049250313e-16,0.3914945092788582,2.220446049250313e-16,2.220446049250313e-16,0.24011438596709056,2.220446049250313e-16,0.2838391476214565,0.2439880286916603,2.220446049250313e-16,0.38501665635335647,2.220446049250313e-16,0.4949156898796876
10.0,2.220446049250313e-16,0.006386022905921924,0.392847171550599,0.410982021746931,0.26615295710173204,0.0031074067369827566,2.220446049250313e-16,2.220446049250313e-16,0.39149450927885837,2.220446049250313e-16,2.220446049250313e-16,2.220446049250313e-16,2.220446049250313e-16,0.2867313112527027,0.24398786171675804,2.220446049250313e-16,0.35358140158197143,2.220446049250313e-16,0.4949156898796875
11.0,0.0004634787617558195,2.220446049250313e-16,1.457167719820518e-16,0.4108479177241711,0.20134225184170443,2.220446049250313e-16,0.000935812576412362,5.551115123125783e-16,2.220446049250313e-16,5.551115123125783e-17,2.220446049250313e-16,0.5042156765444189,0.4204575042380202,0.2880512869783541,2.220446049250313e-16,2.220446049250313e-16,0.3392311725573721,2.220446049250313e-16,0.49491568987968754
12.0,2.220446049250313e-16,2.220446049250313e-16,0.39284717155059906,0.4128340573661154,2.220446049250313e-16,2.220446049250313e-16,0.358756619109322,0.19174125386654972,2.220446049250313e-16,2.220446049250313e-16,1.1102230246251565e-16,0.26020899382517937,2.220446049250313e-16,0.26889528311233923,2.220446049250313e-16,2.220446049250313e-16,0.5474398678211526,2.220446049250313e-16,2.220446049250313e-16
13.0,2.220446049250313e-16,2.220446049250313e-16,2.220446049250313e-16,0.3751488502708098,2.220446049250313e-16,2.220446049250313e-16,0.5380782017924692,0.5793265748754646,2.220446049250313e-16,0.40956827380017435,2.220446049250313e-16,2.220446049250313e-16,2.220446049250313e-16,2.220446049250313e-16,2.220446049250313e-16,2.220446049250313e-16,2.220446049250313e-16,0.3897099078061352,2.220446049250313e-16
14.0,2.220446049250313e-16,0.008675705365324797,0.39284717155059945,2.220446049250313e-16,1.6653345369377348e-16,2.220446049250313e-16,2.220446049250313e-16,0.3662651525479469,2.220446049250313e-16,2.7755575615628914e-17,2.220446049250313e-16,0.264073045825014,5.551115123125782e-17,0.23724054035275943,2.220446049250313e-16,2.220446049250313e-16,2.220446049250313e-16,0.5436064106618747,0.49491568987968754
15.0,2.220446049250313e-16,2.220446049250313e-16,0.39284717155059906,0.41283405736611534,2.220446049250313e-16,2.220446049250313e-16,5.551115123125783e-17,0.39473769896890293,2.220446049250313e-16,2.220446049250313e-16,5.551115123125783e-17,1.7048030598489246e-17,2.220446049250313e-16,0.26889528311233923,2.220446049250313e-16,2.220446049250313e-16,0.5474398678211527,2.220446049250313e-16,0.4949156898796875
16.0,2.220446049250313e-16,0.1803355546181978,1.1102230246251565e-16,2.220446049250313e-16,0.2646939389047098,0.47150111917904747,2.220446049250313e-16,2.220446049250313e-16,0.39149450927885826,0.4095682738001739,4.85722573273506e-17,2.220446049250313e-16,2.220446049250313e-16,0.20675121445403152,2.220446049250313e-16,2.220446049250313e-16,0.38514651836252717,0.24568035319273582,2.220446049250313e-16
17.0,0.5264527869604503,2.220446049250313e-16,0.392847171550599,2.220446049250313e-16,0.2837482928326001,0.0004312121492060275,0.018608663353368103,2.220446049250313e-16,2.220446049250313e-16,2.220446049250313e-16,0.0011577511020633218,0.2606951050479142,2.220446049250313e-16,2.220446049250313e-16,0.5047276519124997,2.220446049250313e-16,2.220446049250313e-16,2.220446049250313e-16,0.49491568987968754
18.0,2.220446049250313e-16,0.40194625619615676,2.220446049250313e-16,0.37499153122328,2.220446049250313e-16,2.220446049250313e-16,5.551115123125783e-17,2.220446049250313e-16,0.39149450927885826,0.4095682738001744,2.220446049250313e-16,2.220446049250313e-16,2.220446049250313e-16,2.220446049250313e-16,2.220446049250313e-16,2.220446049250313e-16,0.4089323573265746,0.23512004054989505,0.49491568987968754
19.0,0.5274662349100121,2.220446049250313e-16,2.220446049250313e-16,2.220446049250313e-16,0.5014738194410383,0.00043007550535055646,0.0206440505120256,2.220446049250313e-16,0.39149450927885854,2.220446049250313e-16,0.001140781456852889,2.220446049250313e-16,2.220446049250313e-16,2.220446049250313e-16,0.5047276636377659,2.220446049250313e-16,0.007760465102013476,2.220446049250313e-16,0.4949156898796876
20.0,0.0016879243044764247,0.3639215042831838,2.220446049250313e-16,0.4176906626492543,0.2065053744248674,0.020614753975859147,2.220446049250313e-16,3.3861802251067274e-15,2.220446049250313e-16,2.220446049250313e-16,2.220446049250313e-16,2.220446049250313e-16,5.551115123125783e-17,0.22355765138021094,0.49667867899917206,2.220446049250313e-16,0.23323141920663606,2.220446049250313e-16,0.49491568987968754
21.0,0.5274662349100123,2.220446049250313e-16,2.220446049250313e-16,2.220446049250313e-16,0.21714094190906272,0.00043007550535079043,0.020644050512025447,0.19174125386654967,0.3914945092788582,2.220446049250313e-16,0.0011407814568528776,2.220446049250313e-16,2.220446049250313e-16,2.220446049250313e-16,0.5047276636377657,2.220446049250313e-16,0.019507798628926216,2.220446049250313e-16,0.4949156898796876
22.0,2.220446049250313e-16,2.220446049250313e-16,0.39284717155059906,0.37514885027080985,2.220446049250313e-16,2.220446049250313e-16,0.3587566191093219,0.19269628143461712,2.220446049250313e-16,0.4095682738001744,2.220446049250313e-16,0.2602089938251796,2.220446049250313e-16,2.220446049250313e-16,2.220446049250313e-16,2.220446049250313e-16,0.18175370807527919,0.38969910096260024,2.220446049250313e-16
23.0,2.220446049250313e-16,2.220446049250313e-16,0.39284717155059906,0.41109030913997374,2.220446049250313e-16,2.220446049250313e-16,1.1102230246251565e-16,0.5783722540852122,2.220446049250313e-16,2.220446049250313e-16,5.551115123125783e-17,6.522717724715892e-17,2.220446049250313e-16,0.2857134951327924,2.220446049250313e-16,2.220446049250313e-16,0.36464088277020607,2.220446049250313e-16,0.4949156898796875
24.0,2.220446049250313e-16,0.1803355546181978,1.1102230246251565e-16,2.220446049250313e-16,0.2646939389047098,0.47150111917904747,2.220446049250313e-16,2.220446049250313e-16,0.39149450927885826,0.4095682738001739,4.85722573273506e-17,2.220446049250313e-16,2.220446049250313e-16,0.20675121445403152,2.220446049250313e-16,2.220446049250313e-16,0.38514651836252717,0.24568035319273582,2.220446049250313e-16
25.0,0.5274662349100121,2.220446049250313e-16,2.220446049250313e-16,2.220446049250313e-16,0.5014738194410383,0.00043007550535055646,0.0206440505120256,2.220446049250313e-16,0.39149450927885854,2.220446049250313e-16,0.001140781456852889,2.220446049250313e-16,2.220446049250313e-16,2.220446049250313e-16,0.5047276636377659,2.220446049250313e-16,0.007760465102013476,2.220446049250313e-16,0.4949156898796876
26.0,2.220446049250313e-16,0.40773904798732863,1.1102230246251565e-16,0.4151467706954959,2.220446049250313e-16,2.220446049250313e-16,2.220446049250313e-16,2.220446049250313e-16,0.39149450927886115,2.220446049250313e-16,2.220446049250313e-16,2.220446049250313e-16,0.4204575042380201,0.24505029285474678,0.49594727619493373,2.220446049250313e-16,2.220446049250313e-16,2.220446049250313e-16,0.4949156898796875
27.0,0.0004634665981537456,2.220446049250313e-16,2.220446049250313e-16,0.41303198987219836,0.18994854274878897,2.220446049250313e-16,0.0009358133797535234,2.220446049250313e-16,2.220446049250313e-16,2.220446049250313e-16,2.220446049250313e-16,0.504215676609183,3.3306690738754696e-16,0.26698621124037203,2.220446049250313e-16,2.220446049250313e-16,0.5681897836296682,2.220446049250313e-16,0.49491568987968754
28.0,2.220446049250313e-16,0.008910683044544312,0.3928471715505992,2.220446049250313e-16,1.1102230246251565e-16,2.220446049250313e-16,2.7755575615628914e-17,0.5702435668512307,5.551115123125783e-17,2.220446049250313e-16,6.776263578034403e-21,1.3643304245610393e-18,1.232595164407831e-32,0.23746979358402412,2.220446049250313e-16,2.220446049250313e-16,2.220446049250313e-16,0.528591808785043,0.49491568987968754
29.0,0.3437852411630942,2.220446049250313e-16,0.3928471715505991,2.220446049250313e-16,2.220446049250313e-16,2.220446049250313e-16,0.03278308942780389,0.5783722540852126,2.220446049250313e-16,2.220446049250313e-16,2.220446049250313e-16,2.220446049250313e-16,0.4204575042380202,2.220446049250313e-16,0.2605745951855197,2.220446049250313e-16,2.220446049250313e-16,2.220446049250313e-16,0.49491568987968754
30.0,0.0004636775781287813,2.220446049250313e-16,2.220446049250313e-16,0.3751488461164402,0.2058125182889895,2.220446049250313e-16,0.0009357994456489682,0.16672021085859828,2.220446049250313e-16,0.40956827380017435,2.220446049250313e-16,0.5042156754858492,1.1102230246251565e-16,2.220446049250313e-16,2.220446049250313e-16,2.220446049250313e-16,0.24715448651069707,0.2586253670650772,0.49491568987968754
31.0,2.220446049250313e-16,2.220446049250313e-16,2.220446049250313e-16,0.4110903091399738,2.220446049250313e-16,2.220446049250313e-16,0.5380782017924692,0.5783722540852129,2.220446049250313e-16,2.220446049250313e-16,2.220446049250313e-16,2.220446049250313e-16,2.220446049250313e-16,0.28571349513279237,2.220446049250313e-16,2.220446049250313e-16,0.36464088277020634,2.220446049250313e-16,2.220446049250313e-16
32.0,2.220446049250313e-16,2.220446049250313e-16,0.3928471715505991,2.220446049250313e-16,2.220446049250313e-16,2.220446049250313e-16,2.220446049250313e-16,0.37494550503391066,2.220446049250313e-16,0.40956827380017446,2.220446049250313e-16,0.26407304582501395,2.220446049250313e-16,0.23926707932570945,2.220446049250313e-16,2.220446049250313e-16,2.220446049250313e-16,0.4108812329232734,0.4949156898796876
33.0,2.220446049250313e-16,2.220446049250313e-16,2.220446049250313e-16,0.3751488502708098,2.220446049250313e-16,2.220446049250313e-16,0.5380782017924692,0.5793265748754646,2.220446049250313e-16,0.40956827380017435,2.220446049250313e-16,2.220446049250313e-16,2.220446049250313e-16,2.220446049250313e-16,2.220446049250313e-16,2.220446049250313e-16,2.220446049250313e-16,0.3897099078061352,2.220446049250313e-16
34.0,2.220446049250313e-16,0.006769583954117092,0.392847171550599,2.220446049250313e-16,2.220446049250313e-16,2.220446049250313e-16,2.220446049250313e-16,0.5612959367191904,2.220446049250313e-16,2.220446049250313e-16,2.220446049250313e-16,2.220446049250313e-16,2.220446049250313e-16,2.220446049250313e-16,2.220446049250313e-16,0.02660068797204779,2.220446049250313e-16,0.6654037414265515,0.49491568987968754
35.0,2.220446049250313e-16,2.220446049250313e-16,2.220446049250313e-16,0.4110903091399738,2.220446049250313e-16,2.220446049250313e-16,0.5380782017924692,0.5783722540852129,2.220446049250313e-16,2.220446049250313e-16,2.220446049250313e-16,2.220446049250313e-16,2.220446049250313e-16,0.28571349513279237,2.220446049250313e-16,2.220446049250313e-16,0.36464088277020634,2.220446049250313e-16,2.220446049250313e-16
36.0,2.220446049250313e-16,0.008910683044544333,2.220446049250313e-16,2.220446049250313e-16,1.1102230246251565e-16,2.220446049250313e-16,0.17722313938721018,0.5702435668512308,2.220446049250313e-16,2.220446049250313e-16,1.3877787807814457e-17,2.220446049250313e-16,2.220446049250313e-16,0.2374697935840237,2.220446049250313e-16,2.220446049250313e-16,2.220446049250313e-16,0.5285918087850429,0.49491568987968754
37.0,2.220446049250313e-16,2.220446049250313e-16,2.220446049250313e-16,0.4110903091399738,2.220446049250313e-16,2.220446049250313e-16,0.5380782017924692,0.5783722540852129,2.220446049250313e-16,2.220446049250313e-16,2.220446049250313e-16,2.220446049250313e-16,2.220446049250313e-16,0.28571349513279237,2.220446049250313e-16,2.220446049250313e-16,0.36464088277020634,2.220446049250313e-16,2.220446049250313e-16
38.0,2.220446049250313e-16,2.220446049250313e-16,0.39284717155059906,0.3751488502708098,0.28374829283259995,2.220446049250313e-16,2.220446049250313e-16,0.18268028376796577,2.220446049250313e-16,0.4095682738001744,2.220446049250313e-16,0.26407304582501395,2.220446049250313e-16,2.220446049250313e-16,2.220446049250313e-16,2.220446049250313e-16,2.220446049250313e-16,0.41889285069183985,0.4949156898796876
39.0,0.3091138357489247,2.220446049250313e-16,2.220446049250313e-16,2.220446049250313e-16,2.220446049250313e-16,2.220446049250313e-16,0.5731526417351078,0.5783722540852126,2.220446049250313e-16,2.220446049250313e-16,2.220446049250313e-16,2.220446049250313e-16,0.4204575042380202,2.220446049250313e-16,0.2605745951855197,2.220446049250313e-16,2.220446049250313e-16,2.220446049250313e-16,2.220446049250313e-16
40.0,2.220446049250313e-16,0.006769583954117092,0.392847171550599,2.220446049250313e-16,2.220446049250313e-16,2.220446049250313e-16,2.220446049250313e-16,0.5612959367191904,2.220446049250313e-16,2.220446049250313e-16,2.220446049250313e-16,2.220446049250313e-16,2.220446049250313e-16,2.220446049250313e-16,2.220446049250313e-16,0.02660068797204779,2.220446049250313e-16,0.6654037414265515,0.49491568987968754
41.0,0.3091138357489247,2.220446049250313e-16,2.220446049250313e-16,2.220446049250313e-16,2.220446049250313e-16,2.220446049250313e-16,0.5731526417351078,0.5783722540852126,2.220446049250313e-16,2.220446049250313e-16,2.220446049250313e-16,2.220446049250313e-16,2.220446049250313e-16,2.220446049250313e-16,0.2605745951855197,2.220446049250313e-16,0.22717864925129544,2.220446049250313e-16,2.220446049250313e-16
42.0,2.220446049250313e-16,0.008910683044544312,0.3928471715505992,2.220446049250313e-16,1.1102230246251565e-16,2.220446049250313e-16,2.7755575615628914e-17,0.5702435668512307,5.551115123125783e-17,2.220446049250313e-16,6.776263578034403e-21,1.3643304245610393e-18,1.232595164407831e-32,0.23746979358402412,2.220446049250313e-16,2.220446049250313e-16,2.220446049250313e-16,0.528591808785043,0.49491568987968754
43.0,2.220446049250313e-16,2.220446049250313e-16,0.39284717155059906,0.41109030913997374,2.220446049250313e-16,2.220446049250313e-16,1.1102230246251565e-16,0.5783722540852122,2.220446049250313e-16,2.220446049250313e-16,5.551115123125783e-17,6.522717724715892e-17,2.220446049250313e-16,0.2857134951327924,2.220446049250313e-16,2.220446049250313e-16,0.36464088277020607,2.220446049250313e-16,0.4949156898796875
44.0,2.220446049250313e-16,2.220446049250313e-16,2.220446049250313e-16,2.220446049250313e-16,0.4908313557564412,0.48042677455022775,2.220446049250313e-16,0.1663028400576986,2.220446049250313e-16,0.4095682738001746,2.220446049250313e-16,0.2640730458250141,2.220446049250313e-16,0.22133251648515334,2.220446049250313e-16,2.220446049250313e-16,0.22162266605356842,0.26500709105864817,2.220446049250313e-16
45.0,0.3091138357489247,2.220446049250313e-16,2.220446049250313e-16,2.220446049250313e-16,2.220446049250313e-16,2.220446049250313e-16,0.5731526417351078,0.5783722540852126,2.220446049250313e-16,2.220446049250313e-16,2.220446049250313e-16,2.220446049250313e-16,0.4204575042380202,2.220446049250313e-16,0.2605745951855197,2.220446049250313e-16,2.220446049250313e-16,2.220446049250313e-16,2.220446049250313e-16
46.0,2.220446049250313e-16,0.006769583954117092,0.392847171550599,2.220446049250313e-16,2.220446049250313e-16,2.220446049250313e-16,2.220446049250313e-16,0.5612959367191904,2.220446049250313e-16,2.220446049250313e-16,2.220446049250313e-16,2.220446049250313e-16,2.220446049250313e-16,2.220446049250313e-16,2.220446049250313e-16,0.02660068797204779,2.220446049250313e-16,0.6654037414265515,0.49491568987968754
47.0,0.3091138357489247,2.220446049250313e-16,2.220446049250313e-16,2.220446049250313e-16,2.220446049250313e-16,2.220446049250313e-16,0.5731526417351078,0.3947376989689028,2.220446049250313e-16,2.220446049250313e-16,2.220446049250313e-16,2.220446049250313e-16,0.4204575042380202,2.220446049250313e-16,0.2605745951855197,2.220446049250313e-16,0.18175370807527916,2.220446049250313e-16,2.220446049250313e-16
48.0,2.220446049250313e-16,0.40555584546607476,1.3877787807814457e-17,0.4087564545230376,2.220446049250313e-16,2.220446049250313e-16,2.7755575615628914e-17,0.1833810867248655,0.3914945092788583,9.367506770274758e-17,2.220446049250313e-16,1.2315684884964363e-17,0.42045750423802003,0.30669225564536706,2.220446049250313e-16,2.220446049250313e-16,0.13615837224547922,0.0038756072820730204,0.49491568987968754
49.0,0.5274666246384956,2.220446049250313e-16,0.3928471715505992,2.220446049250313e-16,2.220446049250313e-16,2.220446049250313e-16,0.020644024755799396,0.3947376989689028,2.220446049250313e-16,2.220446049250313e-16,0.0011407749310579458,2.220446049250313e-16,2.220446049250313e-16,2.220446049250313e-16,0.2605745951855197,2.220446049250313e-16,0.18175370807527916,2.220446049250313e-16,0.49491568987968754
50.0,2.220446049250313e-16,0.008910683044543146,2.220446049250313e-16,2.220446049250313e-16,2.220446049250313e-16,2.220446049250313e-16,0.5380782017924691,0.5702435668512343,2.220446049250313e-16,2.220446049250313e-16,2.220446049250313e-16,2.220446049250313e-16,2.220446049250313e-16,0.23746979358402365,2.220446049250313e-16,2.220446049250313e-16,2.220446049250313e-16,0.5285918087850446,2.220446049250313e-16
51.0,0.3437852411630942,2.220446049250313e-16,0.3928471715505991,2.220446049250313e-16,2.220446049250313e-16,2.220446049250313e-16,0.03278308942780389,0.5783722540852126,2.220446049250313e-16,2.220446049250313e-16,2.220446049250313e-16,2.220446049250313e-16,0.4204575042380202,2.220446049250313e-16,0.2605745951855197,2.220446049250313e-16,2.220446049250313e-16,2.220446049250313e-16,0.49491568987968754
52.0,2.220446049250313e-16,2.220446049250313e-16,2.220446049250313e-16,0.3751488502708098,2.220446049250313e-16,2.220446049250313e-16,0.5380782017924692,0.5793265748754646,2.220446049250313e-16,0.40956827380017435,2.220446049250313e-16,2.220446049250313e-16,2.220446049250313e-16,2.220446049250313e-16,2.220446049250313e-16,2.220446049250313e-16,2.220446049250313e-16,0.3897099078061352,2.220446049250313e-16
53.0,2.220446049250313e-16,0.008910683044544308,0.3928471715505992,2.220446049250313e-16,1.1102230246251565e-16,2.220446049250313e-16,2.7755575615628914e-17,0.5702435668512307,5.551115123125783e-17,2.220446049250313e-16,6.776263578034403e-21,1.3643304245610393e-18,1.232595164407831e-32,0.23746979358402412,2.220446049250313e-16,2.220446049250313e-16,2.220446049250313e-16,0.528591808785043,0.49491568987968754
54.0,0.00046367757812879686,2.220446049250313e-16,0.3928471715505989,0.37514884611644017,2.220446049250313e-16,2.220446049250313e-16,0.0009357994456490135,0.18268028376796575,2.220446049250313e-16,0.40956827380017446,2.220446049250313e-16,0.5042156754858494,2.220446049250313e-16,2.220446049250313e-16,2.220446049250313e-16,2.220446049250313e-16,2.220446049250313e-16,0.41889285069183985,0.49491568987968754
55.0,0.3091138357489247,2.220446049250313e-16,2.220446049250313e-16,2.220446049250313e-16,2.220446049250313e-16,2.220446049250313e-16,0.5731526417351078,0.5783722540852126,2.220446049250313e-16,2.220446049250313e-16,2.220446049250313e-16,2.220446049250313e-16,0.4204575042380202,2.220446049250313e-16,0.2605745951855197,2.220446049250313e-16,2.220446049250313e-16,2.220446049250313e-16,2.220446049250313e-16
56.0,2.220446049250313e-16,0.006769583954117092,0.392847171550599,2.220446049250313e-16,2.220446049250313e-16,2.220446049250313e-16,2.220446049250313e-16,0.5612959367191904,2.220446049250313e-16,2.220446049250313e-16,2.220446049250313e-16,2.220446049250313e-16,2.220446049250313e-16,2.220446049250313e-16,2.220446049250313e-16,0.02660068797204779,2.220446049250313e-16,0.6654037414265515,0.49491568987968754
57.0,0.3091138357489247,2.220446049250313e-16,2.220446049250313e-16,2.220446049250313e-16,2.220446049250313e-16,2.220446049250313e-16,0.5731526417351078,0.3947376989689028,2.220446049250313e-16,2.220446049250313e-16,2.220446049250313e-16,2.220446049250313e-16,0.4204575042380202,2.220446049250313e-16,0.2605745951855197,2.220446049250313e-16,0.18175370807527916,2.220446049250313e-16,2.220446049250313e-16
58.0,2.220446049250313e-16,0.38063170979208505,2.220446049250313e-16,2.220446049250313e-16,2.220446049250313e-16,0.46158751973916123,1.3877787807814457e-17,0.16675873848448214,0.39149450927885854,0.4095682738001747,1.734723475976807e-18,2.220446049250313e-16,2.220446049250313e-16,0.22218979947677675,2.220446049250313e-16,2.220446049250313e-16,0.21336922162969424,0.2580362681775011,2.220446049250313e-16
59.0,0.3437852411630942,2.220446049250313e-16,0.3928471715505991,2.220446049250313e-16,2.220446049250313e-16,2.220446049250313e-16,0.03278308942780389,0.3947376989689028,2.220446049250313e-16,2.220446049250313e-16,2.220446049250313e-16,2.220446049250313e-16,0.4204575042380202,2.220446049250313e-16,0.2605745951855197,2.220446049250313e-16,0.18175370807527916,2.220446049250313e-16,0.49491568987968754
60.0,0.0004325891168104336,0.5597040258223653,2.220446049250313e-16,3.990069776828743e-05,2.220446049250313e-16,0.49389088179591634,2.220446049250313e-16,2.220446049250313e-16,2.220446049250313e-16,2.7755575615628914e-17,2.220446049250313e-16,2.220446049250313e-16,2.220446049250313e-16,2.220446049250313e-16,0.22700373761942466,0.02638135432791668,2.220446049250313e-16,0.6681998207485699,2.220446049250313e-16
61.0,0.40148611428259645,0.1395503558003368,2.220446049250313e-16,0.37534812068164525,0.5014738194410377,0.5117032274432295,2.220446049250313e-16,5.551115123125783e-17,2.220446049250313e-16,2.220446049250313e-16,0.003250251362582443,2.220446049250313e-16,1.1102230246251565e-16,2.220446049250313e-16,0.49644688577233936,2.220446049250313e-16,0.0077604651020133,2.220446049250313e-16,2.220446049250313e-16
62.0,0.40148611428259645,0.1395503558003368,2.220446049250313e-16,0.37534812068164525,0.5014738194410377,0.5117032274432295,2.220446049250313e-16,5.551115123125783e-17,2.220446049250313e-16,2.220446049250313e-16,0.003250251362582443,2.220446049250313e-16,1.1102230246251565e-16,2.220446049250313e-16,0.49644688577233936,2.220446049250313e-16,0.0077604651020133,2.220446049250313e-16,2.220446049250313e-16
63.0,0.0004804958842394336,0.5482721076721708,2.220446049250313e-16,0.4153531999375361,8.326672684688674e-17,0.49200092672529655,2.220446049250313e-16,3.3861802251067274e-15,2.220446049250313e-16,2.220446049250313e-16,2.220446049250313e-16,2.220446049250313e-16,0.42045750423802025,0.24502800345792866,0.4878441320906403,2.220446049250313e-16,2.220446049250313e-16,2.220446049250313e-16,2.220446049250313e-16
64.0,0.0004804958842394336,0.5482721076721708,2.220446049250313e-16,0.4153531999375361,8.326672684688674e-17,0.49200092672529655,2.220446049250313e-16,3.3861802251067274e-15,2.220446049250313e-16,2.220446049250313e-16,2.220446049250313e-16,2.220446049250313e-16,0.42045750423802025,0.24502800345792866,0.4878441320906403,2.220446049250313e-16,2.220446049250313e-16,2.220446049250313e-16,2.220446049250313e-16
65.0,0.5283054393603615,0.5677306503918884,2.220446049250313e-16,7.229782295819694e-05,2.220446049250313e-16,0.010003316642179304,0.020588589490864607,2.220446049250313e-16,2.220446049250313e-16,2.220446049250313e-16,0.0011267294260727744,2.220446049250313e-16,2.220446049250313e-16,2.220446049250313e-16,0.49239703217971814,2.220446049250313e-16,2.220446049250313e-16,2.220446049250313e-16,0.49491568987968754
66.0,2.220446049250313e-16,2.220446049250313e-16,2.220446049250313e-16,2.220446049250313e-16,0.473515555956594,6.661338147750939e-16,2.220446049250313e-16,2.220446049250313e-16,1.734723475976807e-18,0.4095682738001746,2.220446049250313e-16,0.26407304582501406,2.220446049250313e-16,0.019871665057497954,1.3969948824463608e-16,0.5406916084975165,0.5718326299381369,0.09853527054251635,2.220446049250313e-16
67.0,2.220446049250313e-16,2.220446049250313e-16,2.220446049250313e-16,2.220446049250313e-16,0.473515555956594,6.661338147750939e-16,2.220446049250313e-16,2.220446049250313e-16,1.734723475976807e-18,0.4095682738001746,2.220446049250313e-16,0.26407304582501406,2.220446049250313e-16,0.019871665057497954,1.3969948824463608e-16,0.5406916084975165,0.5718326299381369,0.09853527054251635,2.220446049250313e-16
68.0,2.220446049250313e-16,2.220446049250313e-16,2.220446049250313e-16,0.007603754606636027,0.4751865205265258,2.220446049250313e-16,1.1102230246251565e-16,2.220446049250313e-16,0.3914945092788583,2.220446049250313e-16,2.220446049250313e-16,2.220446049250313e-16,2.220446049250313e-16,0.5590267586620079,2.220446049250313e-16,0.46962389611654537,0.5382542996540328,2.220446049250313e-16,2.220446049250313e-16
69.0,2.220446049250313e-16,2.220446049250313e-16,2.220446049250313e-16,0.007603754606636027,0.4751865205265258,2.220446049250313e-16,1.1102230246251565e-16,2.220446049250313e-16,0.3914945092788583,2.220446049250313e-16,2.220446049250313e-16,2.220446049250313e-16,2.220446049250313e-16,0.5590267586620079,2.220446049250313e-16,0.46962389611654537,0.5382542996540328,2.220446049250313e-16,2.220446049250313e-16
70.0,0.0008029116905516794,0.5755061767642878,2.220446049250313e-16,7.405811994472425e-05,2.220446049250313e-16,0.009073602849162136,2.220446049250313e-16,2.220446049250313e-16,2.220446049250313e-16,2.220446049250313e-16,2.220446049250313e-16,2.220446049250313e-16,2.220446049250313e-16,2.220446049250313e-16,2.220446049250313e-16,0.49916555495146275,0.18175370807527916,0.6279120567880933,2.220446049250313e-16
71.0,0.48515847891856045,2.220446049250313e-16,2.220446049250313e-16,2.220446049250313e-16,2.220446049250313e-16,2.220446049250313e-16,0.5594608757410455,0.19174125386654972,2.220446049250313e-16,2.220446049250313e-16,0.4806306198481003,0.2551190002543041,2.220446049250313e-16,2.220446049250313e-16,2.220446049250313e-16,2.220446049250313e-16,2.220446049250313e-16,2.220446049250313e-16,2.220446049250313e-16
72.0,0.2161861962903314,2.220446049250313e-16,0.39284717155059923,0.37512594464176274,0.2837482928325998,0.25197251114953395,2.220446049250313e-16,2.220446049250313e-16,0.39149450927885826,2.220446049250313e-16,2.220446049250313e-16,2.220446049250313e-16,0.42045750423802014,2.220446049250313e-16,0.5021328295479691,2.220446049250313e-16,2.220446049250313e-16,2.220446049250313e-16,0.26086715028062074
73.0,0.2161861962903314,2.220446049250313e-16,0.39284717155059923,0.37512594464176274,0.2837482928325998,0.25197251114953395,2.220446049250313e-16,2.220446049250313e-16,0.39149450927885826,2.220446049250313e-16,2.220446049250313e-16,2.220446049250313e-16,0.42045750423802014,2.220446049250313e-16,0.5021328295479691,2.220446049250313e-16,2.220446049250313e-16,2.220446049250313e-16,0.26086715028062074
74.0,0.48515847891856045,2.220446049250313e-16,2.220446049250313e-16,2.220446049250313e-16,2.220446049250313e-16,2.220446049250313e-16,0.5594608757410455,0.19174125386654972,2.220446049250313e-16,2.220446049250313e-16,0.4806306198481003,0.2551190002543041,2.220446049250313e-16,2.220446049250313e-16,2.220446049250313e-16,2.220446049250313e-16,2.220446049250313e-16,2.220446049250313e-16,2.220446049250313e-16
75.0,0.2161861962903314,2.220446049250313e-16,0.39284717155059923,0.37512594464176274,0.2837482928325998,0.25197251114953395,2.220446049250313e-16,2.220446049250313e-16,0.39149450927885826,2.220446049250313e-16,2.220446049250313e-16,2.220446049250313e-16,0.42045750423802014,2.220446049250313e-16,0.5021328295479691,2.220446049250313e-16,2.220446049250313e-16,2.220446049250313e-16,0.26086715028062074
76.0,0.2161861962903314,2.220446049250313e-16,0.39284717155059923,0.37512594464176274,0.2837482928325998,0.25197251114953395,2.220446049250313e-16,2.220446049250313e-16,0.39149450927885826,2.220446049250313e-16,2.220446049250313e-16,2.220446049250313e-16,0.42045750423802014,2.220446049250313e-16,0.5021328295479691,2.220446049250313e-16,2.220446049250313e-16,2.220446049250313e-16,0.26086715028062074
77.0,2.220446049250313e-16,2.220446049250313e-16,2.220446049250313e-16,2.220446049250313e-16,0.4735155559565938,2.220446049250313e-16,2.220446049250313e-16,2.220446049250313e-16,0.3914945092788585,0.40956827380017424,2.220446049250313e-16,2.220446049250313e-16,2.220446049250313e-16,0.01987166505749844,2.220446049250313e-16,0.540691608497519,0.5718326299381353,0.09853527054251869,2.220446049250313e-16
78.0,2.220446049250313e-16,2.220446049250313e-16,2.220446049250313e-16,2.220446049250313e-16,0.4735155559565938,2.220446049250313e-16,2.220446049250313e-16,2.220446049250313e-16,0.3914945092788585,0.40956827380017424,2.220446049250313e-16,2.220446049250313e-16,2.220446049250313e-16,0.01987166505749844,2.220446049250313e-16,0.540691608497519,0.5718326299381353,0.09853527054251869,2.220446049250313e-16
79.0,2.220446049250313e-16,2.220446049250313e-16,2.220446049250313e-16,0.007603754606636027,0.4751865205265258,2.220446049250313e-16,1.1102230246251565e-16,2.220446049250313e-16,0.3914945092788583,2.220446049250313e-16,2.220446049250313e-16,2.220446049250313e-16,2.220446049250313e-16,0.5590267586620079,2.220446049250313e-16,0.46962389611654537,0.5382542996540328,2.220446049250313e-16,2.220446049250313e-16
80.0,2.220446049250313e-16,2.220446049250313e-16,2.220446049250313e-16,0.007603754606636027,0.4751865205265258,2.220446049250313e-16,1.1102230246251565e-16,2.220446049250313e-16,0.3914945092788583,2.220446049250313e-16,2.220446049250313e-16,2.220446049250313e-16,2.220446049250313e-16,0.5590267586620079,2.220446049250313e-16,0.46962389611654537,0.5382542996540328,2.220446049250313e-16,2.220446049250313e-16
81.0,0.00042187918328844736,0.562254943049196,2.220446049250313e-16,3.891284623904609e-05,2.220446049250313e-16,0.4937651367166269,2.220446049250313e-16,2.220446049250313e-16,2.7755575615628914e-17,2.220446049250313e-16,2.220446049250313e-16,2.220446049250313e-16,2.220446049250313e-16,2.220446049250313e-16,0.2269500747160167,0.0391336493055914,0.22717864925129544,0.5056327488487655,2.220446049250313e-16
82.0,0.3940211547337161,0.3436747637757086,2.220446049250313e-16,0.37526922614716446,0.28374829283259995,0.5005098056904143,2.220446049250313e-16,5.551115123125783e-17,2.220446049250313e-16,2.220446049250313e-16,0.48215666571707627,2.220446049250313e-16,2.220446049250313e-16,2.220446049250313e-16,2.220446049250313e-16,2.220446049250313e-16,2.220446049250313e-16,2.220446049250313e-16,2.220446049250313e-16
83.0,0.3940211547337161,0.3436747637757086,2.220446049250313e-16,0.37526922614716446,0.28374829283259995,0.5005098056904143,2.220446049250313e-16,5.551115123125783e-17,2.220446049250313e-16,2.220446049250313e-16,0.48215666571707627,2.220446049250313e-16,2.220446049250313e-16,2.220446049250313e-16,2.220446049250313e-16,2.220446049250313e-16,2.220446049250313e-16,2.220446049250313e-16,2.220446049250313e-16
84.0,0.0004804958842394336,0.5482721076721708,2.220446049250313e-16,0.4153531999375361,8.326672684688674e-17,0.49200092672529655,2.220446049250313e-16,3.3861802251067274e-15,2.220446049250313e-16,2.220446049250313e-16,2.220446049250313e-16,2.220446049250313e-16,0.42045750423802025,0.24502800345792866,0.4878441320906403,2.220446049250313e-16,2.220446049250313e-16,2.220446049250313e-16,2.220446049250313e-16
85.0,0.0004804958842394336,0.5482721076721708,2.220446049250313e-16,0.4153531999375361,8.326672684688674e-17,0.49200092672529655,2.220446049250313e-16,3.3861802251067274e-15,2.220446049250313e-16,2.220446049250313e-16,2.220446049250313e-16,2.220446049250313e-16,0.42045750423802025,0.24502800345792866,0.4878441320906403,2.220446049250313e-16,2.220446049250313e-16,2.220446049250313e-16,2.220446049250313e-16
86.0,0.5216784337610323,0.565621641222406,2.220446049250313e-16,7.326791717861862e-05,2.220446049250313e-16,0.008978697454743886,0.021026552489780952,2.220446049250313e-16,2.220446049250313e-16,2.220446049250313e-16,0.48001911268875536,2.220446049250313e-16,2.220446049250313e-16,2.220446049250313e-16,2.220446049250313e-16,2.220446049250313e-16,2.220446049250313e-16,2.220446049250313e-16,0.49491568987968754
87.0,0.0007922061617245363,0.5780561522127031,2.220446049250313e-16,7.3070674690627e-05,2.220446049250313e-16,0.00894740463140099,2.220446049250313e-16,2.220446049250313e-16,1.1102230246251565e-16,1.734723475976807e-18,2.220446049250313e-16,2.220446049250313e-16,2.220446049250313e-16,2.220446049250313e-16,2.220446049250313e-16,0.5119178485757214,0.40893235732657457,0.4653450021417207,2.220446049250313e-16
88.0,0.48665104292271183,2.220446049250313e-16,2.220446049250313e-16,2.220446049250313e-16,2.220446049250313e-16,2.220446049250313e-16,0.5624585124702303,2.220446049250313e-16,1.1102230246251565e-16,5.551115123125783e-17,0.4806056276601784,0.49523321247655067,2.220446049250313e-16,2.220446049250313e-16,2.220446049250313e-16,2.220446049250313e-16,2.220446049250313e-16,2.220446049250313e-16,2.220446049250313e-16
89.0,0.21138102998886654,0.349369564497674,0.39284717155059895,0.37528771642879166,2.220446049250313e-16,0.2711991936359962,2.220446049250313e-16,2.220446049250313e-16,2.220446049250313e-16,2.220446049250313e-16,0.4752419550205904,2.220446049250313e-16,0.42045750423802014,2.220446049250313e-16,2.220446049250313e-16,2.220446049250313e-16,2.220446049250313e-16,2.220446049250313e-16,0.26086715028062074
90.0,0.48665104292271183,2.220446049250313e-16,2.220446049250313e-16,2.220446049250313e-16,2.220446049250313e-16,2.220446049250313e-16,0.5624585124702303,2.220446049250313e-16,1.1102230246251565e-16,5.551115123125783e-17,0.4806056276601784,0.49523321247655067,2.220446049250313e-16,2.220446049250313e-16,2.220446049250313e-16,2.220446049250313e-16,2.220446049250313e-16,2.220446049250313e-16,2.220446049250313e-16
91.0,0.21138102998886654,0.349369564497674,0.39284717155059895,0.37528771642879166,2.220446049250313e-16,0.2711991936359962,2.220446049250313e-16,2.220446049250313e-16,2.220446049250313e-16,2.220446049250313e-16,0.4752419550205904,2.220446049250313e-16,0.42045750423802014,2.220446049250313e-16,2.220446049250313e-16,2.220446049250313e-16,2.220446049250313e-16,2.220446049250313e-16,0.26086715028062074
92.0,0.48665104292271183,2.220446049250313e-16,2.220446049250313e-16,2.220446049250313e-16,2.220446049250313e-16,2.220446049250313e-16,0.5624585124702303,2.220446049250313e-16,1.1102230246251565e-16,5.551115123125783e-17,0.4806056276601784,0.49523321247655067,2.220446049250313e-16,2.220446049250313e-16,2.220446049250313e-16,2.220446049250313e-16,2.220446049250313e-16,2.220446049250313e-16,2.220446049250313e-16
93.0,0.48665104292271183,2.220446049250313e-16,2.220446049250313e-16,2.220446049250313e-16,2.220446049250313e-16,2.220446049250313e-16,0.5624585124702303,2.220446049250313e-16,1.1102230246251565e-16,5.551115123125783e-17,0.4806056276601784,0.49523321247655067,2.220446049250313e-16,2.220446049250313e-16,2.220446049250313e-16,2.220446049250313e-16,2.220446049250313e-16,2.220446049250313e-16,2.220446049250313e-16
94.0,0.0007922061617245363,0.5780561522127031,2.220446049250313e-16,7.3070674690627e-05,2.220446049250313e-16,0.00894740463140099,2.220446049250313e-16,2.220446049250313e-16,1.1102230246251565e-16,1.734723475976807e-18,2.220446049250313e-16,2.220446049250313e-16,2.220446049250313e-16,2.220446049250313e-16,2.220446049250313e-16,0.5119178485757214,0.40893235732657457,0.4653450021417207,2.220446049250313e-16
95.0,0.48665104292271183,2.220446049250313e-16,2.220446049250313e-16,2.220446049250313e-16,2.220446049250313e-16,2.220446049250313e-16,0.5624585124702303,2.220446049250313e-16,1.1102230246251565e-16,5.551115123125783e-17,0.4806056276601784,0.49523321247655067,2.220446049250313e-16,2.220446049250313e-16,2.220446049250313e-16,2.220446049250313e-16,2.220446049250313e-16,2.220446049250313e-16,2.220446049250313e-16
96.0,0.48665104292271183,2.220446049250313e-16,2.220446049250313e-16,2.220446049250313e-16,2.220446049250313e-16,2.220446049250313e-16,0.5624585124702303,2.220446049250313e-16,1.1102230246251565e-16,5.551115123125783e-17,0.4806056276601784,0.49523321247655067,2.220446049250313e-16,2.220446049250313e-16,2.220446049250313e-16,2.220446049250313e-16,2.220446049250313e-16,2.220446049250313e-16,2.220446049250313e-16
97.0,0.20883931558295488,0.18789305688255953,0.39284717155059906,0.37505333064033897,2.220446049250313e-16,0.24163527402720628,2.220446049250313e-16,2.220446049250313e-16,0.3914945092788583,2.220446049250313e-16,0.47528451467223615,2.220446049250313e-16,0.42045750423802014,2.220446049250313e-16,2.220446049250313e-16,2.220446049250313e-16,2.220446049250313e-16,2.220446049250313e-16,0.26086715028062074
98.0,0.20883931558295488,0.18789305688255953,0.39284717155059906,0.37505333064033897,2.220446049250313e-16,0.24163527402720628,2.220446049250313e-16,2.220446049250313e-16,0.3914945092788583,2.220446049250313e-16,0.47528451467223615,2.220446049250313e-16,0.42045750423802014,2.220446049250313e-16,2.220446049250313e-16,2.220446049250313e-16,2.220446049250313e-16,2.220446049250313e-16,0.26086715028062074
99.0,0.48665104292271183,2.220446049250313e-16,2.220446049250313e-16,2.220446049250313e-16,2.220446049250313e-16,2.220446049250313e-16,0.5624585124702303,2.220446049250313e-16,1.1102230246251565e-16,5.551115123125783e-17,0.4806056276601784,0.49523321247655067,2.220446049250313e-16,2.220446049250313e-16,2.220446049250313e-16,2.220446049250313e-16,2.220446049250313e-16,2.220446049250313e-16,2.220446049250313e-16
100.0,0.48665104292271183,2.220446049250313e-16,2.220446049250313e-16,2.220446049250313e-16,2.220446049250313e-16,2.220446049250313e-16,0.5624585124702303,2.220446049250313e-16,1.1102230246251565e-16,5.551115123125783e-17,0.4806056276601784,0.49523321247655067,2.220446049250313e-16,2.220446049250313e-16,2.220446049250313e-16,2.220446049250313e-16,2.220446049250313e-16,2.220446049250313e-16,2.220446049250313e-16
101.0,0.0014922176328174034,2.220446049250313e-16,0.392847171550599,2.220446049250313e-16,2.220446049250313e-16,2.220446049250313e-16,0.002997659605167549,0.37998933301737026,2.220446049250313e-16,0.40956827380017446,2.220446049250313e-16,0.24011421406645275,2.220446049250313e-16,2.220446049250313e-16,2.220446049250313e-16,0.5087401247179999,2.220446049250313e-16,0.5058548290991677,2.220446049250313e-16
102.0,0.0014922176328174034,2.220446049250313e-16,0.392847171550599,2.220446049250313e-16,2.220446049250313e-16,2.220446049250313e-16,0.002997659605167549,0.37998933301737026,2.220446049250313e-16,0.40956827380017446,2.220446049250313e-16,0.24011421406645275,2.220446049250313e-16,2.220446049250313e-16,2.220446049250313e-16,0.5087401247179999,2.220446049250313e-16,0.5058548290991677,2.220446049250313e-16
103.0,0.0004657238939528184,2.220446049250313e-16,2.498001805406602e-16,0.007716455843312058,0.19085027404634514,2.220446049250313e-16,0.0009356642973801917,2.220446049250313e-16,2.220446049250313e-16,2.220446049250313e-16,2.220446049250313e-16,0.5042156645905327,2.220446049250313e-16,0.55793973047618,2.220446049250313e-16,0.4696238961165452,0.550069332794443,2.220446049250313e-16,2.220446049250313e-16
104.0,0.0004657238939528184,2.220446049250313e-16,2.498001805406602e-16,0.007716455843312058,0.19085027404634514,2.220446049250313e-16,0.0009356642973801917,2.220446049250313e-16,2.220446049250313e-16,2.220446049250313e-16,2.220446049250313e-16,0.5042156645905327,2.220446049250313e-16,0.55793973047618,2.220446049250313e-16,0.4696238961165452,0.550069332794443,2.220446049250313e-16,2.220446049250313e-16
105.0,2.220446049250313e-16,2.220446049250313e-16,2.220446049250313e-16,2.220446049250313e-16,0.4735155559565938,2.220446049250313e-16,2.220446049250313e-16,2.220446049250313e-16,0.3914945092788585,0.40956827380017424,2.220446049250313e-16,2.220446049250313e-16,2.220446049250313e-16,0.01987166505749844,2.220446049250313e-16,0.540691608497519,0.5718326299381353,0.09853527054251869,2.220446049250313e-16
106.0,2.220446049250313e-16,2.220446049250313e-16,2.220446049250313e-16,2.220446049250313e-16,0.4735155559565938,2.220446049250313e-16,2.220446049250313e-16,2.220446049250313e-16,0.3914945092788585,0.40956827380017424,2.220446049250313e-16,2.220446049250313e-16,2.220446049250313e-16,0.01987166505749844,2.220446049250313e-16,0.540691608497519,0.5718326299381353,0.09853527054251869,2.220446049250313e-16
107.0,2.220446049250313e-16,2.220446049250313e-16,2.220446049250313e-16,0.007603754606636027,0.4751865205265258,2.220446049250313e-16,1.1102230246251565e-16,2.220446049250313e-16,0.3914945092788583,2.220446049250313e-16,2.220446049250313e-16,2.220446049250313e-16,2.220446049250313e-16,0.5590267586620079,2.220446049250313e-16,0.46962389611654537,0.5382542996540328,2.220446049250313e-16,2.220446049250313e-16
108.0,2.220446049250313e-16,2.220446049250313e-16,2.220446049250313e-16,0.007603754606636027,0.4751865205265258,2.220446049250313e-16,1.1102230246251565e-16,2.220446049250313e-16,0.3914945092788583,2.220446049250313e-16,2.220446049250313e-16,2.220446049250313e-16,2.220446049250313e-16,0.5590267586620079,2.220446049250313e-16,0.46962389611654537,0.5382542996540328,2.220446049250313e-16,2.220446049250313e-16
109.0,0.0004325891168104336,0.5597040258223653,2.220446049250313e-16,3.990069776828743e-05,2.220446049250313e-16,0.49389088179591634,2.220446049250313e-16,2.220446049250313e-16,2.220446049250313e-16,2.7755575615628914e-17,2.220446049250313e-16,2.220446049250313e-16,2.220446049250313e-16,2.220446049250313e-16,0.22700373761942466,0.02638135432791668,2.220446049250313e-16,0.6681998207485699,2.220446049250313e-16
110.0,0.394886884124941,0.13751226518912096,2.220446049250313e-16,0.37534905992608203,0.5014738194410382,0.5107127820896222,2.220446049250313e-16,2.220446049250313e-16,5.551115123125783e-17,2.220446049250313e-16,0.482142169540313,2.220446049250313e-16,2.220446049250313e-16,2.220446049250313e-16,2.220446049250313e-16,2.220446049250313e-16,0.007760465102013312,2.220446049250313e-16,2.220446049250313e-16
111.0,0.394886884124941,0.13751226518912096,2.220446049250313e-16,0.37534905992608203,0.5014738194410382,0.5107127820896222,2.220446049250313e-16,2.220446049250313e-16,5.551115123125783e-17,2.220446049250313e-16,0.482142169540313,2.220446049250313e-16,2.220446049250313e-16,2.220446049250313e-16,2.220446049250313e-16,2.220446049250313e-16,0.007760465102013312,2.220446049250313e-16,2.220446049250313e-16
112.0,0.0004804958842394336,0.5482721076721708,2.220446049250313e-16,0.4153531999375361,8.326672684688674e-17,0.49200092672529655,2.220446049250313e-16,3.3861802251067274e-15,2.220446049250313e-16,2.220446049250313e-16,2.220446049250313e-16,2.220446049250313e-16,0.42045750423802025,0.24502800345792866,0.4878441320906403,2.220446049250313e-16,2.220446049250313e-16,2.220446049250313e-16,2.220446049250313e-16
113.0,0.0004804958842394336,0.5482721076721708,2.220446049250313e-16,0.4153531999375361,8.326672684688674e-17,0.49200092672529655,2.220446049250313e-16,3.3861802251067274e-15,2.220446049250313e-16,2.220446049250313e-16,2.220446049250313e-16,2.220446049250313e-16,0.42045750423802025,0.24502800345792866,0.4878441320906403,2.220446049250313e-16,2.220446049250313e-16,2.220446049250313e-16,2.220446049250313e-16
114.0,0.5216784337610323,0.565621641222406,2.220446049250313e-16,7.326791717861862e-05,2.220446049250313e-16,0.008978697454743886,0.021026552489780952,2.220446049250313e-16,2.220446049250313e-16,2.220446049250313e-16,0.48001911268875536,2.220446049250313e-16,2.220446049250313e-16,2.220446049250313e-16,2.220446049250313e-16,2.220446049250313e-16,2.220446049250313e-16,2.220446049250313e-16,0.49491568987968754
115.0,0.0007607696127436402,0.5847776765340452,2.220446049250313e-16,7.017106350956843e-05,2.220446049250313e-16,0.012181478812307207,2.220446049250313e-16,2.220446049250313e-16,2.220446049250313e-16,2.220446049250313e-16,2.220446049250313e-16,2.220446049250313e-16,2.220446049250313e-16,2.220446049250313e-16,0.23143268596456198,0.5119275079785586,0.22717864925129544,0.4652218634566243,2.220446049250313e-16
116.0,0.48615024884411784,2.220446049250313e-16,2.220446049250313e-16,2.220446049250313e-16,0.2837482928326,2.220446049250313e-16,0.5614527273115537,2.220446049250313e-16,0.3914945092788582,2.220446049250313e-16,0.48061401318983593,2.220446049250313e-16,2.220446049250313e-16,2.220446049250313e-16,2.220446049250313e-16,2.220446049250313e-16,2.220446049250313e-16,2.220446049250313e-16,2.220446049250313e-16
117.0,0.48615024884411784,2.220446049250313e-16,2.220446049250313e-16,2.220446049250313e-16,0.2837482928326,2.220446049250313e-16,0.5614527273115537,2.220446049250313e-16,0.3914945092788582,2.220446049250313e-16,0.48061401318983593,2.220446049250313e-16,2.220446049250313e-16,2.220446049250313e-16,2.220446049250313e-16,2.220446049250313e-16,2.220446049250313e-16,2.220446049250313e-16,2.220446049250313e-16
118.0,0.48615024884411784,2.220446049250313e-16,2.220446049250313e-16,2.220446049250313e-16,0.2837482928326,2.220446049250313e-16,0.5614527273115537,2.220446049250313e-16,0.3914945092788582,2.220446049250313e-16,0.48061401318983593,2.220446049250313e-16,2.220446049250313e-16,2.220446049250313e-16,2.220446049250313e-16,2.220446049250313e-16,2.220446049250313e-16,2.220446049250313e-16,2.220446049250313e-16
119.0,0.48615024884411784,2.220446049250313e-16,2.220446049250313e-16,2.220446049250313e-16,0.2837482928326,2.220446049250313e-16,0.5614527273115537,2.220446049250313e-16,0.3914945092788582,2.220446049250313e-16,0.48061401318983593,2.220446049250313e-16,2.220446049250313e-16,2.220446049250313e-16,2.220446049250313e-16,2.220446049250313e-16,2.220446049250313e-16,2.220446049250313e-16,2.220446049250313e-16
120.0,0.48615024884411784,2.220446049250313e-16,2.220446049250313e-16,2.220446049250313e-16,0.2837482928326,2.220446049250313e-16,0.5614527273115537,2.220446049250313e-16,0.3914945092788582,2.220446049250313e-16,0.48061401318983593,2.220446049250313e-16,2.220446049250313e-16,2.220446049250313e-16,2.220446049250313e-16,2.220446049250313e-16,2.220446049250313e-16,2.220446049250313e-16,2.220446049250313e-16
121.0,0.48615024884411784,2.220446049250313e-16,2.220446049250313e-16,2.220446049250313e-16,0.2837482928326,2.220446049250313e-16,0.5614527273115537,2.220446049250313e-16,0.3914945092788582,2.220446049250313e-16,0.48061401318983593,2.220446049250313e-16,2.220446049250313e-16,2.220446049250313e-16,2.220446049250313e-16,2.220446049250313e-16,2.220446049250313e-16,2.220446049250313e-16,2.220446049250313e-16
122.0,0.0007922061617245363,0.5780561522127031,2.220446049250313e-16,7.3070674690627e-05,2.220446049250313e-16,0.00894740463140099,2.220446049250313e-16,2.220446049250313e-16,1.1102230246251565e-16,1.734723475976807e-18,2.220446049250313e-16,2.220446049250313e-16,2.220446049250313e-16,2.220446049250313e-16,2.220446049250313e-16,0.5119178485757214,0.40893235732657457,0.4653450021417207,2.220446049250313e-16
123.0,0.48665104292271183,2.220446049250313e-16,2.220446049250313e-16,2.220446049250313e-16,2.220446049250313e-16,2.220446049250313e-16,0.5624585124702303,2.220446049250313e-16,1.1102230246251565e-16,5.551115123125783e-17,0.4806056276601784,0.49523321247655067,2.220446049250313e-16,2.220446049250313e-16,2.220446049250313e-16,2.220446049250313e-16,2.220446049250313e-16,2.220446049250313e-16,2.220446049250313e-16
124.0,0.48665104292271183,2.220446049250313e-16,2.220446049250313e-16,2.220446049250313e-16,2.220446049250313e-16,2.220446049250313e-16,0.5624585124702303,2.220446049250313e-16,1.1102230246251565e-16,5.551115123125783e-17,0.4806056276601784,0.49523321247655067,2.220446049250313e-16,2.220446049250313e-16,2.220446049250313e-16,2.220446049250313e-16,2.220446049250313e-16,2.220446049250313e-16,2.220446049250313e-16
125.0,0.48665104292271183,2.220446049250313e-16,2.220446049250313e-16,2.220446049250313e-16,2.220446049250313e-16,2.220446049250313e-16,0.5624585124702303,2.220446049250313e-16,1.1102230246251565e-16,5.551115123125783e-17,0.4806056276601784,0.49523321247655067,2.220446049250313e-16,2.220446049250313e-16,2.220446049250313e-16,2.220446049250313e-16,2.220446049250313e-16,2.220446049250313e-16,2.220446049250313e-16
126.0,0.48665104292271183,2.220446049250313e-16,2.220446049250313e-16,2.220446049250313e-16,2.220446049250313e-16,2.220446049250313e-16,0.5624585124702303,2.220446049250313e-16,1.1102230246251565e-16,5.551115123125783e-17,0.4806056276601784,0.49523321247655067,2.220446049250313e-16,2.220446049250313e-16,2.220446049250313e-16,2.220446049250313e-16,2.220446049250313e-16,2.220446049250313e-16,2.220446049250313e-16
127.0,0.48665104292271183,2.220446049250313e-16,2.220446049250313e-16,2.220446049250313e-16,2.220446049250313e-16,2.220446049250313e-16,0.5624585124702303,2.220446049250313e-16,1.1102230246251565e-16,5.551115123125783e-17,0.4806056276601784,0.49523321247655067,2.220446049250313e-16,2.220446049250313e-16,2.220446049250313e-16,2.220446049250313e-16,2.220446049250313e-16,2.220446049250313e-16,2.220446049250313e-16
128.0,0.48665104292271183,2.220446049250313e-16,2.220446049250313e-16,2.220446049250313e-16,2.220446049250313e-16,2.220446049250313e-16,0.5624585124702303,2.220446049250313e-16,1.1102230246251565e-16,5.551115123125783e-17,0.4806056276601784,0.49523321247655067,2.220446049250313e-16,2.220446049250313e-16,2.220446049250313e-16,2.220446049250313e-16,2.220446049250313e-16,2.220446049250313e-16,2.220446049250313e-16
129.0,2.220446049250313e-16,2.220446049250313e-16,2.220446049250313e-16,2.220446049250313e-16,0.4735155559565938,2.220446049250313e-16,2.220446049250313e-16,2.220446049250313e-16,0.3914945092788585,0.40956827380017424,2.220446049250313e-16,2.220446049250313e-16,2.220446049250313e-16,0.01987166505749844,2.220446049250313e-16,0.540691608497519,0.5718326299381353,0.09853527054251869,2.220446049250313e-16
130.0,2.220446049250313e-16,2.220446049250313e-16,2.220446049250313e-16,2.220446049250313e-16,0.4735155559565938,2.220446049250313e-16,2.220446049250313e-16,2.220446049250313e-16,0.3914945092788585,0.40956827380017424,2.220446049250313e-16,2.220446049250313e-16,2.220446049250313e-16,0.01987166505749844,2.220446049250313e-16,0.540691608497519,0.5718326299381353,0.09853527054251869,2.220446049250313e-16
131.0,2.220446049250313e-16,2.220446049250313e-16,2.220446049250313e-16,0.007603754606636027,0.4751865205265258,2.220446049250313e-16,1.1102230246251565e-16,2.220446049250313e-16,0.3914945092788583,2.220446049250313e-16,2.220446049250313e-16,2.220446049250313e-16,2.220446049250313e-16,0.5590267586620079,2.220446049250313e-16,0.46962389611654537,0.5382542996540328,2.220446049250313e-16,2.220446049250313e-16
132.0,2.220446049250313e-16,2.220446049250313e-16,2.220446049250313e-16,0.007603754606636027,0.4751865205265258,2.220446049250313e-16,1.1102230246251565e-16,2.220446049250313e-16,0.3914945092788583,2.220446049250313e-16,2.220446049250313e-16,2.220446049250313e-16,2.220446049250313e-16,0.5590267586620079,2.220446049250313e-16,0.46962389611654537,0.5382542996540328,2.220446049250313e-16,2.220446049250313e-16
133.0,0.00042187918328844736,0.562254943049196,2.220446049250313e-16,3.891284623904609e-05,2.220446049250313e-16,0.4937651367166269,2.220446049250313e-16,2.220446049250313e-16,2.7755575615628914e-17,2.220446049250313e-16,2.220446049250313e-16,2.220446049250313e-16,2.220446049250313e-16,2.220446049250313e-16,0.2269500747160167,0.0391336493055914,0.22717864925129544,0.5056327488487655,2.220446049250313e-16
134.0,0.3940211547337161,0.3436747637757086,2.220446049250313e-16,0.37526922614716446,0.28374829283259995,0.5005098056904143,2.220446049250313e-16,5.551115123125783e-17,2.220446049250313e-16,2.220446049250313e-16,0.48215666571707627,2.220446049250313e-16,2.220446049250313e-16,2.220446049250313e-16,2.220446049250313e-16,2.220446049250313e-16,2.220446049250313e-16,2.220446049250313e-16,2.220446049250313e-16
135.0,0.3940211547337161,0.3436747637757086,2.220446049250313e-16,0.37526922614716446,0.28374829283259995,0.5005098056904143,2.220446049250313e-16,5.551115123125783e-17,2.220446049250313e-16,2.220446049250313e-16,0.48215666571707627,2.220446049250313e-16,2.220446049250313e-16,2.220446049250313e-16,2.220446049250313e-16,2.220446049250313e-16,2.220446049250313e-16,2.220446049250313e-16,2.220446049250313e-16
136.0,0.0004804958842394336,0.5482721076721708,2.220446049250313e-16,0.4153531999375361,8.326672684688674e-17,0.49200092672529655,2.220446049250313e-16,3.3861802251067274e-15,2.220446049250313e-16,2.220446049250313e-16,2.220446049250313e-16,2.220446049250313e-16,0.42045750423802025,0.24502800345792866,0.4878441320906403,2.220446049250313e-16,2.220446049250313e-16,2.220446049250313e-16,2.220446049250313e-16
137.0,0.0004804958842394336,0.5482721076721708,2.220446049250313e-16,0.4153531999375361,8.326672684688674e-17,0.49200092672529655,2.220446049250313e-16,3.3861802251067274e-15,2.220446049250313e-16,2.220446049250313e-16,2.220446049250313e-16,2.220446049250313e-16,0.42045750423802025,0.24502800345792866,0.4878441320906403,2.220446049250313e-16,2.220446049250313e-16,2.220446049250313e-16,2.220446049250313e-16
138.0,0.5216784337610323,0.565621641222406,2.220446049250313e-16,7.326791717861862e-05,2.220446049250313e-16,0.008978697454743886,0.021026552489780952,2.220446049250313e-16,2.220446049250313e-16,2.220446049250313e-16,0.48001911268875536,2.220446049250313e-16,2.220446049250313e-16,2.220446049250313e-16,2.220446049250313e-16,2.220446049250313e-16,2.220446049250313e-16,2.220446049250313e-16,0.49491568987968754
139.0,0.0004657668686771956,2.220446049250313e-16,0.3928471715505993,2.220446049250313e-16,2.220446049250313e-16,2.220446049250313e-16,0.000935661459128275,0.17600479247621564,2.220446049250313e-16,0.40956827380017446,2.220446049250313e-16,0.5042156643617215,2.220446049250313e-16,2.220446049250313e-16,2.220446049250313e-16,0.5075549821003927,2.220446049250313e-16,0.5209631029797139,2.220446049250313e-16
140.0,0.0004657668686771956,2.220446049250313e-16,0.3928471715505993,2.220446049250313e-16,2.220446049250313e-16,2.220446049250313e-16,0.000935661459128275,0.17600479247621564,2.220446049250313e-16,0.40956827380017446,2.220446049250313e-16,0.5042156643617215,2.220446049250313e-16,2.220446049250313e-16,2.220446049250313e-16,0.5075549821003927,2.220446049250313e-16,0.5209631029797139,2.220446049250313e-16
141.0,0.0004657347056539475,2.220446049250313e-16,0.3928471715505991,0.005775128340288233,2.220446049250313e-16,2.220446049250313e-16,0.0009356635833248973,0.18363455511630983,2.220446049250313e-16,2.220446049250313e-16,2.220446049250313e-16,0.5042156645329675,2.220446049250313e-16,0.5766635674704764,2.220446049250313e-16,0.46962389611654515,0.34655790157616284,2.220446049250313e-16,2.220446049250313e-16
142.0,0.0004657347056539475,2.220446049250313e-16,0.3928471715505991,0.005775128340288233,2.220446049250313e-16,2.220446049250313e-16,0.0009356635833248973,0.18363455511630983,2.220446049250313e-16,2.220446049250313e-16,2.220446049250313e-16,0.5042156645329675,2.220446049250313e-16,0.5766635674704764,2.220446049250313e-16,0.46962389611654515,0.34655790157616284,2.220446049250313e-16,2.220446049250313e-16
143.0,2.220446049250313e-16,0.3913717795196446,1.1102230246251565e-16,2.220446049250313e-16,2.220446049250313e-16,0.4610559431387864,2.220446049250313e-16,2.220446049250313e-16,0.39149450927885804,2.220446049250313e-16,2.220446049250313e-16,2.220446049250313e-16,2.220446049250313e-16,2.220446049250313e-16,2.220446049250313e-16,0.026139446555250787,0.18175370807527919,0.6712836765048003,2.220446049250313e-16
144.0,0.21503326071917964,2.220446049250313e-16,0.39284717155059895,0.37512595486400624,2.220446049250313e-16,0.251973804236633,2.220446049250313e-16,0.19174125386654972,2.220446049250313e-16,2.220446049250313e-16,2.220446049250313e-16,0.2627751688498539,0.4204575042380202,2.220446049250313e-16,0.5021328162088821,2.220446049250313e-16,2.220446049250313e-16,2.220446049250313e-16,0.2608671502806207
145.0,0.21503326071917964,2.220446049250313e-16,0.39284717155059895,0.37512595486400624,2.220446049250313e-16,0.251973804236633,2.220446049250313e-16,0.19174125386654972,2.220446049250313e-16,2.220446049250313e-16,2.220446049250313e-16,0.2627751688498539,0.4204575042380202,2.220446049250313e-16,0.5021328162088821,2.220446049250313e-16,2.220446049250313e-16,2.220446049250313e-16,0.2608671502806207
146.0,2.220446049250313e-16,0.4043039923805974,2.220446049250313e-16,2.220446049250313e-16,2.220446049250313e-16,2.220446049250313e-16,2.220446049250313e-16,2.220446049250313e-16,0.3914945092788582,0.4095682738001739,1.3877787807814457e-16,2.220446049250313e-16,2.220446049250313e-16,0.02080127121060016,2.220446049250313e-16,0.5412735154404231,0.5628592809030211,0.09111708362073559,2.220446049250313e-16
147.0,2.220446049250313e-16,0.4043039923805974,2.220446049250313e-16,2.220446049250313e-16,2.220446049250313e-16,2.220446049250313e-16,2.220446049250313e-16,2.220446049250313e-16,0.3914945092788582,0.4095682738001739,1.3877787807814457e-16,2.220446049250313e-16,2.220446049250313e-16,0.02080127121060016,2.220446049250313e-16,0.5412735154404231,0.5628592809030211,0.09111708362073559,2.220446049250313e-16
148.0,0.40054772844415754,2.220446049250313e-16,0.39284717155059895,0.37510523181607236,2.220446049250313e-16,0.48102133439735656,2.220446049250313e-16,2.220446049250313e-16,0.39149450927885854,2.220446049250313e-16,0.003265964132790208,0.23773792020345513,2.220446049250313e-16,2.220446049250313e-16,0.4997700326176251,2.220446049250313e-16,2.220446049250313e-16,2.220446049250313e-16,2.220446049250313e-16
149.0,2.220446049250313e-16,2.220446049250313e-16,2.220446049250313e-16,2.220446049250313e-16,0.4811941116580297,2.220446049250313e-16,2.220446049250313e-16,2.220446049250313e-16,2.220446049250313e-16,0.40956827380017446,2.220446049250313e-16,0.26407304582501395,2.220446049250313e-16,2.220446049250313e-16,2.220446049250313e-16,0.5215281909322411,0.4175306871638349,0.34283174318800175,2.220446049250313e-16
150.0,2.220446049250313e-16,2.220446049250313e-16,2.220446049250313e-16,2.220446049250313e-16,0.4811941116580297,2.220446049250313e-16,2.220446049250313e-16,2.220446049250313e-16,2.220446049250313e-16,0.40956827380017446,2.220446049250313e-16,0.26407304582501395,2.220446049250313e-16,2.220446049250313e-16,2.220446049250313e-16,0.5215281909322411,0.4175306871638349,0.34283174318800175,2.220446049250313e-16
151.0,2.220446049250313e-16,2.220446049250313e-16,2.220446049250313e-16,0.007603754606636275,0.4751865205265262,2.220446049250313e-16,2.220446049250313e-16,2.220446049250313e-16,2.220446049250313e-16,2.220446049250313e-16,2.220446049250313e-16,0.26407304582501384,2.220446049250313e-16,0.5590267586620078,2.220446049250313e-16,0.46962389611654515,0.5382542996540337,2.220446049250313e-16,2.220446049250313e-16
152.0,2.220446049250313e-16,2.220446049250313e-16,2.220446049250313e-16,0.007603754606636275,0.4751865205265262,2.220446049250313e-16,2.220446049250313e-16,2.220446049250313e-16,2.220446049250313e-16,2.220446049250313e-16,2.220446049250313e-16,0.26407304582501384,2.220446049250313e-16,0.5590267586620078,2.220446049250313e-16,0.46962389611654515,0.5382542996540337,2.220446049250313e-16,2.220446049250313e-16
153.0,2.220446049250313e-16,2.220446049250313e-16,0.3928471715505991,2.220446049250313e-16,2.220446049250313e-16,2.220446049250313e-16,2.220446049250313e-16,0.5726638971114959,2.220446049250313e-16,0.40956827380017446,2.220446049250313e-16,2.220446049250313e-16,2.220446049250313e-16,2.220446049250313e-16,2.220446049250313e-16,0.5098595567917797,2.220446049250313e-16,0.4915842374336115,2.220446049250313e-16
154.0,2.220446049250313e-16,2.220446049250313e-16,0.3928471715505991,2.220446049250313e-16,2.220446049250313e-16,2.220446049250313e-16,2.220446049250313e-16,0.5726638971114959,2.220446049250313e-16,0.40956827380017446,2.220446049250313e-16,2.220446049250313e-16,2.220446049250313e-16,2.220446049250313e-16,2.220446049250313e-16,0.5098595567917797,2.220446049250313e-16,0.4915842374336115,2.220446049250313e-16
155.0,0.001492185469845947,2.220446049250313e-16,0.39284717155059895,0.005775119038968533,2.220446049250313e-16,2.220446049250313e-16,0.002997661729360756,0.38663100021866287,2.220446049250313e-16,2.220446049250313e-16,2.220446049250313e-16,0.24011421423769863,2.220446049250313e-16,0.5766635684805062,2.220446049250313e-16,0.46962389611654526,0.346557901513388,2.220446049250313e-16,2.220446049250313e-16
156.0,0.001492185469845947,2.220446049250313e-16,0.39284717155059895,0.005775119038968533,2.220446049250313e-16,2.220446049250313e-16,0.002997661729360756,0.38663100021866287,2.220446049250313e-16,2.220446049250313e-16,2.220446049250313e-16,0.24011421423769863,2.220446049250313e-16,0.5766635684805062,2.220446049250313e-16,0.46962389611654526,0.346557901513388,2.220446049250313e-16,2.220446049250313e-16
157.0,2.220446049250313e-16,0.3913717795196446,1.1102230246251565e-16,2.220446049250313e-16,2.220446049250313e-16,0.4610559431387864,2.220446049250313e-16,2.220446049250313e-16,0.39149450927885804,2.220446049250313e-16,2.220446049250313e-16,2.220446049250313e-16,2.220446049250313e-16,2.220446049250313e-16,2.220446049250313e-16,0.026139446555250787,0.18175370807527919,0.6712836765048003,2.220446049250313e-16
158.0,0.3988523542471976,2.220446049250313e-16,2.220446049250313e-16,0.3751052468477265,0.501473819441035,0.48102323586224105,2.220446049250313e-16,2.220446049250313e-16,0.3914945092788583,2.220446049250313e-16,0.0032943522691851464,2.220446049250313e-16,2.220446049250313e-16,2.220446049250313e-16,0.49977001300270024,2.220446049250313e-16,0.007760465102013472,2.220446049250313e-16,2.220446049250313e-16
159.0,0.3988523542471976,2.220446049250313e-16,2.220446049250313e-16,0.3751052468477265,0.501473819441035,0.48102323586224105,2.220446049250313e-16,2.220446049250313e-16,0.3914945092788583,2.220446049250313e-16,0.0032943522691851464,2.220446049250313e-16,2.220446049250313e-16,2.220446049250313e-16,0.49977001300270024,2.220446049250313e-16,0.007760465102013472,2.220446049250313e-16,2.220446049250313e-16
160.0,0.0004804958842394336,0.5482721076721708,2.220446049250313e-16,0.4153531999375361,8.326672684688674e-17,0.49200092672529655,2.220446049250313e-16,3.3861802251067274e-15,2.220446049250313e-16,2.220446049250313e-16,2.220446049250313e-16,2.220446049250313e-16,0.42045750423802025,0.24502800345792866,0.4878441320906403,2.220446049250313e-16,2.220446049250313e-16,2.220446049250313e-16,2.220446049250313e-16
161.0,0.0004804958842394336,0.5482721076721708,2.220446049250313e-16,0.4153531999375361,8.326672684688674e-17,0.49200092672529655,2.220446049250313e-16,3.3861802251067274e-15,2.220446049250313e-16,2.220446049250313e-16,2.220446049250313e-16,2.220446049250313e-16,0.42045750423802025,0.24502800345792866,0.4878441320906403,2.220446049250313e-16,2.220446049250313e-16,2.220446049250313e-16,2.220446049250313e-16
162.0,0.5283054393603615,0.5677306503918884,2.220446049250313e-16,7.229782295819694e-05,2.220446049250313e-16,0.010003316642179304,0.020588589490864607,2.220446049250313e-16,2.220446049250313e-16,2.220446049250313e-16,0.0011267294260727744,2.220446049250313e-16,2.220446049250313e-16,2.220446049250313e-16,0.49239703217971814,2.220446049250313e-16,2.220446049250313e-16,2.220446049250313e-16,0.49491568987968754
163.0,0.0007922061617245363,0.5780561522127031,2.220446049250313e-16,7.3070674690627e-05,2.220446049250313e-16,0.00894740463140099,2.220446049250313e-16,2.220446049250313e-16,1.1102230246251565e-16,1.734723475976807e-18,2.220446049250313e-16,2.220446049250313e-16,2.220446049250313e-16,2.220446049250313e-16,2.220446049250313e-16,0.5119178485757214,0.40893235732657457,0.4653450021417207,2.220446049250313e-16
164.0,0.48665104292271183,2.220446049250313e-16,2.220446049250313e-16,2.220446049250313e-16,2.220446049250313e-16,2.220446049250313e-16,0.5624585124702303,2.220446049250313e-16,1.1102230246251565e-16,5.551115123125783e-17,0.4806056276601784,0.49523321247655067,2.220446049250313e-16,2.220446049250313e-16,2.220446049250313e-16,2.220446049250313e-16,2.220446049250313e-16,2.220446049250313e-16,2.220446049250313e-16
165.0,0.48665104292271183,2.220446049250313e-16,2.220446049250313e-16,2.220446049250313e-16,2.220446049250313e-16,2.220446049250313e-16,0.5624585124702303,2.220446049250313e-16,1.1102230246251565e-16,5.551115123125783e-17,0.4806056276601784,0.49523321247655067,2.220446049250313e-16,2.220446049250313e-16,2.220446049250313e-16,2.220446049250313e-16,2.220446049250313e-16,2.220446049250313e-16,2.220446049250313e-16
166.0,0.48665104292271183,2.220446049250313e-16,2.220446049250313e-16,2.220446049250313e-16,2.220446049250313e-16,2.220446049250313e-16,0.5624585124702303,2.220446049250313e-16,1.1102230246251565e-16,5.551115123125783e-17,0.4806056276601784,0.49523321247655067,2.220446049250313e-16,2.220446049250313e-16,2.220446049250313e-16,2.220446049250313e-16,2.220446049250313e-16,2.220446049250313e-16,2.220446049250313e-16
167.0,0.48665104292271183,2.220446049250313e-16,2.220446049250313e-16,2.220446049250313e-16,2.220446049250313e-16,2.220446049250313e-16,0.5624585124702303,2.220446049250313e-16,1.1102230246251565e-16,5.551115123125783e-17,0.4806056276601784,0.49523321247655067,2.220446049250313e-16,2.220446049250313e-16,2.220446049250313e-16,2.220446049250313e-16,2.220446049250313e-16,2.220446049250313e-16,2.220446049250313e-16
168.0,0.48665104292271183,2.220446049250313e-16,2.220446049250313e-16,2.220446049250313e-16,2.220446049250313e-16,2.220446049250313e-16,0.5624585124702303,2.220446049250313e-16,1.1102230246251565e-16,5.551115123125783e-17,0.4806056276601784,0.49523321247655067,2.220446049250313e-16,2.220446049250313e-16,2.220446049250313e-16,2.220446049250313e-16,2.220446049250313e-16,2.220446049250313e-16,2.220446049250313e-16
169.0,0.48665104292271183,2.220446049250313e-16,2.220446049250313e-16,2.220446049250313e-16,2.220446049250313e-16,2.220446049250313e-16,0.5624585124702303,2.220446049250313e-16,1.1102230246251565e-16,5.551115123125783e-17,0.4806056276601784,0.49523321247655067,2.220446049250313e-16,2.220446049250313e-16,2.220446049250313e-16,2.220446049250313e-16,2.220446049250313e-16,2.220446049250313e-16,2.220446049250313e-16
170.0,2.220446049250313e-16,2.220446049250313e-16,2.220446049250313e-16,2.220446049250313e-16,2.220446049250313e-16,0.48042677455022775,0.17722313938721013,0.5700352393281725,1.1102230246251565e-16,0.4095682738001744,1.1102230246251565e-16,2.220446049250313e-16,2.220446049250313e-16,2.220446049250313e-16,2.220446049250313e-16,0.03708279280054595,2.220446049250313e-16,0.5317771987297936,2.220446049250313e-16
171.0,2.220446049250313e-16,2.220446049250313e-16,2.220446049250313e-16,2.220446049250313e-16,2.220446049250313e-16,0.48042677455022775,0.17722313938721013,0.5700352393281725,1.1102230246251565e-16,0.4095682738001744,1.1102230246251565e-16,2.220446049250313e-16,2.220446049250313e-16,2.220446049250313e-16,2.220446049250313e-16,0.03708279280054595,2.220446049250313e-16,0.5317771987297936,2.220446049250313e-16
172.0,2.220446049250313e-16,2.220446049250313e-16,0.39284717155059906,0.005775132560604517,2.220446049250313e-16,2.220446049250313e-16,1.1102230246251565e-16,0.5783722540852124,2.220446049250313e-16,2.220446049250313e-16,5.551115123125783e-17,1.2784676080458622e-16,2.220446049250313e-16,0.5766635670121925,2.220446049250313e-16,0.46962389611654526,0.34655790160464567,2.220446049250313e-16,2.220446049250313e-16
173.0,2.220446049250313e-16,2.220446049250313e-16,0.39284717155059906,0.005775132560604517,2.220446049250313e-16,2.220446049250313e-16,1.1102230246251565e-16,0.5783722540852124,2.220446049250313e-16,2.220446049250313e-16,5.551115123125783e-17,1.2784676080458622e-16,2.220446049250313e-16,0.5766635670121925,2.220446049250313e-16,0.46962389611654526,0.34655790160464567,2.220446049250313e-16,2.220446049250313e-16
174.0,0.0004548417615969039,0.5551789004418132,2.220446049250313e-16,4.195321370008646e-05,2.220446049250313e-16,0.4905068623774722,2.220446049250313e-16,0.14940740312287404,1.0842021724855044e-19,3.2047474274603605e-31,2.220446049250313e-16,2.220446049250313e-16,2.220446049250313e-16,2.220446049250313e-16,2.220446049250313e-16,0.03774437084431119,0.22717864925129544,0.5233433595191724,2.220446049250313e-16
175.0,0.48665104292271183,2.220446049250313e-16,2.220446049250313e-16,2.220446049250313e-16,2.220446049250313e-16,2.220446049250313e-16,0.5624585124702303,2.220446049250313e-16,1.1102230246251565e-16,5.551115123125783e-17,0.4806056276601784,0.49523321247655067,2.220446049250313e-16,2.220446049250313e-16,2.220446049250313e-16,2.220446049250313e-16,2.220446049250313e-16,2.220446049250313e-16,2.220446049250313e-16
176.0,0.48665104292271183,2.220446049250313e-16,2.220446049250313e-16,2.220446049250313e-16,2.220446049250313e-16,2.220446049250313e-16,0.5624585124702303,2.220446049250313e-16,1.1102230246251565e-16,5.551115123125783e-17,0.4806056276601784,0.49523321247655067,2.220446049250313e-16,2.220446049250313e-16,2.220446049250313e-16,2.220446049250313e-16,2.220446049250313e-16,2.220446049250313e-16,2.220446049250313e-16
177.0,0.48665104292271183,2.220446049250313e-16,2.220446049250313e-16,2.220446049250313e-16,2.220446049250313e-16,2.220446049250313e-16,0.5624585124702303,2.220446049250313e-16,1.1102230246251565e-16,5.551115123125783e-17,0.4806056276601784,0.49523321247655067,2.220446049250313e-16,2.220446049250313e-16,2.220446049250313e-16,2.220446049250313e-16,2.220446049250313e-16,2.220446049250313e-16,2.220446049250313e-16
178.0,0.48665104292271183,2.220446049250313e-16,2.220446049250313e-16,2.220446049250313e-16,2.220446049250313e-16,2.220446049250313e-16,0.5624585124702303,2.220446049250313e-16,1.1102230246251565e-16,5.551115123125783e-17,0.4806056276601784,0.49523321247655067,2.220446049250313e-16,2.220446049250313e-16,2.220446049250313e-16,2.220446049250313e-16,2.220446049250313e-16,2.220446049250313e-16,2.220446049250313e-16
179.0,0.48665104292271183,2.220446049250313e-16,2.220446049250313e-16,2.220446049250313e-16,2.220446049250313e-16,2.220446049250313e-16,0.5624585124702303,2.220446049250313e-16,1.1102230246251565e-16,5.551115123125783e-17,0.4806056276601784,0.49523321247655067,2.220446049250313e-16,2.220446049250313e-16,2.220446049250313e-16,2.220446049250313e-16,2.220446049250313e-16,2.220446049250313e-16,2.220446049250313e-16
180.0,0.48665104292271183,2.220446049250313e-16,2.220446049250313e-16,2.220446049250313e-16,2.220446049250313e-16,2.220446049250313e-16,0.5624585124702303,2.220446049250313e-16,1.1102230246251565e-16,5.551115123125783e-17,0.4806056276601784,0.49523321247655067,2.220446049250313e-16,2.220446049250313e-16,2.220446049250313e-16,2.220446049250313e-16,2.220446049250313e-16,2.220446049250313e-16,2.220446049250313e-16
181.0,2.220446049250313e-16,2.220446049250313e-16,2.220446049250313e-16,2.220446049250313e-16,0.473515555956594,6.661338147750939e-16,2.220446049250313e-16,2.220446049250313e-16,1.734723475976807e-18,0.4095682738001746,2.220446049250313e-16,0.26407304582501406,2.220446049250313e-16,0.019871665057497954,1.3969948824463608e-16,0.5406916084975165,0.5718326299381369,0.09853527054251635,2.220446049250313e-16
182.0,2.220446049250313e-16,2.220446049250313e-16,2.220446049250313e-16,2.220446049250313e-16,0.473515555956594,6.661338147750939e-16,2.220446049250313e-16,2.220446049250313e-16,1.734723475976807e-18,0.4095682738001746,2.220446049250313e-16,0.26407304582501406,2.220446049250313e-16,0.019871665057497954,1.3969948824463608e-16,0.5406916084975165,0.5718326299381369,0.09853527054251635,2.220446049250313e-16
183.0,2.220446049250313e-16,2.220446049250313e-16,2.220446049250313e-16,0.007603754606636027,0.4751865205265258,2.220446049250313e-16,1.1102230246251565e-16,2.220446049250313e-16,0.3914945092788583,2.220446049250313e-16,2.220446049250313e-16,2.220446049250313e-16,2.220446049250313e-16,0.5590267586620079,2.220446049250313e-16,0.46962389611654537,0.5382542996540328,2.220446049250313e-16,2.220446049250313e-16
184.0,2.220446049250313e-16,2.220446049250313e-16,2.220446049250313e-16,0.007603754606636027,0.4751865205265258,2.220446049250313e-16,1.1102230246251565e-16,2.220446049250313e-16,0.3914945092788583,2.220446049250313e-16,2.220446049250313e-16,2.220446049250313e-16,2.220446049250313e-16,0.5590267586620079,2.220446049250313e-16,0.46962389611654537,0.5382542996540328,2.220446049250313e-16,2.220446049250313e-16
185.0,2.220446049250313e-16,2.220446049250313e-16,0.39284717155059906,2.220446049250313e-16,2.220446049250313e-16,0.4804267745502278,2.220446049250313e-16,0.5700352393281725,2.220446049250313e-16,0.4095682738001744,2.220446049250313e-16,2.220446049250313e-16,2.220446049250313e-16,2.220446049250313e-16,2.220446049250313e-16,0.03708279280054616,2.220446049250313e-16,0.5317771987297936,2.220446049250313e-16
186.0,2.220446049250313e-16,2.220446049250313e-16,0.39284717155059906,2.220446049250313e-16,2.220446049250313e-16,0.4804267745502278,2.220446049250313e-16,0.5700352393281725,2.220446049250313e-16,0.4095682738001744,2.220446049250313e-16,2.220446049250313e-16,2.220446049250313e-16,2.220446049250313e-16,2.220446049250313e-16,0.03708279280054616,2.220446049250313e-16,0.5317771987297936,2.220446049250313e-16
187.0,2.220446049250313e-16,2.220446049250313e-16,0.39284717155059906,0.005775132560604517,2.220446049250313e-16,2.220446049250313e-16,1.1102230246251565e-16,0.5783722540852124,2.220446049250313e-16,2.220446049250313e-16,5.551115123125783e-17,1.2784676080458622e-16,2.220446049250313e-16,0.5766635670121925,2.220446049250313e-16,0.46962389611654526,0.34655790160464567,2.220446049250313e-16,2.220446049250313e-16
188.0,2.220446049250313e-16,2.220446049250313e-16,0.39284717155059906,0.0057751325606045165,2.220446049250313e-16,2.220446049250313e-16,1.1102230246251565e-16,0.5783722540852124,2.220446049250313e-16,2.220446049250313e-16,5.551115123125783e-17,1.2784676080458622e-16,2.220446049250313e-16,0.5766635670121925,2.220446049250313e-16,0.46962389611654526,0.3465579016046456,2.220446049250313e-16,2.220446049250313e-16
189.0,0.00042187918328844584,0.5622549430491963,2.220446049250313e-16,3.891284623900421e-05,2.220446049250313e-16,0.49376513671662736,2.220446049250313e-16,2.220446049250313e-16,2.220446049250313e-16,2.220446049250313e-16,2.220446049250313e-16,2.220446049250313e-16,2.220446049250313e-16,2.220446049250313e-16,0.22695007471601739,0.03913364930559107,0.22717864925129544,0.5056327488487659,2.220446049250313e-16
190.0,0.3940211547337161,0.3436747637757086,2.220446049250313e-16,0.37526922614716446,0.28374829283259995,0.5005098056904143,2.220446049250313e-16,5.551115123125783e-17,2.220446049250313e-16,2.220446049250313e-16,0.48215666571707627,2.220446049250313e-16,2.220446049250313e-16,2.220446049250313e-16,2.220446049250313e-16,2.220446049250313e-16,2.220446049250313e-16,2.220446049250313e-16,2.220446049250313e-16
191.0,0.3940211547337161,0.3436747637757086,2.220446049250313e-16,0.37526922614716446,0.28374829283259995,0.5005098056904143,2.220446049250313e-16,5.551115123125783e-17,2.220446049250313e-16,2.220446049250313e-16,0.48215666571707627,2.220446049250313e-16,2.220446049250313e-16,2.220446049250313e-16,2.220446049250313e-16,2.220446049250313e-16,2.220446049250313e-16,2.220446049250313e-16,2.220446049250313e-16
192.0,0.0004804958842394336,0.5482721076721708,2.220446049250313e-16,0.4153531999375361,8.326672684688674e-17,0.49200092672529655,2.220446049250313e-16,3.3861802251067274e-15,2.220446049250313e-16,2.220446049250313e-16,2.220446049250313e-16,2.220446049250313e-16,0.42045750423802025,0.24502800345792866,0.4878441320906403,2.220446049250313e-16,2.220446049250313e-16,2.220446049250313e-16,2.220446049250313e-16
193.0,0.0004804958842394336,0.5482721076721708,2.220446049250313e-16,0.4153531999375361,8.326672684688674e-17,0.49200092672529655,2.220446049250313e-16,3.3861802251067274e-15,2.220446049250313e-16,2.220446049250313e-16,2.220446049250313e-16,2.220446049250313e-16,0.42045750423802025,0.24502800345792866,0.4878441320906403,2.220446049250313e-16,2.220446049250313e-16,2.220446049250313e-16,2.220446049250313e-16
194.0,0.5216784337610323,0.565621641222406,2.220446049250313e-16,7.326791717861862e-05,2.220446049250313e-16,0.008978697454743886,0.021026552489780952,2.220446049250313e-16,2.220446049250313e-16,2.220446049250313e-16,0.48001911268875536,2.220446049250313e-16,2.220446049250313e-16,2.220446049250313e-16,2.220446049250313e-16,2.220446049250313e-16,2.220446049250313e-16,2.220446049250313e-16,0.49491568987968754
195.0,0.0004548417615969039,0.5551789004418132,2.220446049250313e-16,4.195321370008646e-05,2.220446049250313e-16,0.4905068623774722,2.220446049250313e-16,0.14940740312287404,1.0842021724855044e-19,3.2047474274603605e-31,2.220446049250313e-16,2.220446049250313e-16,2.220446049250313e-16,2.220446049250313e-16,2.220446049250313e-16,0.03774437084431119,0.22717864925129544,0.5233433595191724,2.220446049250313e-16
196.0,0.4876777319450741,2.220446049250313e-16,2.220446049250313e-16,2.220446049250313e-16,2.220446049250313e-16,2.220446049250313e-16,0.5645204948805819,0.20299644510235304,2.220446049250313e-16,2.220446049250313e-16,0.48058843630026826,0.23113176091271026,2.220446049250313e-16,2.220446049250313e-16,2.220446049250313e-16,2.220446049250313e-16,2.220446049250313e-16,2.220446049250313e-16,2.220446049250313e-16
197.0,0.4876777319450741,2.220446049250313e-16,2.220446049250313e-16,2.220446049250313e-16,2.220446049250313e-16,2.220446049250313e-16,0.5645204948805819,0.20299644510235304,2.220446049250313e-16,2.220446049250313e-16,0.48058843630026826,0.23113176091271026,2.220446049250313e-16,2.220446049250313e-16,2.220446049250313e-16,2.220446049250313e-16,2.220446049250313e-16,2.220446049250313e-16,2.220446049250313e-16
198.0,0.4876777319450741,2.220446049250313e-16,2.220446049250313e-16,2.220446049250313e-16,2.220446049250313e-16,2.220446049250313e-16,0.5645204948805819,0.20299644510235304,2.220446049250313e-16,2.220446049250313e-16,0.48058843630026826,0.23113176091271026,2.220446049250313e-16,2.220446049250313e-16,2.220446049250313e-16,2.220446049250313e-16,2.220446049250313e-16,2.220446049250313e-16,2.220446049250313e-16
199.0,0.4876777319450741,2.220446049250313e-16,2.220446049250313e-16,2.220446049250313e-16,2.220446049250313e-16,2.220446049250313e-16,0.5645204948805819,0.20299644510235304,2.220446049250313e-16,2.220446049250313e-16,0.48058843630026826,0.23113176091271026,2.220446049250313e-16,2.220446049250313e-16,2.220446049250313e-16,2.220446049250313e-16,2.220446049250313e-16,2.220446049250313e-16,2.220446049250313e-16
200.0,0.4876777319450741,2.220446049250313e-16,2.220446049250313e-16,2.220446049250313e-16,2.220446049250313e-16,2.220446049250313e-16,0.5645204948805819,0.20299644510235304,2.220446049250313e-16,2.220446049250313e-16,0.48058843630026826,0.23113176091271026,2.220446049250313e-16,2.220446049250313e-16,2.220446049250313e-16,2.220446049250313e-16,2.220446049250313e-16,2.220446049250313e-16,2.220446049250313e-16
201.0,0.4876777319450741,2.220446049250313e-16,2.220446049250313e-16,2.220446049250313e-16,2.220446049250313e-16,2.220446049250313e-16,0.5645204948805819,0.20299644510235304,2.220446049250313e-16,2.220446049250313e-16,0.48058843630026826,0.23113176091271026,2.220446049250313e-16,2.220446049250313e-16,2.220446049250313e-16,2.220446049250313e-16,2.220446049250313e-16,2.220446049250313e-16,2.220446049250313e-16
202.0,2.220446049250313e-16,0.398104417369338,2.220446049250313e-16,2.220446049250313e-16,2.220446049250313e-16,0.46429541013353426,2.220446049250313e-16,2.220446049250313e-16,0.3914945092788583,2.220446049250313e-16,2.220446049250313e-16,2.220446049250313e-16,2.220446049250313e-16,2.220446049250313e-16,0.23079073308595596,0.026149121929175387,2.220446049250313e-16,0.6711603342192702,2.220446049250313e-16
203.0,0.40148611428259645,0.1395503558003368,2.220446049250313e-16,0.37534812068164525,0.5014738194410377,0.5117032274432295,2.220446049250313e-16,5.551115123125783e-17,2.220446049250313e-16,2.220446049250313e-16,0.003250251362582443,2.220446049250313e-16,1.1102230246251565e-16,2.220446049250313e-16,0.49644688577233936,2.220446049250313e-16,0.0077604651020133,2.220446049250313e-16,2.220446049250313e-16
204.0,0.40148611428259645,0.1395503558003368,2.220446049250313e-16,0.37534812068164525,0.5014738194410377,0.5117032274432295,2.220446049250313e-16,5.551115123125783e-17,2.220446049250313e-16,2.220446049250313e-16,0.003250251362582443,2.220446049250313e-16,1.1102230246251565e-16,2.220446049250313e-16,0.49644688577233936,2.220446049250313e-16,0.0077604651020133,2.220446049250313e-16,2.220446049250313e-16
205.0,0.0004804958842394336,0.5482721076721708,2.220446049250313e-16,0.4153531999375361,8.326672684688674e-17,0.49200092672529655,2.220446049250313e-16,3.3861802251067274e-15,2.220446049250313e-16,2.220446049250313e-16,2.220446049250313e-16,2.220446049250313e-16,0.42045750423802025,0.24502800345792866,0.4878441320906403,2.220446049250313e-16,2.220446049250313e-16,2.220446049250313e-16,2.220446049250313e-16
206.0,0.0004804958842394336,0.5482721076721708,2.220446049250313e-16,0.4153531999375361,8.326672684688674e-17,0.49200092672529655,2.220446049250313e-16,3.3861802251067274e-15,2.220446049250313e-16,2.220446049250313e-16,2.220446049250313e-16,2.220446049250313e-16,0.42045750423802025,0.24502800345792866,0.4878441320906403,2.220446049250313e-16,2.220446049250313e-16,2.220446049250313e-16,2.220446049250313e-16
207.0,0.5216784337610323,0.565621641222406,2.220446049250313e-16,7.326791717861862e-05,2.220446049250313e-16,0.008978697454743886,0.021026552489780952,2.220446049250313e-16,2.220446049250313e-16,2.220446049250313e-16,0.48001911268875536,2.220446049250313e-16,2.220446049250313e-16,2.220446049250313e-16,2.220446049250313e-16,2.220446049250313e-16,2.220446049250313e-16,2.220446049250313e-16,0.49491568987968754
208.0,0.00043258911681043306,0.5597040258223652,2.220446049250313e-16,3.9900697768259324e-05,2.220446049250313e-16,0.4938908817959164,2.220446049250313e-16,2.220446049250313e-16,2.220446049250313e-16,2.7755575615628914e-17,2.220446049250313e-16,2.220446049250313e-16,2.220446049250313e-16,2.220446049250313e-16,0.22700373761942466,0.026381354327916703,2.220446049250313e-16,0.6681998207485698,2.220446049250313e-16
209.0,0.40148611428259645,0.1395503558003368,2.220446049250313e-16,0.37534812068164525,0.5014738194410377,0.5117032274432295,2.220446049250313e-16,5.551115123125783e-17,2.220446049250313e-16,2.220446049250313e-16,0.003250251362582443,2.220446049250313e-16,1.1102230246251565e-16,2.220446049250313e-16,0.49644688577233936,2.220446049250313e-16,0.0077604651020133,2.220446049250313e-16,2.220446049250313e-16
210.0,0.40148611428259645,0.1395503558003368,2.220446049250313e-16,0.37534812068164525,0.5014738194410377,0.5117032274432295,2.220446049250313e-16,5.551115123125783e-17,2.220446049250313e-16,2.220446049250313e-16,0.003250251362582443,2.220446049250313e-16,1.1102230246251565e-16,2.220446049250313e-16,0.49644688577233936,2.220446049250313e-16,0.0077604651020133,2.220446049250313e-16,2.220446049250313e-16
211.0,0.0004804958842394336,0.5482721076721708,2.220446049250313e-16,0.4153531999375361,8.326672684688674e-17,0.49200092672529655,2.220446049250313e-16,3.3861802251067274e-15,2.220446049250313e-16,2.220446049250313e-16,2.220446049250313e-16,2.220446049250313e-16,0.42045750423802025,0.24502800345792866,0.4878441320906403,2.220446049250313e-16,2.220446049250313e-16,2.220446049250313e-16,2.220446049250313e-16
212.0,0.0004804958842394336,0.5482721076721708,2.220446049250313e-16,0.4153531999375361,8.326672684688674e-17,0.49200092672529655,2.220446049250313e-16,3.3861802251067274e-15,2.220446049250313e-16,2.220446049250313e-16,2.220446049250313e-16,2.220446049250313e-16,0.42045750423802025,0.24502800345792866,0.4878441320906403,2.220446049250313e-16,2.220446049250313e-16,2.220446049250313e-16,2.220446049250313e-16
213.0,0.5216784337610323,0.565621641222406,2.220446049250313e-16,7.326791717861862e-05,2.220446049250313e-16,0.008978697454743886,0.021026552489780952,2.220446049250313e-16,2.220446049250313e-16,2.220446049250313e-16,0.48001911268875536,2.220446049250313e-16,2.220446049250313e-16,2.220446049250313e-16,2.220446049250313e-16,2.220446049250313e-16,2.220446049250313e-16,2.220446049250313e-16,0.49491568987968754
214.0,2.220446049250313e-16,2.220446049250313e-16,0.3928471715505991,2.220446049250313e-16,2.220446049250313e-16,2.220446049250313e-16,2.220446049250313e-16,0.5726638971114959,2.220446049250313e-16,0.40956827380017446,2.220446049250313e-16,2.220446049250313e-16,2.220446049250313e-16,2.220446049250313e-16,2.220446049250313e-16,0.5098595567917797,2.220446049250313e-16,0.4915842374336115,2.220446049250313e-16
215.0,2.220446049250313e-16,2.220446049250313e-16,0.3928471715505991,2.220446049250313e-16,2.220446049250313e-16,2.220446049250313e-16,2.220446049250313e-16,0.5726638971114959,2.220446049250313e-16,0.40956827380017446,2.220446049250313e-16,2.220446049250313e-16,2.220446049250313e-16,2.220446049250313e-16,2.220446049250313e-16,0.5098595567917797,2.220446049250313e-16,0.4915842374336115,2.220446049250313e-16
216.0,0.001492185469845947,2.220446049250313e-16,0.39284717155059895,0.005775119038968533,2.220446049250313e-16,2.220446049250313e-16,0.002997661729360756,0.38663100021866287,2.220446049250313e-16,2.220446049250313e-16,2.220446049250313e-16,0.24011421423769863,2.220446049250313e-16,0.5766635684805062,2.220446049250313e-16,0.46962389611654526,0.346557901513388,2.220446049250313e-16,2.220446049250313e-16
217.0,0.001492185469845947,2.220446049250313e-16,0.39284717155059895,0.005775119038968533,2.220446049250313e-16,2.220446049250313e-16,0.002997661729360756,0.38663100021866287,2.220446049250313e-16,2.220446049250313e-16,2.220446049250313e-16,0.24011421423769863,2.220446049250313e-16,0.5766635684805062,2.220446049250313e-16,0.46962389611654526,0.346557901513388,2.220446049250313e-16,2.220446049250313e-16
218.0,2.220446049250313e-16,2.220446049250313e-16,2.220446049250313e-16,2.220446049250313e-16,0.4735155559565938,2.220446049250313e-16,2.220446049250313e-16,2.220446049250313e-16,0.3914945092788585,0.40956827380017424,2.220446049250313e-16,2.220446049250313e-16,2.220446049250313e-16,0.01987166505749844,2.220446049250313e-16,0.540691608497519,0.5718326299381353,0.09853527054251869,2.220446049250313e-16
219.0,2.220446049250313e-16,2.220446049250313e-16,2.220446049250313e-16,2.220446049250313e-16,0.4735155559565938,2.220446049250313e-16,2.220446049250313e-16,2.220446049250313e-16,0.3914945092788585,0.40956827380017424,2.220446049250313e-16,2.220446049250313e-16,2.220446049250313e-16,0.01987166505749844,2.220446049250313e-16,0.540691608497519,0.5718326299381353,0.09853527054251869,2.220446049250313e-16
220.0,2.220446049250313e-16,2.220446049250313e-16,2.220446049250313e-16,0.007603754606636027,0.4751865205265258,2.220446049250313e-16,1.1102230246251565e-16,2.220446049250313e-16,0.3914945092788583,2.220446049250313e-16,2.220446049250313e-16,2.220446049250313e-16,2.220446049250313e-16,0.5590267586620079,2.220446049250313e-16,0.46962389611654537,0.5382542996540328,2.220446049250313e-16,2.220446049250313e-16
221.0,2.220446049250313e-16,2.220446049250313e-16,2.220446049250313e-16,0.007603754606636027,0.4751865205265258,2.220446049250313e-16,1.1102230246251565e-16,2.220446049250313e-16,0.3914945092788583,2.220446049250313e-16,2.220446049250313e-16,2.220446049250313e-16,2.220446049250313e-16,0.5590267586620079,2.220446049250313e-16,0.46962389611654537,0.5382542996540328,2.220446049250313e-16,2.220446049250313e-16
