143 0.1767591690623041 0.03839493044330437 0.03839492951907249 0.23618393824599385 0.35369296451434024 0.01129635813142015 0.5253602227851479 0.3405348031591964 0.3405348034241033 0.15665972413632093 0.31588301431570626 0.0383949308853205 0.3459437231087069 0.6130396490021569 0.15665972381461354 0.004535541126764229 0.23974959903648538 0.12485078634217915 0.39387877490807405 0.6310081033710494
221 0.06626242346916514 0.06238882371906101 0.062388822267760324 0.21230595153368054 0.05582386931184454 0.1660520930021358 0.04734537307013554 0.050164020271779436 0.05016402034611477 0.7116864935309432 0.07634439957522551 0.06238882425033154 0.7434421861934596 -0.09136278945496 0.7116864928569047 0.3444137374000977 0.01605212993897785 0.043834264826710635 -0.026674739614592866 -0.0670176638060665
23 0.19281519756167895 0.0325535528375702 0.0325535513757035 0.0825394611960139 0.5751504220064382 0.053468036209822954 0.2629264792365937 0.16818953605515982 0.16818953609473863 0.07390433176798385 0.5667282967131246 0.03255355351393527 0.08692375849612516 0.24560080874522605 0.07390433127138961 -0.005538586811852939 0.25515602773765916 0.4643207798358016 0.8050126508894555 0.3961879966578894
63 0.45617496300329935 0.1429988345425506 0.14299883244679257 0.26744240098754757 0.1984277855658165 0.1460699664560777 0.24192515995723246 0.6096685928712315 0.6096685929681808 0.4066678618542852 0.2112897482658612 0.14299883545110656 0.28033851716256925 0.2519201156660932 0.4066678608550513 0.2296511040847398 0.2913399890121879 0.2102798507667479 0.14421374229027345 0.27625251364037706
134 0.23070069896412415 0.28457133922206235 0.2845713381334358 0.3324031821210221 0.07292474041758569 0.258567908151538 -0.04994538106792849 0.2296511040011931 0.22965110404795258 0.4929176036755293 0.11528285093383325 0.2845713402560054 0.2926945223523039 -0.043944820322831535 0.4929176030422289 0.8773067919876295 0.1874165819703442 0.1418810861648673 -0.03569410156887971 0.013046151203893689
193 0.45617496300329935 0.1429988345425506 0.14299883244679257 0.26744240098754757 0.1984277855658165 0.1460699664560777 0.24192515995723246 0.6096685928712315 0.6096685929681808 0.4066678618542852 0.2112897482658612 0.14299883545110656 0.28033851716256925 0.2519201156660932 0.4066678608550513 0.2296511040847398 0.2913399890121879 0.2102798507667479 0.14421374229027345 0.27625251364037706
206 0.45617496300329935 0.1429988345425506 0.14299883244679257 0.26744240098754757 0.1984277855658165 0.1460699664560777 0.24192515995723246 0.6096685928712315 0.6096685929681808 0.4066678618542852 0.2112897482658612 0.14299883545110656 0.28033851716256925 0.2519201156660932 0.4066678608550513 0.2296511040847398 0.2913399890121879 0.2102798507667479 0.14421374229027345 0.27625251364037706
69 0.06626242346916514 0.06238882371906101 0.062388822267760324 0.21230595153368054 0.05582386931184454 0.1660520930021358 0.04734537307013554 0.050164020271779436 0.05016402034611477 0.7116864935309432 0.07634439957522551 0.06238882425033154 0.7434421861934596 -0.09136278945496 0.7116864928569047 0.3444137374000977 0.01605212993897785 0.043834264826710635 -0.026674739614592866 -0.0670176638060665
40 0.1355546109368438 -0.01886508422185029 -0.018865085446842896 0.09072340566435261 0.5721471394920236 -0.00422894552116292 0.36598845803404667 0.14432950929383903 0.1443295094702736 0.05824218980271749 0.40419281973304144 -0.018865083638469497 0.09852350865272592 0.35660917476109244 0.05824218928082641 -0.02289606258689305 0.16143021330166998 0.27476354295533206 0.8797132720911559 0.5251286267313597
132 0.06626242346916514 0.06238882371906101 0.062388822267760324 0.21230595153368054 0.05582386931184454 0.1660520930021358 0.04734537307013554 0.050164020271779436 0.05016402034611477 0.7116864935309432 0.07634439957522551 0.06238882425033154 0.7434421861934596 -0.09136278945496 0.7116864928569047 0.3444137374000977 0.01605212993897785 0.043834264826710635 -0.026674739614592866 -0.0670176638060665
164 0.18153183341792228 0.6148065140037194 0.6148065132398067 0.1469862901808222 0.014535767273974915 0.6615847998171241 0.005068896236977463 0.14606996635092576 0.1460699664375519 0.14897863555022023 0.24692049041984013 0.6148065150173795 0.06922697751346238 0.0030915743636201047 0.1489786350683304 0.2585679081515377 0.2687281778369418 0.2825853258864373 -0.01820522969482071 0.03816743716524044
86 0.9032986896580573 0.22018285682027783 0.22018285447053246 0.03414582927207647 0.1326977639136408 0.18153183341792767 0.18361454387958084 0.4561749628864895 0.4561749629087079 0.23914685330205498 0.27704135761404064 0.2201828576969833 0.10661488958656257 0.1720804337522242 0.23914685248825102 0.23070069896413017 0.36738949331768284 0.23849478896412696 0.12698114556576828 0.2089533075233349
6 0.13533615689712797 -0.00942065505459903 -0.009420656353063885 0.1395863081761321 0.7305591433744192 0.006315692782345289 0.2625842128796299 0.14782913100652958 0.1478291310835033 0.09019279398746585 0.42540516122046407 -0.009420654545324146 0.1424060532088869 0.27139313830291417 0.09019279345313815 0.01648698526615258 0.1787379073446025 0.3412625853827646 0.8292171168404253 0.420296477156018
94 0.1553696146080627 0.004029983877536611 0.0040299826666390865 0.1435943001613876 0.22045537914693128 0.0026434842604059683 0.7742427842635016 0.24236747907127223 0.24236747922555618 0.0685992312425485 0.14897982574325286 0.004029984188644568 0.1405434644440438 0.7735192708935961 0.06859923090355398 -0.04965909052517296 0.19111530057819345 0.15113950441628687 0.3573206151096178 0.5889430566680297
20 0.1517464563802723 -0.0008955685968694929 -0.0008955701979468794 0.0707048238537942 0.6494860277120804 0.03128381108943465 0.2175883591399629 0.13985875539091547 0.13985875537830272 0.06106374269227189 0.4841835157338727 -0.0008955680925197268 0.05201874994127684 0.22842802112099875 0.06106374221506691 -0.03237590732262337 0.18524102214304844 0.46951716916749103 0.909663703308372 0.25507553154013857
186 0.043968167741419116 0.11893401718009551 0.11893401565673005 0.8043427646347447 0.1825722222027976 0.12263056680755938 0.0938592146691187 0.27707893579758675 0.2770789359095712 0.4366861161611582 0.13850436796458496 0.11893401787010126 0.6685376436063978 0.1291379136841273 0.43668611551444847 0.3035508229164072 0.14704750414478202 0.12286611922245698 0.09377729992362913 0.30802174290560336
97 0.22018285627491282 0.6237996023591946 0.6237996016939042 0.13861877103473066 0.010278868733913607 0.614806514015671 0.0008521779631227311 0.1429988340889474 0.14299883417903828 0.14815114372456292 0.2406431624561478 0.6237996033721604 0.07461115954792122 0.002477437045355306 0.14815114335711468 0.28457133919531763 0.2662022540600118 0.2909910808339192 -0.017212709909825815 0.04170802530161506
156 0.06626242346916514 0.06238882371906101 0.062388822267760324 0.21230595153368054 0.05582386931184454 0.1660520930021358 0.04734537307013554 0.050164020271779436 0.05016402034611477 0.7116864935309432 0.07634439957522551 0.06238882425033154 0.7434421861934596 -0.09136278945496 0.7116864928569047 0.3444137374000977 0.01605212993897785 0.043834264826710635 -0.026674739614592866 -0.0670176638060665
104 0.06626242346916514 0.06238882371906101 0.062388822267760324 0.21230595153368054 0.05582386931184454 0.1660520930021358 0.04734537307013554 0.050164020271779436 0.05016402034611477 0.7116864935309432 0.07634439957522551 0.06238882425033154 0.7434421861934596 -0.09136278945496 0.7116864928569047 0.3444137374000977 0.01605212993897785 0.043834264826710635 -0.026674739614592866 -0.0670176638060665
190 0.23070069896412415 0.28457133922206235 0.2845713381334358 0.3324031821210221 0.07292474041758569 0.258567908151538 -0.04994538106792849 0.2296511040011931 0.22965110404795258 0.4929176036755293 0.11528285093383325 0.2845713402560054 0.2926945223523039 -0.043944820322831535 0.4929176030422289 0.8773067919876295 0.1874165819703442 0.1418810861648673 -0.03569410156887971 0.013046151203893689
182 0.043968167741419116 0.11893401718009551 0.11893401565673005 0.8043427646347447 0.1825722222027976 0.12263056680755938 0.0938592146691187 0.27707893579758675 0.2770789359095712 0.4366861161611582 0.13850436796458496 0.11893401787010126 0.6685376436063978 0.1291379136841273 0.43668611551444847 0.3035508229164072 0.14704750414478202 0.12286611922245698 0.09377729992362913 0.30802174290560336
75 0.18153183341792228 0.6148065140037194 0.6148065132398067 0.1469862901808222 0.014535767273974915 0.6615847998171241 0.005068896236977463 0.14606996635092576 0.1460699664375519 0.14897863555022023 0.24692049041984013 0.6148065150173795 0.06922697751346238 0.0030915743636201047 0.1489786350683304 0.2585679081515377 0.2687281778369418 0.2825853258864373 -0.01820522969482071 0.03816743716524044
150 0.05804614721274277 0.13224961541296376 0.13224961365744542 0.8635963854525514 0.18983535215795222 0.12909009696438603 0.09236775019296559 0.27200579694091015 0.2720057969704291 0.4029374220660539 0.12149214521533941 0.13224961611100208 0.5866134996177635 0.10007989944334889 0.4029374213460059 0.3571718652319855 0.13487224008741455 0.16713959818817373 0.09382681142132132 0.3334124330815695
191 0.23070069896412415 0.28457133922206235 0.2845713381334358 0.3324031821210221 0.07292474041758569 0.258567908151538 -0.04994538106792849 0.2296511040011931 0.22965110404795258 0.4929176036755293 0.11528285093383325 0.2845713402560054 0.2926945223523039 -0.043944820322831535 0.4929176030422289 0.8773067919876295 0.1874165819703442 0.1418810861648673 -0.03569410156887971 0.013046151203893689
123 0.18153183341792228 0.6148065140037194 0.6148065132398067 0.1469862901808222 0.014535767273974915 0.6615847998171241 0.005068896236977463 0.14606996635092576 0.1460699664375519 0.14897863555022023 0.24692049041984013 0.6148065150173795 0.06922697751346238 0.0030915743636201047 0.1489786350683304 0.2585679081515377 0.2687281778369418 0.2825853258864373 -0.01820522969482071 0.03816743716524044
106 0.07587718256877728 0.06235077439659436 0.06235077340532853 0.4595824669893268 0.16791580109371382 0.0836662612366657 0.08858246682963017 0.26914781716741215 0.2691478172991207 0.5145307931692982 0.13131810307746322 0.06235077476923325 0.9299611551965971 0.22865179128911242 0.514530792747496 0.18684729638831205 0.09870079708971784 0.05535837397179146 0.0845617859531988 0.20297636102532973
130 0.07587718256877728 0.06235077439659436 0.06235077340532853 0.4595824669893268 0.16791580109371382 0.0836662612366657 0.08858246682963017 0.26914781716741215 0.2691478172991207 0.5145307931692982 0.13131810307746322 0.06235077476923325 0.9299611551965971 0.22865179128911242 0.514530792747496 0.18684729638831205 0.09870079708971784 0.05535837397179146 0.0845617859531988 0.20297636102532973
161 0.1686521425114655 0.06066751281923621 0.06066751166955358 0.29360392465383456 0.22113508453824607 0.059426096578012115 0.1709194519015959 0.5257974586966293 0.5257974589976375 0.5499195362057652 0.1294078222445389 0.06066751300393511 0.587362693075425 0.4122957004547417 0.5499195359293544 0.1464870463459618 0.11782715503362252 0.10846308534133577 0.11457229601853047 0.1456126595821724
5 0.17084474668871594 0.04423614134774201 0.04423613987980629 0.18353211316376128 0.7106043047500337 0.06355940401419251 0.20867963723851027 0.1779191171313308 0.17791911717763467 0.12380057137167148 0.5586581121735965 0.04423614206572778 0.16292698890846175 0.20550732765896532 0.12380057081045773 0.07831134696560584 0.23116671522839516 0.4823911258044896 0.6696195207116306 0.3891554010070048
181 0.043968167741419116 0.11893401718009551 0.11893401565673005 0.8043427646347447 0.1825722222027976 0.12263056680755938 0.0938592146691187 0.27707893579758675 0.2770789359095712 0.4366861161611582 0.13850436796458496 0.11893401787010126 0.6685376436063978 0.1291379136841273 0.43668611551444847 0.3035508229164072 0.14704750414478202 0.12286611922245698 0.09377729992362913 0.30802174290560336
56 0.12698114556575688 -0.01721270961792493 -0.017212710821962303 0.09291029731965435 0.6713244107275445 -0.018205229694822262 0.32590832614006177 0.14421374215885133 0.14421374227390032 0.06464057332663722 0.32230744022814956 -0.017212709186760627 0.08892363217807228 0.3219062499313048 0.06464057286839126 -0.035694101568884536 0.2540473211985631 0.30814097776499855 0.8902519512511158 0.4454793437167519
192 0.45617496300329935 0.1429988345425506 0.14299883244679257 0.26744240098754757 0.1984277855658165 0.1460699664560777 0.24192515995723246 0.6096685928712315 0.6096685929681808 0.4066678618542852 0.2112897482658612 0.14299883545110656 0.28033851716256925 0.2519201156660932 0.4066678608550513 0.2296511040847398 0.2913399890121879 0.2102798507667479 0.14421374229027345 0.27625251364037706
200 0.06416650522239055 0.38342754531080164 0.3834275428115658 0.6437513886185943 0.08506141907054593 0.47193600529642626 -0.05909840589394815 0.2007154336336511 0.20071543369835337 0.4205377027263485 0.1563473515946159 0.3834275458465858 0.13102244194106694 0.0052686133477232635 0.4205377020543879 0.6128112422963576 0.11472250974397931 0.13956239956762492 -0.025076923981098995 0.0016102607856940368
91 0.22018285627491282 0.6237996023591946 0.6237996016939042 0.13861877103473066 0.010278868733913607 0.614806514015671 0.0008521779631227311 0.1429988340889474 0.14299883417903828 0.14815114372456292 0.2406431624561478 0.6237996033721604 0.07461115954792122 0.002477437045355306 0.14815114335711468 0.28457133919531763 0.2662022540600118 0.2909910808339192 -0.017212709909825815 0.04170802530161506
71 0.18153183341792228 0.6148065140037194 0.6148065132398067 0.1469862901808222 0.014535767273974915 0.6615847998171241 0.005068896236977463 0.14606996635092576 0.1460699664375519 0.14897863555022023 0.24692049041984013 0.6148065150173795 0.06922697751346238 0.0030915743636201047 0.1489786350683304 0.2585679081515377 0.2687281778369418 0.2825853258864373 -0.01820522969482071 0.03816743716524044
144 0.23070069896412415 0.28457133922206235 0.2845713381334358 0.3324031821210221 0.07292474041758569 0.258567908151538 -0.04994538106792849 0.2296511040011931 0.22965110404795258 0.4929176036755293 0.11528285093383325 0.2845713402560054 0.2926945223523039 -0.043944820322831535 0.4929176030422289 0.8773067919876295 0.1874165819703442 0.1418810861648673 -0.03569410156887971 0.013046151203893689
194 0.9032986896580573 0.22018285682027783 0.22018285447053246 0.03414582927207647 0.1326977639136408 0.18153183341792767 0.18361454387958084 0.4561749628864895 0.4561749629087079 0.23914685330205498 0.27704135761404064 0.2201828576969833 0.10661488958656257 0.1720804337522242 0.23914685248825102 0.23070069896413017 0.36738949331768284 0.23849478896412696 0.12698114556576828 0.2089533075233349
216 0.06626242346916514 0.06238882371906101 0.062388822267760324 0.21230595153368054 0.05582386931184454 0.1660520930021358 0.04734537307013554 0.050164020271779436 0.05016402034611477 0.7116864935309432 0.07634439957522551 0.06238882425033154 0.7434421861934596 -0.09136278945496 0.7116864928569047 0.3444137374000977 0.01605212993897785 0.043834264826710635 -0.026674739614592866 -0.0670176638060665
172 0.06626242346916514 0.06238882371906101 0.062388822267760324 0.21230595153368054 0.05582386931184454 0.1660520930021358 0.04734537307013554 0.050164020271779436 0.05016402034611477 0.7116864935309432 0.07634439957522551 0.06238882425033154 0.7434421861934596 -0.09136278945496 0.7116864928569047 0.3444137374000977 0.01605212993897785 0.043834264826710635 -0.026674739614592866 -0.0670176638060665
154 0.10661488958656047 0.07461115974828077 0.0746111586569763 0.543254176119246 0.17838341651880543 0.0692269775134608 0.1036882368703685 0.2803385169987602 0.28033851724309516 0.47736708337156425 0.12574079089584636 0.07461116030568646 0.8833472779962716 0.15269400760351887 0.47736708301448155 0.2926945223522992 0.1116585257451881 0.07996378279914478 0.08892363217807239 0.29092514590924523
114 0.6107987609909928 0.07914359824930554 0.07914359611784945 0.06072091237888665 0.2197065439445403 0.11835242318823881 0.21846468150106813 0.5385544428464121 0.5385544429589398 0.4552468361361111 0.24294279129318258 0.07914359874544362 0.3490433528308766 0.37985982647236793 0.4552468353098833 0.1890950531137788 0.21974129339126228 0.08211490253051769 0.08776815053356136 0.18285481745654886
137 0.45617496300329935 0.1429988345425506 0.14299883244679257 0.26744240098754757 0.1984277855658165 0.1460699664560777 0.24192515995723246 0.6096685928712315 0.6096685929681808 0.4066678618542852 0.2112897482658612 0.14299883545110656 0.28033851716256925 0.2519201156660932 0.4066678608550513 0.2296511040847398 0.2913399890121879 0.2102798507667479 0.14421374229027345 0.27625251364037706
121 0.22018285627491282 0.6237996023591946 0.6237996016939042 0.13861877103473066 0.010278868733913607 0.614806514015671 0.0008521779631227311 0.1429988340889474 0.14299883417903828 0.14815114372456292 0.2406431624561478 0.6237996033721604 0.07461115954792122 0.002477437045355306 0.14815114335711468 0.28457133919531763 0.2662022540600118 0.2909910808339192 -0.017212709909825815 0.04170802530161506
209 0.2427888190625452 0.34653943416689975 0.34653943289761135 0.41841319718289893 0.04815726995157818 0.26666129176086306 -0.05909550559410361 0.20032558765802547 0.20032558790525995 0.5065439469145466 0.16379230343153295 0.3465394347034201 0.24430012653970914 -0.03284055188141756 0.5065439464055449 0.7723678611643562 0.12507061007855444 0.12120778188603755 -0.027537543640844805 0.038995254153038894
15 0.2219646707882686 0.09359439336165194 0.09359439181261651 0.09832473892541622 0.558068927649509 0.10968381133185112 0.20338557936653007 0.18065858914816466 0.18065858916739855 0.09534528432737804 0.6357480087686356 0.09359439416870617 0.09827536176661157 0.1965627114526965 0.09534528369536673 0.04076455513416899 0.3416294075062923 0.5882504933479297 0.6601103920759498 0.3314579822029801
153 0.10661488958656047 0.07461115974828077 0.0746111586569763 0.543254176119246 0.17838341651880543 0.0692269775134608 0.1036882368703685 0.2803385169987602 0.28033851724309516 0.47736708337156425 0.12574079089584636 0.07461116030568646 0.8833472779962716 0.15269400760351887 0.47736708301448155 0.2926945223522992 0.1116585257451881 0.07996378279914478 0.08892363217807239 0.29092514590924523
47 0.16252195813367482 0.03638372879763754 0.03638372719147439 0.10082485695653692 0.5768616155559452 0.06586506127437049 0.22806213828206082 0.1669826235165134 0.1669826235595904 0.07425495051880526 0.5748479156240918 0.03638372940466377 0.058175637381349746 0.2169402356005109 0.07425494988789409 -0.018236291725692518 0.2198050970033552 0.5309778885852009 0.8137502701449087 0.3372462896888106
77 0.07818860171684298 0.10795576294075837 0.10795576159663987 0.7349162550582903 0.18257319513557338 0.09876489601507289 0.10105754165041467 0.28102600300020963 0.281026003143544 0.43914325416571737 0.12722101346520026 0.10795576378897709 0.7286516110074963 0.11578867569834675 0.43914325345015215 0.3342384654213904 0.13310140463529097 0.12348962899289571 0.09370046223581559 0.3263506712690943
168 0.18153183341792228 0.6148065140037194 0.6148065132398067 0.1469862901808222 0.014535767273974915 0.6615847998171241 0.005068896236977463 0.14606996635092576 0.1460699664375519 0.14897863555022023 0.24692049041984013 0.6148065150173795 0.06922697751346238 0.0030915743636201047 0.1489786350683304 0.2585679081515377 0.2687281778369418 0.2825853258864373 -0.01820522969482071 0.03816743716524044
122 0.165603278813098 0.002547546294198908 0.002547544989132038 0.11146344719869021 0.21183575813654568 0.0036561329614620236 0.8197192031738001 0.2339676961614996 0.23396769627837008 0.05596344239775942 0.15069565572039897 0.0025475466807464526 0.09282548425667013 0.759123333394819 0.05596344193808646 -0.057112610129759496 0.19523171634962388 0.15427644543801328 0.36095581932943055 0.5665004919619611
120 0.22018285627491282 0.6237996023591946 0.6237996016939042 0.13861877103473066 0.010278868733913607 0.614806514015671 0.0008521779631227311 0.1429988340889474 0.14299883417903828 0.14815114372456292 0.2406431624561478 0.6237996033721604 0.07461115954792122 0.002477437045355306 0.14815114335711468 0.28457133919531763 0.2662022540600118 0.2909910808339192 -0.017212709909825815 0.04170802530161506
158 0.2597866225583269 0.2999424137794195 0.2999424126544897 0.3323499263688631 0.07598850244377255 0.2471257777388302 -0.06257597105423977 0.20024803342807307 0.2002480335116168 0.5060197083018482 0.13639611397919577 0.2999424146254183 0.28410338582844136 -0.031174066193023757 0.5060197077422888 0.8440955382878244 0.20225880910946367 0.12182356073734876 -0.049055483209969344 0.03348825518238059
103 0.06626242346916514 0.06238882371906101 0.062388822267760324 0.21230595153368054 0.05582386931184454 0.1660520930021358 0.04734537307013554 0.050164020271779436 0.05016402034611477 0.7116864935309432 0.07634439957522551 0.06238882425033154 0.7434421861934596 -0.09136278945496 0.7116864928569047 0.3444137374000977 0.01605212993897785 0.043834264826710635 -0.026674739614592866 -0.0670176638060665
159 0.2597866225583269 0.2999424137794195 0.2999424126544897 0.3323499263688631 0.07598850244377255 0.2471257777388302 -0.06257597105423977 0.20024803342807307 0.2002480335116168 0.5060197083018482 0.13639611397919577 0.2999424146254183 0.28410338582844136 -0.031174066193023757 0.5060197077422888 0.8440955382878244 0.20225880910946367 0.12182356073734876 -0.049055483209969344 0.03348825518238059
67 0.07818860171684298 0.10795576294075837 0.10795576159663987 0.7349162550582903 0.18257319513557338 0.09876489601507289 0.10105754165041467 0.28102600300020963 0.281026003143544 0.43914325416571737 0.12722101346520026 0.10795576378897709 0.7286516110074963 0.11578867569834675 0.43914325345015215 0.3342384654213904 0.13310140463529097 0.12348962899289571 0.09370046223581559 0.3263506712690943
25 0.1866846918271874 0.10776821601516004 0.10776821436571236 0.12896115006146722 0.5004716936050841 0.1347094337560247 0.202569219929771 0.18439082155489142 0.18439082155336012 0.0965115181361844 0.6841846656034813 0.10776821675839639 0.07064056174010826 0.18394934021183543 0.09651151743441864 0.014045941723779555 0.25557227421054163 0.6209730091361534 0.6552052708332338 0.34573911766217125
3 0.1416868005551718 0.009502189191414623 0.009502187935608286 0.17775655600755344 0.7934480452975967 0.018613631038941644 0.2409687368921067 0.181751826737827 0.1817518267971015 0.12348592245541756 0.45249572670162125 0.009502189868619913 0.20634815659391473 0.2469183573106772 0.12348592203767844 0.07403320175446719 0.22703231016907804 0.35289759407143045 0.7039717302969294 0.41154581284052727
80 0.06626242346916514 0.06238882371906101 0.062388822267760324 0.21230595153368054 0.05582386931184454 0.1660520930021358 0.04734537307013554 0.050164020271779436 0.05016402034611477 0.7116864935309432 0.07634439957522551 0.06238882425033154 0.7434421861934596 -0.09136278945496 0.7116864928569047 0.3444137374000977 0.01605212993897785 0.043834264826710635 -0.026674739614592866 -0.0670176638060665
180 0.18153183341792228 0.6148065140037194 0.6148065132398067 0.1469862901808222 0.014535767273974915 0.6615847998171241 0.005068896236977463 0.14606996635092576 0.1460699664375519 0.14897863555022023 0.24692049041984013 0.6148065150173795 0.06922697751346238 0.0030915743636201047 0.1489786350683304 0.2585679081515377 0.2687281778369418 0.2825853258864373 -0.01820522969482071 0.03816743716524044
2 0.1422046851604971 -0.010202757889509383 -0.010202759226086119 0.13304297734279988 0.682111818594699 0.012669419015440206 0.2758154536153113 0.14588382728483207 0.14588382738953642 0.08625012171772538 0.4731531128456742 -0.010202757337737598 0.15323819039414338 0.2839959040315777 0.08625012111978261 0.019546892394990474 0.11786882688072556 0.31806132294070777 0.8317335492115124 0.4497134980631933
30 0.24808381496774892 0.03329643169244529 0.03329643019861004 0.07381292912263472 0.5765971857017799 0.031104313882734713 0.3243487821804308 0.22757939192783522 0.22757939206016942 0.07710728264145475 0.4736857660321857 0.033296432309016966 0.11193942761522793 0.2698100478085569 0.07710728192888297 0.00039588015818023994 0.3437902693524006 0.4116136645881346 0.7496817375041781 0.4517383326231876
100 0.06416650522239055 0.38342754531080164 0.3834275428115658 0.6437513886185943 0.08506141907054593 0.47193600529642626 -0.05909840589394815 0.2007154336336511 0.20071543369835337 0.4205377027263485 0.1563473515946159 0.3834275458465858 0.13102244194106694 0.0052686133477232635 0.4205377020543879 0.6128112422963576 0.11472250974397931 0.13956239956762492 -0.025076923981098995 0.0016102607856940368
116 0.22018285627491282 0.6237996023591946 0.6237996016939042 0.13861877103473066 0.010278868733913607 0.614806514015671 0.0008521779631227311 0.1429988340889474 0.14299883417903828 0.14815114372456292 0.2406431624561478 0.6237996033721604 0.07461115954792122 0.002477437045355306 0.14815114335711468 0.28457133919531763 0.2662022540600118 0.2909910808339192 -0.017212709909825815 0.04170802530161506
110 0.239146852942667 0.14815114374715765 0.1481511422232681 0.40063751149428894 0.1336201594685639 0.14897863530801703 0.05382259196151909 0.4066678612434735 0.4066678614332437 0.622509689187973 0.14994981078038186 0.14815114459494858 0.4773670832052257 0.06769807608245326 0.6225096883133824 0.4929176032317027 0.16123349710155188 0.13110453992385648 0.0646405731012892 0.14977980950651912
78 0.07818860171684298 0.10795576294075837 0.10795576159663987 0.7349162550582903 0.18257319513557338 0.09876489601507289 0.10105754165041467 0.28102600300020963 0.281026003143544 0.43914325416571737 0.12722101346520026 0.10795576378897709 0.7286516110074963 0.11578867569834675 0.43914325345015215 0.3342384654213904 0.13310140463529097 0.12348962899289571 0.09370046223581559 0.3263506712690943
148 0.9032986896580573 0.22018285682027783 0.22018285447053246 0.03414582927207647 0.1326977639136408 0.18153183341792767 0.18361454387958084 0.4561749628864895 0.4561749629087079 0.23914685330205498 0.27704135761404064 0.2201828576969833 0.10661488958656257 0.1720804337522242 0.23914685248825102 0.23070069896413017 0.36738949331768284 0.23849478896412696 0.12698114556576828 0.2089533075233349
108 0.06626242346916514 0.06238882371906101 0.062388822267760324 0.21230595153368054 0.05582386931184454 0.1660520930021358 0.04734537307013554 0.050164020271779436 0.05016402034611477 0.7116864935309432 0.07634439957522551 0.06238882425033154 0.7434421861934596 -0.09136278945496 0.7116864928569047 0.3444137374000977 0.01605212993897785 0.043834264826710635 -0.026674739614592866 -0.0670176638060665
89 0.06416650522239055 0.38342754531080164 0.3834275428115658 0.6437513886185943 0.08506141907054593 0.47193600529642626 -0.05909840589394815 0.2007154336336511 0.20071543369835337 0.4205377027263485 0.1563473515946159 0.3834275458465858 0.13102244194106694 0.0052686133477232635 0.4205377020543879 0.6128112422963576 0.11472250974397931 0.13956239956762492 -0.025076923981098995 0.0016102607856940368
151 0.06626242346916514 0.06238882371906101 0.062388822267760324 0.21230595153368054 0.05582386931184454 0.1660520930021358 0.04734537307013554 0.050164020271779436 0.05016402034611477 0.7116864935309432 0.07634439957522551 0.06238882425033154 0.7434421861934596 -0.09136278945496 0.7116864928569047 0.3444137374000977 0.01605212993897785 0.043834264826710635 -0.026674739614592866 -0.0670176638060665
119 0.06416650522239055 0.38342754531080164 0.3834275428115658 0.6437513886185943 0.08506141907054593 0.47193600529642626 -0.05909840589394815 0.2007154336336511 0.20071543369835337 0.4205377027263485 0.1563473515946159 0.3834275458465858 0.13102244194106694 0.0052686133477232635 0.4205377020543879 0.6128112422963576 0.11472250974397931 0.13956239956762492 -0.025076923981098995 0.0016102607856940368
173 0.06626242346916514 0.06238882371906101 0.062388822267760324 0.21230595153368054 0.05582386931184454 0.1660520930021358 0.04734537307013554 0.050164020271779436 0.05016402034611477 0.7116864935309432 0.07634439957522551 0.06238882425033154 0.7434421861934596 -0.09136278945496 0.7116864928569047 0.3444137374000977 0.01605212993897785 0.043834264826710635 -0.026674739614592866 -0.0670176638060665
79 0.06626242346916514 0.06238882371906101 0.062388822267760324 0.21230595153368054 0.05582386931184454 0.1660520930021358 0.04734537307013554 0.050164020271779436 0.05016402034611477 0.7116864935309432 0.07634439957522551 0.06238882425033154 0.7434421861934596 -0.09136278945496 0.7116864928569047 0.3444137374000977 0.01605212993897785 0.043834264826710635 -0.026674739614592866 -0.0670176638060665
115 0.1553696146080627 0.004029983877536611 0.0040299826666390865 0.1435943001613876 0.22045537914693128 0.0026434842604059683 0.7742427842635016 0.24236747907127223 0.24236747922555618 0.0685992312425485 0.14897982574325286 0.004029984188644568 0.1405434644440438 0.7735192708935961 0.06859923090355398 -0.04965909052517296 0.19111530057819345 0.15113950441628687 0.3573206151096178 0.5889430566680297
197 0.22018285627491282 0.6237996023591946 0.6237996016939042 0.13861877103473066 0.010278868733913607 0.614806514015671 0.0008521779631227311 0.1429988340889474 0.14299883417903828 0.14815114372456292 0.2406431624561478 0.6237996033721604 0.07461115954792122 0.002477437045355306 0.14815114335711468 0.28457133919531763 0.2662022540600118 0.2909910808339192 -0.017212709909825815 0.04170802530161506
149 0.05804614721274277 0.13224961541296376 0.13224961365744542 0.8635963854525514 0.18983535215795222 0.12909009696438603 0.09236775019296559 0.27200579694091015 0.2720057969704291 0.4029374220660539 0.12149214521533941 0.13224961611100208 0.5866134996177635 0.10007989944334889 0.4029374213460059 0.3571718652319855 0.13487224008741455 0.16713959818817373 0.09382681142132132 0.3334124330815695
220 0.06626242346916514 0.06238882371906101 0.062388822267760324 0.21230595153368054 0.05582386931184454 0.1660520930021358 0.04734537307013554 0.050164020271779436 0.05016402034611477 0.7116864935309432 0.07634439957522551 0.06238882425033154 0.7434421861934596 -0.09136278945496 0.7116864928569047 0.3444137374000977 0.01605212993897785 0.043834264826710635 -0.026674739614592866 -0.0670176638060665
176 0.18153183341792228 0.6148065140037194 0.6148065132398067 0.1469862901808222 0.014535767273974915 0.6615847998171241 0.005068896236977463 0.14606996635092576 0.1460699664375519 0.14897863555022023 0.24692049041984013 0.6148065150173795 0.06922697751346238 0.0030915743636201047 0.1489786350683304 0.2585679081515377 0.2687281778369418 0.2825853258864373 -0.01820522969482071 0.03816743716524044
178 0.18153183341792228 0.6148065140037194 0.6148065132398067 0.1469862901808222 0.014535767273974915 0.6615847998171241 0.005068896236977463 0.14606996635092576 0.1460699664375519 0.14897863555022023 0.24692049041984013 0.6148065150173795 0.06922697751346238 0.0030915743636201047 0.1489786350683304 0.2585679081515377 0.2687281778369418 0.2825853258864373 -0.01820522969482071 0.03816743716524044
28 0.14091207627951244 -0.017273539075263588 -0.017273540221724764 0.07819211160510799 0.5990326127696786 -0.011955797494416907 0.39198795106570383 0.15172183281928564 0.15172183287204905 0.058981517515502534 0.3605162024824522 -0.017273538569501135 0.11450371072425426 0.3822806400216627 0.05898151708153493 -0.021036598228521313 0.20237652464017697 0.2411862336768345 0.8607801599196252 0.5222703793967841
13 0.17788555560447014 0.09454792533046875 0.09454792362725348 0.10660671409022603 0.5683451718600077 0.12481516413967723 0.1893036381826276 0.17436089931039608 0.17436089931397047 0.09367001496180899 0.6467908064029704 0.09454792606258178 0.08130379521104514 0.19208986504371675 0.09367001430415577 0.030859396102750788 0.3220854211876786 0.6141910701476846 0.6677604686680432 0.2871810036947633
146 0.45617496300329935 0.1429988345425506 0.14299883244679257 0.26744240098754757 0.1984277855658165 0.1460699664560777 0.24192515995723246 0.6096685928712315 0.6096685929681808 0.4066678618542852 0.2112897482658612 0.14299883545110656 0.28033851716256925 0.2519201156660932 0.4066678608550513 0.2296511040847398 0.2913399890121879 0.2102798507667479 0.14421374229027345 0.27625251364037706
179 0.18153183341792228 0.6148065140037194 0.6148065132398067 0.1469862901808222 0.014535767273974915 0.6615847998171241 0.005068896236977463 0.14606996635092576 0.1460699664375519 0.14897863555022023 0.24692049041984013 0.6148065150173795 0.06922697751346238 0.0030915743636201047 0.1489786350683304 0.2585679081515377 0.2687281778369418 0.2825853258864373 -0.01820522969482071 0.03816743716524044
33 0.15329797186974095 0.0055337181185358755 0.005533716741944729 0.12149369890502307 0.7163586394247531 0.02301634152815457 0.2450746701676232 0.16290557335668365 0.16290557340935224 0.088761524748758 0.4693610374745425 0.005533718647781872 0.12274882532254869 0.2449426717950131 0.08876152409101651 0.017426295190723157 0.21906805629059925 0.40816394864831407 0.8166837669461707 0.36608040232058847
39 0.19263795686421334 0.13250087518583933 0.13250087344977896 0.17060848708900497 0.4828336770073202 0.1419884733199478 0.21989125643906873 0.2235564451901714 0.22355644525480262 0.10952891826359819 0.5550847525888671 0.1325008759337412 0.048913973554640666 0.17907905617530573 0.10952891755012466 -0.0015589787147728895 0.3998606325182289 0.6516855309268285 0.5992408925564693 0.39794052882884884
111 0.30217328136176613 0.2540711855266919 0.25407118522222216 0.21331634123746848 0.07690448070464022 0.1595902086364725 -0.047931988071540775 0.22338200134595393 0.2233820015574057 0.4814209233435171 0.10043156857548036 0.25407118645380006 0.3502602553403269 -0.05388358381666486 0.4814209229032077 0.9357913949988242 0.15839380898191482 0.15844418034972138 -0.04468532579951506 0.03189665340347704
66 0.07818860171684298 0.10795576294075837 0.10795576159663987 0.7349162550582903 0.18257319513557338 0.09876489601507289 0.10105754165041467 0.28102600300020963 0.281026003143544 0.43914325416571737 0.12722101346520026 0.10795576378897709 0.7286516110074963 0.11578867569834675 0.43914325345015215 0.3342384654213904 0.13310140463529097 0.12348962899289571 0.09370046223581559 0.3263506712690943
155 0.06626242346916514 0.06238882371906101 0.062388822267760324 0.21230595153368054 0.05582386931184454 0.1660520930021358 0.04734537307013554 0.050164020271779436 0.05016402034611477 0.7116864935309432 0.07634439957522551 0.06238882425033154 0.7434421861934596 -0.09136278945496 0.7116864928569047 0.3444137374000977 0.01605212993897785 0.043834264826710635 -0.026674739614592866 -0.0670176638060665
177 0.18153183341792228 0.6148065140037194 0.6148065132398067 0.1469862901808222 0.014535767273974915 0.6615847998171241 0.005068896236977463 0.14606996635092576 0.1460699664375519 0.14897863555022023 0.24692049041984013 0.6148065150173795 0.06922697751346238 0.0030915743636201047 0.1489786350683304 0.2585679081515377 0.2687281778369418 0.2825853258864373 -0.01820522969482071 0.03816743716524044
166 0.18153183341792228 0.6148065140037194 0.6148065132398067 0.1469862901808222 0.014535767273974915 0.6615847998171241 0.005068896236977463 0.14606996635092576 0.1460699664375519 0.14897863555022023 0.24692049041984013 0.6148065150173795 0.06922697751346238 0.0030915743636201047 0.1489786350683304 0.2585679081515377 0.2687281778369418 0.2825853258864373 -0.01820522969482071 0.03816743716524044
0 0.13705516770037265 -0.011779407158717795 -0.011779408470077518 0.12061073460536097 0.7195440936240076 0.010622364864558342 0.2546647438696452 0.146253116752926 0.14625311682523107 0.08537205580964555 0.4743007858193043 -0.011779406633624645 0.1451569516635167 0.26460571471168837 0.08537205518071919 0.020830621191281318 0.10898813118825232 0.3256067397753555 0.8464419099536716 0.38389178804057683
81 0.22070861769338934 0.02910740859462839 0.02910740760645849 0.19820285057412418 0.3640156349019421 0.012960549478394376 0.5259075500892236 0.3316785931892833 0.33167859342639233 0.15574984348076704 0.3054383604648941 0.029107409069752573 0.3717082261965956 0.6166955134705636 0.1557498430446057 0.017690485409486242 0.21737510937176782 0.10842178576002526 0.3952887777929067 0.6284823492246183
188 0.06626242346916514 0.06238882371906101 0.062388822267760324 0.21230595153368054 0.05582386931184454 0.1660520930021358 0.04734537307013554 0.050164020271779436 0.05016402034611477 0.7116864935309432 0.07634439957522551 0.06238882425033154 0.7434421861934596 -0.09136278945496 0.7116864928569047 0.3444137374000977 0.01605212993897785 0.043834264826710635 -0.026674739614592866 -0.0670176638060665
88 0.22018285627491282 0.6237996023591946 0.6237996016939042 0.13861877103473066 0.010278868733913607 0.614806514015671 0.0008521779631227311 0.1429988340889474 0.14299883417903828 0.14815114372456292 0.2406431624561478 0.6237996033721604 0.07461115954792122 0.002477437045355306 0.14815114335711468 0.28457133919531763 0.2662022540600118 0.2909910808339192 -0.017212709909825815 0.04170802530161506
9 0.20743259883098517 0.1053557435588556 0.10535574197550697 0.1214025231225259 0.511976824550199 0.11851596954979049 0.22830319115206724 0.20173793952951896 0.20173793952806626 0.10263181071895437 0.6571054443727605 0.10535574416983066 0.08905542632569542 0.20566488121823662 0.10263181004177857 0.022194321496771023 0.3621815855751026 0.5526106916959361 0.6366939173997379 0.385959666971053
64 0.45617496300329935 0.1429988345425506 0.14299883244679257 0.26744240098754757 0.1984277855658165 0.1460699664560777 0.24192515995723246 0.6096685928712315 0.6096685929681808 0.4066678618542852 0.2112897482658612 0.14299883545110656 0.28033851716256925 0.2519201156660932 0.4066678608550513 0.2296511040847398 0.2913399890121879 0.2102798507667479 0.14421374229027345 0.27625251364037706
196 0.22018285627491282 0.6237996023591946 0.6237996016939042 0.13861877103473066 0.010278868733913607 0.614806514015671 0.0008521779631227311 0.1429988340889474 0.14299883417903828 0.14815114372456292 0.2406431624561478 0.6237996033721604 0.07461115954792122 0.002477437045355306 0.14815114335711468 0.28457133919531763 0.2662022540600118 0.2909910808339192 -0.017212709909825815 0.04170802530161506
139 0.03414582927207896 0.13861877153499308 0.13861876946666937 0.9054265021805679 0.19131644210956228 0.14698629018082038 0.08633885034225673 0.26744240087444177 0.2674424009066216 0.4006375120019785 0.12979824121194675 0.13861877215563947 0.543254176119246 0.11208586695677594 0.400637511183945 0.3324031821210166 0.1431135871572158 0.16489780597552606 0.09291029731965378 0.31674194066508116
31 0.19067829602048425 0.10629792875781531 0.10629792707004793 0.12394492930778005 0.5720232882720171 0.12386614268620569 0.19396285894583803 0.19280342322020777 0.19280342326889796 0.09830530045736956 0.5561237904102918 0.10629792935947356 0.07383021425774436 0.1856971094220046 0.09830529989955193 0.029838110523776572 0.40495848793964845 0.6466770645707596 0.6414148558621959 0.3068993161598766
36 0.14313390210213806 -0.01292084357594771 -0.012920844941606273 0.06448776894707237 0.5997184556514842 0.008270876649260102 0.29126554251128095 0.13770404943464468 0.13770404950640802 0.050751619715735836 0.44809447536153535 -0.012920843060462386 0.06310944678882507 0.2825804589886937 0.05075161920412547 -0.03492597005467037 0.1726360756143651 0.3632081874612806 0.9347780541962695 0.3927382574704356
49 0.2770413576140443 0.24064316268856828 0.24064316129512567 0.1297982412119434 0.3456272609675206 0.24692049041983838 0.14918901751039493 0.211289748163664 0.2112897482385023 0.14994981111625902 0.8284477519554138 0.2406431636117365 0.12574079089584667 0.1473164741826933 0.14994981051927958 0.11528285093383497 0.43240716060243983 0.5252627867131016 0.3223074402281518 0.3030568736344281
58 0.13015649734605525 -0.004979432173193694 -0.004979433399789889 0.1636860498868062 0.7783307048323356 -0.008547801126932573 0.276287202896692 0.17186301199541806 0.17186301205878604 0.10194399674278805 0.298278291845014 -0.004979431680388646 0.13494069457967617 0.2808345502214489 0.1019439962877644 0.0044052934311376735 0.32608481598824957 0.35448055752011015 0.7755042675566961 0.4162274192335146
70 0.22974886235832143 -0.0058215614832933865 -0.005821563056509483 0.054180648774148465 0.2472965996779174 0.01639648650955925 0.8866169710236715 0.24607198410814954 0.24607198424809906 0.053629831664062454 0.13458823757076052 -0.005821561217906819 0.11723001804475608 0.8572316291116183 0.05362983120818908 -0.04491425288245385 0.09380519124518155 0.10279101591544657 0.2847000860603636 0.3055772380257915
4 0.1331046814179292 0.1450378984677099 0.14503789688654334 0.3449063261973484 0.6889262432111501 0.16470032182430694 0.12455400252491758 0.20375068251918302 0.2037506825799389 0.2071765781770232 0.6109408136509785 0.14503789947611043 0.20712523713902337 0.12885468844573822 0.20717657764731215 0.22520854327875625 0.31375045620138214 0.5472311124889702 0.31887228864716266 0.34252106947607286
117 0.22018285627491282 0.6237996023591946 0.6237996016939042 0.13861877103473066 0.010278868733913607 0.614806514015671 0.0008521779631227311 0.1429988340889474 0.14299883417903828 0.14815114372456292 0.2406431624561478 0.6237996033721604 0.07461115954792122 0.002477437045355306 0.14815114335711468 0.28457133919531763 0.2662022540600118 0.2909910808339192 -0.017212709909825815 0.04170802530161506
136 0.45617496300329935 0.1429988345425506 0.14299883244679257 0.26744240098754757 0.1984277855658165 0.1460699664560777 0.24192515995723246 0.6096685928712315 0.6096685929681808 0.4066678618542852 0.2112897482658612 0.14299883545110656 0.28033851716256925 0.2519201156660932 0.4066678608550513 0.2296511040847398 0.2913399890121879 0.2102798507667479 0.14421374229027345 0.27625251364037706
17 0.1615020900472441 0.004118197140434393 0.0041181956689500115 0.07711099255438479 0.661523767971064 0.016692916176643615 0.2583282308263764 0.15721748589967352 0.1572174859792685 0.06719287303577466 0.41099422548786885 0.004118197524808779 0.06221601752850385 0.2523388885425239 0.06719287259481724 -0.037469738179087705 0.295920294419344 0.44327424024699896 0.8756601263287865 0.33713655228214157
34 0.1719035815170027 0.01251463506783322 0.012514634135986505 0.17591012927828667 0.7174973746060097 0.0033271156927520687 0.3316990348620934 0.2251567144934122 0.22515671451008007 0.13846334768096877 0.3670893917383983 0.012514635759971145 0.2805752758849122 0.3555134379585457 0.13846334731162288 0.06772188682539577 0.34218223057724956 0.22594659746829968 0.6111598055247267 0.528440445022263
65 0.9032986896580573 0.22018285682027783 0.22018285447053246 0.03414582927207647 0.1326977639136408 0.18153183341792767 0.18361454387958084 0.4561749628864895 0.4561749629087079 0.23914685330205498 0.27704135761404064 0.2201828576969833 0.10661488958656257 0.1720804337522242 0.23914685248825102 0.23070069896413017 0.36738949331768284 0.23849478896412696 0.12698114556576828 0.2089533075233349
211 0.2317117242032747 0.1362111010081404 0.13621109924377184 0.3580653489260819 0.14374910671812186 0.16162045581857562 0.04458235734900749 0.4353393796300506 0.43533937978589726 0.6466546433362492 0.11864260837334412 0.1362111019660423 0.3992897416415204 0.0697571279715924 0.6466546425880434 0.512809818123149 0.1279895802141478 0.15021057432920912 0.06690757897122411 0.08851585739248906
83 0.23070069896412415 0.28457133922206235 0.2845713381334358 0.3324031821210221 0.07292474041758569 0.258567908151538 -0.04994538106792849 0.2296511040011931 0.22965110404795258 0.4929176036755293 0.11528285093383325 0.2845713402560054 0.2926945223523039 -0.043944820322831535 0.4929176030422289 0.8773067919876295 0.1874165819703442 0.1418810861648673 -0.03569410156887971 0.013046151203893689
113 0.5030725886044115 0.1484701633828151 0.148470161342781 0.2673321028589247 0.18936413103480113 0.15085210669134197 0.22288218902001428 0.5592788278530832 0.5592788278886411 0.42761259428187126 0.24128726971735118 0.1484701641018669 0.2639436023790016 0.27010014161307816 0.4276125935314074 0.20109467728528932 0.3159590223933702 0.1941166972722607 0.12661303498769175 0.31827773161792017
212 0.2317117242032747 0.1362111010081404 0.13621109924377184 0.3580653489260819 0.14374910671812186 0.16162045581857562 0.04458235734900749 0.4353393796300506 0.43533937978589726 0.6466546433362492 0.11864260837334412 0.1362111019660423 0.3992897416415204 0.0697571279715924 0.6466546425880434 0.512809818123149 0.1279895802141478 0.15021057432920912 0.06690757897122411 0.08851585739248906
54 0.14440189425840289 -0.011575935448674244 -0.01157593686021692 0.1275112400518544 0.7405889924479034 0.005305106443032075 0.25992878969393113 0.15633862699211085 0.15633862710852361 0.08962079526607905 0.4275668053743242 -0.011575934974871844 0.1456272798557181 0.26397344064660183 0.08962079475765596 0.01905572574166734 0.16151822223115284 0.3379167457131088 0.8338461878611332 0.3981081487497416
174 0.18361454387957457 0.0008521783182019532 0.0008521769481610507 0.0863388503422607 0.22691943375098692 0.00506889623698085 0.8598305182846272 0.24192515986925964 0.2419251599638167 0.05382259220731074 0.14918901751039973 0.0008521786509319196 0.1036882368703695 0.8125791785639223 0.05382259176585103 -0.049945381067929055 0.15400444511940936 0.12357282263213068 0.32590832614006005 0.45184205961113877
171 0.03414582927207896 0.13861877153499308 0.13861876946666937 0.9054265021805679 0.19131644210956228 0.14698629018082038 0.08633885034225673 0.26744240087444177 0.2674424009066216 0.4006375120019785 0.12979824121194675 0.13861877215563947 0.543254176119246 0.11208586695677594 0.400637511183945 0.3324031821210166 0.1431135871572158 0.16489780597552606 0.09291029731965378 0.31674194066508116
101 0.043968167741419116 0.11893401718009551 0.11893401565673005 0.8043427646347447 0.1825722222027976 0.12263056680755938 0.0938592146691187 0.27707893579758675 0.2770789359095712 0.4366861161611582 0.13850436796458496 0.11893401787010126 0.6685376436063978 0.1291379136841273 0.43668611551444847 0.3035508229164072 0.14704750414478202 0.12286611922245698 0.09377729992362913 0.30802174290560336
24 0.2247691341512221 0.04346010717905081 0.043460105998791444 0.16322175049258625 0.5701864804201061 0.050849672035982084 0.31073555622385696 0.19510433506188846 0.19510433515861808 0.1386306178095942 0.6114817474178481 0.043460107964750375 0.25355384562582634 0.32610498811008815 0.1386306172747102 0.06076056492347005 0.24404909727449772 0.2736826778107906 0.6009766644939745 0.5619325328924174
27 0.1473416107585416 0.05451177289791009 0.05451177139584966 0.22433029645497923 0.7383596825672643 0.06962865574145531 0.19803035874860092 0.19958003698933008 0.19958003717115091 0.13425274613687974 0.4591174634175612 0.05451177358917514 0.1224079715354144 0.1936599917040658 0.13425274554398667 0.06946037934935496 0.34096398826466134 0.5393406182453779 0.637338512398773 0.35685240902849225
140 0.03414582927207896 0.13861877153499308 0.13861876946666937 0.9054265021805679 0.19131644210956228 0.14698629018082038 0.08633885034225673 0.26744240087444177 0.2674424009066216 0.4006375120019785 0.12979824121194675 0.13861877215563947 0.543254176119246 0.11208586695677594 0.400637511183945 0.3324031821210166 0.1431135871572158 0.16489780597552606 0.09291029731965378 0.31674194066508116
183 0.06626242346916514 0.06238882371906101 0.062388822267760324 0.21230595153368054 0.05582386931184454 0.1660520930021358 0.04734537307013554 0.050164020271779436 0.05016402034611477 0.7116864935309432 0.07634439957522551 0.06238882425033154 0.7434421861934596 -0.09136278945496 0.7116864928569047 0.3444137374000977 0.01605212993897785 0.043834264826710635 -0.026674739614592866 -0.0670176638060665
213 0.18773215593031853 0.17130464971734918 0.17130464725098618 0.4873959213824728 0.13732363011575752 0.2219376266284343 0.025792355108203935 0.39738713532581443 0.39738713536676185 0.6553784526911726 0.16240136610174788 0.17130465000832257 0.31694345100308474 0.0993402927380684 0.6553784521312288 0.42654373675313845 0.1787430895686909 0.13217398643809086 0.05544846232427442 0.10927088889676437
215 0.03414582927207896 0.13861877153499308 0.13861876946666937 0.9054265021805679 0.19131644210956228 0.14698629018082038 0.08633885034225673 0.26744240087444177 0.2674424009066216 0.4006375120019785 0.12979824121194675 0.13861877215563947 0.543254176119246 0.11208586695677594 0.400637511183945 0.3324031821210166 0.1431135871572158 0.16489780597552606 0.09291029731965378 0.31674194066508116
170 0.03414582927207896 0.13861877153499308 0.13861876946666937 0.9054265021805679 0.19131644210956228 0.14698629018082038 0.08633885034225673 0.26744240087444177 0.2674424009066216 0.4006375120019785 0.12979824121194675 0.13861877215563947 0.543254176119246 0.11208586695677594 0.400637511183945 0.3324031821210166 0.1431135871572158 0.16489780597552606 0.09291029731965378 0.31674194066508116
128 0.18153183341792228 0.6148065140037194 0.6148065132398067 0.1469862901808222 0.014535767273974915 0.6615847998171241 0.005068896236977463 0.14606996635092576 0.1460699664375519 0.14897863555022023 0.24692049041984013 0.6148065150173795 0.06922697751346238 0.0030915743636201047 0.1489786350683304 0.2585679081515377 0.2687281778369418 0.2825853258864373 -0.01820522969482071 0.03816743716524044
95 0.22018285627491282 0.6237996023591946 0.6237996016939042 0.13861877103473066 0.010278868733913607 0.614806514015671 0.0008521779631227311 0.1429988340889474 0.14299883417903828 0.14815114372456292 0.2406431624561478 0.6237996033721604 0.07461115954792122 0.002477437045355306 0.14815114335711468 0.28457133919531763 0.2662022540600118 0.2909910808339192 -0.017212709909825815 0.04170802530161506
167 0.18153183341792228 0.6148065140037194 0.6148065132398067 0.1469862901808222 0.014535767273974915 0.6615847998171241 0.005068896236977463 0.14606996635092576 0.1460699664375519 0.14897863555022023 0.24692049041984013 0.6148065150173795 0.06922697751346238 0.0030915743636201047 0.1489786350683304 0.2585679081515377 0.2687281778369418 0.2825853258864373 -0.01820522969482071 0.03816743716524044
207 0.9032986896580573 0.22018285682027783 0.22018285447053246 0.03414582927207647 0.1326977639136408 0.18153183341792767 0.18361454387958084 0.4561749628864895 0.4561749629087079 0.23914685330205498 0.27704135761404064 0.2201828576969833 0.10661488958656257 0.1720804337522242 0.23914685248825102 0.23070069896413017 0.36738949331768284 0.23849478896412696 0.12698114556576828 0.2089533075233349
84 0.45617496300329935 0.1429988345425506 0.14299883244679257 0.26744240098754757 0.1984277855658165 0.1460699664560777 0.24192515995723246 0.6096685928712315 0.6096685929681808 0.4066678618542852 0.2112897482658612 0.14299883545110656 0.28033851716256925 0.2519201156660932 0.4066678608550513 0.2296511040847398 0.2913399890121879 0.2102798507667479 0.14421374229027345 0.27625251364037706
44 0.13488169459929636 -0.006381387888549758 -0.00638138912446015 0.107974824929148 0.6114545810638973 0.002586156634203031 0.3338070640976108 0.15363516039256012 0.1536351604627562 0.06976316850635265 0.4408509004751949 -0.006381387315331057 0.11464650387744431 0.32770748854981746 0.06976316809937196 -0.011402149953339118 0.19666727996788716 0.30541151485909235 0.8518270980841429 0.4965272071594509
92 0.22018285627491282 0.6237996023591946 0.6237996016939042 0.13861877103473066 0.010278868733913607 0.614806514015671 0.0008521779631227311 0.1429988340889474 0.14299883417903828 0.14815114372456292 0.2406431624561478 0.6237996033721604 0.07461115954792122 0.002477437045355306 0.14815114335711468 0.28457133919531763 0.2662022540600118 0.2909910808339192 -0.017212709909825815 0.04170802530161506
124 0.18153183341792228 0.6148065140037194 0.6148065132398067 0.1469862901808222 0.014535767273974915 0.6615847998171241 0.005068896236977463 0.14606996635092576 0.1460699664375519 0.14897863555022023 0.24692049041984013 0.6148065150173795 0.06922697751346238 0.0030915743636201047 0.1489786350683304 0.2585679081515377 0.2687281778369418 0.2825853258864373 -0.01820522969482071 0.03816743716524044
165 0.18153183341792228 0.6148065140037194 0.6148065132398067 0.1469862901808222 0.014535767273974915 0.6615847998171241 0.005068896236977463 0.14606996635092576 0.1460699664375519 0.14897863555022023 0.24692049041984013 0.6148065150173795 0.06922697751346238 0.0030915743636201047 0.1489786350683304 0.2585679081515377 0.2687281778369418 0.2825853258864373 -0.01820522969482071 0.03816743716524044
87 0.1553696146080627 0.004029983877536611 0.0040299826666390865 0.1435943001613876 0.22045537914693128 0.0026434842604059683 0.7742427842635016 0.24236747907127223 0.24236747922555618 0.0685992312425485 0.14897982574325286 0.004029984188644568 0.1405434644440438 0.7735192708935961 0.06859923090355398 -0.04965909052517296 0.19111530057819345 0.15113950441628687 0.3573206151096178 0.5889430566680297
195 0.17208043375222043 0.002477437362149212 0.002477436142839293 0.11208586695677301 0.2351801952432512 0.003091574363609293 0.8125791785639264 0.25192011546762794 0.25192011568513817 0.06769807627775364 0.14731647418269014 0.002477437655318862 0.15269400760351923 0.8325934541999117 0.06769807589081356 -0.04394482032283956 0.14948465687533313 0.11970891297274473 0.3219062499312988 0.4750250381121962
35 0.2513135954075246 0.25361591381691917 0.2536159124623863 0.13198833486692402 0.37741863703544554 0.2469253007346508 0.12397449882983909 0.18573062801446277 0.18573062814505484 0.13437389065585442 0.7789664427731774 0.2536159148592014 0.10355062701385336 0.12523242270470325 0.13437389001998884 0.11901897154789078 0.3446246663379222 0.671990932716424 0.33950161878264856 0.26282385616451387
138 0.9032986896580573 0.22018285682027783 0.22018285447053246 0.03414582927207647 0.1326977639136408 0.18153183341792767 0.18361454387958084 0.4561749628864895 0.4561749629087079 0.23914685330205498 0.27704135761404064 0.2201828576969833 0.10661488958656257 0.1720804337522242 0.23914685248825102 0.23070069896413017 0.36738949331768284 0.23849478896412696 0.12698114556576828 0.2089533075233349
152 0.06626242346916514 0.06238882371906101 0.062388822267760324 0.21230595153368054 0.05582386931184454 0.1660520930021358 0.04734537307013554 0.050164020271779436 0.05016402034611477 0.7116864935309432 0.07634439957522551 0.06238882425033154 0.7434421861934596 -0.09136278945496 0.7116864928569047 0.3444137374000977 0.01605212993897785 0.043834264826710635 -0.026674739614592866 -0.0670176638060665
18 0.13172681031356562 -0.008359022979191692 -0.008359024262525036 0.14297485798865778 0.7411812669223082 0.0007696192841319901 0.2636348603876515 0.1638778736730422 0.16387787367716308 0.0911541802303284 0.41141181404889604 -0.008359022382931649 0.13831621781322995 0.2639353646961028 0.09115417975980486 0.0145274338196085 0.18970241105720778 0.34900225450148115 0.825710471936945 0.40731945483881193
52 0.23108980232276388 0.035487766687997274 0.03548776523145271 0.08379015815940734 0.5744281481443607 0.04045259642385196 0.3020506780386334 0.1983902250917528 0.19839022505233672 0.07996198688289474 0.49038793621652305 0.035487767344814895 0.09981418330292581 0.2640851721149449 0.0799619863333764 -0.006287400698545608 0.341716080641291 0.43789502686073867 0.7619235090391299 0.4540459553014133
160 0.1686521425114655 0.06066751281923621 0.06066751166955358 0.29360392465383456 0.22113508453824607 0.059426096578012115 0.1709194519015959 0.5257974586966293 0.5257974589976375 0.5499195362057652 0.1294078222445389 0.06066751300393511 0.587362693075425 0.4122957004547417 0.5499195359293544 0.1464870463459618 0.11782715503362252 0.10846308534133577 0.11457229601853047 0.1456126595821724
102 0.043968167741419116 0.11893401718009551 0.11893401565673005 0.8043427646347447 0.1825722222027976 0.12263056680755938 0.0938592146691187 0.27707893579758675 0.2770789359095712 0.4366861161611582 0.13850436796458496 0.11893401787010126 0.6685376436063978 0.1291379136841273 0.43668611551444847 0.3035508229164072 0.14704750414478202 0.12286611922245698 0.09377729992362913 0.30802174290560336
8 0.17538151867127239 0.042514299712222085 0.042514298251680245 0.18059899398088736 0.7534350660810121 0.05394359868641815 0.2175358599317326 0.19831024661714966 0.19831024679025577 0.13217968195384253 0.47344995736616935 0.04251430039778845 0.17018250138925606 0.2178584394329967 0.1321796813156742 0.08598310046553573 0.3518017964190471 0.45987062887811264 0.6417096463222978 0.37749625941546067
218 0.07818860171684298 0.10795576294075837 0.10795576159663987 0.7349162550582903 0.18257319513557338 0.09876489601507289 0.10105754165041467 0.28102600300020963 0.281026003143544 0.43914325416571737 0.12722101346520026 0.10795576378897709 0.7286516110074963 0.11578867569834675 0.43914325345015215 0.3342384654213904 0.13310140463529097 0.12348962899289571 0.09370046223581559 0.3263506712690943
135 0.23070069896412415 0.28457133922206235 0.2845713381334358 0.3324031821210221 0.07292474041758569 0.258567908151538 -0.04994538106792849 0.2296511040011931 0.22965110404795258 0.4929176036755293 0.11528285093383325 0.2845713402560054 0.2926945223523039 -0.043944820322831535 0.4929176030422289 0.8773067919876295 0.1874165819703442 0.1418810861648673 -0.03569410156887971 0.013046151203893689
7 0.130297250788306 0.009812759511801583 0.00981275821066781 0.19283430361506915 0.8644676627744472 0.020700309368860983 0.21186442910222278 0.18232440616745796 0.18232440620528284 0.13140728933868256 0.35613788329143126 0.00981276016409533 0.16569184637284537 0.22538765710556055 0.1314072888345838 0.07221414861020917 0.32276251025696184 0.40808838321778557 0.6814947056424187 0.32521170949977635
145 0.23070069896412415 0.28457133922206235 0.2845713381334358 0.3324031821210221 0.07292474041758569 0.258567908151538 -0.04994538106792849 0.2296511040011931 0.22965110404795258 0.4929176036755293 0.11528285093383325 0.2845713402560054 0.2926945223523039 -0.043944820322831535 0.4929176030422289 0.8773067919876295 0.1874165819703442 0.1418810861648673 -0.03569410156887971 0.013046151203893689
217 0.06626242346916514 0.06238882371906101 0.062388822267760324 0.21230595153368054 0.05582386931184454 0.1660520930021358 0.04734537307013554 0.050164020271779436 0.05016402034611477 0.7116864935309432 0.07634439957522551 0.06238882425033154 0.7434421861934596 -0.09136278945496 0.7116864928569047 0.3444137374000977 0.01605212993897785 0.043834264826710635 -0.026674739614592866 -0.0670176638060665
19 0.16510366266107898 0.05723023472735742 0.05723023330531559 0.22791641130089393 0.6994297763740747 0.0562186604085673 0.23845933638578576 0.23150483770075714 0.23150483777501382 0.13748739730874435 0.44433832952846514 0.05723023549686408 0.15684694072955274 0.21579583282228548 0.13748739673987764 0.07358833417670359 0.3802609945522299 0.47903983458957855 0.6153485994556809 0.4343565332024859
187 0.06626242346916514 0.06238882371906101 0.062388822267760324 0.21230595153368054 0.05582386931184454 0.1660520930021358 0.04734537307013554 0.050164020271779436 0.05016402034611477 0.7116864935309432 0.07634439957522551 0.06238882425033154 0.7434421861934596 -0.09136278945496 0.7116864928569047 0.3444137374000977 0.01605212993897785 0.043834264826710635 -0.026674739614592866 -0.0670176638060665
202 0.1767591690623041 0.03839493044330437 0.03839492951907249 0.23618393824599385 0.35369296451434024 0.01129635813142015 0.5253602227851479 0.3405348031591964 0.3405348034241033 0.15665972413632093 0.31588301431570626 0.0383949308853205 0.3459437231087069 0.6130396490021569 0.15665972381461354 0.004535541126764229 0.23974959903648538 0.12485078634217915 0.39387877490807405 0.6310081033710494
73 0.18153183341792228 0.6148065140037194 0.6148065132398067 0.1469862901808222 0.014535767273974915 0.6615847998171241 0.005068896236977463 0.14606996635092576 0.1460699664375519 0.14897863555022023 0.24692049041984013 0.6148065150173795 0.06922697751346238 0.0030915743636201047 0.1489786350683304 0.2585679081515377 0.2687281778369418 0.2825853258864373 -0.01820522969482071 0.03816743716524044
85 0.45617496300329935 0.1429988345425506 0.14299883244679257 0.26744240098754757 0.1984277855658165 0.1460699664560777 0.24192515995723246 0.6096685928712315 0.6096685929681808 0.4066678618542852 0.2112897482658612 0.14299883545110656 0.28033851716256925 0.2519201156660932 0.4066678608550513 0.2296511040847398 0.2913399890121879 0.2102798507667479 0.14421374229027345 0.27625251364037706
208 0.1577158879401543 0.02132714944318201 0.021327148061365115 0.39376058374612805 0.2410969787263939 0.03810105066201014 0.471943376795231 0.25140217565928724 0.2514021758598635 0.14752871267385423 0.1437245657478427 0.021327149673803614 0.4186800024327527 0.6268716774865182 0.14752871237200058 0.018265560519929124 0.2095118804582754 0.1857811044326796 0.34108940436486196 0.7569428112680647
198 0.06416650522239055 0.38342754531080164 0.3834275428115658 0.6437513886185943 0.08506141907054593 0.47193600529642626 -0.05909840589394815 0.2007154336336511 0.20071543369835337 0.4205377027263485 0.1563473515946159 0.3834275458465858 0.13102244194106694 0.0052686133477232635 0.4205377020543879 0.6128112422963576 0.11472250974397931 0.13956239956762492 -0.025076923981098995 0.0016102607856940368
1 0.15831240647253045 0.11065717544501845 0.11065717386390142 0.2763058074958652 0.7803752753371508 0.15732559632759896 0.11767856407644388 0.21828790692779876 0.21828790701822753 0.2068074679588237 0.4390884506992087 0.11065717644773311 0.2359434751171668 0.14855629810416385 0.20680746710074613 0.29835256000928123 0.5028930006909511 0.5141353481050914 0.2886596045383141 0.25958265299152417
59 0.13269776391364158 0.010278868914187804 0.010278867708257209 0.19131644210956522 0.8574384978031399 0.014535767273979995 0.2269194337509825 0.19842778546544854 0.19842778563317592 0.13362015972912858 0.34562726096751967 0.010278869623789967 0.17838341651880968 0.235180195243249 0.13362015920173811 0.07292474041758708 0.3406259431847567 0.3842980427980059 0.6713244107275459 0.34324615543738796
62 0.23070069896412415 0.28457133922206235 0.2845713381334358 0.3324031821210221 0.07292474041758569 0.258567908151538 -0.04994538106792849 0.2296511040011931 0.22965110404795258 0.4929176036755293 0.11528285093383325 0.2845713402560054 0.2926945223523039 -0.043944820322831535 0.4929176030422289 0.8773067919876295 0.1874165819703442 0.1418810861648673 -0.03569410156887971 0.013046151203893689
16 0.2007789779119092 0.05133898056999305 0.05133897925217807 0.19384480345561733 0.5741514238076523 0.05795695017399415 0.2911455149339228 0.19154951162331338 0.19154951168091022 0.13547913430137445 0.607967404102334 0.05133898125883379 0.22422829667672212 0.2937285866094507 0.13547913377471682 0.05664118923500648 0.2436508935656691 0.3325482310194027 0.6147690748730744 0.5605489531514436
125 0.18153183341792228 0.6148065140037194 0.6148065132398067 0.1469862901808222 0.014535767273974915 0.6615847998171241 0.005068896236977463 0.14606996635092576 0.1460699664375519 0.14897863555022023 0.24692049041984013 0.6148065150173795 0.06922697751346238 0.0030915743636201047 0.1489786350683304 0.2585679081515377 0.2687281778369418 0.2825853258864373 -0.01820522969482071 0.03816743716524044
210 0.2427888190625452 0.34653943416689975 0.34653943289761135 0.41841319718289893 0.04815726995157818 0.26666129176086306 -0.05909550559410361 0.20032558765802547 0.20032558790525995 0.5065439469145466 0.16379230343153295 0.3465394347034201 0.24430012653970914 -0.03284055188141756 0.5065439464055449 0.7723678611643562 0.12507061007855444 0.12120778188603755 -0.027537543640844805 0.038995254153038894
74 0.18153183341792228 0.6148065140037194 0.6148065132398067 0.1469862901808222 0.014535767273974915 0.6615847998171241 0.005068896236977463 0.14606996635092576 0.1460699664375519 0.14897863555022023 0.24692049041984013 0.6148065150173795 0.06922697751346238 0.0030915743636201047 0.1489786350683304 0.2585679081515377 0.2687281778369418 0.2825853258864373 -0.01820522969482071 0.03816743716524044
204 0.23070069896412415 0.28457133922206235 0.2845713381334358 0.3324031821210221 0.07292474041758569 0.258567908151538 -0.04994538106792849 0.2296511040011931 0.22965110404795258 0.4929176036755293 0.11528285093383325 0.2845713402560054 0.2926945223523039 -0.043944820322831535 0.4929176030422289 0.8773067919876295 0.1874165819703442 0.1418810861648673 -0.03569410156887971 0.013046151203893689
214 0.03414582927207896 0.13861877153499308 0.13861876946666937 0.9054265021805679 0.19131644210956228 0.14698629018082038 0.08633885034225673 0.26744240087444177 0.2674424009066216 0.4006375120019785 0.12979824121194675 0.13861877215563947 0.543254176119246 0.11208586695677594 0.400637511183945 0.3324031821210166 0.1431135871572158 0.16489780597552606 0.09291029731965378 0.31674194066508116
98 0.22018285627491282 0.6237996023591946 0.6237996016939042 0.13861877103473066 0.010278868733913607 0.614806514015671 0.0008521779631227311 0.1429988340889474 0.14299883417903828 0.14815114372456292 0.2406431624561478 0.6237996033721604 0.07461115954792122 0.002477437045355306 0.14815114335711468 0.28457133919531763 0.2662022540600118 0.2909910808339192 -0.017212709909825815 0.04170802530161506
131 0.06626242346916514 0.06238882371906101 0.062388822267760324 0.21230595153368054 0.05582386931184454 0.1660520930021358 0.04734537307013554 0.050164020271779436 0.05016402034611477 0.7116864935309432 0.07634439957522551 0.06238882425033154 0.7434421861934596 -0.09136278945496 0.7116864928569047 0.3444137374000977 0.01605212993897785 0.043834264826710635 -0.026674739614592866 -0.0670176638060665
129 0.07587718256877728 0.06235077439659436 0.06235077340532853 0.4595824669893268 0.16791580109371382 0.0836662612366657 0.08858246682963017 0.26914781716741215 0.2691478172991207 0.5145307931692982 0.13131810307746322 0.06235077476923325 0.9299611551965971 0.22865179128911242 0.514530792747496 0.18684729638831205 0.09870079708971784 0.05535837397179146 0.0845617859531988 0.20297636102532973
60 0.19523613554648386 0.04306339233484873 0.043063390989187995 0.3177651084993496 0.34777015730949606 0.033471321620752635 0.45799501874773957 0.28886232913235 0.2888623293054304 0.14359739025322335 0.296669941768135 0.043063392863543104 0.2964796888850301 0.4711812119486239 0.14359738965384192 0.01836502207334417 0.26732760886236256 0.2516558154737899 0.4513583042846439 0.7598374567224068
22 0.14159057978882178 0.004140819017272442 0.0041408175434745785 0.08100551477422435 0.6150082718453819 0.026981448764716306 0.24806967384288034 0.15091693091747294 0.15091693097055597 0.060375789879414436 0.4958115712480052 0.004140819576619731 0.05480402716880817 0.24293870850746982 0.060375789370155045 -0.032877521422491875 0.20038307584883788 0.4477098079621432 0.8978004612667628 0.33058281499285286
51 0.3673894933176799 0.26620225423518673 0.2662022527524008 0.1431135871572122 0.3406259431847545 0.2687281778369384 0.1540044451194069 0.29133998885030216 0.2913399890289704 0.1612334974395366 0.43240716060243695 0.26620225496935 0.11165852574518677 0.14948465687533846 0.1612334967290438 0.18741658197034516 0.734619358690187 0.5123546661973046 0.2540473211985679 0.27316054154052855
14 0.15220370238281242 -0.009479345808236212 -0.009479347202436483 0.09793269647806742 0.6122653592474767 0.006225595192419452 0.3341445646993747 0.15315018285794688 0.15315018294427324 0.06795485136469255 0.43788859786897477 -0.009479345320587446 0.12326812889730303 0.32555174237405604 0.06795485085163001 -0.006415634873418193 0.17878241835098233 0.3031777644839567 0.8556297590866426 0.4959102482199884
185 0.043968167741419116 0.11893401718009551 0.11893401565673005 0.8043427646347447 0.1825722222027976 0.12263056680755938 0.0938592146691187 0.27707893579758675 0.2770789359095712 0.4366861161611582 0.13850436796458496 0.11893401787010126 0.6685376436063978 0.1291379136841273 0.43668611551444847 0.3035508229164072 0.14704750414478202 0.12286611922245698 0.09377729992362913 0.30802174290560336
109 0.2089533075233362 0.041708025618672845 0.04170802419837624 0.31674194066507866 0.3432461554373848 0.038167437165236295 0.4518420596111367 0.2762525135434442 0.2762525136894509 0.14977980982911876 0.3030568736344269 0.041708026035634574 0.29092514590924456 0.4750250381122041 0.1497798092475609 0.013046151203889522 0.2731605415405287 0.24920649769621517 0.44547934371675213 0.76966698506636
112 0.239146852942667 0.14815114374715765 0.1481511422232681 0.40063751149428894 0.1336201594685639 0.14897863530801703 0.05382259196151909 0.4066678612434735 0.4066678614332437 0.622509689187973 0.14994981078038186 0.14815114459494858 0.4773670832052257 0.06769807608245326 0.6225096883133824 0.4929176032317027 0.16123349710155188 0.13110453992385648 0.0646405731012892 0.14977980950651912
175 0.18153183341792228 0.6148065140037194 0.6148065132398067 0.1469862901808222 0.014535767273974915 0.6615847998171241 0.005068896236977463 0.14606996635092576 0.1460699664375519 0.14897863555022023 0.24692049041984013 0.6148065150173795 0.06922697751346238 0.0030915743636201047 0.1489786350683304 0.2585679081515377 0.2687281778369418 0.2825853258864373 -0.01820522969482071 0.03816743716524044
163 0.18361454387957457 0.0008521783182019532 0.0008521769481610507 0.0863388503422607 0.22691943375098692 0.00506889623698085 0.8598305182846272 0.24192515986925964 0.2419251599638167 0.05382259220731074 0.14918901751039973 0.0008521786509319196 0.1036882368703695 0.8125791785639223 0.05382259176585103 -0.049945381067929055 0.15400444511940936 0.12357282263213068 0.32590832614006005 0.45184205961113877
72 0.18153183341792228 0.6148065140037194 0.6148065132398067 0.1469862901808222 0.014535767273974915 0.6615847998171241 0.005068896236977463 0.14606996635092576 0.1460699664375519 0.14897863555022023 0.24692049041984013 0.6148065150173795 0.06922697751346238 0.0030915743636201047 0.1489786350683304 0.2585679081515377 0.2687281778369418 0.2825853258864373 -0.01820522969482071 0.03816743716524044
162 0.36914589214474025 0.25458735440754654 0.25458735390413345 0.17090168328857117 0.0380260534360189 0.13076544357974354 -0.0573705242819478 0.18539338672560354 0.18539338704208239 0.5607090874834502 0.18342511201757014 0.25458735517001896 0.3773761990256341 -0.04633608690304121 0.5607090872447862 0.814823270654449 0.12269191521141938 0.08159640510386976 -0.04173249408413727 0.04967958735656224
141 0.06626242346916514 0.06238882371906101 0.062388822267760324 0.21230595153368054 0.05582386931184454 0.1660520930021358 0.04734537307013554 0.050164020271779436 0.05016402034611477 0.7116864935309432 0.07634439957522551 0.06238882425033154 0.7434421861934596 -0.09136278945496 0.7116864928569047 0.3444137374000977 0.01605212993897785 0.043834264826710635 -0.026674739614592866 -0.0670176638060665
37 0.21261719323774964 0.27245722494346103 0.2724572235859837 0.16433094162709616 0.34382327988253886 0.2863482368503056 0.1408323399209218 0.20741654900880285 0.20741654913773186 0.14104648225370142 0.7605231623437362 0.27245722571239805 0.08937586234461914 0.1263244280874562 0.1410464816663058 0.09424113476907638 0.3878061629468679 0.6378856525541973 0.32531964402565694 0.28880192784772457
42 0.1691971008462875 0.042751557989020035 0.042751556527587574 0.11119213466180418 0.5802941969533897 0.05324032256855355 0.2575170306938113 0.2005382531121908 0.20053825313590198 0.0778805392469261 0.5176818246062906 0.04275155880103427 0.06151225625906935 0.2236227551027139 0.07788053863937754 -0.021817781556329685 0.3035612878033408 0.5191224210161068 0.7854563483564075 0.38500181965535835
93 0.06416650522239055 0.38342754531080164 0.3834275428115658 0.6437513886185943 0.08506141907054593 0.47193600529642626 -0.05909840589394815 0.2007154336336511 0.20071543369835337 0.4205377027263485 0.1563473515946159 0.3834275458465858 0.13102244194106694 0.0052686133477232635 0.4205377020543879 0.6128112422963576 0.11472250974397931 0.13956239956762492 -0.025076923981098995 0.0016102607856940368
219 0.07818860171684298 0.10795576294075837 0.10795576159663987 0.7349162550582903 0.18257319513557338 0.09876489601507289 0.10105754165041467 0.28102600300020963 0.281026003143544 0.43914325416571737 0.12722101346520026 0.10795576378897709 0.7286516110074963 0.11578867569834675 0.43914325345015215 0.3342384654213904 0.13310140463529097 0.12348962899289571 0.09370046223581559 0.3263506712690943
26 0.1463588707183242 -0.012348962644852732 -0.012348964031758223 0.06742966584361765 0.6113054472805141 0.004846074402718993 0.2933464896415885 0.1431056797643199 0.14310567985430908 0.053585429087372814 0.4259830057957695 -0.012348962122460807 0.06092843993443516 0.2819312138194638 0.05358542862165236 -0.040017484468847654 0.19997927065041698 0.36969770728885115 0.9272567180415839 0.396677786735886
142 0.06626242346916514 0.06238882371906101 0.062388822267760324 0.21230595153368054 0.05582386931184454 0.1660520930021358 0.04734537307013554 0.050164020271779436 0.05016402034611477 0.7116864935309432 0.07634439957522551 0.06238882425033154 0.7434421861934596 -0.09136278945496 0.7116864928569047 0.3444137374000977 0.01605212993897785 0.043834264826710635 -0.026674739614592866 -0.0670176638060665
205 0.45617496300329935 0.1429988345425506 0.14299883244679257 0.26744240098754757 0.1984277855658165 0.1460699664560777 0.24192515995723246 0.6096685928712315 0.6096685929681808 0.4066678618542852 0.2112897482658612 0.14299883545110656 0.28033851716256925 0.2519201156660932 0.4066678608550513 0.2296511040847398 0.2913399890121879 0.2102798507667479 0.14421374229027345 0.27625251364037706
12 0.15473572335156827 -0.0016494345484981735 -0.0016494361509555775 0.06435312534335967 0.6072477016023456 0.03474005594878738 0.2381251800563933 0.1375795863999985 0.13757958645521812 0.05620095881104825 0.5336249447252946 -0.0016494340415076957 0.06361802088373594 0.24250955722615802 0.05620095823113196 -0.022986534089852167 0.13719961567036218 0.4293873780462625 0.9131965914435574 0.30135643630776116
147 0.45617496300329935 0.1429988345425506 0.14299883244679257 0.26744240098754757 0.1984277855658165 0.1460699664560777 0.24192515995723246 0.6096685928712315 0.6096685929681808 0.4066678618542852 0.2112897482658612 0.14299883545110656 0.28033851716256925 0.2519201156660932 0.4066678608550513 0.2296511040847398 0.2913399890121879 0.2102798507667479 0.14421374229027345 0.27625251364037706
133 0.13972392881616125 0.054185353633056155 0.054185352359213214 0.363782938351241 0.33398418852977085 0.03384962628061193 0.4539361427321933 0.29806307424816963 0.2980630743425382 0.14522507343540814 0.30660683323513277 0.054185354071447395 0.25976132415098324 0.4659234343781986 0.14522507290355557 -7.313431680672993e-05 0.2914119676453386 0.2714164231125474 0.44521633621979734 0.7467507753347338
126 0.18153183341792228 0.6148065140037194 0.6148065132398067 0.1469862901808222 0.014535767273974915 0.6615847998171241 0.005068896236977463 0.14606996635092576 0.1460699664375519 0.14897863555022023 0.24692049041984013 0.6148065150173795 0.06922697751346238 0.0030915743636201047 0.1489786350683304 0.2585679081515377 0.2687281778369418 0.2825853258864373 -0.01820522969482071 0.03816743716524044
55 0.23849478896412335 0.2909910809279854 0.2909910796453388 0.1648978059755225 0.38429804279800606 0.28258532588643076 0.12357282263212775 0.21027985071187077 0.21027985073198918 0.13110454034752733 0.5252627867130991 0.290991081988751 0.07996378279914367 0.11970891297274935 0.13110453957438054 0.14188108616486653 0.5123546661973046 0.7483061421816307 0.30814097776500093 0.24920649769621508
46 0.14182325052387484 -0.011836070693769603 -0.011836072056660676 0.09236351532393398 0.6114897403452582 0.015613972209313418 0.295730882745452 0.132710282295431 0.13271028234296028 0.06437226923148649 0.49353560166059496 -0.011836070149506302 0.11150193320002746 0.30015632120934715 0.06437226869691068 -0.0036027321922192353 0.11519480011554148 0.31655148915386966 0.8876275265195408 0.4381790900508536
45 0.19791963300234092 0.09157430070790158 0.09157429903897168 0.09878005759874901 0.5844895475943762 0.11983864950977216 0.18098938124366395 0.17145850764542694 0.17145850765696918 0.09354599411861816 0.6209815277789769 0.09157430143148933 0.083636219839863 0.188019213282738 0.09354599348281173 0.037837661379045394 0.3272626265918609 0.6319931485564662 0.6686308609932498 0.27183054143677254
41 0.16462076101423165 0.049642875143231256 0.04964287355337397 0.13456491294793566 0.5975132972167676 0.06035502253260659 0.23904832331408246 0.19125961068885908 0.19125961072617223 0.0868735517831251 0.43369812331704594 0.049642875663448605 0.04084694916489325 0.21477622167407037 0.08687355118904615 -0.03780883907978281 0.37780032170300154 0.5807498152146404 0.7586448609722637 0.37250007599206747
82 0.23070069896412415 0.28457133922206235 0.2845713381334358 0.3324031821210221 0.07292474041758569 0.258567908151538 -0.04994538106792849 0.2296511040011931 0.22965110404795258 0.4929176036755293 0.11528285093383325 0.2845713402560054 0.2926945223523039 -0.043944820322831535 0.4929176030422289 0.8773067919876295 0.1874165819703442 0.1418810861648673 -0.03569410156887971 0.013046151203893689
11 0.16463349638016123 0.028494932109083004 0.028494930554972108 0.07866843943668396 0.6245582172371834 0.05978096279688735 0.21813362045365609 0.1537159691447895 0.15371596915313016 0.07186749607488119 0.5602395621527986 0.028494932791687598 0.07120292889934841 0.22371276123721476 0.07186749551504588 -0.006776126528969135 0.23838502905467338 0.5100802331373607 0.8286036776373135 0.2871668004761206
169 0.18153183341792228 0.6148065140037194 0.6148065132398067 0.1469862901808222 0.014535767273974915 0.6615847998171241 0.005068896236977463 0.14606996635092576 0.1460699664375519 0.14897863555022023 0.24692049041984013 0.6148065150173795 0.06922697751346238 0.0030915743636201047 0.1489786350683304 0.2585679081515377 0.2687281778369418 0.2825853258864373 -0.01820522969482071 0.03816743716524044
38 0.17217908161383824 0.04078901188062113 0.040789010319531235 0.10387910269140174 0.5437132390797897 0.05773449070453179 0.27113154640942694 0.17805687443728044 0.1780568744917435 0.07238691701860038 0.5664685176332951 0.04078901256004687 0.07703093487862742 0.24002824187851574 0.07238691634600285 -0.012929036339508712 0.24871758911614053 0.48796648152930094 0.7957461031743163 0.4260520756318843
10 0.16086369569857759 -0.0001643764196030839 -0.00016437798742627866 0.06890455128776095 0.5964540266595454 0.03268917853469305 0.2510864734106904 0.14579598098177726 0.14579598102744953 0.05730277237238783 0.5252968899416697 -0.00016437584399512617 0.06456686275798347 0.2459710086474803 0.057302771785661274 -0.02482405784425362 0.15109150407943311 0.428872996010111 0.9045537790486534 0.33694348147891157
90 0.22018285627491282 0.6237996023591946 0.6237996016939042 0.13861877103473066 0.010278868733913607 0.614806514015671 0.0008521779631227311 0.1429988340889474 0.14299883417903828 0.14815114372456292 0.2406431624561478 0.6237996033721604 0.07461115954792122 0.002477437045355306 0.14815114335711468 0.28457133919531763 0.2662022540600118 0.2909910808339192 -0.017212709909825815 0.04170802530161506
127 0.18153183341792228 0.6148065140037194 0.6148065132398067 0.1469862901808222 0.014535767273974915 0.6615847998171241 0.005068896236977463 0.14606996635092576 0.1460699664375519 0.14897863555022023 0.24692049041984013 0.6148065150173795 0.06922697751346238 0.0030915743636201047 0.1489786350683304 0.2585679081515377 0.2687281778369418 0.2825853258864373 -0.01820522969482071 0.03816743716524044
203 0.23070069896412415 0.28457133922206235 0.2845713381334358 0.3324031821210221 0.07292474041758569 0.258567908151538 -0.04994538106792849 0.2296511040011931 0.22965110404795258 0.4929176036755293 0.11528285093383325 0.2845713402560054 0.2926945223523039 -0.043944820322831535 0.4929176030422289 0.8773067919876295 0.1874165819703442 0.1418810861648673 -0.03569410156887971 0.013046151203893689
50 0.18505833398939475 0.04776047175190059 0.04776047024451394 0.11777471999674498 0.4963452513894526 0.05584275943158146 0.3091745064063424 0.1984009014742076 0.19840090154684992 0.07385231189424522 0.5503448397840353 0.0477604723896407 0.08206084622261328 0.2549071304414737 0.073852311165594 -0.01727684394056794 0.26430848429326337 0.4714875078080642 0.7633122186039148 0.5030263441401637
189 0.1767591690623041 0.03839493044330437 0.03839492951907249 0.23618393824599385 0.35369296451434024 0.01129635813142015 0.5253602227851479 0.3405348031591964 0.3405348034241033 0.15665972413632093 0.31588301431570626 0.0383949308853205 0.3459437231087069 0.6130396490021569 0.15665972381461354 0.004535541126764229 0.23974959903648538 0.12485078634217915 0.39387877490807405 0.6310081033710494
96 0.22018285627491282 0.6237996023591946 0.6237996016939042 0.13861877103473066 0.010278868733913607 0.614806514015671 0.0008521779631227311 0.1429988340889474 0.14299883417903828 0.14815114372456292 0.2406431624561478 0.6237996033721604 0.07461115954792122 0.002477437045355306 0.14815114335711468 0.28457133919531763 0.2662022540600118 0.2909910808339192 -0.017212709909825815 0.04170802530161506
57 0.14513513502604597 -0.00881019733956752 -0.008810198624326299 0.07849188085694356 0.63929711498462 -0.004802227981762315 0.30373492318434636 0.1517398106866761 0.15173981074139328 0.060873638838501824 0.35363093056456746 -0.0088101968376816 0.05680875087864472 0.28835540400514964 0.06087363836719902 -0.053000158234176295 0.2858232788391456 0.3820392870171344 0.8983692676076194 0.41003442628153086
201 0.22018285627491282 0.6237996023591946 0.6237996016939042 0.13861877103473066 0.010278868733913607 0.614806514015671 0.0008521779631227311 0.1429988340889474 0.14299883417903828 0.14815114372456292 0.2406431624561478 0.6237996033721604 0.07461115954792122 0.002477437045355306 0.14815114335711468 0.28457133919531763 0.2662022540600118 0.2909910808339192 -0.017212709909825815 0.04170802530161506
43 0.16647257177145114 0.03356237293283648 0.03356237128320218 0.09367273040514595 0.613504672149727 0.0628632269698109 0.21607784316807313 0.15975689094350912 0.1597568910029342 0.07472214996300568 0.5385958849626684 0.03356237341456983 0.06044681641575745 0.21481054330732002 0.07472214933126148 -0.014680677301004877 0.2507124206020592 0.5444271820658501 0.8178277202793643 0.30382754169000936
21 0.14058589256600978 -0.011205349916364328 -0.01120535123180872 0.10123075729602682 0.7326620134567127 -0.0014675610744914766 0.2554550284337932 0.15088824262814302 0.15088824270830806 0.07525187918032805 0.3685909419334505 -0.011205349397473608 0.08932467820370482 0.258371808551513 0.07525187874661886 -0.020769079850696207 0.24462994536063615 0.38386069342204754 0.8809607688776647 0.33738689281663353
157 0.11946856754170113 0.060250068518651875 0.0602500671890953 0.4787530981887112 0.36461781927922265 0.0411626592383254 0.36586051714804774 0.28852927159754316 0.2885292718096671 0.18776513014295762 0.29915233414411624 0.060250069004662524 0.37129835531641686 0.42925904538191934 0.18776512966636455 0.04905917577730469 0.2613293017636007 0.2512091049518854 0.3897158806374268 0.7318976004983039
99 0.06416650522239055 0.38342754531080164 0.3834275428115658 0.6437513886185943 0.08506141907054593 0.47193600529642626 -0.05909840589394815 0.2007154336336511 0.20071543369835337 0.4205377027263485 0.1563473515946159 0.3834275458465858 0.13102244194106694 0.0052686133477232635 0.4205377020543879 0.6128112422963576 0.11472250974397931 0.13956239956762492 -0.025076923981098995 0.0016102607856940368
48 0.18853301075695295 0.03080542341305205 0.030805421954418592 0.07388939434104437 0.579615201782037 0.04883042718234079 0.27684782846819245 0.1651681147537222 0.16516811481831864 0.07137364250227134 0.5690742542231233 0.030805423947943472 0.09949082033850683 0.2612540964120101 0.07137364192577286 0.0012106919960324007 0.266534777294126 0.43017614196549264 0.8053327522285503 0.40304903896174865
29 0.24977453396521715 0.3113674050145796 0.3113674033860633 0.19379039822158214 0.33804148182256316 0.3129060506182915 0.145763999072291 0.24322055912761406 0.24322055923764485 0.14131285329686047 0.4213633997625673 0.31136740586669964 0.07397614780948973 0.12482363931781806 0.141312852644088 0.13636351175671635 0.6139672709636959 0.6824334552645783 0.27432842638132715 0.2831805896253953
105 0.07587718256877728 0.06235077439659436 0.06235077340532853 0.4595824669893268 0.16791580109371382 0.0836662612366657 0.08858246682963017 0.26914781716741215 0.2691478172991207 0.5145307931692982 0.13131810307746322 0.06235077476923325 0.9299611551965971 0.22865179128911242 0.514530792747496 0.18684729638831205 0.09870079708971784 0.05535837397179146 0.0845617859531988 0.20297636102532973
76 0.18153183341792228 0.6148065140037194 0.6148065132398067 0.1469862901808222 0.014535767273974915 0.6615847998171241 0.005068896236977463 0.14606996635092576 0.1460699664375519 0.14897863555022023 0.24692049041984013 0.6148065150173795 0.06922697751346238 0.0030915743636201047 0.1489786350683304 0.2585679081515377 0.2687281778369418 0.2825853258864373 -0.01820522969482071 0.03816743716524044
61 0.23070069896412415 0.28457133922206235 0.2845713381334358 0.3324031821210221 0.07292474041758569 0.258567908151538 -0.04994538106792849 0.2296511040011931 0.22965110404795258 0.4929176036755293 0.11528285093383325 0.2845713402560054 0.2926945223523039 -0.043944820322831535 0.4929176030422289 0.8773067919876295 0.1874165819703442 0.1418810861648673 -0.03569410156887971 0.013046151203893689
199 0.22018285627491282 0.6237996023591946 0.6237996016939042 0.13861877103473066 0.010278868733913607 0.614806514015671 0.0008521779631227311 0.1429988340889474 0.14299883417903828 0.14815114372456292 0.2406431624561478 0.6237996033721604 0.07461115954792122 0.002477437045355306 0.14815114335711468 0.28457133919531763 0.2662022540600118 0.2909910808339192 -0.017212709909825815 0.04170802530161506
118 0.06416650522239055 0.38342754531080164 0.3834275428115658 0.6437513886185943 0.08506141907054593 0.47193600529642626 -0.05909840589394815 0.2007154336336511 0.20071543369835337 0.4205377027263485 0.1563473515946159 0.3834275458465858 0.13102244194106694 0.0052686133477232635 0.4205377020543879 0.6128112422963576 0.11472250974397931 0.13956239956762492 -0.025076923981098995 0.0016102607856940368
107 0.06626242346916514 0.06238882371906101 0.062388822267760324 0.21230595153368054 0.05582386931184454 0.1660520930021358 0.04734537307013554 0.050164020271779436 0.05016402034611477 0.7116864935309432 0.07634439957522551 0.06238882425033154 0.7434421861934596 -0.09136278945496 0.7116864928569047 0.3444137374000977 0.01605212993897785 0.043834264826710635 -0.026674739614592866 -0.0670176638060665
53 0.13770608368830867 0.0479609350514347 0.04796093356865812 0.30944572561810707 0.8524097529765091 0.07126279225099055 0.18251849851064725 0.28057660532487605 0.2805766053763121 0.22095133679585738 0.2521846122529111 0.047960935830921946 0.26394163173482427 0.1902187580001127 0.2209513361438358 0.235484609111342 0.4888455834462461 0.3878366877927044 0.3682752666638552 0.31515027729357514
68 0.06626242346916514 0.06238882371906101 0.062388822267760324 0.21230595153368054 0.05582386931184454 0.1660520930021358 0.04734537307013554 0.050164020271779436 0.05016402034611477 0.7116864935309432 0.07634439957522551 0.06238882425033154 0.7434421861934596 -0.09136278945496 0.7116864928569047 0.3444137374000977 0.01605212993897785 0.043834264826710635 -0.026674739614592866 -0.0670176638060665
184 0.06626242346916514 0.06238882371906101 0.062388822267760324 0.21230595153368054 0.05582386931184454 0.1660520930021358 0.04734537307013554 0.050164020271779436 0.05016402034611477 0.7116864935309432 0.07634439957522551 0.06238882425033154 0.7434421861934596 -0.09136278945496 0.7116864928569047 0.3444137374000977 0.01605212993897785 0.043834264826710635 -0.026674739614592866 -0.0670176638060665
32 0.13828221105535024 -0.019337718164915425 -0.01933771932039158 0.09743921471555655 0.6811221980936031 -0.011946226587846508 0.33459563532531605 0.15259334970532884 0.15259334979533062 0.0709772714069626 0.3657222857173882 -0.019337717744878195 0.14221146727717143 0.3377993676585864 0.07097727092243536 -0.003857842184943824 0.17985846471100986 0.2559447080761275 0.8624407273459584 0.47031978553584824
