212 0.1609557589472954 0.15775963274078852 0.1989937882834637 0.3092163892548795 0.16160914665608694 0.5529920985995604 0.5529920989576025 0.24238499557734575 0.24927528469750995 0.28825527070701146 0.23289606869136853 0.24927528447288516 0.19258828735244252 0.1577596333532858 0.2421036544636356 0.5529920991607823 0.1609557593571951 0.552992098292632 0.16095575868051634 0.2681580379937558
39 0.15802647058783395 0.003117548884714526 0.6810136021058285 0.2291525380834494 0.5879055290113095 0.20897326727493684 0.20897326768557076 0.5055980601549813 0.08781486816061922 0.2668459682396648 0.17371393735174456 0.08781486785495449 0.7056742816527339 0.0031175498781911043 0.11888614271409718 0.2089732676621818 0.1580264712198626 0.20897326698425037 0.15802647056415173 0.029349318716277804
54 0.001740437250003106 -0.022589039900949626 0.653795154216477 0.3413262704222779 0.800193231361125 0.159981467349047 0.15998146738136887 0.30318545146258 0.07997847287488062 0.48541691134252196 0.07233455408001493 0.07997847267418212 0.5866836641615821 -0.022589039322603185 0.08594842025447867 0.15998146771075228 0.0017404378043227855 0.1599814668691756 0.0017404373466894355 -0.0075792589144163865
62 0.31454298131586417 0.3564962486362706 0.0051360794051872145 -0.014475092932128912 0.03727673308427044 0.2612349610712921 0.2612349614446878 0.19977647441511595 0.2262335652257726 0.013299501340931346 0.35629131033311684 0.22623356494837069 0.04306373459983205 0.35649624966027443 0.27536507281591255 0.261234961849146 0.31454298199669367 0.26123495993884677 0.3145429811140501 0.8996692934959742
123 0.7300127392141779 0.0839998003550588 0.14876458875534207 0.012326004248635867 0.011060807851448782 0.16095575899047448 0.16095575960577896 0.31563083044724327 0.08589319180633856 0.012263455618911824 0.14575037570872687 0.08589319159276933 0.1341900423017245 0.08399980169376217 0.1170160792479747 0.16095575976421173 0.7300127407414753 0.16095575784531085 0.7300127400558982 0.30598801832225914
4 -0.03382613612169648 -0.025845913008121457 0.7351589531738725 0.3582368070582462 0.8735167508197405 0.11973932579031775 0.11973932587443736 0.19323916124565438 0.07198235479675275 0.3959283604049145 0.048633439529110686 0.0719823545859957 0.5122249236632772 -0.025845912617829887 0.05021738140114291 0.11973932596606487 -0.03382613569006623 0.11973932548707111 -0.03382613611228 -0.02385947987571302
83 0.30598801828136474 0.33652591430030154 0.022889395654807188 -0.01903287931022679 0.02670798599673918 0.2681580377471327 0.26815803793899934 0.15385317969542783 0.24369509882394938 -0.0035879406938203948 0.34434586013609736 0.2436950985868493 0.06414667069630803 0.3365259154993909 0.28118917991545245 0.26815803853095305 0.3059880187164027 0.26815803732500393 0.30598801789000113 0.9269119117152096
201 0.7300127392141779 0.0839998003550588 0.14876458875534207 0.012326004248635867 0.011060807851448782 0.16095575899047448 0.16095575960577896 0.31563083044724327 0.08589319180633856 0.012263455618911824 0.14575037570872687 0.08589319159276933 0.1341900423017245 0.08399980169376217 0.1170160792479747 0.16095575976421173 0.7300127407414753 0.16095575784531085 0.7300127400558982 0.30598801832225914
189 0.032508566745024246 0.0005833002446587935 0.46737058558315414 0.5943005759222919 0.34226300795895215 0.27217628483960415 0.27217628498019497 0.27180720331285674 0.2296716772827846 0.7494387441814714 0.26663089126358647 0.22967167705470107 0.293318602893491 0.0005833012138146686 0.3145022090944232 0.2721762850293773 0.03250856716135257 0.27217628434361574 0.03250856681110942 -0.02855066570301428
157 0.01226345547936127 0.02146553631847665 0.3444270100626851 0.6946729321014284 0.3346248912418623 0.2882552706887466 0.288255271013886 0.2441185188202144 0.24746860581858593 0.7861231926626674 0.18998521106884492 0.24746860523789915 0.2646274073259174 0.021465537141991644 0.21653810094634546 0.28825527113670896 0.012263455774211741 0.28825527001417495 0.012263455228944224 -0.003587940693828912
162 0.2531694414440137 0.06908468719153844 0.13605528400566522 0.1184683722073668 0.1476470277582317 0.5380038683599917 0.5380038685941703 0.42440887008538447 0.07169673069815895 0.33551315065294673 0.06565527005138022 0.07169673039228229 0.21668835810814255 0.06908468873328474 -0.05259776378885524 0.538003869043577 0.2531694423799615 0.5380038674769712 0.2531694412969589 0.2996705462789228
0 0.022106581369110416 -0.0030368156390472674 0.6755220045804419 0.3747170022716941 0.7016736400848381 0.15755963243205706 0.1575596325140979 0.4249191158930399 0.1053874832306364 0.5235955722661417 0.058058552038998235 0.10538748303769287 0.5290508497139668 -0.0030368146041430425 0.05114602729872025 0.15755963277584537 0.022106581741825126 0.15755963190194638 0.022106581205809838 0.041699439376245026
135 0.30598801828136474 0.33652591430030154 0.022889395654807188 -0.01903287931022679 0.02670798599673918 0.2681580377471327 0.26815803793899934 0.15385317969542783 0.24369509882394938 -0.0035879406938203948 0.34434586013609736 0.2436950985868493 0.06414667069630803 0.3365259154993909 0.28118917991545245 0.26815803853095305 0.3059880187164027 0.26815803732500393 0.30598801789000113 0.9269119117152096
15 0.11309082226159611 0.0253462759713363 0.7243664685640051 0.2860663002839101 0.6330104827064785 0.16311130121148953 0.1631113014016387 0.5417043859622862 0.10482705816373396 0.24835287118665594 0.11137706385563172 0.1048270580042413 0.652813021525803 0.025346276738437302 0.04747164579205545 0.16311130162249263 0.11309082262741789 0.16311130066787421 0.11309082207492445 0.06385021295028724
179 0.4376317508047496 0.25205914662554935 0.05178896364655408 0.03176593201934694 0.053099025927073246 0.21097256105624734 0.21097256141145473 0.15615731951751569 0.19388769080070467 -0.07866113605462077 0.5376531198337842 0.19388769063518776 0.027280659693231984 0.25205914762169856 0.4473093533646795 0.21097256160343808 0.4376317515661598 0.21097256027645395 0.43763175085266914 0.6944549385224729
207 0.2531694414440137 0.06908468719153844 0.13605528400566522 0.1184683722073668 0.1476470277582317 0.5380038683599917 0.5380038685941703 0.42440887008538447 0.07169673069815895 0.33551315065294673 0.06565527005138022 0.07169673039228229 0.21668835810814255 0.06908468873328474 -0.05259776378885524 0.538003869043577 0.2531694423799615 0.5380038674769712 0.2531694412969589 0.2996705462789228
143 0.01226345547936127 0.02146553631847665 0.3444270100626851 0.6946729321014284 0.3346248912418623 0.2882552706887466 0.288255271013886 0.2441185188202144 0.24746860581858593 0.7861231926626674 0.18998521106884492 0.24746860523789915 0.2646274073259174 0.021465537141991644 0.21653810094634546 0.28825527113670896 0.012263455774211741 0.28825527001417495 0.012263455228944224 -0.003587940693828912
48 0.002500033954784729 -0.017182685008263043 0.6676988492539936 0.32604177708038634 0.8316288158118021 0.1487786289260682 0.14877862896204508 0.29867025630649663 0.08037073802914857 0.4144396169396406 0.06912731591525072 0.08037073780415767 0.6062262478358414 -0.017182684442799315 0.06961348891845223 0.14877862919920393 0.0025000343248851374 0.14877862856468374 0.0025000340208954173 -0.004520399050151662
208 0.032508566745024246 0.0005833002446587935 0.46737058558315414 0.5943005759222919 0.34226300795895215 0.27217628483960415 0.27217628498019497 0.27180720331285674 0.2296716772827846 0.7494387441814714 0.26663089126358647 0.22967167705470107 0.293318602893491 0.0005833012138146686 0.3145022090944232 0.2721762850293773 0.03250856716135257 0.27217628434361574 0.03250856681110942 -0.02855066570301428
73 0.7300127392141779 0.0839998003550588 0.14876458875534207 0.012326004248635867 0.011060807851448782 0.16095575899047448 0.16095575960577896 0.31563083044724327 0.08589319180633856 0.012263455618911824 0.14575037570872687 0.08589319159276933 0.1341900423017245 0.08399980169376217 0.1170160792479747 0.16095575976421173 0.7300127407414753 0.16095575784531085 0.7300127400558982 0.30598801832225914
5 -0.01599733114669084 -0.00868383785860571 0.596599186545775 0.31083317956784096 0.9166616787751948 0.15248232504744072 0.1524823252401587 0.2408494410667275 0.09218704757223349 0.3792151977353511 0.11059410102489482 0.09218704726072863 0.6073331989973966 -0.008683837418972587 0.09537272072752122 0.15248232532557024 -0.015997330733576627 0.1524823247250897 -0.0159973311636638 -0.008027790518057864
127 0.7300127392141779 0.0839998003550588 0.14876458875534207 0.012326004248635867 0.011060807851448782 0.16095575899047448 0.16095575960577896 0.31563083044724327 0.08589319180633856 0.012263455618911824 0.14575037570872687 0.08589319159276933 0.1341900423017245 0.08399980169376217 0.1170160792479747 0.16095575976421173 0.7300127407414753 0.16095575784531085 0.7300127400558982 0.30598801832225914
138 0.2531694414440137 0.06908468719153844 0.13605528400566522 0.1184683722073668 0.1476470277582317 0.5380038683599917 0.5380038685941703 0.42440887008538447 0.07169673069815895 0.33551315065294673 0.06565527005138022 0.07169673039228229 0.21668835810814255 0.06908468873328474 -0.05259776378885524 0.538003869043577 0.2531694423799615 0.5380038674769712 0.2531694412969589 0.2996705462789228
194 0.2531694414440137 0.06908468719153844 0.13605528400566522 0.1184683722073668 0.1476470277582317 0.5380038683599917 0.5380038685941703 0.42440887008538447 0.07169673069815895 0.33551315065294673 0.06565527005138022 0.07169673039228229 0.21668835810814255 0.06908468873328474 -0.05259776378885524 0.538003869043577 0.2531694423799615 0.5380038674769712 0.2531694412969589 0.2996705462789228
196 0.7300127392141779 0.0839998003550588 0.14876458875534207 0.012326004248635867 0.011060807851448782 0.16095575899047448 0.16095575960577896 0.31563083044724327 0.08589319180633856 0.012263455618911824 0.14575037570872687 0.08589319159276933 0.1341900423017245 0.08399980169376217 0.1170160792479747 0.16095575976421173 0.7300127407414753 0.16095575784531085 0.7300127400558982 0.30598801832225914
218 0.1428403952469123 0.22856899466855551 0.15750746422317094 0.17494615130861732 0.13322023881008158 0.23183304544710392 0.23183304574045588 0.146479567542654 0.4751670744577258 0.17776074580197065 0.7069807254584587 0.4751670741786083 0.11079053027026081 0.22856899558826782 0.6633672580823611 0.2318330457946647 0.14284039559778974 0.23183304433107998 0.14284039502211776 0.29807298890117145
161 0.1609557589472954 0.15775963274078852 0.1989937882834637 0.3092163892548795 0.16160914665608694 0.5529920985995604 0.5529920989576025 0.24238499557734575 0.24927528469750995 0.28825527070701146 0.23289606869136853 0.24927528447288516 0.19258828735244252 0.1577596333532858 0.2421036544636356 0.5529920991607823 0.1609557593571951 0.552992098292632 0.16095575868051634 0.2681580379937558
175 0.4376317508047496 0.25205914662554935 0.05178896364655408 0.03176593201934694 0.053099025927073246 0.21097256105624734 0.21097256141145473 0.15615731951751569 0.19388769080070467 -0.07866113605462077 0.5376531198337842 0.19388769063518776 0.027280659693231984 0.25205914762169856 0.4473093533646795 0.21097256160343808 0.4376317515661598 0.21097256027645395 0.43763175085266914 0.6944549385224729
147 0.1609557589472954 0.15775963274078852 0.1989937882834637 0.3092163892548795 0.16160914665608694 0.5529920985995604 0.5529920989576025 0.24238499557734575 0.24927528469750995 0.28825527070701146 0.23289606869136853 0.24927528447288516 0.19258828735244252 0.1577596333532858 0.2421036544636356 0.5529920991607823 0.1609557593571951 0.552992098292632 0.16095575868051634 0.2681580379937558
122 3.0197425373054193e-05 -0.045554922950398896 0.28874837029509204 0.9515976981240668 0.19709177956222082 0.23342746421892333 0.23342746444119242 0.07034946345270797 -0.01048979647242109 0.7469817827017373 0.13791038830467464 -0.010489796683407786 0.2570872365733416 -0.04555492318620395 0.1218649316473972 0.2334274645124502 3.019739627044463e-05 0.23342746441462514 3.019740410375284e-05 -0.1027401348721911
165 0.7300127392141779 0.0839998003550588 0.14876458875534207 0.012326004248635867 0.011060807851448782 0.16095575899047448 0.16095575960577896 0.31563083044724327 0.08589319180633856 0.012263455618911824 0.14575037570872687 0.08589319159276933 0.1341900423017245 0.08399980169376217 0.1170160792479747 0.16095575976421173 0.7300127407414753 0.16095575784531085 0.7300127400558982 0.30598801832225914
214 0.1170160789848828 0.28574193711717555 0.13591232889170676 0.19979756570295015 0.12066306051064452 0.24210365448348506 0.24210365485929947 0.14336553346955885 0.5408382501649837 0.2165381009463533 0.5963695484062966 0.5408382501734641 0.10012722824764289 0.28574193783173657 0.6253106230545578 0.2421036548607592 0.11701607947547814 0.2421036538229508 0.11701607879173814 0.2811891799154573
159 0.30598801828136474 0.33652591430030154 0.022889395654807188 -0.01903287931022679 0.02670798599673918 0.2681580377471327 0.26815803793899934 0.15385317969542783 0.24369509882394938 -0.0035879406938203948 0.34434586013609736 0.2436950985868493 0.06414667069630803 0.3365259154993909 0.28118917991545245 0.26815803853095305 0.3059880187164027 0.26815803732500393 0.30598801789000113 0.9269119117152096
148 0.2531694414440137 0.06908468719153844 0.13605528400566522 0.1184683722073668 0.1476470277582317 0.5380038683599917 0.5380038685941703 0.42440887008538447 0.07169673069815895 0.33551315065294673 0.06565527005138022 0.07169673039228229 0.21668835810814255 0.06908468873328474 -0.05259776378885524 0.538003869043577 0.2531694423799615 0.5380038674769712 0.2531694412969589 0.2996705462789228
185 0.05738899279257811 0.47743822303478234 0.06988567737093845 0.3046312599878779 0.09402445877085633 0.247822260432904 0.24782226065793753 0.09342567141845821 0.6397130136555053 0.24863372894944094 0.30360909470941777 0.6397130132422089 0.09133093965347336 0.4774382236159123 0.398005915255572 0.2478222608051584 0.057388993035071424 0.2478222600258138 0.05738899225725636 0.1782907978492259
215 0.1170160789848828 0.28574193711717555 0.13591232889170676 0.19979756570295015 0.12066306051064452 0.24210365448348506 0.24210365485929947 0.14336553346955885 0.5408382501649837 0.2165381009463533 0.5963695484062966 0.5408382501734641 0.10012722824764289 0.28574193783173657 0.6253106230545578 0.2421036548607592 0.11701607947547814 0.2421036538229508 0.11701607879173814 0.2811891799154573
154 0.1428403952469123 0.22856899466855551 0.15750746422317094 0.17494615130861732 0.13322023881008158 0.23183304544710392 0.23183304574045588 0.146479567542654 0.4751670744577258 0.17776074580197065 0.7069807254584587 0.4751670741786083 0.11079053027026081 0.22856899558826782 0.6633672580823611 0.2318330457946647 0.14284039559778974 0.23183304433107998 0.14284039502211776 0.29807298890117145
99 0.7300127392141779 0.0839998003550588 0.14876458875534207 0.012326004248635867 0.011060807851448782 0.16095575899047448 0.16095575960577896 0.31563083044724327 0.08589319180633856 0.012263455618911824 0.14575037570872687 0.08589319159276933 0.1341900423017245 0.08399980169376217 0.1170160792479747 0.16095575976421173 0.7300127407414753 0.16095575784531085 0.7300127400558982 0.30598801832225914
45 0.11411973472510073 0.02262014944054159 0.7229467100185338 0.2844646661899814 0.6236602728371918 0.16798938982537842 0.16798939011773378 0.5477714293419692 0.10637854330848166 0.2726786378023939 0.11446169904368442 0.10637854314730337 0.6448923626107217 0.022620149932846362 0.05370141553232797 0.16798939022642312 0.11411973513710985 0.16798938936028981 0.11411973466727626 0.06348771317206493
106 0.08589319163347886 0.37023924117588053 0.10538016408815708 0.24229901483918778 0.1066069358549557 0.24927528467736262 0.24927528515440076 0.12811235090798187 0.6044832106885358 0.2474686055768911 0.4530628774110417 0.6044832101692124 0.09148066850224931 0.3702392417965366 0.5408382501677774 0.24927528490158918 0.08589319201890364 0.2492752838025964 0.08589319124607968 0.24369509872888845
107 0.0839998011249101 0.8269034584892387 0.0015171502918905875 0.03781196208837595 0.009385864311824803 0.15775963309808003 0.15775963320852254 0.04454388259331806 0.37023924159045307 0.02146553674374114 0.19649905854325778 0.370239241444003 0.010571057120268975 0.8269034589651612 0.28574193746230936 0.15775963348357835 0.08399980149815413 0.1577596326729193 0.08399980073470217 0.33652591495868434
94 0.002266776905183084 -0.060975020169379376 0.42770243835879623 0.7624910860765418 0.19962567898574915 0.2295913731973812 0.22959137330414614 0.1057727296335387 -0.000539637869625775 0.8373086274438156 0.18972121937060632 -0.000539638066668326 0.28322493612492483 -0.06097501967943882 0.19532854814121647 0.22959137343979533 0.0022667771982229023 0.22959137317329015 0.0022667770812673776 -0.12982323038176674
7 0.00763819022342932 0.006302795258862026 0.4894651923501869 0.30797521631391633 0.9068603010849426 0.16836807027763417 0.1683680705695494 0.3070597085284738 0.11116807768236853 0.38108569572668016 0.11913124260624619 0.11116807745080799 0.6571458000925927 0.0063027958146552885 0.1310505989105802 0.16836807061489287 0.0076381907159919615 0.1683680700494464 0.007638190308084184 0.0322369843514079
199 0.7300127392141779 0.0839998003550588 0.14876458875534207 0.012326004248635867 0.011060807851448782 0.16095575899047448 0.16095575960577896 0.31563083044724327 0.08589319180633856 0.012263455618911824 0.14575037570872687 0.08589319159276933 0.1341900423017245 0.08399980169376217 0.1170160792479747 0.16095575976421173 0.7300127407414753 0.16095575784531085 0.7300127400558982 0.30598801832225914
115 3.0197425373054193e-05 -0.045554922950398896 0.28874837029509204 0.9515976981240668 0.19709177956222082 0.23342746421892333 0.23342746444119242 0.07034946345270797 -0.01048979647242109 0.7469817827017373 0.13791038830467464 -0.010489796683407786 0.2570872365733416 -0.04555492318620395 0.1218649316473972 0.2334274645124502 3.019739627044463e-05 0.23342746441462514 3.019740410375284e-05 -0.1027401348721911
102 0.08589319163347886 0.37023924117588053 0.10538016408815708 0.24229901483918778 0.1066069358549557 0.24927528467736262 0.24927528515440076 0.12811235090798187 0.6044832106885358 0.2474686055768911 0.4530628774110417 0.6044832101692124 0.09148066850224931 0.3702392417965366 0.5408382501677774 0.24927528490158918 0.08589319201890364 0.2492752838025964 0.08589319124607968 0.24369509872888845
93 0.7300127392141779 0.0839998003550588 0.14876458875534207 0.012326004248635867 0.011060807851448782 0.16095575899047448 0.16095575960577896 0.31563083044724327 0.08589319180633856 0.012263455618911824 0.14575037570872687 0.08589319159276933 0.1341900423017245 0.08399980169376217 0.1170160792479747 0.16095575976421173 0.7300127407414753 0.16095575784531085 0.7300127400558982 0.30598801832225914
101 0.08589319163347886 0.37023924117588053 0.10538016408815708 0.24229901483918778 0.1066069358549557 0.24927528467736262 0.24927528515440076 0.12811235090798187 0.6044832106885358 0.2474686055768911 0.4530628774110417 0.6044832101692124 0.09148066850224931 0.3702392417965366 0.5408382501677774 0.24927528490158918 0.08589319201890364 0.2492752838025964 0.08589319124607968 0.24369509872888845
34 -0.02950140608358558 -0.029528020151170908 0.5683714532729602 0.34645657680816877 0.8679915298358456 0.1557554558513398 0.1557554559160323 0.20025408066891315 0.07797540843495764 0.5408726209484283 0.10538736217186963 0.07797540827080182 0.5641526493529806 -0.029528019448262235 0.13278026859307668 0.15575545611745562 -0.029501405530772067 0.15575545552973105 -0.029501406071356748 -0.03674260431703637
130 0.1170160789848828 0.28574193711717555 0.13591232889170676 0.19979756570295015 0.12066306051064452 0.24210365448348506 0.24210365485929947 0.14336553346955885 0.5408382501649837 0.2165381009463533 0.5963695484062966 0.5408382501734641 0.10012722824764289 0.28574193783173657 0.6253106230545578 0.2421036548607592 0.11701607947547814 0.2421036538229508 0.11701607879173814 0.2811891799154573
40 -0.017126190947426376 -0.01887176972833922 0.6749105403383797 0.4012428972164568 0.7716765417881413 0.14791485748168232 0.14791485760873463 0.2708623437111092 0.10302336684528066 0.5719243355703509 0.11776554791414198 0.10302336684091673 0.4865506836650361 -0.01887176894025446 0.14326566876339958 0.14791485775672833 -0.017126190547473243 0.1479148570025881 -0.01712619086377746 -0.012127213511224269
168 0.7300127392141779 0.0839998003550588 0.14876458875534207 0.012326004248635867 0.011060807851448782 0.16095575899047448 0.16095575960577896 0.31563083044724327 0.08589319180633856 0.012263455618911824 0.14575037570872687 0.08589319159276933 0.1341900423017245 0.08399980169376217 0.1170160792479747 0.16095575976421173 0.7300127407414753 0.16095575784531085 0.7300127400558982 0.30598801832225914
50 0.14876458848576726 0.0015171497061146491 0.7519653136164214 0.28299377382069874 0.5388936943903734 0.1989937880685489 0.1989937887216218 0.5520734972254757 0.10538016414001015 0.3444270100626863 0.1595401337849488 0.10538016407949412 0.5909235522605392 0.001517150639891618 0.13591232889169402 0.19899378869272197 0.14876458902249534 0.19899378750484675 0.14876458853425292 0.022889395654800807
9 0.4024611758121462 0.006646604866946515 0.33557411208237337 0.10038295245774402 0.263491246277025 0.318550836278062 0.31855083674559365 0.5178346689660374 0.09511067807913207 0.26692188281554097 0.19149022572047647 0.09511067799999155 0.5960242288098611 0.006646605791042714 0.21848114717732092 0.31855083691345953 0.40246117689502947 0.31855083554173885 0.4024611763128007 0.16846791826248614
176 0.4376317508047496 0.25205914662554935 0.05178896364655408 0.03176593201934694 0.053099025927073246 0.21097256105624734 0.21097256141145473 0.15615731951751569 0.19388769080070467 -0.07866113605462077 0.5376531198337842 0.19388769063518776 0.027280659693231984 0.25205914762169856 0.4473093533646795 0.21097256160343808 0.4376317515661598 0.21097256027645395 0.43763175085266914 0.6944549385224729
205 0.1609557589472954 0.15775963274078852 0.1989937882834637 0.3092163892548795 0.16160914665608694 0.5529920985995604 0.5529920989576025 0.24238499557734575 0.24927528469750995 0.28825527070701146 0.23289606869136853 0.24927528447288516 0.19258828735244252 0.1577596333532858 0.2421036544636356 0.5529920991607823 0.1609557593571951 0.552992098292632 0.16095575868051634 0.2681580379937558
219 0.1428403952469123 0.22856899466855551 0.15750746422317094 0.17494615130861732 0.13322023881008158 0.23183304544710392 0.23183304574045588 0.146479567542654 0.4751670744577258 0.17776074580197065 0.7069807254584587 0.4751670741786083 0.11079053027026081 0.22856899558826782 0.6633672580823611 0.2318330457946647 0.14284039559778974 0.23183304433107998 0.14284039502211776 0.29807298890117145
113 0.1609557589472954 0.15775963274078852 0.1989937882834637 0.3092163892548795 0.16160914665608694 0.5529920985995604 0.5529920989576025 0.24238499557734575 0.24927528469750995 0.28825527070701146 0.23289606869136853 0.24927528447288516 0.19258828735244252 0.1577596333532858 0.2421036544636356 0.5529920991607823 0.1609557593571951 0.552992098292632 0.16095575868051634 0.2681580379937558
52 -0.03607565803631989 -0.01480712313837617 0.6560390387581133 0.37353920815423064 0.9066373114575333 0.1216004181101595 0.12160041824023189 0.2038713229255388 0.09185887638356381 0.4420912312266569 0.06042797322830372 0.0918588762315721 0.5065030621814659 -0.014807122684173116 0.07077925779102032 0.12160041842434734 -0.03607565761514814 0.12160041774440529 -0.036075658112693525 -0.004472932558233345
182 0.08589319163347886 0.37023924117588053 0.10538016408815708 0.24229901483918778 0.1066069358549557 0.24927528467736262 0.24927528515440076 0.12811235090798187 0.6044832106885358 0.2474686055768911 0.4530628774110417 0.6044832101692124 0.09148066850224931 0.3702392417965366 0.5408382501677774 0.24927528490158918 0.08589319201890364 0.2492752838025964 0.08589319124607968 0.24369509872888845
89 0.7300127392141779 0.0839998003550588 0.14876458875534207 0.012326004248635867 0.011060807851448782 0.16095575899047448 0.16095575960577896 0.31563083044724327 0.08589319180633856 0.012263455618911824 0.14575037570872687 0.08589319159276933 0.1341900423017245 0.08399980169376217 0.1170160792479747 0.16095575976421173 0.7300127407414753 0.16095575784531085 0.7300127400558982 0.30598801832225914
58 -0.03144974833912045 -0.030504604841317208 0.680469100719744 0.40373300951736185 0.7749748129103534 0.14706112866106003 0.14706112865896548 0.21444031991765772 0.08229470633146736 0.5946497514480088 0.11178758785015094 0.08229470610221994 0.4776689547357653 -0.030504604022222364 0.13759130130024522 0.14706112896372417 -0.031449747845859 0.14706112817022007 -0.03144974842694961 -0.034475935494051445
16 -0.006367899962340133 0.00803649196973343 0.6433536957692625 0.4373727383640079 0.7371535044105508 0.1491443013147304 0.14914430160976475 0.3605494541135839 0.1433573501041255 0.5861709340074963 0.10182859689668301 0.14335735005870212 0.4420334884766253 0.00803649296186416 0.11488035297546167 0.14914430163011722 -0.006367899422209375 0.14914430060596295 -0.006367900044746228 0.037175010308077315
63 0.05349709892822512 0.3593757320610317 0.11306886597056184 0.49387791688422034 0.14046321366544945 0.44330560633051724 0.44330560703693556 0.049587027376657676 0.45165248391627016 0.1889063465286737 0.19434513034748252 0.4516524832417309 0.14353444918849442 0.3593757317664483 0.30778979411873025 0.4433056067569475 0.05349709913847002 0.44330560625996435 0.0534970986642082 0.18794214692101635
1 0.2601613989345057 0.05852864533006525 0.5166055454764449 0.20964585646733558 0.3378475290147331 0.233321272830522 0.23332127345582088 0.8266340144191417 0.13461389212667715 0.2690112098870936 0.10131861432988455 0.13461389195441228 0.5348648057782485 0.058528646478982906 0.07968031270512799 0.23332127332290442 0.2601613995269644 0.2333212716946056 0.2601613987387287 0.2022786996430804
53 0.13099579357662558 0.016464460909969586 0.6813596498105615 0.26412361832212305 0.6407126303184071 0.17690811978135376 0.17690812023463331 0.5208565940429725 0.09633737650300221 0.23784975094424815 0.12629346363320004 0.09633737617648112 0.7083329021138347 0.016464461738956177 0.08582434853098918 0.1769081202477944 0.130995793983758 0.17690811944806434 0.13099579363061215 0.05418432990884292
104 0.0839998011249101 0.8269034584892387 0.0015171502918905875 0.03781196208837595 0.009385864311824803 0.15775963309808003 0.15775963320852254 0.04454388259331806 0.37023924159045307 0.02146553674374114 0.19649905854325778 0.370239241444003 0.010571057120268975 0.8269034589651612 0.28574193746230936 0.15775963348357835 0.08399980149815413 0.1577596326729193 0.08399980073470217 0.33652591495868434
61 0.31454298131586417 0.3564962486362706 0.0051360794051872145 -0.014475092932128912 0.03727673308427044 0.2612349610712921 0.2612349614446878 0.19977647441511595 0.2262335652257726 0.013299501340931346 0.35629131033311684 0.22623356494837069 0.04306373459983205 0.35649624966027443 0.27536507281591255 0.261234961849146 0.31454298199669367 0.26123495993884677 0.3145429811140501 0.8996692934959742
116 0.7300127392141779 0.0839998003550588 0.14876458875534207 0.012326004248635867 0.011060807851448782 0.16095575899047448 0.16095575960577896 0.31563083044724327 0.08589319180633856 0.012263455618911824 0.14575037570872687 0.08589319159276933 0.1341900423017245 0.08399980169376217 0.1170160792479747 0.16095575976421173 0.7300127407414753 0.16095575784531085 0.7300127400558982 0.30598801832225914
131 0.0839998011249101 0.8269034584892387 0.0015171502918905875 0.03781196208837595 0.009385864311824803 0.15775963309808003 0.15775963320852254 0.04454388259331806 0.37023924159045307 0.02146553674374114 0.19649905854325778 0.370239241444003 0.010571057120268975 0.8269034589651612 0.28574193746230936 0.15775963348357835 0.08399980149815413 0.1577596326729193 0.08399980073470217 0.33652591495868434
17 0.05768058993000762 0.03340718941908124 0.4595995166509497 0.2618374082461227 0.8144743320238995 0.20012182633719255 0.2001218266243565 0.40566606365325897 0.1402613756726935 0.33244314553603327 0.20142824516981983 0.14026137539716418 0.6942466562857499 0.03340718970378902 0.16532840967440282 0.20012182668504608 0.05768059035533803 0.20012182567020942 0.057680589837454284 0.1020589383599143
108 0.0839998011249101 0.8269034584892387 0.0015171502918905875 0.03781196208837595 0.009385864311824803 0.15775963309808003 0.15775963320852254 0.04454388259331806 0.37023924159045307 0.02146553674374114 0.19649905854325778 0.370239241444003 0.010571057120268975 0.8269034589651612 0.28574193746230936 0.15775963348357835 0.08399980149815413 0.1577596326729193 0.08399980073470217 0.33652591495868434
19 0.027698501985296158 -0.015449319742873531 0.3888763197145621 0.24821862779782414 0.8294387966706477 0.22814514473860642 0.22814514498166466 0.2666535850954809 0.09316942352689751 0.4223885694782483 0.19293581172414234 0.093169423278991 0.7131418741839107 -0.01544931920312997 0.19621620931530376 0.2281451450591241 0.02769850255588393 0.22814514464385863 0.0276985021123412 -0.008791614435415663
169 0.7300127392141779 0.0839998003550588 0.14876458875534207 0.012326004248635867 0.011060807851448782 0.16095575899047448 0.16095575960577896 0.31563083044724327 0.08589319180633856 0.012263455618911824 0.14575037570872687 0.08589319159276933 0.1341900423017245 0.08399980169376217 0.1170160792479747 0.16095575976421173 0.7300127407414753 0.16095575784531085 0.7300127400558982 0.30598801832225914
125 0.7300127392141779 0.0839998003550588 0.14876458875534207 0.012326004248635867 0.011060807851448782 0.16095575899047448 0.16095575960577896 0.31563083044724327 0.08589319180633856 0.012263455618911824 0.14575037570872687 0.08589319159276933 0.1341900423017245 0.08399980169376217 0.1170160792479747 0.16095575976421173 0.7300127407414753 0.16095575784531085 0.7300127400558982 0.30598801832225914
173 0.0839998011249101 0.8269034584892387 0.0015171502918905875 0.03781196208837595 0.009385864311824803 0.15775963309808003 0.15775963320852254 0.04454388259331806 0.37023924159045307 0.02146553674374114 0.19649905854325778 0.370239241444003 0.010571057120268975 0.8269034589651612 0.28574193746230936 0.15775963348357835 0.08399980149815413 0.1577596326729193 0.08399980073470217 0.33652591495868434
172 0.0839998011249101 0.8269034584892387 0.0015171502918905875 0.03781196208837595 0.009385864311824803 0.15775963309808003 0.15775963320852254 0.04454388259331806 0.37023924159045307 0.02146553674374114 0.19649905854325778 0.370239241444003 0.010571057120268975 0.8269034589651612 0.28574193746230936 0.15775963348357835 0.08399980149815413 0.1577596326729193 0.08399980073470217 0.33652591495868434
90 0.7300127392141779 0.0839998003550588 0.14876458875534207 0.012326004248635867 0.011060807851448782 0.16095575899047448 0.16095575960577896 0.31563083044724327 0.08589319180633856 0.012263455618911824 0.14575037570872687 0.08589319159276933 0.1341900423017245 0.08399980169376217 0.1170160792479747 0.16095575976421173 0.7300127407414753 0.16095575784531085 0.7300127400558982 0.30598801832225914
142 0.0839998011249101 0.8269034584892387 0.0015171502918905875 0.03781196208837595 0.009385864311824803 0.15775963309808003 0.15775963320852254 0.04454388259331806 0.37023924159045307 0.02146553674374114 0.19649905854325778 0.370239241444003 0.010571057120268975 0.8269034589651612 0.28574193746230936 0.15775963348357835 0.08399980149815413 0.1577596326729193 0.08399980073470217 0.33652591495868434
86 0.2531694414440137 0.06908468719153844 0.13605528400566522 0.1184683722073668 0.1476470277582317 0.5380038683599917 0.5380038685941703 0.42440887008538447 0.07169673069815895 0.33551315065294673 0.06565527005138022 0.07169673039228229 0.21668835810814255 0.06908468873328474 -0.05259776378885524 0.538003869043577 0.2531694423799615 0.5380038674769712 0.2531694412969589 0.2996705462789228
6 -0.010900450817805543 -0.010059227262474216 0.3536864084476467 0.3123138628638081 0.8776289083064844 0.19705808075083692 0.19705808092595156 0.23423762096537373 0.12245888717171034 0.5412863972443378 0.16706397611272122 0.12245888691828137 0.6219524291332931 -0.010059226641677034 0.1951247491636678 0.19705808107483 -0.01090045022874863 0.19705808049066695 -0.01090045050921251 0.005704841370361019
38 -0.034231836962420444 -0.014708705426836194 0.7117558383473596 0.3540477895418574 0.8917205232544189 0.12489468250897157 0.12489468259796485 0.20447800051205606 0.08835252990349922 0.3933284295611829 0.08203907376046513 0.08835252977731206 0.5103222505809474 -0.014708704939090619 0.0700327951526995 0.12489468273282688 -0.0342318364877411 0.12489468206714502 -0.03423183691138071 -0.015437644837894858
140 0.08589319163347886 0.37023924117588053 0.10538016408815708 0.24229901483918778 0.1066069358549557 0.24927528467736262 0.24927528515440076 0.12811235090798187 0.6044832106885358 0.2474686055768911 0.4530628774110417 0.6044832101692124 0.09148066850224931 0.3702392417965366 0.5408382501677774 0.24927528490158918 0.08589319201890364 0.2492752838025964 0.08589319124607968 0.24369509872888845
72 0.7300127392141779 0.0839998003550588 0.14876458875534207 0.012326004248635867 0.011060807851448782 0.16095575899047448 0.16095575960577896 0.31563083044724327 0.08589319180633856 0.012263455618911824 0.14575037570872687 0.08589319159276933 0.1341900423017245 0.08399980169376217 0.1170160792479747 0.16095575976421173 0.7300127407414753 0.16095575784531085 0.7300127400558982 0.30598801832225914
2 0.023186738523641 0.046174935338166495 0.46232847440711383 0.5271815217899664 0.5321889296014692 0.2326017672768848 0.23260176743730807 0.48228149604561976 0.21750557098637124 0.6971970986074257 0.113574114577957 0.21750557073730434 0.33955144368331325 0.04617493660928157 0.15416551419709382 0.23260176771528762 0.023186739033695246 0.2326017664215944 0.023186738309748395 0.07890305992875919
213 0.2531694414440137 0.06908468719153844 0.13605528400566522 0.1184683722073668 0.1476470277582317 0.5380038683599917 0.5380038685941703 0.42440887008538447 0.07169673069815895 0.33551315065294673 0.06565527005138022 0.07169673039228229 0.21668835810814255 0.06908468873328474 -0.05259776378885524 0.538003869043577 0.2531694423799615 0.5380038674769712 0.2531694412969589 0.2996705462789228
44 0.0006455387344958683 0.00365821502070081 0.6799334301179039 0.40841013504492785 0.7308195101412508 0.15223504090024037 0.15223504091063447 0.35826274273505343 0.1379216281999215 0.560869531049375 0.13041250246197342 0.1379216281798907 0.4609479232988473 0.003658215748593557 0.13141184761297459 0.15223504111975672 0.0006455392186617966 0.15223504021061565 0.0006455385593623718 0.025069555170140142
132 0.0839998011249101 0.8269034584892387 0.0015171502918905875 0.03781196208837595 0.009385864311824803 0.15775963309808003 0.15775963320852254 0.04454388259331806 0.37023924159045307 0.02146553674374114 0.19649905854325778 0.370239241444003 0.010571057120268975 0.8269034589651612 0.28574193746230936 0.15775963348357835 0.08399980149815413 0.1577596326729193 0.08399980073470217 0.33652591495868434
46 0.044319809756017785 0.03559385819913036 0.6172556195449898 0.39348351700012174 0.6352840706625391 0.18942124301397456 0.1894212434976021 0.49773340352532036 0.1906235569164015 0.5508119749261303 0.18388598960025257 0.19062355677058446 0.4421737315281281 0.035593859149742904 0.18202418796814132 0.18942124343563332 0.04431981045835339 0.18942124214856967 0.04431980962901909 0.07266219235984428
129 0.1170160789848828 0.28574193711717555 0.13591232889170676 0.19979756570295015 0.12066306051064452 0.24210365448348506 0.24210365485929947 0.14336553346955885 0.5408382501649837 0.2165381009463533 0.5963695484062966 0.5408382501734641 0.10012722824764289 0.28574193783173657 0.6253106230545578 0.2421036548607592 0.11701607947547814 0.2421036538229508 0.11701607879173814 0.2811891799154573
65 0.2338154796013864 0.44546893771371626 0.02427639192948212 -0.029149005246015637 0.019469653875465703 0.28084581199297093 0.28084581247053964 0.23019665149797938 0.25075865906883876 0.0602243647247646 0.2746941819439133 0.25075865875101605 -0.014399696678098933 0.4454689392604156 0.11739397789882029 0.2808458125757613 0.23381547987966347 0.28084581067673303 0.23381547901183555 0.8851484226931148
100 0.7300127392141779 0.0839998003550588 0.14876458875534207 0.012326004248635867 0.011060807851448782 0.16095575899047448 0.16095575960577896 0.31563083044724327 0.08589319180633856 0.012263455618911824 0.14575037570872687 0.08589319159276933 0.1341900423017245 0.08399980169376217 0.1170160792479747 0.16095575976421173 0.7300127407414753 0.16095575784531085 0.7300127400558982 0.30598801832225914
186 0.05738899279257811 0.47743822303478234 0.06988567737093845 0.3046312599878779 0.09402445877085633 0.247822260432904 0.24782226065793753 0.09342567141845821 0.6397130136555053 0.24863372894944094 0.30360909470941777 0.6397130132422089 0.09133093965347336 0.4774382236159123 0.398005915255572 0.2478222608051584 0.057388993035071424 0.2478222600258138 0.05738899225725636 0.1782907978492259
92 0.7300127392141779 0.0839998003550588 0.14876458875534207 0.012326004248635867 0.011060807851448782 0.16095575899047448 0.16095575960577896 0.31563083044724327 0.08589319180633856 0.012263455618911824 0.14575037570872687 0.08589319159276933 0.1341900423017245 0.08399980169376217 0.1170160792479747 0.16095575976421173 0.7300127407414753 0.16095575784531085 0.7300127400558982 0.30598801832225914
160 0.1609557589472954 0.15775963274078852 0.1989937882834637 0.3092163892548795 0.16160914665608694 0.5529920985995604 0.5529920989576025 0.24238499557734575 0.24927528469750995 0.28825527070701146 0.23289606869136853 0.24927528447288516 0.19258828735244252 0.1577596333532858 0.2421036544636356 0.5529920991607823 0.1609557593571951 0.552992098292632 0.16095575868051634 0.2681580379937558
110 0.30598801828136474 0.33652591430030154 0.022889395654807188 -0.01903287931022679 0.02670798599673918 0.2681580377471327 0.26815803793899934 0.15385317969542783 0.24369509882394938 -0.0035879406938203948 0.34434586013609736 0.2436950985868493 0.06414667069630803 0.3365259154993909 0.28118917991545245 0.26815803853095305 0.3059880187164027 0.26815803732500393 0.30598801789000113 0.9269119117152096
26 0.04462983422887844 -0.0106631888188613 0.6656606079525612 0.2991135348302663 0.743714251515681 0.17982558458423736 0.17982558491421557 0.3975351585711053 0.0873981806857585 0.40683706427980026 0.09887324620072643 0.0873981804913968 0.6442113023408939 -0.010663188124377262 0.08766131188390915 0.17982558494461393 0.04462983481533865 0.1798255842623498 0.04462983427964044 0.012095106021348489
221 0.0839998011249101 0.8269034584892387 0.0015171502918905875 0.03781196208837595 0.009385864311824803 0.15775963309808003 0.15775963320852254 0.04454388259331806 0.37023924159045307 0.02146553674374114 0.19649905854325778 0.370239241444003 0.010571057120268975 0.8269034589651612 0.28574193746230936 0.15775963348357835 0.08399980149815413 0.1577596326729193 0.08399980073470217 0.33652591495868434
77 0.09922220228826724 0.29590026889180576 0.12107960018651609 0.18480015795828428 0.11484406389151058 0.25049875934344906 0.250498759769339 0.13885634876949948 0.5703708006186263 0.26009758654686665 0.5832713995458086 0.5703708006496385 0.10225486892875142 0.2959002699731174 0.5424508410950306 0.2504987596454174 0.09922220282420727 0.25049875834154556 0.09922220193442086 0.31301589812636854
128 0.7300127392141779 0.0839998003550588 0.14876458875534207 0.012326004248635867 0.011060807851448782 0.16095575899047448 0.16095575960577896 0.31563083044724327 0.08589319180633856 0.012263455618911824 0.14575037570872687 0.08589319159276933 0.1341900423017245 0.08399980169376217 0.1170160792479747 0.16095575976421173 0.7300127407414753 0.16095575784531085 0.7300127400558982 0.30598801832225914
144 0.30598801828136474 0.33652591430030154 0.022889395654807188 -0.01903287931022679 0.02670798599673918 0.2681580377471327 0.26815803793899934 0.15385317969542783 0.24369509882394938 -0.0035879406938203948 0.34434586013609736 0.2436950985868493 0.06414667069630803 0.3365259154993909 0.28118917991545245 0.26815803853095305 0.3059880187164027 0.26815803732500393 0.30598801789000113 0.9269119117152096
33 0.01106080764479821 0.009385864072343307 0.5388936943903699 0.2981305108125457 0.9044504686716602 0.1616091465801342 0.16160914674129917 0.3078429906734787 0.10660693588975634 0.33462489124186146 0.13532843984375256 0.10660693584606042 0.659249555433817 0.009385864342700875 0.12066306051063865 0.16160914687588998 0.011060807976872717 0.16160914632321063 0.01106080768950624 0.026707985996733186
95 0.7300127392141779 0.0839998003550588 0.14876458875534207 0.012326004248635867 0.011060807851448782 0.16095575899047448 0.16095575960577896 0.31563083044724327 0.08589319180633856 0.012263455618911824 0.14575037570872687 0.08589319159276933 0.1341900423017245 0.08399980169376217 0.1170160792479747 0.16095575976421173 0.7300127407414753 0.16095575784531085 0.7300127400558982 0.30598801832225914
171 0.1170160789848828 0.28574193711717555 0.13591232889170676 0.19979756570295015 0.12066306051064452 0.24210365448348506 0.24210365485929947 0.14336553346955885 0.5408382501649837 0.2165381009463533 0.5963695484062966 0.5408382501734641 0.10012722824764289 0.28574193783173657 0.6253106230545578 0.2421036548607592 0.11701607947547814 0.2421036538229508 0.11701607879173814 0.2811891799154573
149 0.145750375638119 0.19649905792156336 0.1595401337849516 0.14050333435278853 0.13532843984375834 0.23289606868722523 0.2328960689254219 0.14024868177249578 0.4530628775998971 0.18998521106885183 0.7889807329215104 0.45306287739396583 0.12473595822662287 0.19649905917003133 0.596369548406285 0.23289606908563074 0.14575037595309193 0.23289606809746013 0.14575037520646172 0.3443458601360966
167 0.7300127392141779 0.0839998003550588 0.14876458875534207 0.012326004248635867 0.011060807851448782 0.16095575899047448 0.16095575960577896 0.31563083044724327 0.08589319180633856 0.012263455618911824 0.14575037570872687 0.08589319159276933 0.1341900423017245 0.08399980169376217 0.1170160792479747 0.16095575976421173 0.7300127407414753 0.16095575784531085 0.7300127400558982 0.30598801832225914
18 -0.015092027083046668 -0.014824367458748742 0.5414940263359133 0.31259368628352613 0.9082889744779037 0.16805615409694402 0.1680561541093291 0.23850170157679745 0.09001047331609911 0.4269295526815615 0.11225492646505272 0.09001047313017764 0.6193848521145571 -0.014824367077485351 0.11994030671425747 0.16805615433412538 -0.015092026610258023 0.16805615376363722 -0.01509202703692157 -0.014487793358917292
8 0.11834996502482859 0.001182142597310036 0.6305347992322408 0.2562065353376634 0.5658586334310111 0.23033320985721908 0.2303332101719732 0.5565506754764094 0.11063608397827747 0.4423627399304005 0.13118737482197246 0.1106360837984199 0.6263569840857449 0.0011821434881503627 0.08598576470294364 0.23033321025087247 0.11834996568788281 0.23033320896650641 0.11834996495660803 0.07194903257434856
91 0.7300127392141779 0.0839998003550588 0.14876458875534207 0.012326004248635867 0.011060807851448782 0.16095575899047448 0.16095575960577896 0.31563083044724327 0.08589319180633856 0.012263455618911824 0.14575037570872687 0.08589319159276933 0.1341900423017245 0.08399980169376217 0.1170160792479747 0.16095575976421173 0.7300127407414753 0.16095575784531085 0.7300127400558982 0.30598801832225914
112 0.1609557589472954 0.15775963274078852 0.1989937882834637 0.3092163892548795 0.16160914665608694 0.5529920985995604 0.5529920989576025 0.24238499557734575 0.24927528469750995 0.28825527070701146 0.23289606869136853 0.24927528447288516 0.19258828735244252 0.1577596333532858 0.2421036544636356 0.5529920991607823 0.1609557593571951 0.552992098292632 0.16095575868051634 0.2681580379937558
76 0.7300127392141779 0.0839998003550588 0.14876458875534207 0.012326004248635867 0.011060807851448782 0.16095575899047448 0.16095575960577896 0.31563083044724327 0.08589319180633856 0.012263455618911824 0.14575037570872687 0.08589319159276933 0.1341900423017245 0.08399980169376217 0.1170160792479747 0.16095575976421173 0.7300127407414753 0.16095575784531085 0.7300127400558982 0.30598801832225914
197 0.7300127392141779 0.0839998003550588 0.14876458875534207 0.012326004248635867 0.011060807851448782 0.16095575899047448 0.16095575960577896 0.31563083044724327 0.08589319180633856 0.012263455618911824 0.14575037570872687 0.08589319159276933 0.1341900423017245 0.08399980169376217 0.1170160792479747 0.16095575976421173 0.7300127407414753 0.16095575784531085 0.7300127400558982 0.30598801832225914
43 0.1341900420112705 0.010571056588173552 0.5909235522605336 0.23903350340864882 0.6592495554338141 0.19258828720799398 0.1925882875058663 0.5024475969239192 0.09148066857764604 0.26462740732591156 0.12473595822661375 0.09148066845284569 0.7665109121729946 0.010571057460892859 0.10012722824762954 0.19258828748316617 0.1341900424874589 0.19258828683878357 0.13419004203619272 0.06414667069630127
71 0.7300127392141779 0.0839998003550588 0.14876458875534207 0.012326004248635867 0.011060807851448782 0.16095575899047448 0.16095575960577896 0.31563083044724327 0.08589319180633856 0.012263455618911824 0.14575037570872687 0.08589319159276933 0.1341900423017245 0.08399980169376217 0.1170160792479747 0.16095575976421173 0.7300127407414753 0.16095575784531085 0.7300127400558982 0.30598801832225914
126 0.7300127392141779 0.0839998003550588 0.14876458875534207 0.012326004248635867 0.011060807851448782 0.16095575899047448 0.16095575960577896 0.31563083044724327 0.08589319180633856 0.012263455618911824 0.14575037570872687 0.08589319159276933 0.1341900423017245 0.08399980169376217 0.1170160792479747 0.16095575976421173 0.7300127407414753 0.16095575784531085 0.7300127400558982 0.30598801832225914
109 0.03978310834617975 -0.009298979821622678 0.5122529753740167 0.4991169061404157 0.3490104429447419 0.26545442924397833 0.2654544295138208 0.27745307974717465 0.22059448211995408 0.7572839975841008 0.3239177556160191 0.22059448180260446 0.32202721491070485 -0.009298978693164022 0.32041743708260156 0.2654544295402487 0.03978310880175423 0.2654544284737626 0.03978310826093622 -0.02979369302995952
42 -0.0188091686337628 -0.02737851998415961 0.6957622311747678 0.3460091917922667 0.834091273763612 0.14397423844102852 0.14397423856144348 0.23795095611005407 0.07181103932118704 0.46026579722343425 0.0694207733574786 0.07181103909855373 0.553197218356355 -0.027378519397454962 0.07538755783854939 0.14397423863762968 -0.018809168261127947 0.14397423801187584 -0.018809168718116238 -0.025675160729529904
27 0.15294638295500995 -0.003564584251077546 0.5921262055513793 0.2233753541079188 0.5973912464095642 0.22649101686998874 0.22649101710342642 0.5083056937019307 0.08969194715812324 0.3339387957595721 0.1566145450472771 0.0896919470157923 0.7269497610070494 -0.0035645834655401655 0.13986454702232612 0.22649101719597345 0.15294638354684534 0.2264910162323526 0.1529463831158162 0.04420630438219784
10 -0.015393697303195876 -0.02312770130552966 0.6775839884066934 0.31317436924016695 0.8837781309296908 0.14018160495207876 0.14018160508318603 0.22810315408217016 0.0698192800102318 0.3610648284981554 0.07150288022917349 0.06981927977985491 0.603149076596041 -0.023127701026066146 0.0636784592590262 0.1401816051653701 -0.015393696900198116 0.14018160473327523 -0.015393697254018932 -0.02937505315607393
152 0.0839998011249101 0.8269034584892387 0.0015171502918905875 0.03781196208837595 0.009385864311824803 0.15775963309808003 0.15775963320852254 0.04454388259331806 0.37023924159045307 0.02146553674374114 0.19649905854325778 0.370239241444003 0.010571057120268975 0.8269034589651612 0.28574193746230936 0.15775963348357835 0.08399980149815413 0.1577596326729193 0.08399980073470217 0.33652591495868434
13 0.3110742715920903 0.05098123567699393 0.5866767760805374 0.1913355572794324 0.33834464679733656 0.20355252192619697 0.20355252219346798 0.7369412294589881 0.11538741227964244 0.16042475391697625 0.16443371825429626 0.11538741209324856 0.6132201853933122 0.05098123668791899 0.09509855091508373 0.20355252249214068 0.3110742723491409 0.2035525209911619 0.31107427172223406 0.15205173208667416
37 0.06694231461850848 0.02871965003827797 0.4212806592333813 0.24592448377041967 0.812096124177031 0.21128947928709127 0.2112894795870333 0.38288639493444365 0.130954114242705 0.3116204459716426 0.2159439770250023 0.13095411410718263 0.7247865705367682 0.028719650337811077 0.18533835926438155 0.21128947975775467 0.06694231504983729 0.21128947915576457 0.06694231450282044 0.09579566866721148
36 0.04869567079239798 0.04554706735224489 0.5695745208694197 0.2965545376823072 0.8100825588631606 0.17380746210812523 0.173807462293787 0.43633641006414686 0.1463144009470127 0.3010783551036401 0.18577890851173337 0.1463144007437683 0.6283023275391656 0.04554706800642715 0.13219349625532317 0.17380746246696185 0.048695671112641975 0.17380746164904667 0.04869567058129775 0.09728242780424826
60 0.02029852346855769 0.07005952299544539 0.34347671298509996 0.63949169564834 0.329040985259663 0.2770659212218011 0.277065921498881 0.252980481866227 0.3565242072034525 0.7029727166162332 0.2553672082081367 0.35652420690415904 0.23760198862949045 0.07005952359058097 0.32316363359980116 0.2770659215973649 0.020298523888528916 0.27706592066303143 0.020298523531345803 0.01947305396225978
174 0.0013105280862280638 -0.04682917520450686 0.4158581101097779 0.743053182737505 0.2060861031030788 0.23069432498585235 0.23069432513846502 0.10560167283189782 0.09005916986798933 0.838246508749125 0.2441866168154415 0.0900591696431774 0.2741745738695885 -0.046829174501407805 0.24123901368453501 0.2306943252234021 0.0013105282721813073 0.230694324633542 0.0013105280351230735 -0.1113944072984713
103 0.0839998011249101 0.8269034584892387 0.0015171502918905875 0.03781196208837595 0.009385864311824803 0.15775963309808003 0.15775963320852254 0.04454388259331806 0.37023924159045307 0.02146553674374114 0.19649905854325778 0.370239241444003 0.010571057120268975 0.8269034589651612 0.28574193746230936 0.15775963348357835 0.08399980149815413 0.1577596326729193 0.08399980073470217 0.33652591495868434
35 -0.011164112283507268 -0.0308848103681443 0.591695362041985 0.2994872203079801 0.8774675406728404 0.15881374715639618 0.15881374739525136 0.2262951124521583 0.06151902123207569 0.4303333132260378 0.08516409985143862 0.061519021142874115 0.6406553845283396 -0.030884809825219003 0.09964519285976396 0.15881374736776738 -0.011164111743829946 0.1588137469539146 -0.011164112055548512 -0.043939305527868185
124 0.7300127392141779 0.0839998003550588 0.14876458875534207 0.012326004248635867 0.011060807851448782 0.16095575899047448 0.16095575960577896 0.31563083044724327 0.08589319180633856 0.012263455618911824 0.14575037570872687 0.08589319159276933 0.1341900423017245 0.08399980169376217 0.1170160792479747 0.16095575976421173 0.7300127407414753 0.16095575784531085 0.7300127400558982 0.30598801832225914
66 0.05738899279257811 0.47743822303478234 0.06988567737093845 0.3046312599878779 0.09402445877085633 0.247822260432904 0.24782226065793753 0.09342567141845821 0.6397130136555053 0.24863372894944094 0.30360909470941777 0.6397130132422089 0.09133093965347336 0.4774382236159123 0.398005915255572 0.2478222608051584 0.057388993035071424 0.2478222600258138 0.05738899225725636 0.1782907978492259
180 0.7138880964104805 0.08096216325444063 0.14229764026572547 -0.0054974676390136396 0.002874135736460253 0.17341626973811242 0.173416270332356 0.32119771053965146 0.09049609929449552 0.03326389342615888 0.14969803723394604 0.09049609916328492 0.1399857135300385 0.0809621648868404 0.06918629100687693 0.17341627037911525 0.7138880979903645 0.17341626865830423 0.7138880969135292 0.36995587001508184
153 0.1428403952469123 0.22856899466855551 0.15750746422317094 0.17494615130861732 0.13322023881008158 0.23183304544710392 0.23183304574045588 0.146479567542654 0.4751670744577258 0.17776074580197065 0.7069807254584587 0.4751670741786083 0.11079053027026081 0.22856899558826782 0.6633672580823611 0.2318330457946647 0.14284039559778974 0.23183304433107998 0.14284039502211776 0.29807298890117145
32 -0.044119953328891466 -0.016101359362843765 0.5787863033155389 0.3794853942056183 0.8993928944881797 0.14299549713595927 0.14299549717124158 0.181422096863909 0.10811895928514467 0.5255581553220253 0.12476959955572516 0.10811895904231773 0.49819186205687743 -0.016101358710110446 0.15237007676469178 0.1429954973589808 -0.044119952782374426 0.14299549675220102 -0.0441199532468941 -0.018774176810696746
163 0.0033617845737101914 -0.06566953871691075 0.47260441416034366 0.6728466277019185 0.20168208836530102 0.23107155580806912 0.23107155608979213 0.11389383887508098 0.0033303076691705144 0.8595445573236647 0.21554973174723716 0.0033303074070179153 0.3008212698350646 -0.06566953785818075 0.20968897209785736 0.23107155613576869 0.0033617848524871512 0.2310715554433123 0.003361784750278289 -0.14195002738709403
151 0.0839998011249101 0.8269034584892387 0.0015171502918905875 0.03781196208837595 0.009385864311824803 0.15775963309808003 0.15775963320852254 0.04454388259331806 0.37023924159045307 0.02146553674374114 0.19649905854325778 0.370239241444003 0.010571057120268975 0.8269034589651612 0.28574193746230936 0.15775963348357835 0.08399980149815413 0.1577596326729193 0.08399980073470217 0.33652591495868434
98 0.7300127392141779 0.0839998003550588 0.14876458875534207 0.012326004248635867 0.011060807851448782 0.16095575899047448 0.16095575960577896 0.31563083044724327 0.08589319180633856 0.012263455618911824 0.14575037570872687 0.08589319159276933 0.1341900423017245 0.08399980169376217 0.1170160792479747 0.16095575976421173 0.7300127407414753 0.16095575784531085 0.7300127400558982 0.30598801832225914
105 0.08589319163347886 0.37023924117588053 0.10538016408815708 0.24229901483918778 0.1066069358549557 0.24927528467736262 0.24927528515440076 0.12811235090798187 0.6044832106885358 0.2474686055768911 0.4530628774110417 0.6044832101692124 0.09148066850224931 0.3702392417965366 0.5408382501677774 0.24927528490158918 0.08589319201890364 0.2492752838025964 0.08589319124607968 0.24369509872888845
190 0.30598801828136474 0.33652591430030154 0.022889395654807188 -0.01903287931022679 0.02670798599673918 0.2681580377471327 0.26815803793899934 0.15385317969542783 0.24369509882394938 -0.0035879406938203948 0.34434586013609736 0.2436950985868493 0.06414667069630803 0.3365259154993909 0.28118917991545245 0.26815803853095305 0.3059880187164027 0.26815803732500393 0.30598801789000113 0.9269119117152096
134 0.30598801828136474 0.33652591430030154 0.022889395654807188 -0.01903287931022679 0.02670798599673918 0.2681580377471327 0.26815803793899934 0.15385317969542783 0.24369509882394938 -0.0035879406938203948 0.34434586013609736 0.2436950985868493 0.06414667069630803 0.3365259154993909 0.28118917991545245 0.26815803853095305 0.3059880187164027 0.26815803732500393 0.30598801789000113 0.9269119117152096
14 0.009219833287636467 -0.004743303111680283 0.7008552627846178 0.3941302075387188 0.689115761928609 0.16418588954909571 0.16418588962361028 0.3536801499170067 0.1340676025745721 0.5786242055238222 0.16568115343424292 0.13406760242125204 0.46471300529785425 -0.004743302066731285 0.16002329592421283 0.16418588979132417 0.009219833809643356 0.1641858887415015 0.009219833213862877 0.007460323817812279
28 0.0008357961585050725 -0.0026398580127397478 0.5851042083162966 0.3952214471699675 0.7523251580469751 0.17319948215782652 0.173199482272636 0.34810042654717344 0.13505049044525147 0.5957134127586565 0.1268340676958841 0.13505049030692778 0.507143842070068 -0.0026398571489169554 0.15075451267449239 0.1731994823664169 0.0008357967313893981 0.17319948140451957 0.0008357961629588501 0.026502492826835682
97 0.7300127392141779 0.0839998003550588 0.14876458875534207 0.012326004248635867 0.011060807851448782 0.16095575899047448 0.16095575960577896 0.31563083044724327 0.08589319180633856 0.012263455618911824 0.14575037570872687 0.08589319159276933 0.1341900423017245 0.08399980169376217 0.1170160792479747 0.16095575976421173 0.7300127407414753 0.16095575784531085 0.7300127400558982 0.30598801832225914
133 0.020560269905837723 0.01681365748296009 0.38307148864265617 0.7037312032825247 0.3286280580758047 0.2865632965114272 0.28656329669900116 0.24993853276820285 0.24054138734837627 0.7463888413499256 0.20044055137122035 0.240541387002558 0.264530419120355 0.016813657977033384 0.2655268044361567 0.28656329691013416 0.020560270388679854 0.28656329628691757 0.020560269842581805 -0.019920917673706042
30 0.06054929335712768 0.025680165353523625 0.4735550326208222 0.25385194178368203 0.7742595026037754 0.22491771030761237 0.22491771055841195 0.406942575687051 0.14357201951540574 0.36909912541474005 0.22132909417559782 0.14357201940096787 0.6728523228016996 0.025680166130711772 0.17989245588033306 0.22491771070092445 0.06054929389383077 0.22491770982009227 0.06054929341726641 0.09566128144975743
84 0.1609557589472954 0.15775963274078852 0.1989937882834637 0.3092163892548795 0.16160914665608694 0.5529920985995604 0.5529920989576025 0.24238499557734575 0.24927528469750995 0.28825527070701146 0.23289606869136853 0.24927528447288516 0.19258828735244252 0.1577596333532858 0.2421036544636356 0.5529920991607823 0.1609557593571951 0.552992098292632 0.16095575868051634 0.2681580379937558
114 0.2531694414440137 0.06908468719153844 0.13605528400566522 0.1184683722073668 0.1476470277582317 0.5380038683599917 0.5380038685941703 0.42440887008538447 0.07169673069815895 0.33551315065294673 0.06565527005138022 0.07169673039228229 0.21668835810814255 0.06908468873328474 -0.05259776378885524 0.538003869043577 0.2531694423799615 0.5380038674769712 0.2531694412969589 0.2996705462789228
206 0.1609557589472954 0.15775963274078852 0.1989937882834637 0.3092163892548795 0.16160914665608694 0.5529920985995604 0.5529920989576025 0.24238499557734575 0.24927528469750995 0.28825527070701146 0.23289606869136853 0.24927528447288516 0.19258828735244252 0.1577596333532858 0.2421036544636356 0.5529920991607823 0.1609557593571951 0.552992098292632 0.16095575868051634 0.2681580379937558
155 0.0839998011249101 0.8269034584892387 0.0015171502918905875 0.03781196208837595 0.009385864311824803 0.15775963309808003 0.15775963320852254 0.04454388259331806 0.37023924159045307 0.02146553674374114 0.19649905854325778 0.370239241444003 0.010571057120268975 0.8269034589651612 0.28574193746230936 0.15775963348357835 0.08399980149815413 0.1577596326729193 0.08399980073470217 0.33652591495868434
111 0.30598801828136474 0.33652591430030154 0.022889395654807188 -0.01903287931022679 0.02670798599673918 0.2681580377471327 0.26815803793899934 0.15385317969542783 0.24369509882394938 -0.0035879406938203948 0.34434586013609736 0.2436950985868493 0.06414667069630803 0.3365259154993909 0.28118917991545245 0.26815803853095305 0.3059880187164027 0.26815803732500393 0.30598801789000113 0.9269119117152096
120 0.7300127392141779 0.0839998003550588 0.14876458875534207 0.012326004248635867 0.011060807851448782 0.16095575899047448 0.16095575960577896 0.31563083044724327 0.08589319180633856 0.012263455618911824 0.14575037570872687 0.08589319159276933 0.1341900423017245 0.08399980169376217 0.1170160792479747 0.16095575976421173 0.7300127407414753 0.16095575784531085 0.7300127400558982 0.30598801832225914
137 0.1609557589472954 0.15775963274078852 0.1989937882834637 0.3092163892548795 0.16160914665608694 0.5529920985995604 0.5529920989576025 0.24238499557734575 0.24927528469750995 0.28825527070701146 0.23289606869136853 0.24927528447288516 0.19258828735244252 0.1577596333532858 0.2421036544636356 0.5529920991607823 0.1609557593571951 0.552992098292632 0.16095575868051634 0.2681580379937558
145 0.30598801828136474 0.33652591430030154 0.022889395654807188 -0.01903287931022679 0.02670798599673918 0.2681580377471327 0.26815803793899934 0.15385317969542783 0.24369509882394938 -0.0035879406938203948 0.34434586013609736 0.2436950985868493 0.06414667069630803 0.3365259154993909 0.28118917991545245 0.26815803853095305 0.3059880187164027 0.26815803732500393 0.30598801789000113 0.9269119117152096
119 0.7300127392141779 0.0839998003550588 0.14876458875534207 0.012326004248635867 0.011060807851448782 0.16095575899047448 0.16095575960577896 0.31563083044724327 0.08589319180633856 0.012263455618911824 0.14575037570872687 0.08589319159276933 0.1341900423017245 0.08399980169376217 0.1170160792479747 0.16095575976421173 0.7300127407414753 0.16095575784531085 0.7300127400558982 0.30598801832225914
192 0.1609557589472954 0.15775963274078852 0.1989937882834637 0.3092163892548795 0.16160914665608694 0.5529920985995604 0.5529920989576025 0.24238499557734575 0.24927528469750995 0.28825527070701146 0.23289606869136853 0.24927528447288516 0.19258828735244252 0.1577596333532858 0.2421036544636356 0.5529920991607823 0.1609557593571951 0.552992098292632 0.16095575868051634 0.2681580379937558
220 0.0839998011249101 0.8269034584892387 0.0015171502918905875 0.03781196208837595 0.009385864311824803 0.15775963309808003 0.15775963320852254 0.04454388259331806 0.37023924159045307 0.02146553674374114 0.19649905854325778 0.370239241444003 0.010571057120268975 0.8269034589651612 0.28574193746230936 0.15775963348357835 0.08399980149815413 0.1577596326729193 0.08399980073470217 0.33652591495868434
74 0.7300127392141779 0.0839998003550588 0.14876458875534207 0.012326004248635867 0.011060807851448782 0.16095575899047448 0.16095575960577896 0.31563083044724327 0.08589319180633856 0.012263455618911824 0.14575037570872687 0.08589319159276933 0.1341900423017245 0.08399980169376217 0.1170160792479747 0.16095575976421173 0.7300127407414753 0.16095575784531085 0.7300127400558982 0.30598801832225914
81 0.012326003962969451 0.03781196203329991 0.28299377382069735 0.8281342283951747 0.2981305108125454 0.3092163891466255 0.30921638935047185 0.20568036459529984 0.24229901496448744 0.6946729321014283 0.14050333435278542 0.24229901459990894 0.23903350340865234 0.03781196198462708 0.19979756570294768 0.3092163894755546 0.012326004446174646 0.30921638896942294 0.012326003963349196 -0.019032879310229418
96 0.7300127392141779 0.0839998003550588 0.14876458875534207 0.012326004248635867 0.011060807851448782 0.16095575899047448 0.16095575960577896 0.31563083044724327 0.08589319180633856 0.012263455618911824 0.14575037570872687 0.08589319159276933 0.1341900423017245 0.08399980169376217 0.1170160792479747 0.16095575976421173 0.7300127407414753 0.16095575784531085 0.7300127400558982 0.30598801832225914
166 0.7300127392141779 0.0839998003550588 0.14876458875534207 0.012326004248635867 0.011060807851448782 0.16095575899047448 0.16095575960577896 0.31563083044724327 0.08589319180633856 0.012263455618911824 0.14575037570872687 0.08589319159276933 0.1341900423017245 0.08399980169376217 0.1170160792479747 0.16095575976421173 0.7300127407414753 0.16095575784531085 0.7300127400558982 0.30598801832225914
75 0.7300127392141779 0.0839998003550588 0.14876458875534207 0.012326004248635867 0.011060807851448782 0.16095575899047448 0.16095575960577896 0.31563083044724327 0.08589319180633856 0.012263455618911824 0.14575037570872687 0.08589319159276933 0.1341900423017245 0.08399980169376217 0.1170160792479747 0.16095575976421173 0.7300127407414753 0.16095575784531085 0.7300127400558982 0.30598801832225914
23 0.04035892960715219 0.0022767365597694544 0.7149657152884892 0.31576479741891594 0.7788260745160583 0.146800934454827 0.14680093485540252 0.39072788718455825 0.09076190165154589 0.30007704631090554 0.07914480000362951 0.09076190140449521 0.6363867731384033 0.0022767371553476835 0.05524213833307789 0.14680093472715 0.04035892994673867 0.14680093417732246 0.040358929564264456 0.021229878561292576
22 0.042368615977307046 0.0006862816184332816 0.7707314445986208 0.33274269561357583 0.7417229645298355 0.1449731527907327 0.14497315301275832 0.4010156737008144 0.09340025470457324 0.31347616275060447 0.08625724474904015 0.0934002546138773 0.5903448852979823 0.0006862822386001166 0.06452721260935107 0.14497315311536782 0.04236861643583081 0.14497315234839414 0.04236861590294263 0.013299056213355543
118 0.7300127392141779 0.0839998003550588 0.14876458875534207 0.012326004248635867 0.011060807851448782 0.16095575899047448 0.16095575960577896 0.31563083044724327 0.08589319180633856 0.012263455618911824 0.14575037570872687 0.08589319159276933 0.1341900423017245 0.08399980169376217 0.1170160792479747 0.16095575976421173 0.7300127407414753 0.16095575784531085 0.7300127400558982 0.30598801832225914
202 0.05292538536280824 -0.017926575614537733 0.5669763867491204 0.428194716029084 0.34521533375192937 0.26064016806386425 0.2606401683466447 0.2757518288401918 0.2035396683663362 0.7127584502694425 0.3801667150282414 0.20353966800798753 0.3461818391071573 -0.017926574238955002 0.34854256277949075 0.2606401682618633 0.05292538589531836 0.26064016736612494 0.052925385365436166 -0.0445976513313233
20 0.05744494614388698 -0.012925660304899212 0.6154912208062471 0.26051604000372597 0.7771669867179181 0.1929227996036754 0.1929227999579595 0.3619615532660922 0.07512503158162509 0.31479674032123667 0.11466111613725484 0.07512503133764858 0.7227692538386432 -0.012925660029446383 0.10195786321337574 0.1929227999254426 0.05744494662845312 0.1929227994316392 0.05744494621837701 -0.003198486498731676
139 0.08589319163347886 0.37023924117588053 0.10538016408815708 0.24229901483918778 0.1066069358549557 0.24927528467736262 0.24927528515440076 0.12811235090798187 0.6044832106885358 0.2474686055768911 0.4530628774110417 0.6044832101692124 0.09148066850224931 0.3702392417965366 0.5408382501677774 0.24927528490158918 0.08589319201890364 0.2492752838025964 0.08589319124607968 0.24369509872888845
209 0.30598801828136474 0.33652591430030154 0.022889395654807188 -0.01903287931022679 0.02670798599673918 0.2681580377471327 0.26815803793899934 0.15385317969542783 0.24369509882394938 -0.0035879406938203948 0.34434586013609736 0.2436950985868493 0.06414667069630803 0.3365259154993909 0.28118917991545245 0.26815803853095305 0.3059880187164027 0.26815803732500393 0.30598801789000113 0.9269119117152096
31 0.06430591706733971 0.02964240902917751 0.5113852669927478 0.2574865429424744 0.7868258600534894 0.2014402016921072 0.2014402020222643 0.4089187095577 0.14005477219362675 0.33158678908218536 0.22737127408497226 0.14005477196742244 0.677778268492819 0.02964240957346247 0.1734745488519912 0.20144020215592304 0.06430591756077503 0.20144020132211823 0.06430591711706568 0.090068415205435
178 0.4376317508047496 0.25205914662554935 0.05178896364655408 0.03176593201934694 0.053099025927073246 0.21097256105624734 0.21097256141145473 0.15615731951751569 0.19388769080070467 -0.07866113605462077 0.5376531198337842 0.19388769063518776 0.027280659693231984 0.25205914762169856 0.4473093533646795 0.21097256160343808 0.4376317515661598 0.21097256027645395 0.43763175085266914 0.6944549385224729
85 0.1609557589472954 0.15775963274078852 0.1989937882834637 0.3092163892548795 0.16160914665608694 0.5529920985995604 0.5529920989576025 0.24238499557734575 0.24927528469750995 0.28825527070701146 0.23289606869136853 0.24927528447288516 0.19258828735244252 0.1577596333532858 0.2421036544636356 0.5529920991607823 0.1609557593571951 0.552992098292632 0.16095575868051634 0.2681580379937558
68 0.0839998011249101 0.8269034584892387 0.0015171502918905875 0.03781196208837595 0.009385864311824803 0.15775963309808003 0.15775963320852254 0.04454388259331806 0.37023924159045307 0.02146553674374114 0.19649905854325778 0.370239241444003 0.010571057120268975 0.8269034589651612 0.28574193746230936 0.15775963348357835 0.08399980149815413 0.1577596326729193 0.08399980073470217 0.33652591495868434
3 0.1224491100780402 0.01792040044413327 0.7349482864559742 0.2903882151948788 0.607430061456906 0.17316652171489666 0.17316652196953472 0.5534278000715072 0.10621713330165869 0.2830733425184339 0.12076049798003449 0.10621713311171085 0.6298645707376404 0.017920400921547824 0.07985722786251936 0.17316652210816347 0.12244911042926498 0.17316652112956107 0.12244910995030117 0.05241292359300332
141 0.0839998011249101 0.8269034584892387 0.0015171502918905875 0.03781196208837595 0.009385864311824803 0.15775963309808003 0.15775963320852254 0.04454388259331806 0.37023924159045307 0.02146553674374114 0.19649905854325778 0.370239241444003 0.010571057120268975 0.8269034589651612 0.28574193746230936 0.15775963348357835 0.08399980149815413 0.1577596326729193 0.08399980073470217 0.33652591495868434
49 0.3156308300270342 0.04454388202547716 0.55207349722548 0.20568036459530092 0.30784299067347953 0.2423849954831429 0.24238499594512958 0.7820084744339999 0.1281123509781837 0.24411851882021565 0.1402486817724951 0.12811235079134506 0.5024475969239268 0.044543883234610025 0.1433655334695492 0.2423849960833536 0.31563083081956383 0.2423849943867299 0.31563082992928454 0.1538531796954226
164 0.7300127392141779 0.0839998003550588 0.14876458875534207 0.012326004248635867 0.011060807851448782 0.16095575899047448 0.16095575960577896 0.31563083044724327 0.08589319180633856 0.012263455618911824 0.14575037570872687 0.08589319159276933 0.1341900423017245 0.08399980169376217 0.1170160792479747 0.16095575976421173 0.7300127407414753 0.16095575784531085 0.7300127400558982 0.30598801832225914
79 0.0839998011249101 0.8269034584892387 0.0015171502918905875 0.03781196208837595 0.009385864311824803 0.15775963309808003 0.15775963320852254 0.04454388259331806 0.37023924159045307 0.02146553674374114 0.19649905854325778 0.370239241444003 0.010571057120268975 0.8269034589651612 0.28574193746230936 0.15775963348357835 0.08399980149815413 0.1577596326729193 0.08399980073470217 0.33652591495868434
117 0.7300127392141779 0.0839998003550588 0.14876458875534207 0.012326004248635867 0.011060807851448782 0.16095575899047448 0.16095575960577896 0.31563083044724327 0.08589319180633856 0.012263455618911824 0.14575037570872687 0.08589319159276933 0.1341900423017245 0.08399980169376217 0.1170160792479747 0.16095575976421173 0.7300127407414753 0.16095575784531085 0.7300127400558982 0.30598801832225914
59 0.1224491100780402 0.01792040044413327 0.7349482864559742 0.2903882151948788 0.607430061456906 0.17316652171489666 0.17316652196953472 0.5534278000715072 0.10621713330165869 0.2830733425184339 0.12076049798003449 0.10621713311171085 0.6298645707376404 0.017920400921547824 0.07985722786251936 0.17316652210816347 0.12244911042926498 0.17316652112956107 0.12244910995030117 0.05241292359300332
150 0.145750375638119 0.19649905792156336 0.1595401337849516 0.14050333435278853 0.13532843984375834 0.23289606868722523 0.2328960689254219 0.14024868177249578 0.4530628775998971 0.18998521106885183 0.7889807329215104 0.45306287739396583 0.12473595822662287 0.19649905917003133 0.596369548406285 0.23289606908563074 0.14575037595309193 0.23289606809746013 0.14575037520646172 0.3443458601360966
56 -0.008897917047166953 -0.03317607073669194 0.5223113698775878 0.3596415729086717 0.749401655728009 0.18796977631468928 0.1879697763532108 0.24717255343620448 0.09155207363746677 0.655480654279511 0.15408781633351 0.09155207346067161 0.5570539602190998 -0.03317606979552186 0.18664293096001242 0.18796977655483144 -0.00889791649842744 0.18796977577121984 -0.008897916836129553 -0.03634859506786331
216 0.0839998011249101 0.8269034584892387 0.0015171502918905875 0.03781196208837595 0.009385864311824803 0.15775963309808003 0.15775963320852254 0.04454388259331806 0.37023924159045307 0.02146553674374114 0.19649905854325778 0.370239241444003 0.010571057120268975 0.8269034589651612 0.28574193746230936 0.15775963348357835 0.08399980149815413 0.1577596326729193 0.08399980073470217 0.33652591495868434
57 0.14128495818934572 0.0135495912354941 0.6817083719446392 0.2487471182427234 0.6298883829012876 0.18393872805074998 0.183938728449667 0.5082636245255681 0.09151582466995437 0.22878137547851893 0.14489302915408186 0.09151582438794885 0.7213211217382353 0.013549591805999071 0.09113278139082734 0.18393872841462242 0.14128495847922498 0.18393872755646695 0.14128495803622848 0.04549551659338442
25 -0.017339469923271452 -0.027490099418199933 0.710165269484969 0.35313810390665523 0.8287925352886627 0.1410145801431951 0.14101458030501884 0.24454047669691945 0.07055971375655239 0.4501328507009954 0.07035881465572708 0.07055971354544575 0.5489066451855767 -0.027490098784655467 0.08619023152172808 0.14101458046487209 -0.017339469512360487 0.14101457980087523 -0.017339469893925197 -0.028478229137272576
203 0.30598801828136474 0.33652591430030154 0.022889395654807188 -0.01903287931022679 0.02670798599673918 0.2681580377471327 0.26815803793899934 0.15385317969542783 0.24369509882394938 -0.0035879406938203948 0.34434586013609736 0.2436950985868493 0.06414667069630803 0.3365259154993909 0.28118917991545245 0.26815803853095305 0.3059880187164027 0.26815803732500393 0.30598801789000113 0.9269119117152096
170 0.1170160789848828 0.28574193711717555 0.13591232889170676 0.19979756570295015 0.12066306051064452 0.24210365448348506 0.24210365485929947 0.14336553346955885 0.5408382501649837 0.2165381009463533 0.5963695484062966 0.5408382501734641 0.10012722824764289 0.28574193783173657 0.6253106230545578 0.2421036548607592 0.11701607947547814 0.2421036538229508 0.11701607879173814 0.2811891799154573
177 0.7138880964104805 0.08096216325444063 0.14229764026572547 -0.0054974676390136396 0.002874135736460253 0.17341626973811242 0.173416270332356 0.32119771053965146 0.09049609929449552 0.03326389342615888 0.14969803723394604 0.09049609916328492 0.1399857135300385 0.0809621648868404 0.06918629100687693 0.17341627037911525 0.7138880979903645 0.17341626865830423 0.7138880969135292 0.36995587001508184
136 0.1609557589472954 0.15775963274078852 0.1989937882834637 0.3092163892548795 0.16160914665608694 0.5529920985995604 0.5529920989576025 0.24238499557734575 0.24927528469750995 0.28825527070701146 0.23289606869136853 0.24927528447288516 0.19258828735244252 0.1577596333532858 0.2421036544636356 0.5529920991607823 0.1609557593571951 0.552992098292632 0.16095575868051634 0.2681580379937558
67 0.05738899279257811 0.47743822303478234 0.06988567737093845 0.3046312599878779 0.09402445877085633 0.247822260432904 0.24782226065793753 0.09342567141845821 0.6397130136555053 0.24863372894944094 0.30360909470941777 0.6397130132422089 0.09133093965347336 0.4774382236159123 0.398005915255572 0.2478222608051584 0.057388993035071424 0.2478222600258138 0.05738899225725636 0.1782907978492259
51 0.044639187754791906 0.00047456493333052345 0.7741134501458847 0.31915095354680184 0.7387818831999133 0.14954609552258644 0.14954609567934857 0.3964469797390108 0.09102546495372227 0.30375318500503345 0.09667504404710295 0.09102546482397553 0.6003784013406631 0.00047456554522855353 0.05883369553788203 0.14954609579427572 0.044639188105915155 0.14954609507300112 0.04463918766386968 0.009817565320074776
156 0.0839998011249101 0.8269034584892387 0.0015171502918905875 0.03781196208837595 0.009385864311824803 0.15775963309808003 0.15775963320852254 0.04454388259331806 0.37023924159045307 0.02146553674374114 0.19649905854325778 0.370239241444003 0.010571057120268975 0.8269034589651612 0.28574193746230936 0.15775963348357835 0.08399980149815413 0.1577596326729193 0.08399980073470217 0.33652591495868434
210 0.30598801828136474 0.33652591430030154 0.022889395654807188 -0.01903287931022679 0.02670798599673918 0.2681580377471327 0.26815803793899934 0.15385317969542783 0.24369509882394938 -0.0035879406938203948 0.34434586013609736 0.2436950985868493 0.06414667069630803 0.3365259154993909 0.28118917991545245 0.26815803853095305 0.3059880187164027 0.26815803732500393 0.30598801789000113 0.9269119117152096
78 0.09922220228826724 0.29590026889180576 0.12107960018651609 0.18480015795828428 0.11484406389151058 0.25049875934344906 0.250498759769339 0.13885634876949948 0.5703708006186263 0.26009758654686665 0.5832713995458086 0.5703708006496385 0.10225486892875142 0.2959002699731174 0.5424508410950306 0.2504987596454174 0.09922220282420727 0.25049875834154556 0.09922220193442086 0.31301589812636854
12 -0.015736759034887145 -0.024361530168276142 0.6758781257583992 0.32377145761908743 0.8785374366420974 0.13990043955165044 0.13990043966744398 0.2317291655236549 0.06999060792242144 0.3795591862092907 0.06768626887281198 0.0699906076795286 0.5947698576048341 -0.024361529677714357 0.0727153148240513 0.13990043978726624 -0.015736758662562893 0.1399004392118984 -0.01573675903414231 -0.028660922155417108
29 0.05046744348235815 -0.012382225739629575 0.6159819542479616 0.27058748209867284 0.7680251167260148 0.18806873609644004 0.18806873643824307 0.37741443501284205 0.08087680601252657 0.37486311444905773 0.10709560821638127 0.08087680586684488 0.6986535700411955 -0.012382225211153688 0.09291471106906304 0.18806873652958778 0.05046744387837767 0.1880687357687431 0.05046744362378119 0.007562914200938441
184 0.0839998011249101 0.8269034584892387 0.0015171502918905875 0.03781196208837595 0.009385864311824803 0.15775963309808003 0.15775963320852254 0.04454388259331806 0.37023924159045307 0.02146553674374114 0.19649905854325778 0.370239241444003 0.010571057120268975 0.8269034589651612 0.28574193746230936 0.15775963348357835 0.08399980149815413 0.1577596326729193 0.08399980073470217 0.33652591495868434
11 0.04788388976480235 -0.0075586638200073825 0.6622875329843891 0.30447708852929184 0.7729630796441969 0.16431223009005674 0.16431223019168636 0.39049745686443316 0.08622828596252118 0.3506684457264105 0.08946750345548139 0.0862282858241116 0.6664126380303272 -0.007558663069801635 0.09666350624441751 0.16431223042116372 0.04788389013181951 0.16431222968822584 0.04788388978090967 0.011707697799577128
187 0.0839998011249101 0.8269034584892387 0.0015171502918905875 0.03781196208837595 0.009385864311824803 0.15775963309808003 0.15775963320852254 0.04454388259331806 0.37023924159045307 0.02146553674374114 0.19649905854325778 0.370239241444003 0.010571057120268975 0.8269034589651612 0.28574193746230936 0.15775963348357835 0.08399980149815413 0.1577596326729193 0.08399980073470217 0.33652591495868434
70 0.0044415003786386215 -0.0665041825556194 0.4874683044805667 0.6739015830034305 0.20019309819166867 0.23075822069933488 0.2307582207863066 0.11595673280609814 0.002625866535141366 0.8406633386923785 0.21729325117435203 0.002625866407292752 0.3008120924934843 -0.06650418195261533 0.21990932602926955 0.23075822094309814 0.004441500695293877 0.2307582202949542 0.004441500568938459 -0.14595491295449128
21 -0.011825549148871083 -0.02939852155075879 0.5942566019768627 0.3006278250709126 0.8913772468079941 0.15796122978866536 0.15796122994129821 0.22329533197469753 0.062430127153547545 0.3994327433273443 0.07890699516923202 0.06243012694280279 0.6428337763749448 -0.02939852105724849 0.09390109212038834 0.1579612301149621 -0.011825548644822175 0.15796122955863093 -0.01182554906217588 -0.04235013340520485
191 0.30598801828136474 0.33652591430030154 0.022889395654807188 -0.01903287931022679 0.02670798599673918 0.2681580377471327 0.26815803793899934 0.15385317969542783 0.24369509882394938 -0.0035879406938203948 0.34434586013609736 0.2436950985868493 0.06414667069630803 0.3365259154993909 0.28118917991545245 0.26815803853095305 0.3059880187164027 0.26815803732500393 0.30598801789000113 0.9269119117152096
41 0.1401895139107331 0.010748454224906695 0.6735716014398461 0.2530251717739812 0.6231454456108084 0.1911820302173973 0.19118203050547242 0.5210286454923501 0.09346458765816076 0.25774204854356325 0.1399712235206014 0.09346458750617379 0.7071162617456878 0.010748454711637094 0.1036060678187608 0.19118203059443734 0.1401895143852522 0.19118202987035035 0.14018951385342107 0.046472227536804196
158 0.30598801828136474 0.33652591430030154 0.022889395654807188 -0.01903287931022679 0.02670798599673918 0.2681580377471327 0.26815803793899934 0.15385317969542783 0.24369509882394938 -0.0035879406938203948 0.34434586013609736 0.2436950985868493 0.06414667069630803 0.3365259154993909 0.28118917991545245 0.26815803853095305 0.3059880187164027 0.26815803732500393 0.30598801789000113 0.9269119117152096
88 0.7300127392141779 0.0839998003550588 0.14876458875534207 0.012326004248635867 0.011060807851448782 0.16095575899047448 0.16095575960577896 0.31563083044724327 0.08589319180633856 0.012263455618911824 0.14575037570872687 0.08589319159276933 0.1341900423017245 0.08399980169376217 0.1170160792479747 0.16095575976421173 0.7300127407414753 0.16095575784531085 0.7300127400558982 0.30598801832225914
204 0.30598801828136474 0.33652591430030154 0.022889395654807188 -0.01903287931022679 0.02670798599673918 0.2681580377471327 0.26815803793899934 0.15385317969542783 0.24369509882394938 -0.0035879406938203948 0.34434586013609736 0.2436950985868493 0.06414667069630803 0.3365259154993909 0.28118917991545245 0.26815803853095305 0.3059880187164027 0.26815803732500393 0.30598801789000113 0.9269119117152096
82 0.30598801828136474 0.33652591430030154 0.022889395654807188 -0.01903287931022679 0.02670798599673918 0.2681580377471327 0.26815803793899934 0.15385317969542783 0.24369509882394938 -0.0035879406938203948 0.34434586013609736 0.2436950985868493 0.06414667069630803 0.3365259154993909 0.28118917991545245 0.26815803853095305 0.3059880187164027 0.26815803732500393 0.30598801789000113 0.9269119117152096
217 0.0839998011249101 0.8269034584892387 0.0015171502918905875 0.03781196208837595 0.009385864311824803 0.15775963309808003 0.15775963320852254 0.04454388259331806 0.37023924159045307 0.02146553674374114 0.19649905854325778 0.370239241444003 0.010571057120268975 0.8269034589651612 0.28574193746230936 0.15775963348357835 0.08399980149815413 0.1577596326729193 0.08399980073470217 0.33652591495868434
69 0.0839998011249101 0.8269034584892387 0.0015171502918905875 0.03781196208837595 0.009385864311824803 0.15775963309808003 0.15775963320852254 0.04454388259331806 0.37023924159045307 0.02146553674374114 0.19649905854325778 0.370239241444003 0.010571057120268975 0.8269034589651612 0.28574193746230936 0.15775963348357835 0.08399980149815413 0.1577596326729193 0.08399980073470217 0.33652591495868434
181 0.08589319163347886 0.37023924117588053 0.10538016408815708 0.24229901483918778 0.1066069358549557 0.24927528467736262 0.24927528515440076 0.12811235090798187 0.6044832106885358 0.2474686055768911 0.4530628774110417 0.6044832101692124 0.09148066850224931 0.3702392417965366 0.5408382501677774 0.24927528490158918 0.08589319201890364 0.2492752838025964 0.08589319124607968 0.24369509872888845
193 0.1609557589472954 0.15775963274078852 0.1989937882834637 0.3092163892548795 0.16160914665608694 0.5529920985995604 0.5529920989576025 0.24238499557734575 0.24927528469750995 0.28825527070701146 0.23289606869136853 0.24927528447288516 0.19258828735244252 0.1577596333532858 0.2421036544636356 0.5529920991607823 0.1609557593571951 0.552992098292632 0.16095575868051634 0.2681580379937558
211 0.1609557589472954 0.15775963274078852 0.1989937882834637 0.3092163892548795 0.16160914665608694 0.5529920985995604 0.5529920989576025 0.24238499557734575 0.24927528469750995 0.28825527070701146 0.23289606869136853 0.24927528447288516 0.19258828735244252 0.1577596333532858 0.2421036544636356 0.5529920991607823 0.1609557593571951 0.552992098292632 0.16095575868051634 0.2681580379937558
121 0.7300127392141779 0.0839998003550588 0.14876458875534207 0.012326004248635867 0.011060807851448782 0.16095575899047448 0.16095575960577896 0.31563083044724327 0.08589319180633856 0.012263455618911824 0.14575037570872687 0.08589319159276933 0.1341900423017245 0.08399980169376217 0.1170160792479747 0.16095575976421173 0.7300127407414753 0.16095575784531085 0.7300127400558982 0.30598801832225914
87 0.002266776905183084 -0.060975020169379376 0.42770243835879623 0.7624910860765418 0.19962567898574915 0.2295913731973812 0.22959137330414614 0.1057727296335387 -0.000539637869625775 0.8373086274438156 0.18972121937060632 -0.000539638066668326 0.28322493612492483 -0.06097501967943882 0.19532854814121647 0.22959137343979533 0.0022667771982229023 0.22959137317329015 0.0022667770812673776 -0.12982323038176674
47 -0.0009188311769396111 -0.011453581980249483 0.6844936033335579 0.3400548789181638 0.8476164715956518 0.13681174313628122 0.13681174324742226 0.3001504529578023 0.0837688853736745 0.3721602302898548 0.052206714536788795 0.08376888516080161 0.5902093312747376 -0.011453581468953044 0.05249045371590408 0.13681174336197266 -0.0009188307206872846 0.13681174274795266 -0.0009188311303451189 0.004527543653576331
55 0.3575916470791634 0.023716643151979404 0.39570300614668896 0.12147251876553622 0.3314911639961684 0.26148323334617996 0.26148323389952843 0.6090526993714952 0.09887410370369035 0.21403862209454827 0.1713397383703882 0.09887410347234263 0.7105813786024114 0.023716644188488394 0.16198653086363313 0.2614832339138326 0.3575916478958868 0.26148323304678883 0.3575916473499254 0.1912586421088191
188 0.0839998011249101 0.8269034584892387 0.0015171502918905875 0.03781196208837595 0.009385864311824803 0.15775963309808003 0.15775963320852254 0.04454388259331806 0.37023924159045307 0.02146553674374114 0.19649905854325778 0.370239241444003 0.010571057120268975 0.8269034589651612 0.28574193746230936 0.15775963348357835 0.08399980149815413 0.1577596326729193 0.08399980073470217 0.33652591495868434
24 -0.018068258554326064 -0.01033130046974731 0.716812847009047 0.3610766222098079 0.822295950111298 0.13810158044505316 0.1381015807249097 0.2672541218525617 0.10111117168429408 0.4628179001434865 0.11765297066203896 0.10111117160677405 0.5091945752795687 -0.010331299778298265 0.10588847078222803 0.13810158083238175 -0.01806825810425887 0.13810157981411875 -0.018068258560251987 -0.007374940366240858
64 0.05349709892822512 0.3593757320610317 0.11306886597056184 0.49387791688422034 0.14046321366544945 0.44330560633051724 0.44330560703693556 0.049587027376657676 0.45165248391627016 0.1889063465286737 0.19434513034748252 0.4516524832417309 0.14353444918849442 0.3593757317664483 0.30778979411873025 0.4433056067569475 0.05349709913847002 0.44330560625996435 0.0534970986642082 0.18794214692101635
80 0.0839998011249101 0.8269034584892387 0.0015171502918905875 0.03781196208837595 0.009385864311824803 0.15775963309808003 0.15775963320852254 0.04454388259331806 0.37023924159045307 0.02146553674374114 0.19649905854325778 0.370239241444003 0.010571057120268975 0.8269034589651612 0.28574193746230936 0.15775963348357835 0.08399980149815413 0.1577596326729193 0.08399980073470217 0.33652591495868434
146 0.1609557589472954 0.15775963274078852 0.1989937882834637 0.3092163892548795 0.16160914665608694 0.5529920985995604 0.5529920989576025 0.24238499557734575 0.24927528469750995 0.28825527070701146 0.23289606869136853 0.24927528447288516 0.19258828735244252 0.1577596333532858 0.2421036544636356 0.5529920991607823 0.1609557593571951 0.552992098292632 0.16095575868051634 0.2681580379937558
183 0.0839998011249101 0.8269034584892387 0.0015171502918905875 0.03781196208837595 0.009385864311824803 0.15775963309808003 0.15775963320852254 0.04454388259331806 0.37023924159045307 0.02146553674374114 0.19649905854325778 0.370239241444003 0.010571057120268975 0.8269034589651612 0.28574193746230936 0.15775963348357835 0.08399980149815413 0.1577596326729193 0.08399980073470217 0.33652591495868434
198 0.7300127392141779 0.0839998003550588 0.14876458875534207 0.012326004248635867 0.011060807851448782 0.16095575899047448 0.16095575960577896 0.31563083044724327 0.08589319180633856 0.012263455618911824 0.14575037570872687 0.08589319159276933 0.1341900423017245 0.08399980169376217 0.1170160792479747 0.16095575976421173 0.7300127407414753 0.16095575784531085 0.7300127400558982 0.30598801832225914
195 0.0008238566866275492 -0.0362735634303055 0.22028461449931955 1.0355473881162975 0.19434920554373977 0.2399235525032635 0.23992355296264506 0.044921374391036786 -0.017399773984918154 0.6478606718578732 0.12076535975098905 -0.01739977405523925 0.25430392247276534 -0.03627356396009663 0.07499165960607296 0.23992355284644926 0.0008238564564571019 0.23992355302110627 0.0008238567460838939 -0.0964292534060841
200 0.7300127392141779 0.0839998003550588 0.14876458875534207 0.012326004248635867 0.011060807851448782 0.16095575899047448 0.16095575960577896 0.31563083044724327 0.08589319180633856 0.012263455618911824 0.14575037570872687 0.08589319159276933 0.1341900423017245 0.08399980169376217 0.1170160792479747 0.16095575976421173 0.7300127407414753 0.16095575784531085 0.7300127400558982 0.30598801832225914
