140 0.3119862068230658 0.2590629252958588 0.05295731195062072 0.09295694815408453 0.3119862070823353 0.2754564567638343 0.3119862075548913 0.3621997214577996 0.045832876981172 0.8644332597408647 0.10488134011084936 0.25906292483546645 0.2903734743847774 0.15213476627384773 0.33164196106301796 0.384387352036248 0.31198620632736873 0.11945527070892449 0.31198620651672077 0.09363544103485012
116 0.1967150643564599 0.4374762484772214 0.3544282251764235 0.0344571720563968 0.19671506463131613 0.060121696236536945 0.19671506482722517 0.6787529251908908 0.4023063452490867 0.22253792735214395 0.12620043145620255 0.4374762484024404 0.06839012772391179 0.03470893095390521 0.7330675453096341 0.24501016407887918 0.19671506374070918 0.03237379427080878 0.19671506389598156 0.031146496185797835
203 0.25983718148878476 0.6817509720217256 0.3070700699425835 0.020143469600533485 0.2598371820193293 0.08084721156916755 0.25983718243706583 0.42775091839615775 0.2436511789774982 0.2086983250828022 0.268524160962928 0.6817509723626906 0.04871469336684938 0.02164386562814996 0.4374762483925284 0.27896590621265294 0.2598371809707586 0.027406953568219074 0.2598371811129479 0.02869208347953771
88 0.06787110102672651 0.26313594989643463 0.8006462590637003 0.07545337518374631 0.06787110084853598 0.08286515035037612 0.0678711012593388 0.39471780423757535 0.8672073745058763 0.047765402048862315 0.28703001264552497 0.2631359497195002 0.07363981467596516 0.03237216645655712 0.38896971535862085 0.16986377130651104 0.06787110067201974 0.0022772708995467948 0.06787110061678513 0.07572812787927706
181 0.3745531800092269 0.20869832490615117 0.04854513305978012 0.08376502092721438 0.37455318059051146 0.3003668367404479 0.3745531809069299 0.21134113814426084 0.04737933909802704 0.87990630216602 0.11808878210258032 0.20869832520518697 0.18649410051977516 0.14659215954846166 0.222537927352143 0.37877154158000914 0.3745531795506483 0.13990358015396573 0.3745531793131447 0.08901054684692991
52 0.019347795462666417 0.06609237228616073 0.11104559603887187 0.6219708434906157 0.019347795560930445 0.3632837944616553 0.019347795837912664 0.0384602988823051 0.1297915108750971 0.07859979628192112 0.2379507867013026 0.06609237235722308 0.5182431923194185 0.4072787333196352 0.061937992878659594 0.17590154928532348 0.019347795337985436 0.5644267297875221 0.019347795253811004 0.7649116734401524
39 0.025761940802992826 0.097587494553019 0.2497651821895239 0.6080377001599816 0.02576194016998478 0.3821449398165188 0.025761940506523025 0.1165611839755969 0.28095642805384713 0.10873785528982281 0.29382903582155434 0.09758749418520625 0.6586050104044844 0.32782007464012475 0.12400818790270594 0.2958141426375661 0.025761940305167087 0.32759817659549634 0.025761940419087515 0.6733210131330241
197 0.1967150643564599 0.4374762484772214 0.3544282251764235 0.0344571720563968 0.19671506463131613 0.060121696236536945 0.19671506482722517 0.6787529251908908 0.4023063452490867 0.22253792735214395 0.12620043145620255 0.4374762484024404 0.06839012772391179 0.03470893095390521 0.7330675453096341 0.24501016407887918 0.19671506374070918 0.03237379427080878 0.19671506389598156 0.031146496185797835
33 0.05216049384084921 0.14099927109620464 0.10410903197910218 0.48329595394450947 0.0521604936997293 0.34126577966319827 0.052160494023721256 0.12386191918778787 0.14204501073395306 0.16187631631844257 0.21983757909763676 0.14099927098881065 0.6452607015297438 0.2644528326963758 0.14068947253780592 0.23433485353224934 0.05216049328849147 0.5948131498900666 0.052160493258995466 0.7412129955719537
91 0.1967150643564599 0.4374762484772214 0.3544282251764235 0.0344571720563968 0.19671506463131613 0.060121696236536945 0.19671506482722517 0.6787529251908908 0.4023063452490867 0.22253792735214395 0.12620043145620255 0.4374762484024404 0.06839012772391179 0.03470893095390521 0.7330675453096341 0.24501016407887918 0.19671506374070918 0.03237379427080878 0.19671506389598156 0.031146496185797835
42 0.010058589758788468 0.020143469567266113 0.07120581175601727 0.7031439889199015 0.010058589763189506 0.40917695524718617 0.010058590018783982 0.030533708279727935 0.07761794409514457 0.0837650209272173 0.18265146109576513 0.02014346961107417 0.5249768067668256 0.5628847994014722 0.034457172056390185 0.1898577069700173 0.01005858971593149 0.5548461949713823 0.010058589783109313 0.5889928771708551
38 0.016715292687039265 0.038903715653354876 0.13256447735934493 0.7057421844291404 0.016715292493359603 0.44129284483597736 0.016715292727388205 0.055369792554236644 0.1446085926405981 0.09696036397714762 0.21605702833302018 0.03890371551433611 0.588147003008882 0.49854026398304835 0.0695250505237003 0.24255030965948815 0.016715292471661362 0.4567398643730015 0.016715292462890715 0.581161363567197
86 0.07841605425252393 0.26852416092313663 0.35544224049858336 0.18265146109576655 0.078416054410432 0.3167955437605447 0.07841605468500236 0.13716973581992625 0.2580963509925766 0.11808878210257885 0.9977118152991509 0.2685241610336127 0.1847163350231684 0.15542121106457019 0.12620043145620347 0.5792111337525885 0.07841605404207211 0.13403651490600962 0.07841605392846368 0.20622114911627315
105 0.3119862068230658 0.2590629252958588 0.05295731195062072 0.09295694815408453 0.3119862070823353 0.2754564567638343 0.3119862075548913 0.3621997214577996 0.045832876981172 0.8644332597408647 0.10488134011084936 0.25906292483546645 0.2903734743847774 0.15213476627384773 0.33164196106301796 0.384387352036248 0.31198620632736873 0.11945527070892449 0.31198620651672077 0.09363544103485012
119 0.06787110102672651 0.26313594989643463 0.8006462590637003 0.07545337518374631 0.06787110084853598 0.08286515035037612 0.0678711012593388 0.39471780423757535 0.8672073745058763 0.047765402048862315 0.28703001264552497 0.2631359497195002 0.07363981467596516 0.03237216645655712 0.38896971535862085 0.16986377130651104 0.06787110067201974 0.0022772708995467948 0.06787110061678513 0.07572812787927706
77 0.3745531800092269 0.20869832490615117 0.04854513305978012 0.08376502092721438 0.37455318059051146 0.3003668367404479 0.3745531809069299 0.21134113814426084 0.04737933909802704 0.87990630216602 0.11808878210258032 0.20869832520518697 0.18649410051977516 0.14659215954846166 0.222537927352143 0.37877154158000914 0.3745531795506483 0.13990358015396573 0.3745531793131447 0.08901054684692991
2 0.010660493417534942 0.03121599625000423 0.03070012329542166 0.4069992641034353 0.010660493377126979 0.45081967372051024 0.010660493605207887 0.02947907270337026 0.03385885965093635 0.16021385302052937 0.18376946080700463 0.031215996182292274 0.6107387175230511 0.6041657625859338 0.030187538106032436 0.24120178678474707 0.010660493588135853 0.5839176969410953 0.01066049356651732 0.6539880094496091
136 0.15826059925514596 0.27896590617918904 0.15298586492146804 0.18985770697001914 0.15826059932632028 0.32428449024841566 0.15826059962761813 0.23489587081912153 0.17581905266586573 0.3787715415800079 0.579211133752592 0.27896590618626776 0.24917033827134574 0.19743409374672483 0.245010164078879 0.865026534785837 0.15826059853843324 0.18178303514675187 0.15826059860052313 0.2169309592044349
64 0.15826059925514596 0.27896590617918904 0.15298586492146804 0.18985770697001914 0.15826059932632028 0.32428449024841566 0.15826059962761813 0.23489587081912153 0.17581905266586573 0.3787715415800079 0.579211133752592 0.27896590618626776 0.24917033827134574 0.19743409374672483 0.245010164078879 0.865026534785837 0.15826059853843324 0.18178303514675187 0.15826059860052313 0.2169309592044349
65 0.07841605425252393 0.26852416092313663 0.35544224049858336 0.18265146109576655 0.078416054410432 0.3167955437605447 0.07841605468500236 0.13716973581992625 0.2580963509925766 0.11808878210257885 0.9977118152991509 0.2685241610336127 0.1847163350231684 0.15542121106457019 0.12620043145620347 0.5792111337525885 0.07841605404207211 0.13403651490600962 0.07841605392846368 0.20622114911627315
217 0.5654480146024861 0.2598371814849529 0.06754887230116206 0.010058589808836504 0.5654480154551336 0.0670744289840033 0.5654480158012519 0.20250551029713174 0.06840702145680254 0.3745531801095604 0.07841605430939201 0.25983718203453404 0.024794988171469783 0.014666326695638826 0.19671506434402333 0.15826059915251817 0.5654480142804061 0.01972406500229048 0.5654480139119085 0.007723746083047804
132 0.5654480146024861 0.2598371814849529 0.06754887230116206 0.010058589808836504 0.5654480154551336 0.0670744289840033 0.5654480158012519 0.20250551029713174 0.06840702145680254 0.3745531801095604 0.07841605430939201 0.25983718203453404 0.024794988171469783 0.014666326695638826 0.19671506434402333 0.15826059915251817 0.5654480142804061 0.01972406500229048 0.5654480139119085 0.007723746083047804
104 0.5654480146024861 0.2598371814849529 0.06754887230116206 0.010058589808836504 0.5654480154551336 0.0670744289840033 0.5654480158012519 0.20250551029713174 0.06840702145680254 0.3745531801095604 0.07841605430939201 0.25983718203453404 0.024794988171469783 0.014666326695638826 0.19671506434402333 0.15826059915251817 0.5654480142804061 0.01972406500229048 0.5654480139119085 0.007723746083047804
183 0.5654480146024861 0.2598371814849529 0.06754887230116206 0.010058589808836504 0.5654480154551336 0.0670744289840033 0.5654480158012519 0.20250551029713174 0.06840702145680254 0.3745531801095604 0.07841605430939201 0.25983718203453404 0.024794988171469783 0.014666326695638826 0.19671506434402333 0.15826059915251817 0.5654480142804061 0.01972406500229048 0.5654480139119085 0.007723746083047804
173 0.5654480146024861 0.2598371814849529 0.06754887230116206 0.010058589808836504 0.5654480154551336 0.0670744289840033 0.5654480158012519 0.20250551029713174 0.06840702145680254 0.3745531801095604 0.07841605430939201 0.25983718203453404 0.024794988171469783 0.014666326695638826 0.19671506434402333 0.15826059915251817 0.5654480142804061 0.01972406500229048 0.5654480139119085 0.007723746083047804
30 0.022263247885473843 0.044905660464279344 0.1035892062294547 0.7083329842422084 0.02226324801842051 0.548264673559816 0.022263248259290318 0.02226411781448157 0.10877913344332771 0.09149036171528496 0.2317319478730517 0.04490566058396034 0.4740842958836272 0.5258090856880245 0.0635808755816553 0.15604123148270022 0.0222632478508525 0.5156632183462568 0.0222632478152716 0.5533685682221596
24 0.0505425854179034 0.11385104087597499 0.03650790471586244 0.3073206764849208 0.050542585375142245 0.5383421913496224 0.05054258557046371 0.08828045839295039 0.05188735848266449 0.2955220992909073 0.216101232835073 0.11385104075561574 0.6480390253639562 0.4504110166352182 0.09189459332974582 0.3387570097010396 0.05054258516795488 0.5829786680805938 0.050542585217442065 0.5837347264072118
79 0.5654480146024861 0.2598371814849529 0.06754887230116206 0.010058589808836504 0.5654480154551336 0.0670744289840033 0.5654480158012519 0.20250551029713174 0.06840702145680254 0.3745531801095604 0.07841605430939201 0.25983718203453404 0.024794988171469783 0.014666326695638826 0.19671506434402333 0.15826059915251817 0.5654480142804061 0.01972406500229048 0.5654480139119085 0.007723746083047804
133 0.04362113128118933 0.03444525612336432 0.08294837944797626 0.24578753350018956 0.04362113071938703 0.6286299050587913 0.04362113093285704 0.12558804381319422 0.05859700822150732 0.4479362051618769 0.214290945695009 0.03444525571971511 0.6377161442451362 0.6134382376883794 0.08944717355466468 0.542221275032118 0.04362113104491047 0.27345109263930956 0.04362113121633002 0.2871512624248514
57 0.05916808037063178 0.17515990764949146 0.45391623027884864 0.65905610532405 0.05916807998708234 0.46985563982658757 0.05916808024288226 0.18790368889150708 0.43789916285923347 0.07635906091888198 0.3704883508926376 0.17515990740682147 0.5148830224803695 0.10257011734459909 0.22580823760742855 0.22209074535980505 0.059168079568050924 0.1559029664931298 0.05916807946489767 0.5008847938087897
138 0.07841605425252393 0.26852416092313663 0.35544224049858336 0.18265146109576655 0.078416054410432 0.3167955437605447 0.07841605468500236 0.13716973581992625 0.2580963509925766 0.11808878210257885 0.9977118152991509 0.2685241610336127 0.1847163350231684 0.15542121106457019 0.12620043145620347 0.5792111337525885 0.07841605404207211 0.13403651490600962 0.07841605392846368 0.20622114911627315
174 -0.015150573594162251 -0.06826838736035308 0.05115264981127819 0.07269342110449283 -0.015150574121404645 0.6263744519289162 -0.015150573982359663 -0.011128217985590449 0.0055768432369259 0.2855748978337335 0.18670884252124095 -0.06826838761365729 0.4818234114293226 0.7746100726065831 0.00469064846431107 0.5780208711890178 -0.015150573183316429 0.1981637540814807 -0.015150573049681176 0.23177613729780427
102 0.2573196354448899 0.2800546775128542 0.06709699211442002 0.10666277089776903 0.2573196351259317 0.2280307994645155 0.25731963543635183 0.49229036499966383 0.043064522527110266 0.810153552774276 0.09293524436726204 0.2800546771665688 0.3671317120977335 0.1532223266666989 0.4364781884168792 0.37558894704303064 0.2573196342545478 0.10382460428861515 0.2573196345745142 0.09962905797273988
19 0.060024872471146316 0.16763399419929245 0.4186315492723082 0.60545056658819 0.06002487182400008 0.5030324671225472 0.06002487208643517 0.2183905422811714 0.49448307282633974 0.10205567224086329 0.3820072521674522 0.16763399390437705 0.5366629223791299 0.12288996201906434 0.21233121552808434 0.27979923580182403 0.0600248716060227 0.11791811549066449 0.06002487161752426 0.4619979957112651
137 0.15826059925514596 0.27896590617918904 0.15298586492146804 0.18985770697001914 0.15826059932632028 0.32428449024841566 0.15826059962761813 0.23489587081912153 0.17581905266586573 0.3787715415800079 0.579211133752592 0.27896590618626776 0.24917033827134574 0.19743409374672483 0.245010164078879 0.865026534785837 0.15826059853843324 0.18178303514675187 0.15826059860052313 0.2169309592044349
83 0.25983718148878476 0.6817509720217256 0.3070700699425835 0.020143469600533485 0.2598371820193293 0.08084721156916755 0.25983718243706583 0.42775091839615775 0.2436511789774982 0.2086983250828022 0.268524160962928 0.6817509723626906 0.04871469336684938 0.02164386562814996 0.4374762483925284 0.27896590621265294 0.2598371809707586 0.027406953568219074 0.2598371811129479 0.02869208347953771
162 0.07841605425252393 0.26852416092313663 0.35544224049858336 0.18265146109576655 0.078416054410432 0.3167955437605447 0.07841605468500236 0.13716973581992625 0.2580963509925766 0.11808878210257885 0.9977118152991509 0.2685241610336127 0.1847163350231684 0.15542121106457019 0.12620043145620347 0.5792111337525885 0.07841605404207211 0.13403651490600962 0.07841605392846368 0.20622114911627315
100 0.0675529162807798 0.28435280996980394 0.8383915790358019 0.07328597792469085 0.06755291621749443 0.08206402114573604 0.06755291633271504 0.3835165996187957 0.8195512153433042 0.04815860395500304 0.3194858727949403 0.28435280993626333 0.07322814376621337 0.03343682215242536 0.3731088677839311 0.16234594189579712 0.06755291606782575 0.0026607877584083495 0.06755291589119686 0.07249794481086536
206 0.15826059925514596 0.27896590617918904 0.15298586492146804 0.18985770697001914 0.15826059932632028 0.32428449024841566 0.15826059962761813 0.23489587081912153 0.17581905266586573 0.3787715415800079 0.579211133752592 0.27896590618626776 0.24917033827134574 0.19743409374672483 0.245010164078879 0.865026534785837 0.15826059853843324 0.18178303514675187 0.15826059860052313 0.2169309592044349
25 0.03603598726477208 0.09842788772676658 0.21293459117473973 0.7241968538080096 0.03603598705740357 0.4571102509861176 0.0360359874291354 0.07668097879983068 0.22990236670421937 0.07650448444798014 0.27450707564260557 0.09842788765193371 0.5365067036627439 0.31561057430131906 0.12276566511617384 0.19223431790388815 0.03603598681136377 0.42113397364952726 0.036035986852054516 0.6530718660590995
62 0.25983718148878476 0.6817509720217256 0.3070700699425835 0.020143469600533485 0.2598371820193293 0.08084721156916755 0.25983718243706583 0.42775091839615775 0.2436511789774982 0.2086983250828022 0.268524160962928 0.6817509723626906 0.04871469336684938 0.02164386562814996 0.4374762483925284 0.27896590621265294 0.2598371809707586 0.027406953568219074 0.2598371811129479 0.02869208347953771
154 0.21693710033414268 0.2828459590680729 0.08246730830039337 0.11956577509139765 0.21693710024030402 0.17974724667703526 0.2169371005153412 0.5852021243505516 0.04042614961970163 0.7461778906829167 0.08430169587081197 0.2828459587395169 0.4152075525426404 0.15142805631106143 0.5173556717599598 0.36063046625462986 0.21693709965145203 0.09451211848527057 0.21693709948986145 0.10453622942832838
131 0.5654480146024861 0.2598371814849529 0.06754887230116206 0.010058589808836504 0.5654480154551336 0.0670744289840033 0.5654480158012519 0.20250551029713174 0.06840702145680254 0.3745531801095604 0.07841605430939201 0.25983718203453404 0.024794988171469783 0.014666326695638826 0.19671506434402333 0.15826059915251817 0.5654480142804061 0.01972406500229048 0.5654480139119085 0.007723746083047804
109 0.04362113128118933 0.03444525612336432 0.08294837944797626 0.24578753350018956 0.04362113071938703 0.6286299050587913 0.04362113093285704 0.12558804381319422 0.05859700822150732 0.4479362051618769 0.214290945695009 0.03444525571971511 0.6377161442451362 0.6134382376883794 0.08944717355466468 0.542221275032118 0.04362113104491047 0.27345109263930956 0.04362113121633002 0.2871512624248514
110 0.25983718148878476 0.6817509720217256 0.3070700699425835 0.020143469600533485 0.2598371820193293 0.08084721156916755 0.25983718243706583 0.42775091839615775 0.2436511789774982 0.2086983250828022 0.268524160962928 0.6817509723626906 0.04871469336684938 0.02164386562814996 0.4374762483925284 0.27896590621265294 0.2598371809707586 0.027406953568219074 0.2598371811129479 0.02869208347953771
45 0.0321604060361073 0.10140136209526562 0.22625475187513608 0.6778942745167555 0.03216040579558061 0.42944767527356464 0.03216040606454927 0.08728425388912223 0.24608162147579254 0.08790971771257391 0.27700759126781527 0.10140136188876325 0.5813708555366814 0.3189691483887201 0.12259993893762981 0.21879311510687327 0.03216040558007273 0.3950491942151251 0.032160405573013834 0.6773500640906356
126 0.06840702156179725 0.24365117904042866 0.7642143038852227 0.07761794409514969 0.06840702142642795 0.08414952922392807 0.06840702168371926 0.40289593322651146 0.9078523298414023 0.04737933909802956 0.25809635099257605 0.24365117896105135 0.0738237747980624 0.030997596321850347 0.40230634524908704 0.17581905266586084 0.06840702112762419 0.0018116166968393224 0.06840702102861568 0.078645285438231
164 0.06840702156179725 0.24365117904042866 0.7642143038852227 0.07761794409514969 0.06840702142642795 0.08414952922392807 0.06840702168371926 0.40289593322651146 0.9078523298414023 0.04737933909802956 0.25809635099257605 0.24365117896105135 0.0738237747980624 0.030997596321850347 0.40230634524908704 0.17581905266586084 0.06840702112762419 0.0018116166968393224 0.06840702102861568 0.078645285438231
130 0.321889166990123 0.2986513059980279 0.056625208583742724 0.07630580424615124 0.3218891674447745 0.30623213173341046 0.3218891676799021 0.2792293445952849 0.025450446519181786 0.8719641342433483 0.13493182679329224 0.2986513060324855 0.25895140857949067 0.15301798994849516 0.24995646599242788 0.37838689826533006 0.3218891665952013 0.13624732413008672 0.32188916676701806 0.0861632184530262
22 0.014105044567980342 0.024745531574931763 0.060092457830543074 0.7570343311452782 0.014105044724430001 0.3858744451379823 0.014105045045333482 0.02873197346093765 0.0756870855510396 0.06911175080954586 0.16921003018188732 0.024745531713791426 0.4541966049504424 0.5275786278477744 0.0336351825670717 0.1334393240197667 0.01410504460072686 0.6078796837311939 0.014105044562206055 0.5985517267311117
186 0.21693710033414268 0.2828459590680729 0.08246730830039337 0.11956577509139765 0.21693710024030402 0.17974724667703526 0.2169371005153412 0.5852021243505516 0.04042614961970163 0.7461778906829167 0.08430169587081197 0.2828459587395169 0.4152075525426404 0.15142805631106143 0.5173556717599598 0.36063046625462986 0.21693709965145203 0.09451211848527057 0.21693709948986145 0.10453622942832838
165 0.06840702156179725 0.24365117904042866 0.7642143038852227 0.07761794409514969 0.06840702142642795 0.08414952922392807 0.06840702168371926 0.40289593322651146 0.9078523298414023 0.04737933909802956 0.25809635099257605 0.24365117896105135 0.0738237747980624 0.030997596321850347 0.40230634524908704 0.17581905266586084 0.06840702112762419 0.0018116166968393224 0.06840702102861568 0.078645285438231
172 0.5654480146024861 0.2598371814849529 0.06754887230116206 0.010058589808836504 0.5654480154551336 0.0670744289840033 0.5654480158012519 0.20250551029713174 0.06840702145680254 0.3745531801095604 0.07841605430939201 0.25983718203453404 0.024794988171469783 0.014666326695638826 0.19671506434402333 0.15826059915251817 0.5654480142804061 0.01972406500229048 0.5654480139119085 0.007723746083047804
178 0.06787110102672651 0.26313594989643463 0.8006462590637003 0.07545337518374631 0.06787110084853598 0.08286515035037612 0.0678711012593388 0.39471780423757535 0.8672073745058763 0.047765402048862315 0.28703001264552497 0.2631359497195002 0.07363981467596516 0.03237216645655712 0.38896971535862085 0.16986377130651104 0.06787110067201974 0.0022772708995467948 0.06787110061678513 0.07572812787927706
143 0.09664585809063535 0.06971298749052321 0.05999188399814517 0.1969197153585575 0.09664585782584735 0.6797860162760448 0.09664585814038432 0.14606612786294076 0.03408796476383287 0.6007018989443185 0.19605889379994532 0.06971298730125228 0.5212389379974196 0.522463838418124 0.09249193368000125 0.5388646332392264 0.09664585794620012 0.3196640308548782 0.09664585797977467 0.23382650422123946
117 0.06787110102672651 0.26313594989643463 0.8006462590637003 0.07545337518374631 0.06787110084853598 0.08286515035037612 0.0678711012593388 0.39471780423757535 0.8672073745058763 0.047765402048862315 0.28703001264552497 0.2631359497195002 0.07363981467596516 0.03237216645655712 0.38896971535862085 0.16986377130651104 0.06787110067201974 0.0022772708995467948 0.06787110061678513 0.07572812787927706
176 0.1967150643564599 0.4374762484772214 0.3544282251764235 0.0344571720563968 0.19671506463131613 0.060121696236536945 0.19671506482722517 0.6787529251908908 0.4023063452490867 0.22253792735214395 0.12620043145620255 0.4374762484024404 0.06839012772391179 0.03470893095390521 0.7330675453096341 0.24501016407887918 0.19671506374070918 0.03237379427080878 0.19671506389598156 0.031146496185797835
216 0.5654480146024861 0.2598371814849529 0.06754887230116206 0.010058589808836504 0.5654480154551336 0.0670744289840033 0.5654480158012519 0.20250551029713174 0.06840702145680254 0.3745531801095604 0.07841605430939201 0.25983718203453404 0.024794988171469783 0.014666326695638826 0.19671506434402333 0.15826059915251817 0.5654480142804061 0.01972406500229048 0.5654480139119085 0.007723746083047804
14 0.009195697340005799 0.0169470522522997 0.03737371619607505 0.41678109065939245 0.009195697180561254 0.511038668790612 0.009195697356372892 0.032778755104632136 0.029793114788739878 0.17281749856573866 0.19004682576491247 0.016947052159222525 0.6230142455118524 0.6430131604846864 0.03131277545919702 0.3030338943723726 0.009195697438254612 0.52585340243295 0.00919569742847355 0.5674868477962762
35 0.013476123810839196 0.02965156556029028 0.059330540166969765 0.7140959777185591 0.013476124014837165 0.3531256403645214 0.01347612426441119 0.030148122941646874 0.0767742103901136 0.06777602281460572 0.17940669954558885 0.029651565684266027 0.4641854722255577 0.4964883061736791 0.03212885139292993 0.14321416350288949 0.013476123803823261 0.6237089082184958 0.013476123721242314 0.6649125635976872
74 0.06754887239845464 0.3070700700239771 0.8763638962131746 0.07120581175601852 0.06754887226118789 0.08196409819043787 0.06754887262325708 0.3686105853068123 0.7642143038852207 0.048545133059781205 0.35544224049858314 0.3070700698794679 0.07251924346912011 0.034028620702183356 0.35442822517642636 0.15298586492146485 0.0675488717528983 0.00291472052970427 0.06754887201292745 0.06897120296366854
103 0.5654480146024861 0.2598371814849529 0.06754887230116206 0.010058589808836504 0.5654480154551336 0.0670744289840033 0.5654480158012519 0.20250551029713174 0.06840702145680254 0.3745531801095604 0.07841605430939201 0.25983718203453404 0.024794988171469783 0.014666326695638826 0.19671506434402333 0.15826059915251817 0.5654480142804061 0.01972406500229048 0.5654480139119085 0.007723746083047804
205 0.15826059925514596 0.27896590617918904 0.15298586492146804 0.18985770697001914 0.15826059932632028 0.32428449024841566 0.15826059962761813 0.23489587081912153 0.17581905266586573 0.3787715415800079 0.579211133752592 0.27896590618626776 0.24917033827134574 0.19743409374672483 0.245010164078879 0.865026534785837 0.15826059853843324 0.18178303514675187 0.15826059860052313 0.2169309592044349
199 0.1967150643564599 0.4374762484772214 0.3544282251764235 0.0344571720563968 0.19671506463131613 0.060121696236536945 0.19671506482722517 0.6787529251908908 0.4023063452490867 0.22253792735214395 0.12620043145620255 0.4374762484024404 0.06839012772391179 0.03470893095390521 0.7330675453096341 0.24501016407887918 0.19671506374070918 0.03237379427080878 0.19671506389598156 0.031146496185797835
68 0.5654480146024861 0.2598371814849529 0.06754887230116206 0.010058589808836504 0.5654480154551336 0.0670744289840033 0.5654480158012519 0.20250551029713174 0.06840702145680254 0.3745531801095604 0.07841605430939201 0.25983718203453404 0.024794988171469783 0.014666326695638826 0.19671506434402333 0.15826059915251817 0.5654480142804061 0.01972406500229048 0.5654480139119085 0.007723746083047804
214 0.2573196354448899 0.2800546775128542 0.06709699211442002 0.10666277089776903 0.2573196351259317 0.2280307994645155 0.25731963543635183 0.49229036499966383 0.043064522527110266 0.810153552774276 0.09293524436726204 0.2800546771665688 0.3671317120977335 0.1532223266666989 0.4364781884168792 0.37558894704303064 0.2573196342545478 0.10382460428861515 0.2573196345745142 0.09962905797273988
101 0.2573196354448899 0.2800546775128542 0.06709699211442002 0.10666277089776903 0.2573196351259317 0.2280307994645155 0.25731963543635183 0.49229036499966383 0.043064522527110266 0.810153552774276 0.09293524436726204 0.2800546771665688 0.3671317120977335 0.1532223266666989 0.4364781884168792 0.37558894704303064 0.2573196342545478 0.10382460428861515 0.2573196345745142 0.09962905797273988
41 0.027390476399311928 0.06914369562731269 0.2688660207088499 0.7095211502857892 0.027390475660883828 0.3987388611677119 0.027390475993763163 0.13894847021356607 0.2875610737374596 0.10761191618854593 0.2874617303698626 0.06914369523059917 0.6616817576240641 0.3611661405287339 0.13344467545191224 0.3101459820587755 0.027390475665579304 0.2766894176414778 0.02739047575872951 0.541978247280796
8 0.0012162580323800518 0.0022220969979921987 0.008641123819728832 0.6312027278800121 0.0012162583965226752 0.40539665471840064 0.0012162586446264878 0.0023169655095398923 0.012966814833934385 0.07757184076238638 0.14777841155521024 0.0022220972218438655 0.42941078864348675 0.6493788130026087 -0.00024222010568269176 0.14066706921005168 0.0012162583659034612 0.6640340267742718 0.0012162583436982788 0.5846946564670847
220 0.5654480146024861 0.2598371814849529 0.06754887230116206 0.010058589808836504 0.5654480154551336 0.0670744289840033 0.5654480158012519 0.20250551029713174 0.06840702145680254 0.3745531801095604 0.07841605430939201 0.25983718203453404 0.024794988171469783 0.014666326695638826 0.19671506434402333 0.15826059915251817 0.5654480142804061 0.01972406500229048 0.5654480139119085 0.007723746083047804
75 0.20642765952611944 0.4727263556261296 0.3935884218405011 0.03005311288523542 0.20642765963335116 0.07696666347986046 0.2064276601008497 0.7073429537725531 0.3626583342583209 0.2088895876287663 0.16099856370684396 0.4727263557364696 0.06807655541992258 0.03238519621741163 0.6400911817794029 0.24201281703672942 0.20642765898551743 0.0304796605374135 0.20642765865970053 0.024832649350765342
81 0.031975399174454786 0.03819448472425424 0.10683833870416784 0.3160322059958511 0.03197539819693696 0.45144767029564314 0.03197539837858647 0.19495365833098388 0.0843160067505383 0.4156715858785545 0.20032476327513266 0.038194484137801125 0.796941123746918 0.5997338527751271 0.12892917249500976 0.5033457886796925 0.031975398838948656 0.21093553183273112 0.03197539883807986 0.3108401031707058
85 0.15826059925514596 0.27896590617918904 0.15298586492146804 0.18985770697001914 0.15826059932632028 0.32428449024841566 0.15826059962761813 0.23489587081912153 0.17581905266586573 0.3787715415800079 0.579211133752592 0.27896590618626776 0.24917033827134574 0.19743409374672483 0.245010164078879 0.865026534785837 0.15826059853843324 0.18178303514675187 0.15826059860052313 0.2169309592044349
219 0.3745531800092269 0.20869832490615117 0.04854513305978012 0.08376502092721438 0.37455318059051146 0.3003668367404479 0.3745531809069299 0.21134113814426084 0.04737933909802704 0.87990630216602 0.11808878210258032 0.20869832520518697 0.18649410051977516 0.14659215954846166 0.222537927352143 0.37877154158000914 0.3745531795506483 0.13990358015396573 0.3745531793131447 0.08901054684692991
97 0.20250551014962256 0.42775091843005186 0.3686105853068093 0.030533708279725954 0.2025055105800283 0.07626010838529193 0.20250551084536783 0.7326124609384091 0.40289593322650963 0.21134113814426284 0.13716973581992448 0.4277509185180742 0.07251478971769913 0.02986001096545873 0.6787529251908851 0.23489587081911614 0.20250550988760654 0.031762955754914286 0.20250550981931117 0.028756774728539714
23 0.05506010013577217 0.14057187100063873 0.09288318595921333 0.48942013384294614 0.05506010017506376 0.3966281679773122 0.055060100474371314 0.10935274267646443 0.13499799870714616 0.16441705162197415 0.22006683759485443 0.14057187099450402 0.6221005558919899 0.27613152414651393 0.13331040033230165 0.22782145039420096 0.055060099783159476 0.6109720132474449 0.05506009984550375 0.7203128611633138
11 0.01306064189329542 0.062295930836773435 0.12360448044920957 0.5252738002727676 0.013060641647714836 0.34320092381594425 0.013060641926367553 0.05384245599178546 0.15782838515448033 0.10307527071942829 0.2346256443894835 0.062295930732810076 0.6206161731739595 0.4190816307066997 0.05941556996190563 0.259429591315504 0.01306064168141354 0.49324177647092954 0.013060641717472996 0.7820211019458707
89 0.1967150643564599 0.4374762484772214 0.3544282251764235 0.0344571720563968 0.19671506463131613 0.060121696236536945 0.19671506482722517 0.6787529251908908 0.4023063452490867 0.22253792735214395 0.12620043145620255 0.4374762484024404 0.06839012772391179 0.03470893095390521 0.7330675453096341 0.24501016407887918 0.19671506374070918 0.03237379427080878 0.19671506389598156 0.031146496185797835
166 0.06840702156179725 0.24365117904042866 0.7642143038852227 0.07761794409514969 0.06840702142642795 0.08414952922392807 0.06840702168371926 0.40289593322651146 0.9078523298414023 0.04737933909802956 0.25809635099257605 0.24365117896105135 0.0738237747980624 0.030997596321850347 0.40230634524908704 0.17581905266586084 0.06840702112762419 0.0018116166968393224 0.06840702102861568 0.078645285438231
204 0.25983718148878476 0.6817509720217256 0.3070700699425835 0.020143469600533485 0.2598371820193293 0.08084721156916755 0.25983718243706583 0.42775091839615775 0.2436511789774982 0.2086983250828022 0.268524160962928 0.6817509723626906 0.04871469336684938 0.02164386562814996 0.4374762483925284 0.27896590621265294 0.2598371809707586 0.027406953568219074 0.2598371811129479 0.02869208347953771
198 0.06787110102672651 0.26313594989643463 0.8006462590637003 0.07545337518374631 0.06787110084853598 0.08286515035037612 0.0678711012593388 0.39471780423757535 0.8672073745058763 0.047765402048862315 0.28703001264552497 0.2631359497195002 0.07363981467596516 0.03237216645655712 0.38896971535862085 0.16986377130651104 0.06787110067201974 0.0022772708995467948 0.06787110061678513 0.07572812787927706
56 0.014666326602993152 0.021643865659147343 0.03402862070217651 0.5628847994014738 0.01466632658820973 0.49542916864036735 0.014666326856353568 0.029860010965460787 0.030997596321847187 0.14659215954846236 0.15542121106456946 0.02164386564042017 0.5605580752141044 0.6422558396409447 0.03470893095390015 0.1974340937467238 0.014666326679181082 0.5868849999818075 0.01466632663923139 0.5250770761283812
215 0.2573196354448899 0.2800546775128542 0.06709699211442002 0.10666277089776903 0.2573196351259317 0.2280307994645155 0.25731963543635183 0.49229036499966383 0.043064522527110266 0.810153552774276 0.09293524436726204 0.2800546771665688 0.3671317120977335 0.1532223266666989 0.4364781884168792 0.37558894704303064 0.2573196342545478 0.10382460428861515 0.2573196345745142 0.09962905797273988
18 0.010073260450880849 0.018208666060745143 0.06046409537441218 0.6569366670538748 0.010073260622397901 0.5279273318320984 0.010073260827962826 0.007701958649163909 0.06483974169447965 0.09825852783385676 0.18111520886519772 0.01820866614158891 0.48282737550569116 0.6322005951106235 0.033534669857488576 0.17095033401288162 0.010073260591979973 0.5475971483861597 0.010073260595803454 0.523362980565463
72 0.25103188017731637 0.40960585677641753 0.12570806460580108 0.15312846271884265 0.2510318804919662 0.044227463347291655 0.25103188052797293 0.5229834748030653 0.17608854837285973 0.3639728785386893 0.21410468129401436 0.40960585665964905 0.1975342377720818 0.10100943777849763 0.6066726990395016 0.6048317040452511 0.25103187957667783 0.09976645681558988 0.2510318795755521 0.12568765556118186
80 0.5654480146024861 0.2598371814849529 0.06754887230116206 0.010058589808836504 0.5654480154551336 0.0670744289840033 0.5654480158012519 0.20250551029713174 0.06840702145680254 0.3745531801095604 0.07841605430939201 0.25983718203453404 0.024794988171469783 0.014666326695638826 0.19671506434402333 0.15826059915251817 0.5654480142804061 0.01972406500229048 0.5654480139119085 0.007723746083047804
49 0.015973219219958187 0.040416622499755785 0.11550392685614586 0.6053010536130939 0.01597321906370172 0.5562633533564217 0.015973219336646728 0.03272494932650434 0.12637408940686914 0.11463645987732 0.24789296979110345 0.04041662241714803 0.56344836168516 0.5377414302495052 0.0630866923281669 0.27258356668159833 0.015973219119087202 0.4516300185824883 0.015973219242441248 0.5678663736338055
213 0.07841605425252393 0.26852416092313663 0.35544224049858336 0.18265146109576655 0.078416054410432 0.3167955437605447 0.07841605468500236 0.13716973581992625 0.2580963509925766 0.11808878210257885 0.9977118152991509 0.2685241610336127 0.1847163350231684 0.15542121106457019 0.12620043145620347 0.5792111337525885 0.07841605404207211 0.13403651490600962 0.07841605392846368 0.20622114911627315
139 0.3119862068230658 0.2590629252958588 0.05295731195062072 0.09295694815408453 0.3119862070823353 0.2754564567638343 0.3119862075548913 0.3621997214577996 0.045832876981172 0.8644332597408647 0.10488134011084936 0.25906292483546645 0.2903734743847774 0.15213476627384773 0.33164196106301796 0.384387352036248 0.31198620632736873 0.11945527070892449 0.31198620651672077 0.09363544103485012
153 0.21693710033414268 0.2828459590680729 0.08246730830039337 0.11956577509139765 0.21693710024030402 0.17974724667703526 0.2169371005153412 0.5852021243505516 0.04042614961970163 0.7461778906829167 0.08430169587081197 0.2828459587395169 0.4152075525426404 0.15142805631106143 0.5173556717599598 0.36063046625462986 0.21693709965145203 0.09451211848527057 0.21693709948986145 0.10453622942832838
121 0.06787110102672651 0.26313594989643463 0.8006462590637003 0.07545337518374631 0.06787110084853598 0.08286515035037612 0.0678711012593388 0.39471780423757535 0.8672073745058763 0.047765402048862315 0.28703001264552497 0.2631359497195002 0.07363981467596516 0.03237216645655712 0.38896971535862085 0.16986377130651104 0.06787110067201974 0.0022772708995467948 0.06787110061678513 0.07572812787927706
48 0.03510697415450924 0.10746754610731336 0.20330472777074585 0.6479153741366217 0.035106973996436065 0.5464501151516173 0.03510697437189627 0.05829823455369066 0.20348815084980895 0.0968329745993803 0.33422062026481536 0.10746754604787173 0.5303927470428422 0.351189803729799 0.11298699583376737 0.22224973761649244 0.035106973751698974 0.4048341339427988 0.03510697379334077 0.633347334945362
158 0.25983718148878476 0.6817509720217256 0.3070700699425835 0.020143469600533485 0.2598371820193293 0.08084721156916755 0.25983718243706583 0.42775091839615775 0.2436511789774982 0.2086983250828022 0.268524160962928 0.6817509723626906 0.04871469336684938 0.02164386562814996 0.4374762483925284 0.27896590621265294 0.2598371809707586 0.027406953568219074 0.2598371811129479 0.02869208347953771
26 0.010691366716864858 0.03113703079603292 0.06283638190691586 0.6449026871402374 0.010691366867337763 0.3757930810513544 0.010691367135275394 0.024894960754184365 0.07388514964298207 0.07951282309943952 0.19530811741934798 0.031137030886182984 0.5020775345557683 0.5210867759421904 0.03188204117473846 0.16683980142368338 0.010691366811911268 0.6027518542712441 0.010691366788256256 0.6853014749056403
107 0.5654480146024861 0.2598371814849529 0.06754887230116206 0.010058589808836504 0.5654480154551336 0.0670744289840033 0.5654480158012519 0.20250551029713174 0.06840702145680254 0.3745531801095604 0.07841605430939201 0.25983718203453404 0.024794988171469783 0.014666326695638826 0.19671506434402333 0.15826059915251817 0.5654480142804061 0.01972406500229048 0.5654480139119085 0.007723746083047804
113 0.15826059925514596 0.27896590617918904 0.15298586492146804 0.18985770697001914 0.15826059932632028 0.32428449024841566 0.15826059962761813 0.23489587081912153 0.17581905266586573 0.3787715415800079 0.579211133752592 0.27896590618626776 0.24917033827134574 0.19743409374672483 0.245010164078879 0.865026534785837 0.15826059853843324 0.18178303514675187 0.15826059860052313 0.2169309592044349
193 0.15826059925514596 0.27896590617918904 0.15298586492146804 0.18985770697001914 0.15826059932632028 0.32428449024841566 0.15826059962761813 0.23489587081912153 0.17581905266586573 0.3787715415800079 0.579211133752592 0.27896590618626776 0.24917033827134574 0.19743409374672483 0.245010164078879 0.865026534785837 0.15826059853843324 0.18178303514675187 0.15826059860052313 0.2169309592044349
221 0.5654480146024861 0.2598371814849529 0.06754887230116206 0.010058589808836504 0.5654480154551336 0.0670744289840033 0.5654480158012519 0.20250551029713174 0.06840702145680254 0.3745531801095604 0.07841605430939201 0.25983718203453404 0.024794988171469783 0.014666326695638826 0.19671506434402333 0.15826059915251817 0.5654480142804061 0.01972406500229048 0.5654480139119085 0.007723746083047804
201 0.06787110102672651 0.26313594989643463 0.8006462590637003 0.07545337518374631 0.06787110084853598 0.08286515035037612 0.0678711012593388 0.39471780423757535 0.8672073745058763 0.047765402048862315 0.28703001264552497 0.2631359497195002 0.07363981467596516 0.03237216645655712 0.38896971535862085 0.16986377130651104 0.06787110067201974 0.0022772708995467948 0.06787110061678513 0.07572812787927706
59 0.03560489613908305 0.08449290904313972 0.22944613846441497 0.763520252470977 0.03560489587385353 0.48228202581803453 0.03560489618870097 0.08398323697440441 0.2276175434603718 0.0849297917854066 0.2757114304119022 0.08449290892909647 0.5487934697810927 0.3530593590839014 0.12679299442884262 0.19368701536506724 0.03560489563782228 0.3823303012697314 0.03560489568426136 0.5765898232516435
58 0.06707442892703962 0.08084721156497145 0.08196409819043862 0.409176955247187 0.06707442903337532 0.8182158170442743 0.06707442930504956 0.07626010838529708 0.08414952922393021 0.3003668367404502 0.31679554376054825 0.08084721168440563 0.49437115660725767 0.4954291686403681 0.06012169623653478 0.32428449024841777 0.06707442880518874 0.4234230820994008 0.0670744289388591 0.37338999273325674
82 0.25983718148878476 0.6817509720217256 0.3070700699425835 0.020143469600533485 0.2598371820193293 0.08084721156916755 0.25983718243706583 0.42775091839615775 0.2436511789774982 0.2086983250828022 0.268524160962928 0.6817509723626906 0.04871469336684938 0.02164386562814996 0.4374762483925284 0.27896590621265294 0.2598371809707586 0.027406953568219074 0.2598371811129479 0.02869208347953771
96 0.20250551014962256 0.42775091843005186 0.3686105853068093 0.030533708279725954 0.2025055105800283 0.07626010838529193 0.20250551084536783 0.7326124609384091 0.40289593322650963 0.21134113814426284 0.13716973581992448 0.4277509185180742 0.07251478971769913 0.02986001096545873 0.6787529251908851 0.23489587081911614 0.20250550988760654 0.031762955754914286 0.20250550981931117 0.028756774728539714
112 0.15826059925514596 0.27896590617918904 0.15298586492146804 0.18985770697001914 0.15826059932632028 0.32428449024841566 0.15826059962761813 0.23489587081912153 0.17581905266586573 0.3787715415800079 0.579211133752592 0.27896590618626776 0.24917033827134574 0.19743409374672483 0.245010164078879 0.865026534785837 0.15826059853843324 0.18178303514675187 0.15826059860052313 0.2169309592044349
188 0.5654480146024861 0.2598371814849529 0.06754887230116206 0.010058589808836504 0.5654480154551336 0.0670744289840033 0.5654480158012519 0.20250551029713174 0.06840702145680254 0.3745531801095604 0.07841605430939201 0.25983718203453404 0.024794988171469783 0.014666326695638826 0.19671506434402333 0.15826059915251817 0.5654480142804061 0.01972406500229048 0.5654480139119085 0.007723746083047804
118 0.06787110102672651 0.26313594989643463 0.8006462590637003 0.07545337518374631 0.06787110084853598 0.08286515035037612 0.0678711012593388 0.39471780423757535 0.8672073745058763 0.047765402048862315 0.28703001264552497 0.2631359497195002 0.07363981467596516 0.03237216645655712 0.38896971535862085 0.16986377130651104 0.06787110067201974 0.0022772708995467948 0.06787110061678513 0.07572812787927706
36 0.0077237460222190635 0.028692083478572224 0.06897120296366155 0.5889928771708606 0.007723745991853 0.3733899927332571 0.007723746266795471 0.02875677472854299 0.07864528543823068 0.08901054684693122 0.20622114911627398 0.028692083489583922 0.554546796458034 0.5250770761283912 0.031146496185794317 0.2169309592044358 0.007723746023735489 0.5695822353082605 0.007723746035327161 0.7027249094378085
170 0.21693710033414268 0.2828459590680729 0.08246730830039337 0.11956577509139765 0.21693710024030402 0.17974724667703526 0.2169371005153412 0.5852021243505516 0.04042614961970163 0.7461778906829167 0.08430169587081197 0.2828459587395169 0.4152075525426404 0.15142805631106143 0.5173556717599598 0.36063046625462986 0.21693709965145203 0.09451211848527057 0.21693709948986145 0.10453622942832838
99 0.0675529162807798 0.28435280996980394 0.8383915790358019 0.07328597792469085 0.06755291621749443 0.08206402114573604 0.06755291633271504 0.3835165996187957 0.8195512153433042 0.04815860395500304 0.3194858727949403 0.28435280993626333 0.07322814376621337 0.03343682215242536 0.3731088677839311 0.16234594189579712 0.06755291606782575 0.0026607877584083495 0.06755291589119686 0.07249794481086536
87 -0.00986177320635959 -0.08184357638234989 0.042861066692772766 0.06758990231227792 -0.009861773308447808 0.6646791539506866 -0.00986177310015138 -0.026747224908911755 -0.011884787516917034 0.2742577674406491 0.20484926204639478 -0.08184357635434783 0.23618019237412177 0.6698249688058093 0.003614074176703619 0.6110332647747578 -0.009861772721358991 0.2673933252958362 -0.009861772695250032 0.22380473894416428
148 0.32550684178303735 0.6538747883984302 0.3358437390482814 0.03455330818074438 0.3255068424416977 0.15018692729002123 0.3255068428506166 0.4039494195979435 0.1385511846871901 0.17277212495038013 0.36415350061453317 0.653874788617582 0.02511469758406302 0.007107408265996752 0.177817950045804 0.25737613791295616 0.32550684115948836 0.01989440050880584 0.3255068416074343 -0.015344244660980288
54 0.01253452105798745 0.029932474669359662 0.056608892415113965 0.6803715043705734 0.012534521330634008 0.4096204420419937 0.012534521540232177 0.018210071164827202 0.06735589953511875 0.07542973441541567 0.19093406274462962 0.02993247479852255 0.4596435925032376 0.5344830627095022 0.033370341046521916 0.14707862710460395 0.012534521145154973 0.6186548600220724 0.012534521147934798 0.6428207761491342
177 0.06787110102672651 0.26313594989643463 0.8006462590637003 0.07545337518374631 0.06787110084853598 0.08286515035037612 0.0678711012593388 0.39471780423757535 0.8672073745058763 0.047765402048862315 0.28703001264552497 0.2631359497195002 0.07363981467596516 0.03237216645655712 0.38896971535862085 0.16986377130651104 0.06787110067201974 0.0022772708995467948 0.06787110061678513 0.07572812787927706
21 0.03661890342394575 0.08083358443228147 0.20002171549469192 0.7113838306343894 0.03661890323206296 0.5783784483525317 0.03661890349528103 0.07765245226271893 0.23593269477039816 0.10384337512100639 0.27438274171033294 0.08083358429470015 0.5504399066789031 0.3810599144798902 0.11453056954154471 0.22258352534073342 0.03661890314907214 0.36344689027221594 0.0366189030078785 0.5472650675337333
160 0.15826059925514596 0.27896590617918904 0.15298586492146804 0.18985770697001914 0.15826059932632028 0.32428449024841566 0.15826059962761813 0.23489587081912153 0.17581905266586573 0.3787715415800079 0.579211133752592 0.27896590618626776 0.24917033827134574 0.19743409374672483 0.245010164078879 0.865026534785837 0.15826059853843324 0.18178303514675187 0.15826059860052313 0.2169309592044349
184 0.5654480146024861 0.2598371814849529 0.06754887230116206 0.010058589808836504 0.5654480154551336 0.0670744289840033 0.5654480158012519 0.20250551029713174 0.06840702145680254 0.3745531801095604 0.07841605430939201 0.25983718203453404 0.024794988171469783 0.014666326695638826 0.19671506434402333 0.15826059915251817 0.5654480142804061 0.01972406500229048 0.5654480139119085 0.007723746083047804
156 0.5654480146024861 0.2598371814849529 0.06754887230116206 0.010058589808836504 0.5654480154551336 0.0670744289840033 0.5654480158012519 0.20250551029713174 0.06840702145680254 0.3745531801095604 0.07841605430939201 0.25983718203453404 0.024794988171469783 0.014666326695638826 0.19671506434402333 0.15826059915251817 0.5654480142804061 0.01972406500229048 0.5654480139119085 0.007723746083047804
134 0.25983718148878476 0.6817509720217256 0.3070700699425835 0.020143469600533485 0.2598371820193293 0.08084721156916755 0.25983718243706583 0.42775091839615775 0.2436511789774982 0.2086983250828022 0.268524160962928 0.6817509723626906 0.04871469336684938 0.02164386562814996 0.4374762483925284 0.27896590621265294 0.2598371809707586 0.027406953568219074 0.2598371811129479 0.02869208347953771
94 -0.004762259631251129 -0.056225213718902003 0.04887957291900731 0.07198886956613132 -0.00476226018829958 0.6267597716814381 -0.004762259999505563 0.013016931362569208 0.00042676761860975846 0.3523036937133846 0.17625207185053607 -0.056225213972600684 0.4923753459031565 0.7640743422544505 0.011969579622007363 0.574114819406631 -0.0047622593690642276 0.2038598293224116 -0.004762259217540337 0.22434622919631436
16 0.02479498827313098 0.04871469345333588 0.07251924346912413 0.5249768067668272 0.024794987975737093 0.4943711566072536 0.024794988237540613 0.0725147897177033 0.0738237747980649 0.1864941005197746 0.18471633502316995 0.048714693318480703 0.657798342546033 0.5605580752140993 0.06839012772390878 0.2491703382713458 0.024794988109958813 0.5158483510199849 0.024794988126307847 0.5545467964580287
150 0.3745531800092269 0.20869832490615117 0.04854513305978012 0.08376502092721438 0.37455318059051146 0.3003668367404479 0.3745531809069299 0.21134113814426084 0.04737933909802704 0.87990630216602 0.11808878210258032 0.20869832520518697 0.18649410051977516 0.14659215954846166 0.222537927352143 0.37877154158000914 0.3745531795506483 0.13990358015396573 0.3745531793131447 0.08901054684692991
111 0.25983718148878476 0.6817509720217256 0.3070700699425835 0.020143469600533485 0.2598371820193293 0.08084721156916755 0.25983718243706583 0.42775091839615775 0.2436511789774982 0.2086983250828022 0.268524160962928 0.6817509723626906 0.04871469336684938 0.02164386562814996 0.4374762483925284 0.27896590621265294 0.2598371809707586 0.027406953568219074 0.2598371811129479 0.02869208347953771
44 0.06574971457013055 0.08676681559987051 0.08722845845631326 0.4866688254312275 0.06574971468449366 0.7674798753396204 0.06574971491033331 0.08394230273555284 0.09219102272031089 0.2665634995623459 0.28228523818087564 0.0867668155825481 0.5297933655141513 0.47374414097441453 0.07795567312418804 0.2698479883023038 0.06574971450050425 0.4654107018871044 0.0657497143781579 0.4025977893943461
10 0.032380641886465125 0.08756794152813237 0.2431038147907709 0.7446413134577827 0.03238064167093576 0.3866678856136576 0.03238064188437228 0.1050507662068923 0.2568240938667942 0.07903571530166274 0.2667895344461515 0.08756794128925253 0.5857502176953298 0.31383291701221827 0.13379551698755218 0.23438634739430658 0.032380641348183005 0.3778739487620771 0.0323806414697447 0.6289085309567126
63 0.15826059925514596 0.27896590617918904 0.15298586492146804 0.18985770697001914 0.15826059932632028 0.32428449024841566 0.15826059962761813 0.23489587081912153 0.17581905266586573 0.3787715415800079 0.579211133752592 0.27896590618626776 0.24917033827134574 0.19743409374672483 0.245010164078879 0.865026534785837 0.15826059853843324 0.18178303514675187 0.15826059860052313 0.2169309592044349
142 0.5654480146024861 0.2598371814849529 0.06754887230116206 0.010058589808836504 0.5654480154551336 0.0670744289840033 0.5654480158012519 0.20250551029713174 0.06840702145680254 0.3745531801095604 0.07841605430939201 0.25983718203453404 0.024794988171469783 0.014666326695638826 0.19671506434402333 0.15826059915251817 0.5654480142804061 0.01972406500229048 0.5654480139119085 0.007723746083047804
192 0.15826059925514596 0.27896590617918904 0.15298586492146804 0.18985770697001914 0.15826059932632028 0.32428449024841566 0.15826059962761813 0.23489587081912153 0.17581905266586573 0.3787715415800079 0.579211133752592 0.27896590618626776 0.24917033827134574 0.19743409374672483 0.245010164078879 0.865026534785837 0.15826059853843324 0.18178303514675187 0.15826059860052313 0.2169309592044349
34 0.01028908126450631 0.015872999644922225 0.005300409423380251 0.5905750524948852 0.010289081573815981 0.3957604313457361 0.010289081827889164 0.019498368723484483 0.009586211768589474 0.10459232814968755 0.14696545426228 0.015872999822237138 0.47984490590890566 0.6097438236098014 0.014613599041142827 0.1454189984088601 0.010289081493993928 0.6874298531601225 0.010289081502111818 0.6033502859282537
61 0.25983718148878476 0.6817509720217256 0.3070700699425835 0.020143469600533485 0.2598371820193293 0.08084721156916755 0.25983718243706583 0.42775091839615775 0.2436511789774982 0.2086983250828022 0.268524160962928 0.6817509723626906 0.04871469336684938 0.02164386562814996 0.4374762483925284 0.27896590621265294 0.2598371809707586 0.027406953568219074 0.2598371811129479 0.02869208347953771
187 0.5654480146024861 0.2598371814849529 0.06754887230116206 0.010058589808836504 0.5654480154551336 0.0670744289840033 0.5654480158012519 0.20250551029713174 0.06840702145680254 0.3745531801095604 0.07841605430939201 0.25983718203453404 0.024794988171469783 0.014666326695638826 0.19671506434402333 0.15826059915251817 0.5654480142804061 0.01972406500229048 0.5654480139119085 0.007723746083047804
159 0.25983718148878476 0.6817509720217256 0.3070700699425835 0.020143469600533485 0.2598371820193293 0.08084721156916755 0.25983718243706583 0.42775091839615775 0.2436511789774982 0.2086983250828022 0.268524160962928 0.6817509723626906 0.04871469336684938 0.02164386562814996 0.4374762483925284 0.27896590621265294 0.2598371809707586 0.027406953568219074 0.2598371811129479 0.02869208347953771
157 0.04362113128118933 0.03444525612336432 0.08294837944797626 0.24578753350018956 0.04362113071938703 0.6286299050587913 0.04362113093285704 0.12558804381319422 0.05859700822150732 0.4479362051618769 0.214290945695009 0.03444525571971511 0.6377161442451362 0.6134382376883794 0.08944717355466468 0.542221275032118 0.04362113104491047 0.27345109263930956 0.04362113121633002 0.2871512624248514
13 0.011443773420042113 0.029533845081160883 0.06470054354220016 0.675498967229903 0.011443773545489346 0.34224036414112663 0.011443773832999365 0.03366469754337969 0.0795401501227941 0.07332800091945044 0.18994172313467675 0.02953384512604427 0.5036613561063326 0.4963830190920542 0.031614986415523294 0.1699597098919725 0.01144377343565877 0.6036763073691822 0.011443773418673682 0.6900120300243286
4 0.01935784543064861 0.04135255914943466 0.12335357524704259 0.7230426868946067 0.019357845362139383 0.4887720008693308 0.01935784563677524 0.039748655377531916 0.12548944536194 0.09459609957402358 0.22191102215095193 0.041352559175008 0.535512902295451 0.5207383477583535 0.06772653708722569 0.185495307296408 0.019357845322073335 0.48074721547693394 0.019357845355137335 0.5584404144587355
3 0.03674065083543612 0.08212316234639466 0.21449944089301007 0.7581178756836414 0.03674065060918174 0.5111022509124913 0.03674065094505809 0.08285516513978833 0.23489757215192145 0.0871934636748507 0.26355233010842055 0.08212316230565561 0.5452230387023378 0.3556968461543612 0.12306925147064014 0.19845874181729842 0.03674065041207674 0.3834905436915883 0.03674065048423154 0.5693791236092243
50 0.014922742106480407 0.024810114448095784 0.060488122533405 0.7775524451764171 0.01492274234185826 0.35564957807095987 0.014922742619057473 0.034088404777369886 0.07778942763323198 0.0636315482066145 0.1700713087325981 0.02481011455646099 0.44606966230164297 0.5046736935720928 0.03360910258867356 0.12818428871943355 0.01492274209332455 0.6152245998078563 0.014922742105403492 0.6095090207067606
128 0.06840702156179725 0.24365117904042866 0.7642143038852227 0.07761794409514969 0.06840702142642795 0.08414952922392807 0.06840702168371926 0.40289593322651146 0.9078523298414023 0.04737933909802956 0.25809635099257605 0.24365117896105135 0.0738237747980624 0.030997596321850347 0.40230634524908704 0.17581905266586084 0.06840702112762419 0.0018116166968393224 0.06840702102861568 0.078645285438231
146 0.2917961465205083 0.2050057616245488 0.0320957487484973 0.14798718316241188 0.29179614677382326 0.323614400001334 0.29179614706610074 0.1776636704503564 0.03948664676163044 0.6481161907369726 0.2580385497374232 0.20500576204445387 0.08987321524494614 0.186472777132849 0.2242055349505093 0.7961935109093442 0.29179614584050545 0.22299804925939978 0.29179614574857354 0.17019952114829995
210 0.25983718148878476 0.6817509720217256 0.3070700699425835 0.020143469600533485 0.2598371820193293 0.08084721156916755 0.25983718243706583 0.42775091839615775 0.2436511789774982 0.2086983250828022 0.268524160962928 0.6817509723626906 0.04871469336684938 0.02164386562814996 0.4374762483925284 0.27896590621265294 0.2598371809707586 0.027406953568219074 0.2598371811129479 0.02869208347953771
43 0.039742269002129536 0.08455101564665507 0.19780395960287425 0.7677955840158549 0.03974226885633845 0.5353200436042554 0.03974226922392316 0.07087179677295818 0.22136468850365928 0.07974282136971285 0.26481256904136347 0.08455101564778934 0.5075072698348032 0.3478515884911203 0.11875109897170581 0.17263183279007482 0.03974226860262094 0.41079311112709543 0.03974226851614992 0.5734264292507719
114 0.07841605425252393 0.26852416092313663 0.35544224049858336 0.18265146109576655 0.078416054410432 0.3167955437605447 0.07841605468500236 0.13716973581992625 0.2580963509925766 0.11808878210257885 0.9977118152991509 0.2685241610336127 0.1847163350231684 0.15542121106457019 0.12620043145620347 0.5792111337525885 0.07841605404207211 0.13403651490600962 0.07841605392846368 0.20622114911627315
47 0.02630616020943259 0.1078651633404083 0.24023809665815332 0.596561185494612 0.026306159806310046 0.3232644620311532 0.02630616001120331 0.10626884784445563 0.2829471971789376 0.09734964214857335 0.26678679864832416 0.10786516307501677 0.6363629097011412 0.2881144820817357 0.12457719637798302 0.2626639309973281 0.026306159651734457 0.3741358108217655 0.026306159689630175 0.7486769687300152
147 0.2917961465205083 0.2050057616245488 0.0320957487484973 0.14798718316241188 0.29179614677382326 0.323614400001334 0.29179614706610074 0.1776636704503564 0.03948664676163044 0.6481161907369726 0.2580385497374232 0.20500576204445387 0.08987321524494614 0.186472777132849 0.2242055349505093 0.7961935109093442 0.29179614584050545 0.22299804925939978 0.29179614574857354 0.17019952114829995
151 0.5654480146024861 0.2598371814849529 0.06754887230116206 0.010058589808836504 0.5654480154551336 0.0670744289840033 0.5654480158012519 0.20250551029713174 0.06840702145680254 0.3745531801095604 0.07841605430939201 0.25983718203453404 0.024794988171469783 0.014666326695638826 0.19671506434402333 0.15826059915251817 0.5654480142804061 0.01972406500229048 0.5654480139119085 0.007723746083047804
169 0.06840702156179725 0.24365117904042866 0.7642143038852227 0.07761794409514969 0.06840702142642795 0.08414952922392807 0.06840702168371926 0.40289593322651146 0.9078523298414023 0.04737933909802956 0.25809635099257605 0.24365117896105135 0.0738237747980624 0.030997596321850347 0.40230634524908704 0.17581905266586084 0.06840702112762419 0.0018116166968393224 0.06840702102861568 0.078645285438231
12 0.012172139111799528 0.025819208864340342 0.0625100799609581 0.7093428260605276 0.012172139348144316 0.3967220934139175 0.012172139572668666 0.0257117003104043 0.07276129328015155 0.07508835950108395 0.1840270143388007 0.02581920897000023 0.47989174479576086 0.5363092366913826 0.034044423641498 0.15997225923924335 0.012172139160394592 0.5985878881248692 0.01217213915177895 0.6202921633841774
17 0.0615262641990902 0.16782611835907435 0.428265488388105 0.6772002414213161 0.061526263904791025 0.47916436142683827 0.061526264118910136 0.1878176756720963 0.4523283624448567 0.06971004193613077 0.34437421930688356 0.16782611820374604 0.5085561399363367 0.0915801447943107 0.2269342113416979 0.21616667236465648 0.06152626346963942 0.16553739301219558 0.061526263478719506 0.5053906691775598
122 -0.02360317115605833 -0.07939943394642159 0.05283647912867528 0.07349358280412814 -0.023603171737592153 0.6230610159113084 -0.023603171585557556 -0.033275032090626794 0.010369810858118337 0.22406661102071046 0.19645566470473946 -0.07939943417049672 0.4701787480035329 0.7814764269471852 -0.001651040542201484 0.5786058510615995 -0.023603170741278642 0.19260920295761996 -0.023603170653341037 0.23808493845577833
32 0.06290509297787941 0.09434615706119977 0.10269651078992022 0.5780343367227923 0.06290509294333675 0.6740253001381873 0.06290509324243157 0.09701264816897706 0.09775878259287889 0.22410572308860752 0.254479903516586 0.09434615718138842 0.5697961236115592 0.4422946287672015 0.10332071688203266 0.2107863991029923 0.06290509264543846 0.5060429430224918 0.06290509257598673 0.44021967695624364
37 0.012920430645153158 0.11487556235377579 0.2697287343470878 0.3293806564424649 0.012920429836320944 0.2373495424101633 0.012920430043212073 0.13723057314422804 0.30829790457846545 0.15403466312850755 0.412611898550799 0.11487556185568355 0.7217151451098167 0.3028741152255804 0.11766024165559359 0.4578093047437668 0.012920430015031245 0.239035873573655 0.01292043026941248 0.720641541269133
212 0.15826059925514596 0.27896590617918904 0.15298586492146804 0.18985770697001914 0.15826059932632028 0.32428449024841566 0.15826059962761813 0.23489587081912153 0.17581905266586573 0.3787715415800079 0.579211133752592 0.27896590618626776 0.24917033827134574 0.19743409374672483 0.245010164078879 0.865026534785837 0.15826059853843324 0.18178303514675187 0.15826059860052313 0.2169309592044349
191 0.25983718148878476 0.6817509720217256 0.3070700699425835 0.020143469600533485 0.2598371820193293 0.08084721156916755 0.25983718243706583 0.42775091839615775 0.2436511789774982 0.2086983250828022 0.268524160962928 0.6817509723626906 0.04871469336684938 0.02164386562814996 0.4374762483925284 0.27896590621265294 0.2598371809707586 0.027406953568219074 0.2598371811129479 0.02869208347953771
71 0.06754887239845464 0.3070700700239771 0.8763638962131746 0.07120581175601852 0.06754887226118789 0.08196409819043787 0.06754887262325708 0.3686105853068123 0.7642143038852207 0.048545133059781205 0.35544224049858314 0.3070700698794679 0.07251924346912011 0.034028620702183356 0.35442822517642636 0.15298586492146485 0.0675488717528983 0.00291472052970427 0.06754887201292745 0.06897120296366854
129 0.321889166990123 0.2986513059980279 0.056625208583742724 0.07630580424615124 0.3218891674447745 0.30623213173341046 0.3218891676799021 0.2792293445952849 0.025450446519181786 0.8719641342433483 0.13493182679329224 0.2986513060324855 0.25895140857949067 0.15301798994849516 0.24995646599242788 0.37838689826533006 0.3218891665952013 0.13624732413008672 0.32188916676701806 0.0861632184530262
163 -0.021817073521920912 -0.08473889258093721 0.04735520122748005 0.06352385961897937 -0.021817073865744913 0.6557233050517924 -0.02181707372254561 -0.04035004044777509 0.0005432357155723401 0.21974662533915473 0.20454090037965383 -0.08473889266577073 0.3528178098448341 0.7400111067781958 0.0003490235295423504 0.5903640223572284 -0.02181707305432438 0.22812017002680057 -0.021817073013595794 0.23180918247688448
182 0.3745531800092269 0.20869832490615117 0.04854513305978012 0.08376502092721438 0.37455318059051146 0.3003668367404479 0.3745531809069299 0.21134113814426084 0.04737933909802704 0.87990630216602 0.11808878210258032 0.20869832520518697 0.18649410051977516 0.14659215954846166 0.222537927352143 0.37877154158000914 0.3745531795506483 0.13990358015396573 0.3745531793131447 0.08901054684692991
161 0.15826059925514596 0.27896590617918904 0.15298586492146804 0.18985770697001914 0.15826059932632028 0.32428449024841566 0.15826059962761813 0.23489587081912153 0.17581905266586573 0.3787715415800079 0.579211133752592 0.27896590618626776 0.24917033827134574 0.19743409374672483 0.245010164078879 0.865026534785837 0.15826059853843324 0.18178303514675187 0.15826059860052313 0.2169309592044349
180 0.1967150643564599 0.4374762484772214 0.3544282251764235 0.0344571720563968 0.19671506463131613 0.060121696236536945 0.19671506482722517 0.6787529251908908 0.4023063452490867 0.22253792735214395 0.12620043145620255 0.4374762484024404 0.06839012772391179 0.03470893095390521 0.7330675453096341 0.24501016407887918 0.19671506374070918 0.03237379427080878 0.19671506389598156 0.031146496185797835
7 0.05380384886839939 0.15547071121550482 0.47099635023183156 0.6566292994689241 0.05380384823708647 0.3910078700833478 0.053803848502235324 0.2171258328314485 0.49940153036550616 0.07961091789193565 0.31422236305852497 0.1554707108165365 0.544370761114756 0.1084861378345098 0.2516297072884083 0.25654307975794594 0.05380384792383215 0.1388005968516267 0.05380384779001688 0.49113098837125063
135 0.25983718148878476 0.6817509720217256 0.3070700699425835 0.020143469600533485 0.2598371820193293 0.08084721156916755 0.25983718243706583 0.42775091839615775 0.2436511789774982 0.2086983250828022 0.268524160962928 0.6817509723626906 0.04871469336684938 0.02164386562814996 0.4374762483925284 0.27896590621265294 0.2598371809707586 0.027406953568219074 0.2598371811129479 0.02869208347953771
73 0.25103188017731637 0.40960585677641753 0.12570806460580108 0.15312846271884265 0.2510318804919662 0.044227463347291655 0.25103188052797293 0.5229834748030653 0.17608854837285973 0.3639728785386893 0.21410468129401436 0.40960585665964905 0.1975342377720818 0.10100943777849763 0.6066726990395016 0.6048317040452511 0.25103187957667783 0.09976645681558988 0.2510318795755521 0.12568765556118186
125 0.06840702156179725 0.24365117904042866 0.7642143038852227 0.07761794409514969 0.06840702142642795 0.08414952922392807 0.06840702168371926 0.40289593322651146 0.9078523298414023 0.04737933909802956 0.25809635099257605 0.24365117896105135 0.0738237747980624 0.030997596321850347 0.40230634524908704 0.17581905266586084 0.06840702112762419 0.0018116166968393224 0.06840702102861568 0.078645285438231
155 0.5654480146024861 0.2598371814849529 0.06754887230116206 0.010058589808836504 0.5654480154551336 0.0670744289840033 0.5654480158012519 0.20250551029713174 0.06840702145680254 0.3745531801095604 0.07841605430939201 0.25983718203453404 0.024794988171469783 0.014666326695638826 0.19671506434402333 0.15826059915251817 0.5654480142804061 0.01972406500229048 0.5654480139119085 0.007723746083047804
152 0.5654480146024861 0.2598371814849529 0.06754887230116206 0.010058589808836504 0.5654480154551336 0.0670744289840033 0.5654480158012519 0.20250551029713174 0.06840702145680254 0.3745531801095604 0.07841605430939201 0.25983718203453404 0.024794988171469783 0.014666326695638826 0.19671506434402333 0.15826059915251817 0.5654480142804061 0.01972406500229048 0.5654480139119085 0.007723746083047804
190 0.25983718148878476 0.6817509720217256 0.3070700699425835 0.020143469600533485 0.2598371820193293 0.08084721156916755 0.25983718243706583 0.42775091839615775 0.2436511789774982 0.2086983250828022 0.268524160962928 0.6817509723626906 0.04871469336684938 0.02164386562814996 0.4374762483925284 0.27896590621265294 0.2598371809707586 0.027406953568219074 0.2598371811129479 0.02869208347953771
78 0.3745531800092269 0.20869832490615117 0.04854513305978012 0.08376502092721438 0.37455318059051146 0.3003668367404479 0.3745531809069299 0.21134113814426084 0.04737933909802704 0.87990630216602 0.11808878210258032 0.20869832520518697 0.18649410051977516 0.14659215954846166 0.222537927352143 0.37877154158000914 0.3745531795506483 0.13990358015396573 0.3745531793131447 0.08901054684692991
141 0.5654480146024861 0.2598371814849529 0.06754887230116206 0.010058589808836504 0.5654480154551336 0.0670744289840033 0.5654480158012519 0.20250551029713174 0.06840702145680254 0.3745531801095604 0.07841605430939201 0.25983718203453404 0.024794988171469783 0.014666326695638826 0.19671506434402333 0.15826059915251817 0.5654480142804061 0.01972406500229048 0.5654480139119085 0.007723746083047804
189 0.06131568270252522 0.013664194440688929 0.057222049841724465 0.16371167145579257 0.06131568264234879 0.7499489778720864 0.06131568294932989 0.04860576461729487 0.02712307752971899 0.47074559022225687 0.2474320643431999 0.013664194498613785 0.35745219522265237 0.5627958273580863 0.04794996182321032 0.6375451843126515 0.061315682722829154 0.33125743779968836 0.06131568261286677 0.2522676499857923
66 0.2573196354448899 0.2800546775128542 0.06709699211442002 0.10666277089776903 0.2573196351259317 0.2280307994645155 0.25731963543635183 0.49229036499966383 0.043064522527110266 0.810153552774276 0.09293524436726204 0.2800546771665688 0.3671317120977335 0.1532223266666989 0.4364781884168792 0.37558894704303064 0.2573196342545478 0.10382460428861515 0.2573196345745142 0.09962905797273988
76 0.20642765952611944 0.4727263556261296 0.3935884218405011 0.03005311288523542 0.20642765963335116 0.07696666347986046 0.2064276601008497 0.7073429537725531 0.3626583342583209 0.2088895876287663 0.16099856370684396 0.4727263557364696 0.06807655541992258 0.03238519621741163 0.6400911817794029 0.24201281703672942 0.20642765898551743 0.0304796605374135 0.20642765865970053 0.024832649350765342
209 0.25983718148878476 0.6817509720217256 0.3070700699425835 0.020143469600533485 0.2598371820193293 0.08084721156916755 0.25983718243706583 0.42775091839615775 0.2436511789774982 0.2086983250828022 0.268524160962928 0.6817509723626906 0.04871469336684938 0.02164386562814996 0.4374762483925284 0.27896590621265294 0.2598371809707586 0.027406953568219074 0.2598371811129479 0.02869208347953771
194 0.07841605425252393 0.26852416092313663 0.35544224049858336 0.18265146109576655 0.078416054410432 0.3167955437605447 0.07841605468500236 0.13716973581992625 0.2580963509925766 0.11808878210257885 0.9977118152991509 0.2685241610336127 0.1847163350231684 0.15542121106457019 0.12620043145620347 0.5792111337525885 0.07841605404207211 0.13403651490600962 0.07841605392846368 0.20622114911627315
27 0.02220338840524346 0.05029819933941528 0.10672464321904081 0.7208846060538151 0.022203388484115474 0.4578230259731839 0.022203388768627402 0.03617118402780473 0.12717669718873492 0.07872479358633488 0.20859085718252648 0.050298199434085984 0.49555408561645653 0.46769070048827116 0.06445287737000364 0.1611405464492721 0.022203388292327507 0.5407215415344439 0.022203388277576317 0.6285531921725235
31 0.024865747277030937 0.04415615347352971 0.10521891931769582 0.7906038413242156 0.024865747467336483 0.45542947754853147 0.024865747802041375 0.03794403217714077 0.12336662808497226 0.06978876693051904 0.20130667657519233 0.04415615357765702 0.4584598953645924 0.46711476035270927 0.06697256213053039 0.13452574580978266 0.024865747183712237 0.5468499376933356 0.02486574714752648 0.5778547185664918
40 0.0024232927387508427 0.0034177660436089095 0.017715348586546012 0.4415956100986951 0.0024232926881493583 0.4712636456939994 0.0024232928788437613 0.013960514246036138 0.0072324814405625385 0.14514811154714682 0.15916130304705473 0.0034177660383991147 0.5839837966925908 0.6876900498376826 0.01283551029465636 0.2553084826905177 0.00242329294850431 0.574496098899473 0.0024232930266045827 0.5705228240469437
149 0.3745531800092269 0.20869832490615117 0.04854513305978012 0.08376502092721438 0.37455318059051146 0.3003668367404479 0.3745531809069299 0.21134113814426084 0.04737933909802704 0.87990630216602 0.11808878210258032 0.20869832520518697 0.18649410051977516 0.14659215954846166 0.222537927352143 0.37877154158000914 0.3745531795506483 0.13990358015396573 0.3745531793131447 0.08901054684692991
200 0.06787110102672651 0.26313594989643463 0.8006462590637003 0.07545337518374631 0.06787110084853598 0.08286515035037612 0.0678711012593388 0.39471780423757535 0.8672073745058763 0.047765402048862315 0.28703001264552497 0.2631359497195002 0.07363981467596516 0.03237216645655712 0.38896971535862085 0.16986377130651104 0.06787110067201974 0.0022772708995467948 0.06787110061678513 0.07572812787927706
195 -0.015150573594162251 -0.06826838736035308 0.05115264981127819 0.07269342110449283 -0.015150574121404645 0.6263744519289162 -0.015150573982359663 -0.011128217985590449 0.0055768432369259 0.2855748978337335 0.18670884252124095 -0.06826838761365729 0.4818234114293226 0.7746100726065831 0.00469064846431107 0.5780208711890178 -0.015150573183316429 0.1981637540814807 -0.015150573049681176 0.23177613729780427
9 0.019403995140193264 0.030922425248192102 0.027645426003714224 0.6412767715040539 0.019403995341063195 0.373223551551442 0.01940399557755805 0.04182589102788912 0.03435970287545537 0.1072591584673692 0.1527700350877842 0.03092242537221931 0.5142630925194938 0.5305128180510773 0.03845636318473905 0.16636127809478238 0.01940399514452939 0.6742754257963057 0.019403995126594208 0.6140306264900409
0 0.01972406480085978 0.02740695348409968 0.0029147205297087725 0.5548461949713838 0.01972406502553344 0.4234230820993982 0.01972406530268141 0.03176295575491784 0.0018116166968384086 0.13990358015396492 0.13403651490601018 0.02740695362631827 0.5158483510199812 0.586884999981813 0.0323737942708041 0.18178303514675023 0.019724064917305065 0.7083791879566529 0.01972406501103341 0.5695822353082581
55 0.02606517218127132 0.12523707030263556 0.22315638201993196 0.5243300630398676 0.026065171835804302 0.35280404617404076 0.02606517212267144 0.08589007894316306 0.2595780345586768 0.1014020494125942 0.31997717978722084 0.12523707012585694 0.611333086169942 0.28002759499363555 0.11900964121285083 0.28939588400592653 0.02606517175722077 0.3965137799589946 0.02606517172622001 0.7804074758799673
175 0.06787110102672651 0.26313594989643463 0.8006462590637003 0.07545337518374631 0.06787110084853598 0.08286515035037612 0.0678711012593388 0.39471780423757535 0.8672073745058763 0.047765402048862315 0.28703001264552497 0.2631359497195002 0.07363981467596516 0.03237216645655712 0.38896971535862085 0.16986377130651104 0.06787110067201974 0.0022772708995467948 0.06787110061678513 0.07572812787927706
115 -0.00986177320635959 -0.08184357638234989 0.042861066692772766 0.06758990231227792 -0.009861773308447808 0.6646791539506866 -0.00986177310015138 -0.026747224908911755 -0.011884787516917034 0.2742577674406491 0.20484926204639478 -0.08184357635434783 0.23618019237412177 0.6698249688058093 0.003614074176703619 0.6110332647747578 -0.009861772721358991 0.2673933252958362 -0.009861772695250032 0.22380473894416428
207 0.07841605425252393 0.26852416092313663 0.35544224049858336 0.18265146109576655 0.078416054410432 0.3167955437605447 0.07841605468500236 0.13716973581992625 0.2580963509925766 0.11808878210257885 0.9977118152991509 0.2685241610336127 0.1847163350231684 0.15542121106457019 0.12620043145620347 0.5792111337525885 0.07841605404207211 0.13403651490600962 0.07841605392846368 0.20622114911627315
60 0.03277673252555077 0.04828694495680826 0.10393331987231257 0.2927166488844755 0.032776731634754745 0.49222906698742097 0.03277673177669871 0.17351186761229528 0.06825007618403368 0.4206211517906972 0.23258155504933328 0.04828694444402944 0.7692744699270019 0.6176260791495545 0.11780151343171183 0.48625275211095126 0.03277673218483573 0.22796910919411725 0.03277673226357464 0.31301859771419266
92 0.06787110102672651 0.26313594989643463 0.8006462590637003 0.07545337518374631 0.06787110084853598 0.08286515035037612 0.0678711012593388 0.39471780423757535 0.8672073745058763 0.047765402048862315 0.28703001264552497 0.2631359497195002 0.07363981467596516 0.03237216645655712 0.38896971535862085 0.16986377130651104 0.06787110067201974 0.0022772708995467948 0.06787110061678513 0.07572812787927706
108 0.5654480146024861 0.2598371814849529 0.06754887230116206 0.010058589808836504 0.5654480154551336 0.0670744289840033 0.5654480158012519 0.20250551029713174 0.06840702145680254 0.3745531801095604 0.07841605430939201 0.25983718203453404 0.024794988171469783 0.014666326695638826 0.19671506434402333 0.15826059915251817 0.5654480142804061 0.01972406500229048 0.5654480139119085 0.007723746083047804
98 0.24325104282369953 0.41597070354326304 0.11333575003812484 0.15594841201536974 0.2432510429391404 0.017619013982930823 0.24325104343356088 0.45442541092342903 0.17481471128790232 0.3772320850063145 0.19687069589411219 0.4159707033697983 0.1893449541960415 0.1042393563795916 0.6585935324810992 0.6135563832544029 0.24325104206785292 0.1127588826762711 0.24325104238922302 0.12457967406319338
6 0.07083374521206898 0.07121897080344342 0.07173240420464007 0.3217202193092587 0.07083374539211466 0.8698536726886165 0.07083374571013816 0.06155843260146001 0.07127682913082999 0.33330856748668314 0.36044429120113225 0.07121897087812665 0.420264405699019 0.5059541430573665 0.037423450232345196 0.38716223335283384 0.07083374520039654 0.3854847525989955 0.07083374531909781 0.33816202467432505
218 0.3745531800092269 0.20869832490615117 0.04854513305978012 0.08376502092721438 0.37455318059051146 0.3003668367404479 0.3745531809069299 0.21134113814426084 0.04737933909802704 0.87990630216602 0.11808878210258032 0.20869832520518697 0.18649410051977516 0.14659215954846166 0.222537927352143 0.37877154158000914 0.3745531795506483 0.13990358015396573 0.3745531793131447 0.08901054684692991
95 0.0675529162807798 0.28435280996980394 0.8383915790358019 0.07328597792469085 0.06755291621749443 0.08206402114573604 0.06755291633271504 0.3835165996187957 0.8195512153433042 0.04815860395500304 0.3194858727949403 0.28435280993626333 0.07322814376621337 0.03343682215242536 0.3731088677839311 0.16234594189579712 0.06755291606782575 0.0026607877584083495 0.06755291589119686 0.07249794481086536
196 0.06787110102672651 0.26313594989643463 0.8006462590637003 0.07545337518374631 0.06787110084853598 0.08286515035037612 0.0678711012593388 0.39471780423757535 0.8672073745058763 0.047765402048862315 0.28703001264552497 0.2631359497195002 0.07363981467596516 0.03237216645655712 0.38896971535862085 0.16986377130651104 0.06787110067201974 0.0022772708995467948 0.06787110061678513 0.07572812787927706
145 0.2698210250503003 0.6596856535508167 0.3326544862492891 0.013164360789900598 0.2698210258290937 0.11089084635022894 0.2698210263629153 0.5268779851241588 0.24582336027836724 0.1879829714493173 0.28716804941604723 0.6596856536875142 0.056780002446848235 0.012172728490374414 0.3391193633478207 0.2587941281109775 0.2698210250461868 0.02670732533051322 0.2698210253455878 0.024073036674793758
124 0.06840702156179725 0.24365117904042866 0.7642143038852227 0.07761794409514969 0.06840702142642795 0.08414952922392807 0.06840702168371926 0.40289593322651146 0.9078523298414023 0.04737933909802956 0.25809635099257605 0.24365117896105135 0.0738237747980624 0.030997596321850347 0.40230634524908704 0.17581905266586084 0.06840702112762419 0.0018116166968393224 0.06840702102861568 0.078645285438231
46 0.008431857413785371 0.012131121436421304 0.007841018945116483 0.5557983106216384 0.00843185765098367 0.44760787438886795 0.008431857909541202 0.011758694754432569 0.00702580461263881 0.11704794619890747 0.1430130765600466 0.01213112157608231 0.4917570769624629 0.6506008035811076 0.014407009647623979 0.17001987607146932 0.00843185769303349 0.6623549027852141 0.008431857655899357 0.5680423686848531
67 0.2573196354448899 0.2800546775128542 0.06709699211442002 0.10666277089776903 0.2573196351259317 0.2280307994645155 0.25731963543635183 0.49229036499966383 0.043064522527110266 0.810153552774276 0.09293524436726204 0.2800546771665688 0.3671317120977335 0.1532223266666989 0.4364781884168792 0.37558894704303064 0.2573196342545478 0.10382460428861515 0.2573196345745142 0.09962905797273988
70 0.012240610368209604 -0.05144026510016927 0.04425061761458287 0.05948899598454711 0.012240610112850292 0.6623047756325405 0.012240610301778221 0.019891672418458652 -0.013656183041561382 0.42222101030837744 0.16986574953496109 -0.05144026519326323 0.37806708226614827 0.7121435950662548 0.012989314889831372 0.5874041851075463 0.012240610792165142 0.24434953289305106 0.012240610820444886 0.21031073351759336
29 0.06290008841308115 0.17617333604446403 0.42105260273914163 0.6536342036469039 0.06290008792904753 0.5159332492943172 0.06290008830256025 0.18576310890204759 0.43976492452968435 0.07915244836972306 0.38074281883340116 0.17617333580100758 0.5060902997591156 0.10019684285405568 0.2121330756820087 0.22276900338925143 0.06290008759914911 0.15651521450191466 0.06290008750751908 0.49498849647247434
211 0.15826059925514596 0.27896590617918904 0.15298586492146804 0.18985770697001914 0.15826059932632028 0.32428449024841566 0.15826059962761813 0.23489587081912153 0.17581905266586573 0.3787715415800079 0.579211133752592 0.27896590618626776 0.24917033827134574 0.19743409374672483 0.245010164078879 0.865026534785837 0.15826059853843324 0.18178303514675187 0.15826059860052313 0.2169309592044349
28 0.025102761385378564 0.050435132076240584 0.07096162554786094 0.5201155550432119 0.02510276120421495 0.5028963545724567 0.025102761395712003 0.06823887029598216 0.06973301805086504 0.18610577095858494 0.19285457507313433 0.05043513192910857 0.6478497424569895 0.5633548456840317 0.06737271784950649 0.24250195029858632 0.02510276129146308 0.521863026051357 0.025102761301248992 0.5558479267845997
84 0.15826059925514596 0.27896590617918904 0.15298586492146804 0.18985770697001914 0.15826059932632028 0.32428449024841566 0.15826059962761813 0.23489587081912153 0.17581905266586573 0.3787715415800079 0.579211133752592 0.27896590618626776 0.24917033827134574 0.19743409374672483 0.245010164078879 0.865026534785837 0.15826059853843324 0.18178303514675187 0.15826059860052313 0.2169309592044349
5 0.06751286506635247 0.18783642673910605 0.39522141546734035 0.6309353390977244 0.0675128647240606 0.5817175601250746 0.06751286507136713 0.16977677336214272 0.4069461576842385 0.08650384879824496 0.43049677140006865 0.18783642644128462 0.48331337034585564 0.10408907449805854 0.18702451919850804 0.21524848107080968 0.06751286441647426 0.15759585180139654 0.06751286432912372 0.4852735185493266
69 0.5654480146024861 0.2598371814849529 0.06754887230116206 0.010058589808836504 0.5654480154551336 0.0670744289840033 0.5654480158012519 0.20250551029713174 0.06840702145680254 0.3745531801095604 0.07841605430939201 0.25983718203453404 0.024794988171469783 0.014666326695638826 0.19671506434402333 0.15826059915251817 0.5654480142804061 0.01972406500229048 0.5654480139119085 0.007723746083047804
167 0.06840702156179725 0.24365117904042866 0.7642143038852227 0.07761794409514969 0.06840702142642795 0.08414952922392807 0.06840702168371926 0.40289593322651146 0.9078523298414023 0.04737933909802956 0.25809635099257605 0.24365117896105135 0.0738237747980624 0.030997596321850347 0.40230634524908704 0.17581905266586084 0.06840702112762419 0.0018116166968393224 0.06840702102861568 0.078645285438231
15 0.01936812103410841 0.04672298816334501 0.12329578302516284 0.709775364656219 0.01936812096788127 0.425765129051488 0.01936812119520612 0.05156320327637351 0.13628758234863872 0.08355719301103924 0.2244853251415239 0.04672298813247803 0.5499009020560355 0.4671844339563335 0.06640535505856669 0.2006260643960796 0.019368120855028866 0.5000801343884955 0.019368120846635504 0.6314151838335522
179 0.06787110102672651 0.26313594989643463 0.8006462590637003 0.07545337518374631 0.06787110084853598 0.08286515035037612 0.0678711012593388 0.39471780423757535 0.8672073745058763 0.047765402048862315 0.28703001264552497 0.2631359497195002 0.07363981467596516 0.03237216645655712 0.38896971535862085 0.16986377130651104 0.06787110067201974 0.0022772708995467948 0.06787110061678513 0.07572812787927706
171 0.21693710033414268 0.2828459590680729 0.08246730830039337 0.11956577509139765 0.21693710024030402 0.17974724667703526 0.2169371005153412 0.5852021243505516 0.04042614961970163 0.7461778906829167 0.08430169587081197 0.2828459587395169 0.4152075525426404 0.15142805631106143 0.5173556717599598 0.36063046625462986 0.21693709965145203 0.09451211848527057 0.21693709948986145 0.10453622942832838
208 0.04362113128118933 0.03444525612336432 0.08294837944797626 0.24578753350018956 0.04362113071938703 0.6286299050587913 0.04362113093285704 0.12558804381319422 0.05859700822150732 0.4479362051618769 0.214290945695009 0.03444525571971511 0.6377161442451362 0.6134382376883794 0.08944717355466468 0.542221275032118 0.04362113104491047 0.27345109263930956 0.04362113121633002 0.2871512624248514
185 0.21693710033414268 0.2828459590680729 0.08246730830039337 0.11956577509139765 0.21693710024030402 0.17974724667703526 0.2169371005153412 0.5852021243505516 0.04042614961970163 0.7461778906829167 0.08430169587081197 0.2828459587395169 0.4152075525426404 0.15142805631106143 0.5173556717599598 0.36063046625462986 0.21693709965145203 0.09451211848527057 0.21693709948986145 0.10453622942832838
123 0.06840702156179725 0.24365117904042866 0.7642143038852227 0.07761794409514969 0.06840702142642795 0.08414952922392807 0.06840702168371926 0.40289593322651146 0.9078523298414023 0.04737933909802956 0.25809635099257605 0.24365117896105135 0.0738237747980624 0.030997596321850347 0.40230634524908704 0.17581905266586084 0.06840702112762419 0.0018116166968393224 0.06840702102861568 0.078645285438231
168 0.06840702156179725 0.24365117904042866 0.7642143038852227 0.07761794409514969 0.06840702142642795 0.08414952922392807 0.06840702168371926 0.40289593322651146 0.9078523298414023 0.04737933909802956 0.25809635099257605 0.24365117896105135 0.0738237747980624 0.030997596321850347 0.40230634524908704 0.17581905266586084 0.06840702112762419 0.0018116166968393224 0.06840702102861568 0.078645285438231
51 0.0153106462398454 0.058918064096914816 0.1250173371992309 0.6085021812238067 0.01531064611037837 0.3592614237836507 0.01531064635945851 0.04870354849419589 0.14506716298723396 0.09211378657149351 0.23104490967411836 0.058918064008396574 0.5852140770828981 0.4295846933704022 0.06637894967462989 0.24456592047114273 0.015310646002698387 0.5132124829228172 0.015310645914292442 0.7315106230555121
93 0.06787110102672651 0.26313594989643463 0.8006462590637003 0.07545337518374631 0.06787110084853598 0.08286515035037612 0.0678711012593388 0.39471780423757535 0.8672073745058763 0.047765402048862315 0.28703001264552497 0.2631359497195002 0.07363981467596516 0.03237216645655712 0.38896971535862085 0.16986377130651104 0.06787110067201974 0.0022772708995467948 0.06787110061678513 0.07572812787927706
127 0.06840702156179725 0.24365117904042866 0.7642143038852227 0.07761794409514969 0.06840702142642795 0.08414952922392807 0.06840702168371926 0.40289593322651146 0.9078523298414023 0.04737933909802956 0.25809635099257605 0.24365117896105135 0.0738237747980624 0.030997596321850347 0.40230634524908704 0.17581905266586084 0.06840702112762419 0.0018116166968393224 0.06840702102861568 0.078645285438231
202 0.05186394110888506 0.027074526483760828 0.06919357345355077 0.2040495435291523 0.051863940713380456 0.7064142674072351 0.051863941012615426 0.08549895986008918 0.042946871464096474 0.4620179461972347 0.22805370475652484 0.027074526323252728 0.5127388746389876 0.6002112371286491 0.06739426283811017 0.5801820303336246 0.05186394104808807 0.3060871906664343 0.0518639410662664 0.27061904800472997
53 0.029046691856982127 0.06514825077131459 0.013903260902633715 0.4143303317334201 0.029046691871347775 0.40957645758863076 0.029046692206064234 0.04678254745150161 0.021202013783700742 0.18402454805729354 0.17077092716166667 0.0651482508362595 0.5828315242789682 0.4861467798936257 0.060991850721093574 0.2641327119813028 0.029046691781162235 0.6991457704253909 0.029046691770560264 0.6644179128026062
20 0.026912562893945592 0.07379263724282582 0.2596667862688266 0.6851854470017396 0.026912562280241255 0.45868831350762984 0.026912562494139463 0.11522299215525063 0.27293229810727476 0.12268945304260674 0.2783963104937242 0.07379263692400728 0.6556208516301435 0.3943503052909139 0.13098868377703302 0.2914447486380673 0.026912562340169727 0.2820503669152195 0.02691256232786539 0.5357468481741935
1 0.08939666304279445 0.3018691591666157 0.21300575148397324 0.26121794936165366 0.08939666241435497 0.2232159205044291 0.08939666277539976 0.3338884205968648 0.3048237123852622 0.24709601886880847 0.2742334914509618 0.3018691587293971 0.6826288496346581 0.059107712956344156 0.30565610812664273 0.36956269699338373 0.08939666192400633 0.3543248739543471 0.08939666225067291 0.6233084814915916
90 0.06787110102672651 0.26313594989643463 0.8006462590637003 0.07545337518374631 0.06787110084853598 0.08286515035037612 0.0678711012593388 0.39471780423757535 0.8672073745058763 0.047765402048862315 0.28703001264552497 0.2631359497195002 0.07363981467596516 0.03237216645655712 0.38896971535862085 0.16986377130651104 0.06787110067201974 0.0022772708995467948 0.06787110061678513 0.07572812787927706
144 0.2698210250503003 0.6596856535508167 0.3326544862492891 0.013164360789900598 0.2698210258290937 0.11089084635022894 0.2698210263629153 0.5268779851241588 0.24582336027836724 0.1879829714493173 0.28716804941604723 0.6596856536875142 0.056780002446848235 0.012172728490374414 0.3391193633478207 0.2587941281109775 0.2698210250461868 0.02670732533051322 0.2698210253455878 0.024073036674793758
106 0.3119862068230658 0.2590629252958588 0.05295731195062072 0.09295694815408453 0.3119862070823353 0.2754564567638343 0.3119862075548913 0.3621997214577996 0.045832876981172 0.8644332597408647 0.10488134011084936 0.25906292483546645 0.2903734743847774 0.15213476627384773 0.33164196106301796 0.384387352036248 0.31198620632736873 0.11945527070892449 0.31198620651672077 0.09363544103485012
120 0.1967150643564599 0.4374762484772214 0.3544282251764235 0.0344571720563968 0.19671506463131613 0.060121696236536945 0.19671506482722517 0.6787529251908908 0.4023063452490867 0.22253792735214395 0.12620043145620255 0.4374762484024404 0.06839012772391179 0.03470893095390521 0.7330675453096341 0.24501016407887918 0.19671506374070918 0.03237379427080878 0.19671506389598156 0.031146496185797835
