116 0.33765108249306897 0.05372495690251805 -0.03629369280511135 0.3376510820690146 -0.022896053575246888 0.42757386011667636 -0.013682277246271005 -0.00770778925167371 -0.08155681348330063 0.6090690828674076 0.07668610298350541 0.5469988845212677 0.546998884422875 0.15192228426637744 0.151922284129217 -0.04105663251651416 0.055544139192062095 0.6440901582132245 0.12462088936583347 0.20199754437955136
6 0.008352074259175578 0.4401678852400702 0.15556241549220487 0.008352075227803518 0.5957472690280821 0.19979810509295542 0.4201670490586667 0.41806645680197907 0.3912472466153696 0.007764198572128307 0.5198575056969713 0.18885186179514157 0.1888518616123035 0.1634933345592554 0.16349333431841712 0.31328184900136374 0.45193546346866725 0.0038398695634780516 0.3356039380176297 0.26766958476682556
16 0.016726237895928302 0.4820314819606875 0.13486631836607213 0.01672623891814351 0.5475436734621133 0.17331868724359706 0.47757483359319175 0.41482263264977093 0.3171173046608299 0.008964230854844235 0.5664130208848837 0.16892264241385346 0.16892264219397704 0.14101146176557022 0.1410114615215859 0.264848919890078 0.4591053298339562 0.0072547764158268566 0.38251145237487305 0.26945840812991023
100 0.11661160029489093 0.04557701147360898 0.08035895620612005 0.11661159969281096 -0.022845167208708356 0.19417669522154543 0.009441710998723825 0.18456858103994203 -0.00569951587827766 0.9186459366309093 0.007180265834528002 0.13039450963700489 0.13039450956577522 0.24887811889315176 0.24887811879534827 -0.006212602257215832 0.1241630085534014 0.8728036000291947 0.1401226896813898 0.30517440032002024
73 0.11661160029489093 0.04557701147360898 0.08035895620612005 0.11661159969281096 -0.022845167208708356 0.19417669522154543 0.009441710998723825 0.18456858103994203 -0.00569951587827766 0.9186459366309093 0.007180265834528002 0.13039450963700489 0.13039450956577522 0.24887811889315176 0.24887811879534827 -0.006212602257215832 0.1241630085534014 0.8728036000291947 0.1401226896813898 0.30517440032002024
26 0.024590240316369 0.4432241159610125 0.12995974816462869 0.024590241222966477 0.48141506051908906 0.1885006697785691 0.37349223891621686 0.48901291076214753 0.2506659200922867 0.11105998349549354 0.3957544079242975 0.1378896839570094 0.13788968375242497 0.2527052008074606 0.2527052004948927 0.231667284080521 0.4601801292829595 0.11282917656988298 0.45471412309986065 0.5045969221941957
215 0.4598166860680379 0.08859319781435632 0.7629441535035008 0.45981668465653447 0.15583838441435932 0.32022441765609844 0.07454654249841877 0.09992707293731387 0.13612552297731176 0.0803589562061071 0.1254126060333948 0.5911271987998645 0.5911271987690916 0.1423875454340185 0.14238754528458702 0.15030597024727643 0.10422130695124071 0.07732086544151885 0.09854988354783639 0.1247439369215122
210 0.4623487888898162 -0.019528169277047265 0.03714911778384553 0.46234878922009987 -0.007744709680143086 0.47034984607205943 0.037200489263280095 -0.10179047983997809 -0.05777189894731543 0.28828094281513295 0.06883561268434354 0.4770112302025869 0.477011230035325 0.3086569586538778 0.30865695855019193 -0.11170508702087456 0.13425375218863508 0.6203404948918628 0.05617019169484874 0.24616869475034814
221 0.8368756018962303 0.01453922432455274 0.4598166854434648 0.8368756005036418 -0.0028975105421770045 0.19795718101016682 0.0005654422239757106 0.011611655376868322 -0.04165515763192155 0.11661160001106172 0.026393813443375765 0.37774219546498333 0.37774219538188797 0.10739443168133213 0.10739443161975615 -0.03532651672918269 0.030265777361618385 0.11839520841519581 0.03496601943369786 0.08015954385093635
207 0.107394431811329 0.14642563676918913 0.1423875453712058 0.10739443149450836 0.13621791866628338 0.48895307542749805 0.11208292784791685 0.2030817034424051 0.16904885747577403 0.24887811883489336 0.11589975829088298 0.1349116271771694 0.13491162702516857 0.7742067218203558 0.7742067218386052 0.17594268153330675 0.2215567873571672 0.2767390150346852 0.17333400854305747 0.3129946047040589
19 0.03007696346503563 0.46148883507728927 0.1187474860904201 0.030076964139695198 0.42777471591917554 0.1859570177946662 0.4234463848458414 0.4791364523386786 0.21613748533171148 0.1274635823942269 0.4216512566702254 0.12266552530984148 0.12266552505231194 0.20921969754142225 0.20921969734183737 0.20744023702038095 0.4646986215123323 0.11353383815327536 0.5050270464255947 0.5084110133407171
121 0.11839520847632969 0.041718041636180786 0.07732086544150547 0.11839520827076723 -0.02302256684173361 0.18393855464128078 0.011394837452610862 0.18034405864832995 -0.0076365273240129984 0.872803600029189 0.008705172923272905 0.13187055226559108 0.13187055211033027 0.2767390150246733 0.2767390150217469 -0.010641418270460879 0.12592962554663653 0.9044073898031181 0.1345819808854039 0.3087451510985439
145 0.5019736081927447 0.08334577334344367 0.2762398916157833 0.5019736069717728 0.04588972984548403 0.7003768573681505 0.11616537968923979 0.028442475330258482 0.05737357183616945 0.24217010385088067 0.09636877425590984 0.4908916139661614 0.4908916138086239 0.28863768371965004 0.288637683659014 0.029116387353173387 0.1688299865311312 0.2233717038852555 0.06996216868075603 0.19547873761755075
208 0.01921683936216482 0.21515237838000623 0.36414057191141086 0.019216839400536596 0.541345224082894 0.36908381895405024 0.22679525637553336 0.34080566473371693 0.5842563969386675 0.02559892859846935 0.34472354532057986 0.30901869184923764 0.30901869178916336 0.20437332473620623 0.20437332448921355 0.550625664746397 0.27329374585703314 0.01734091143483432 0.22110491614519173 0.23329080822375267
0 0.008632613165748159 0.5281806284089109 0.09698838029281852 0.008632613868694504 0.4882397698029449 0.16482497683906364 0.5223428679638135 0.42681613094743154 0.24336562800806172 0.03887132520105239 0.4915068022131354 0.09919599397731374 0.09919599375620046 0.16699161303657065 0.16699161282132113 0.2314672593315974 0.47379546178979215 0.038273269617598686 0.4675380498028418 0.33792720558330497
175 0.11661160029489093 0.04557701147360898 0.08035895620612005 0.11661159969281096 -0.022845167208708356 0.19417669522154543 0.009441710998723825 0.18456858103994203 -0.00569951587827766 0.9186459366309093 0.007180265834528002 0.13039450963700489 0.13039450956577522 0.24887811889315176 0.24887811879534827 -0.006212602257215832 0.1241630085534014 0.8728036000291947 0.1401226896813898 0.30517440032002024
17 0.01451568448876578 0.5351665171377262 0.09502569235229416 0.014515685095181073 0.46833880264060024 0.14141778508888506 0.5575526708565468 0.4168578032661808 0.2127770757262001 0.04509510699627551 0.5075217139380613 0.08798207811011706 0.08798207786142893 0.14149781940674333 0.1414978191903211 0.22166456064108409 0.43389726245155935 0.0380494201059482 0.5083358844308482 0.3494616076730952
8 -0.0002646574657549909 0.5891673618045962 0.07592472318359574 -0.00026465647864423134 0.44908955839549003 0.14493315214315594 0.6037570141276207 0.3949371697472268 0.2257629700197407 0.0058151934183058055 0.5335121349455958 0.07794972743255821 0.07794972718953276 0.12832196439997692 0.1283219641554238 0.2197659789257159 0.48718920168578783 0.004448500012271058 0.4305990945813344 0.2276326278065169
195 -0.023210557814627893 0.21048993797589255 0.22200928701085065 -0.023210557695387726 0.3603999336723308 0.27494610478334736 0.21470954794424216 0.09546328982433169 0.703652345764535 -0.010375860754980051 0.23857066559869206 0.11994681409149931 0.11994681399189848 0.17851032208260667 0.1785103219368986 0.9638776923652801 0.15527211021022763 -0.0077124705797691 0.18315862723700496 0.10746024060259202
2 0.05461668467786377 0.408277350312327 0.1840872080495778 0.05461668549678415 0.5244356239873916 0.1944796387022367 0.37641790609138664 0.4398342641360027 0.25695742103990266 0.05901651437821949 0.563419880416167 0.22756705859660672 0.22756705835649876 0.17941536880100006 0.17941536857756143 0.25500337815691415 0.41781650516283947 0.046724787248244276 0.42811041439372466 0.4042688399835721
59 0.06573297388363473 0.224348563854508 0.11876415740235305 0.0657329731214525 0.11661424578600718 0.3356612418942626 0.2120463356157635 0.3975491212910358 0.20247387560951347 0.3609844642008688 0.1900351577121956 0.17753487145302418 0.17753487126091755 0.4511650584773499 0.4511650583780737 0.10735796424613797 0.6908689402314796 0.36025464110514377 0.19652870525953028 0.5010730959711904
50 0.011611655018424696 0.4074770286067065 0.09992707293728528 0.011611655722993502 0.31343749158065737 0.22774324739385796 0.42441029827307314 0.6342651440993017 0.2910556653747764 0.18456858103991836 0.37926779461193116 0.15387464192931827 0.15387464169446402 0.20308170349728585 0.20308170327459368 0.19114249868289504 0.44823344919343333 0.18034405864833103 0.47921771430866833 0.4462023109014804
40 0.025113746899737048 0.4931666577870242 0.1287226652325614 0.025113747708233696 0.5457554013236373 0.13749104172129017 0.5118773995102915 0.3954176305010523 0.2552832255525763 0.003948999990099648 0.5961174220783595 0.14925351976592516 0.1492535195273052 0.13412358082592446 0.13412358054419696 0.2517286133583735 0.40660457113596604 0.005135970429353288 0.44213866648270217 0.2788186650094929
122 -0.028826033745121875 0.21614230423848949 0.16282706755835188 -0.02882603364421738 0.3505483770451498 0.2616727544917309 0.2195019930971015 0.0968280159934606 0.7069430303925546 -0.004592871149610528 0.23045019576472472 0.09340004376251797 0.09340004370303538 0.18435759522937 0.18435759509630342 0.9840608021217244 0.15602765640295077 -0.01376451826830079 0.18303584369498682 0.1068634151157092
34 0.05747947532148024 0.3227022915645446 0.3185945953031152 0.05747947567520699 0.6691381461938255 0.26735798424412 0.2126262966960922 0.29479061686361924 0.36098491842735103 0.03258986965802822 0.4054440422473296 0.23118602937625524 0.23118602933562357 0.28859487476391027 0.28859487460748107 0.47138639223260387 0.3314657023332897 -0.010370241133858047 0.27586075337167243 0.3868521125208671
105 0.3777421958788239 0.08475383588525841 0.5911271986805048 0.3777421946636488 0.14429688074783764 0.35424099970393924 0.07806541216955833 0.15387464175478838 0.13898573579875229 0.13039450956213117 0.1412330137571961 0.7116618731558277 0.7116618732308159 0.13491162710110202 0.13491162695431885 0.11748467839253936 0.11660695142202374 0.13187055212761373 0.10498288605653305 0.1432552133063193
99 0.11661160029489093 0.04557701147360898 0.08035895620612005 0.11661159969281096 -0.022845167208708356 0.19417669522154543 0.009441710998723825 0.18456858103994203 -0.00569951587827766 0.9186459366309093 0.007180265834528002 0.13039450963700489 0.13039450956577522 0.24887811889315176 0.24887811879534827 -0.006212602257215832 0.1241630085534014 0.8728036000291947 0.1401226896813898 0.30517440032002024
112 0.19795718126795672 0.14933184244862802 0.32022441765609233 0.19795718074011046 0.151614147306925 0.7969420756963507 0.13823042530622692 0.22774324739387763 0.2451936319602618 0.1941766952215364 0.15174706082659928 0.3542409998414081 0.3542409996897035 0.4889530754828868 0.48895307531238696 0.25168614220861724 0.20170269031607607 0.18393855464128703 0.17656559474220487 0.22065836576988712
209 0.4623487888898162 -0.019528169277047265 0.03714911778384553 0.46234878922009987 -0.007744709680143086 0.47034984607205943 0.037200489263280095 -0.10179047983997809 -0.05777189894731543 0.28828094281513295 0.06883561268434354 0.4770112302025869 0.477011230035325 0.3086569586538778 0.30865695855019193 -0.11170508702087456 0.13425375218863508 0.6203404948918628 0.05617019169484874 0.24616869475034814
18 0.03474585222982073 0.4849726504519635 0.11177345730486199 0.03474585293242901 0.40786370512453235 0.16896587392004003 0.4351078063037942 0.45310302797151164 0.18326381329250743 0.11486063750549769 0.4367979497962002 0.11125454596587439 0.11125454571250716 0.20683873364480104 0.20683873345321527 0.19328988069191141 0.4742215425109836 0.1149551655456312 0.535874526826179 0.4992178659931301
30 0.013652937372706045 0.5396367599492745 0.09446525681029848 0.013652938062883781 0.4841830879353107 0.133548173068983 0.5391974659247252 0.4153140112135901 0.21302151976632688 0.03548239871933215 0.5030939878375749 0.09045142911491208 0.09045142883499781 0.15994310759508287 0.15994310737077133 0.22297604735041832 0.44121466874788057 0.03845335311985237 0.5026132460502325 0.34160251178126627
107 0.8368756018962303 0.01453922432455274 0.4598166854434648 0.8368756005036418 -0.0028975105421770045 0.19795718101016682 0.0005654422239757106 0.011611655376868322 -0.04165515763192155 0.11661160001106172 0.026393813443375765 0.37774219546498333 0.37774219538188797 0.10739443168133213 0.10739443161975615 -0.03532651672918269 0.030265777361618385 0.11839520841519581 0.03496601943369786 0.08015954385093635
126 0.11661160029489093 0.04557701147360898 0.08035895620612005 0.11661159969281096 -0.022845167208708356 0.19417669522154543 0.009441710998723825 0.18456858103994203 -0.00569951587827766 0.9186459366309093 0.007180265834528002 0.13039450963700489 0.13039450956577522 0.24887811889315176 0.24887811879534827 -0.006212602257215832 0.1241630085534014 0.8728036000291947 0.1401226896813898 0.30517440032002024
179 0.11661160029489093 0.04557701147360898 0.08035895620612005 0.11661159969281096 -0.022845167208708356 0.19417669522154543 0.009441710998723825 0.18456858103994203 -0.00569951587827766 0.9186459366309093 0.007180265834528002 0.13039450963700489 0.13039450956577522 0.24887811889315176 0.24887811879534827 -0.006212602257215832 0.1241630085534014 0.8728036000291947 0.1401226896813898 0.30517440032002024
41 0.046468994691739866 0.429110371298637 0.1475911684566812 0.046468995633626706 0.3973763865756828 0.268462986964317 0.3999117504450852 0.4687370534293259 0.2559071215936079 0.07064762710175267 0.568952498929413 0.23580375088243427 0.2358037506882378 0.17559752782826907 0.17559752767064524 0.20768323353095117 0.5206673327456283 0.07581438533955134 0.4109010766671362 0.3501468946301686
27 0.03429645463422722 0.47451986489458703 0.12103966917237292 0.034296455276956433 0.4391045993883522 0.17621898190747076 0.4258828926375487 0.44509814121670355 0.19843598389200529 0.11790182572542242 0.43117725334890383 0.11454888950552894 0.11454888926585653 0.20776479315065438 0.20776479289444189 0.2074777484870214 0.4660724377108185 0.10140558132868592 0.5150136194668093 0.5155369795200183
68 0.8368756018962303 0.01453922432455274 0.4598166854434648 0.8368756005036418 -0.0028975105421770045 0.19795718101016682 0.0005654422239757106 0.011611655376868322 -0.04165515763192155 0.11661160001106172 0.026393813443375765 0.37774219546498333 0.37774219538188797 0.10739443168133213 0.10739443161975615 -0.03532651672918269 0.030265777361618385 0.11839520841519581 0.03496601943369786 0.08015954385093635
199 0.11839520847632969 0.041718041636180786 0.07732086544150547 0.11839520827076723 -0.02302256684173361 0.18393855464128078 0.011394837452610862 0.18034405864832995 -0.0076365273240129984 0.872803600029189 0.008705172923272905 0.13187055226559108 0.13187055211033027 0.2767390150246733 0.2767390150217469 -0.010641418270460879 0.12592962554663653 0.9044073898031181 0.1345819808854039 0.3087451510985439
183 0.8368756018962303 0.01453922432455274 0.4598166854434648 0.8368756005036418 -0.0028975105421770045 0.19795718101016682 0.0005654422239757106 0.011611655376868322 -0.04165515763192155 0.11661160001106172 0.026393813443375765 0.37774219546498333 0.37774219538188797 0.10739443168133213 0.10739443161975615 -0.03532651672918269 0.030265777361618385 0.11839520841519581 0.03496601943369786 0.08015954385093635
198 0.11839520847632969 0.041718041636180786 0.07732086544150547 0.11839520827076723 -0.02302256684173361 0.18393855464128078 0.011394837452610862 0.18034405864832995 -0.0076365273240129984 0.872803600029189 0.008705172923272905 0.13187055226559108 0.13187055211033027 0.2767390150246733 0.2767390150217469 -0.010641418270460879 0.12592962554663653 0.9044073898031181 0.1345819808854039 0.3087451510985439
95 0.11661160029489093 0.04557701147360898 0.08035895620612005 0.11661159969281096 -0.022845167208708356 0.19417669522154543 0.009441710998723825 0.18456858103994203 -0.00569951587827766 0.9186459366309093 0.007180265834528002 0.13039450963700489 0.13039450956577522 0.24887811889315176 0.24887811879534827 -0.006212602257215832 0.1241630085534014 0.8728036000291947 0.1401226896813898 0.30517440032002024
220 0.8368756018962303 0.01453922432455274 0.4598166854434648 0.8368756005036418 -0.0028975105421770045 0.19795718101016682 0.0005654422239757106 0.011611655376868322 -0.04165515763192155 0.11661160001106172 0.026393813443375765 0.37774219546498333 0.37774219538188797 0.10739443168133213 0.10739443161975615 -0.03532651672918269 0.030265777361618385 0.11839520841519581 0.03496601943369786 0.08015954385093635
117 0.33765108249306897 0.05372495690251805 -0.03629369280511135 0.3376510820690146 -0.022896053575246888 0.42757386011667636 -0.013682277246271005 -0.00770778925167371 -0.08155681348330063 0.6090690828674076 0.07668610298350541 0.5469988845212677 0.546998884422875 0.15192228426637744 0.151922284129217 -0.04105663251651416 0.055544139192062095 0.6440901582132245 0.12462088936583347 0.20199754437955136
156 0.8368756018962303 0.01453922432455274 0.4598166854434648 0.8368756005036418 -0.0028975105421770045 0.19795718101016682 0.0005654422239757106 0.011611655376868322 -0.04165515763192155 0.11661160001106172 0.026393813443375765 0.37774219546498333 0.37774219538188797 0.10739443168133213 0.10739443161975615 -0.03532651672918269 0.030265777361618385 0.11839520841519581 0.03496601943369786 0.08015954385093635
101 0.4598166860680379 0.08859319781435632 0.7629441535035008 0.45981668465653447 0.15583838441435932 0.32022441765609844 0.07454654249841877 0.09992707293731387 0.13612552297731176 0.0803589562061071 0.1254126060333948 0.5911271987998645 0.5911271987690916 0.1423875454340185 0.14238754528458702 0.15030597024727643 0.10422130695124071 0.07732086544151885 0.09854988354783639 0.1247439369215122
214 0.4598166860680379 0.08859319781435632 0.7629441535035008 0.45981668465653447 0.15583838441435932 0.32022441765609844 0.07454654249841877 0.09992707293731387 0.13612552297731176 0.0803589562061071 0.1254126060333948 0.5911271987998645 0.5911271987690916 0.1423875454340185 0.14238754528458702 0.15030597024727643 0.10422130695124071 0.07732086544151885 0.09854988354783639 0.1247439369215122
89 0.11661160029489093 0.04557701147360898 0.08035895620612005 0.11661159969281096 -0.022845167208708356 0.19417669522154543 0.009441710998723825 0.18456858103994203 -0.00569951587827766 0.9186459366309093 0.007180265834528002 0.13039450963700489 0.13039450956577522 0.24887811889315176 0.24887811879534827 -0.006212602257215832 0.1241630085534014 0.8728036000291947 0.1401226896813898 0.30517440032002024
48 0.009304784581408642 0.512204628043098 0.10371614493840807 0.009304785270189485 0.5280035399882387 0.14634398953446234 0.5137968036703825 0.42827315515251263 0.2618285277361109 0.039096181496667 0.48613100831781214 0.10219502119273105 0.10219502091982635 0.16237606562379547 0.16237606538858385 0.24682644645625654 0.43396222930898737 0.03523190582632628 0.4706581813631193 0.3550071747890409
80 0.8368756018962303 0.01453922432455274 0.4598166854434648 0.8368756005036418 -0.0028975105421770045 0.19795718101016682 0.0005654422239757106 0.011611655376868322 -0.04165515763192155 0.11661160001106172 0.026393813443375765 0.37774219546498333 0.37774219538188797 0.10739443168133213 0.10739443161975615 -0.03532651672918269 0.030265777361618385 0.11839520841519581 0.03496601943369786 0.08015954385093635
158 0.4623487888898162 -0.019528169277047265 0.03714911778384553 0.46234878922009987 -0.007744709680143086 0.47034984607205943 0.037200489263280095 -0.10179047983997809 -0.05777189894731543 0.28828094281513295 0.06883561268434354 0.4770112302025869 0.477011230035325 0.3086569586538778 0.30865695855019193 -0.11170508702087456 0.13425375218863508 0.6203404948918628 0.05617019169484874 0.24616869475034814
65 0.107394431811329 0.14642563676918913 0.1423875453712058 0.10739443149450836 0.13621791866628338 0.48895307542749805 0.11208292784791685 0.2030817034424051 0.16904885747577403 0.24887811883489336 0.11589975829088298 0.1349116271771694 0.13491162702516857 0.7742067218203558 0.7742067218386052 0.17594268153330675 0.2215567873571672 0.2767390150346852 0.17333400854305747 0.3129946047040589
3 0.017821543716105774 0.5532530246794308 0.0893652975193922 0.0178215443159704 0.4307366977806533 0.13423120365990268 0.5765006389536762 0.40486954041475354 0.17840601946241402 0.044275358434445966 0.5186253994851868 0.07868743100945495 0.07868743073727825 0.1379659365298387 0.13796593629148593 0.2082026275329333 0.43586235328763095 0.040252325150621056 0.531197691604223 0.3388940816008857
168 0.11661160029489093 0.04557701147360898 0.08035895620612005 0.11661159969281096 -0.022845167208708356 0.19417669522154543 0.009441710998723825 0.18456858103994203 -0.00569951587827766 0.9186459366309093 0.007180265834528002 0.13039450963700489 0.13039450956577522 0.24887811889315176 0.24887811879534827 -0.006212602257215832 0.1241630085534014 0.8728036000291947 0.1401226896813898 0.30517440032002024
93 0.11661160029489093 0.04557701147360898 0.08035895620612005 0.11661159969281096 -0.022845167208708356 0.19417669522154543 0.009441710998723825 0.18456858103994203 -0.00569951587827766 0.9186459366309093 0.007180265834528002 0.13039450963700489 0.13039450956577522 0.24887811889315176 0.24887811879534827 -0.006212602257215832 0.1241630085534014 0.8728036000291947 0.1401226896813898 0.30517440032002024
119 0.11839520847632969 0.041718041636180786 0.07732086544150547 0.11839520827076723 -0.02302256684173361 0.18393855464128078 0.011394837452610862 0.18034405864832995 -0.0076365273240129984 0.872803600029189 0.008705172923272905 0.13187055226559108 0.13187055211033027 0.2767390150246733 0.2767390150217469 -0.010641418270460879 0.12592962554663653 0.9044073898031181 0.1345819808854039 0.3087451510985439
128 0.11661160029489093 0.04557701147360898 0.08035895620612005 0.11661159969281096 -0.022845167208708356 0.19417669522154543 0.009441710998723825 0.18456858103994203 -0.00569951587827766 0.9186459366309093 0.007180265834528002 0.13039450963700489 0.13039450956577522 0.24887811889315176 0.24887811879534827 -0.006212602257215832 0.1241630085534014 0.8728036000291947 0.1401226896813898 0.30517440032002024
64 0.19795718126795672 0.14933184244862802 0.32022441765609233 0.19795718074011046 0.151614147306925 0.7969420756963507 0.13823042530622692 0.22774324739387763 0.2451936319602618 0.1941766952215364 0.15174706082659928 0.3542409998414081 0.3542409996897035 0.4889530754828868 0.48895307531238696 0.25168614220861724 0.20170269031607607 0.18393855464128703 0.17656559474220487 0.22065836576988712
53 0.03496601915761561 0.48776834620266785 0.09854988354786018 0.03496601966986554 0.32707658618683527 0.17656559474222083 0.4731583299362982 0.4792177143087017 0.17185149794195115 0.14012268968138755 0.4456946784774209 0.10498288620544145 0.10498288598354968 0.17333400865931844 0.17333400847511402 0.1740038567510372 0.47235439620493985 0.13458198088542542 0.5723314968468128 0.47877646052733097
137 0.19795718126795672 0.14933184244862802 0.32022441765609233 0.19795718074011046 0.151614147306925 0.7969420756963507 0.13823042530622692 0.22774324739387763 0.2451936319602618 0.1941766952215364 0.15174706082659928 0.3542409998414081 0.3542409996897035 0.4889530754828868 0.48895307531238696 0.25168614220861724 0.20170269031607607 0.18393855464128703 0.17656559474220487 0.22065836576988712
147 0.2112178230719218 0.14477675262324424 0.30196936866745017 0.21121782236687298 0.18590406573578475 0.7399060557772118 0.13180203376676472 0.2677011766618519 0.22066608340927782 0.20647329411660034 0.13784886845718886 0.35188575442231335 0.351885754316481 0.5121021437344845 0.5121021436537928 0.27111278696080826 0.18563371923839753 0.17347856668648012 0.15955698810395358 0.25497069921452986
196 0.33765108249306897 0.05372495690251805 -0.03629369280511135 0.3376510820690146 -0.022896053575246888 0.42757386011667636 -0.013682277246271005 -0.00770778925167371 -0.08155681348330063 0.6090690828674076 0.07668610298350541 0.5469988845212677 0.546998884422875 0.15192228426637744 0.151922284129217 -0.04105663251651416 0.055544139192062095 0.6440901582132245 0.12462088936583347 0.20199754437955136
205 0.19795718126795672 0.14933184244862802 0.32022441765609233 0.19795718074011046 0.151614147306925 0.7969420756963507 0.13823042530622692 0.22774324739387763 0.2451936319602618 0.1941766952215364 0.15174706082659928 0.3542409998414081 0.3542409996897035 0.4889530754828868 0.48895307531238696 0.25168614220861724 0.20170269031607607 0.18393855464128703 0.17656559474220487 0.22065836576988712
136 0.19795718126795672 0.14933184244862802 0.32022441765609233 0.19795718074011046 0.151614147306925 0.7969420756963507 0.13823042530622692 0.22774324739387763 0.2451936319602618 0.1941766952215364 0.15174706082659928 0.3542409998414081 0.3542409996897035 0.4889530754828868 0.48895307531238696 0.25168614220861724 0.20170269031607607 0.18393855464128703 0.17656559474220487 0.22065836576988712
52 0.009807252155714721 0.5174002414557487 0.09690622163932777 0.009807252784342024 0.4920939725238822 0.1475033133172367 0.5331009769193942 0.44412278239960956 0.2478820302790531 0.04367894928271479 0.4918785513309897 0.09978162670384517 0.0997816264593291 0.15445083670149815 0.1544508364853875 0.23175201959013675 0.4363485351773248 0.041902178901932326 0.486650913518756 0.3480601655204159
33 0.07778598746053017 0.3376408276431677 0.1126632394231254 0.07778598843315301 0.1943216733754104 0.2066042795437215 0.23994923145472855 0.45260116491126673 0.10841138922691511 0.2925595343351673 0.28117207198359107 0.13901389643110015 0.1390138961729062 0.30526939873145165 0.3052693985084863 0.10506503844171981 0.4712147417896641 0.3443532097877407 0.5167836288251578 0.7048670468416257
164 0.11661160029489093 0.04557701147360898 0.08035895620612005 0.11661159969281096 -0.022845167208708356 0.19417669522154543 0.009441710998723825 0.18456858103994203 -0.00569951587827766 0.9186459366309093 0.007180265834528002 0.13039450963700489 0.13039450956577522 0.24887811889315176 0.24887811879534827 -0.006212602257215832 0.1241630085534014 0.8728036000291947 0.1401226896813898 0.30517440032002024
211 0.19795718126795672 0.14933184244862802 0.32022441765609233 0.19795718074011046 0.151614147306925 0.7969420756963507 0.13823042530622692 0.22774324739387763 0.2451936319602618 0.1941766952215364 0.15174706082659928 0.3542409998414081 0.3542409996897035 0.4889530754828868 0.48895307531238696 0.25168614220861724 0.20170269031607607 0.18393855464128703 0.17656559474220487 0.22065836576988712
54 0.009304784581408642 0.512204628043098 0.10371614493840807 0.009304785270189485 0.5280035399882387 0.14634398953446234 0.5137968036703825 0.42827315515251263 0.2618285277361109 0.039096181496667 0.48613100831781214 0.10219502119273105 0.10219502091982635 0.16237606562379547 0.16237606538858385 0.24682644645625654 0.43396222930898737 0.03523190582632628 0.4706581813631193 0.3550071747890409
63 0.19795718126795672 0.14933184244862802 0.32022441765609233 0.19795718074011046 0.151614147306925 0.7969420756963507 0.13823042530622692 0.22774324739387763 0.2451936319602618 0.1941766952215364 0.15174706082659928 0.3542409998414081 0.3542409996897035 0.4889530754828868 0.48895307531238696 0.25168614220861724 0.20170269031607607 0.18393855464128703 0.17656559474220487 0.22065836576988712
86 0.107394431811329 0.14642563676918913 0.1423875453712058 0.10739443149450836 0.13621791866628338 0.48895307542749805 0.11208292784791685 0.2030817034424051 0.16904885747577403 0.24887811883489336 0.11589975829088298 0.1349116271771694 0.13491162702516857 0.7742067218203558 0.7742067218386052 0.17594268153330675 0.2215567873571672 0.2767390150346852 0.17333400854305747 0.3129946047040589
141 0.8368756018962303 0.01453922432455274 0.4598166854434648 0.8368756005036418 -0.0028975105421770045 0.19795718101016682 0.0005654422239757106 0.011611655376868322 -0.04165515763192155 0.11661160001106172 0.026393813443375765 0.37774219546498333 0.37774219538188797 0.10739443168133213 0.10739443161975615 -0.03532651672918269 0.030265777361618385 0.11839520841519581 0.03496601943369786 0.08015954385093635
42 0.04796993395636196 0.4237788742660275 0.1218047510600803 0.04796993482234216 0.33195807593149396 0.22923614386623062 0.4482857048199447 0.5256684142376928 0.24196586711322687 0.0955816662944038 0.5867302983873872 0.2304886080770424 0.23048860780511488 0.1341781441829516 0.1341781438633429 0.1886079360862547 0.4569212613046962 0.0957096435340269 0.4757826646186015 0.35301853559779994
44 0.013547345176422414 0.45389845892514546 0.1584092961692481 0.013547346055202514 0.6190819690279693 0.18468585596865522 0.42559568029923206 0.3808185326288866 0.35162958520311216 -0.001932572479109975 0.5374408776656764 0.1751505653746068 0.17515056510899973 0.1698784679522527 0.16987846768789036 0.3145761230210113 0.4375489498626828 -0.00342205385673011 0.3573331290619987 0.27292244483080547
103 0.8368756018962303 0.01453922432455274 0.4598166854434648 0.8368756005036418 -0.0028975105421770045 0.19795718101016682 0.0005654422239757106 0.011611655376868322 -0.04165515763192155 0.11661160001106172 0.026393813443375765 0.37774219546498333 0.37774219538188797 0.10739443168133213 0.10739443161975615 -0.03532651672918269 0.030265777361618385 0.11839520841519581 0.03496601943369786 0.08015954385093635
146 0.19719949865836525 0.1564920779518468 0.5401550147006287 0.1971994971683087 0.22102058806990793 0.7436670013699311 0.15459910709038133 0.13009122828373998 0.3121815039365452 0.08478598439710605 0.15917816910922844 0.3010494450601296 0.3010494450088671 0.34643497259698147 0.3464349724962987 0.5376322155569949 0.14848657811362478 0.030361469789018537 0.19011112048656442 0.1675796179430229
32 0.016781715820562666 0.44930279490964126 0.14097654292538975 0.016781716547217246 0.5757971509405458 0.16028235750156036 0.4817660356993613 0.4287138045686114 0.3286806812461396 0.010077180607002953 0.5599175944555709 0.17140936465583118 0.1714093644233102 0.13661884450999595 0.13661884427167487 0.28319075827873125 0.39702144480216234 0.007949167568617563 0.40898412590167643 0.2851667831180098
157 0.01921683936216482 0.21515237838000623 0.36414057191141086 0.019216839400536596 0.541345224082894 0.36908381895405024 0.22679525637553336 0.34080566473371693 0.5842563969386675 0.02559892859846935 0.34472354532057986 0.30901869184923764 0.30901869178916336 0.20437332473620623 0.20437332448921355 0.550625664746397 0.27329374585703314 0.01734091143483432 0.22110491614519173 0.23329080822375267
49 0.030789402481548756 0.4723146601315552 0.10183358359154741 0.03078940300358942 0.34649111125502546 0.1852815370545019 0.45908759474626365 0.5031122826984286 0.195182775220674 0.14336875947033717 0.4334314219997937 0.1152980617626678 0.1152980614598198 0.18333348509115702 0.18333348483335452 0.181289229268018 0.470016162863414 0.1372843606884923 0.5482593292800783 0.48251270938920765
60 0.01921683936216482 0.21515237838000623 0.36414057191141086 0.019216839400536596 0.541345224082894 0.36908381895405024 0.22679525637553336 0.34080566473371693 0.5842563969386675 0.02559892859846935 0.34472354532057986 0.30901869184923764 0.30901869178916336 0.20437332473620623 0.20437332448921355 0.550625664746397 0.27329374585703314 0.01734091143483432 0.22110491614519173 0.23329080822375267
163 -0.03532651694813592 0.20511303324163596 0.15030597024727482 -0.03532651650839879 0.41771671560020923 0.25168614220861996 0.21913560122282033 0.19114249868290958 0.780216609716573 -0.006212602257223296 0.23553762982252874 0.11748467849533138 0.11748467840406933 0.1759426815988641 0.17594268144788464 0.8838664323767438 0.1782310559545109 -0.01064141827045458 0.17400385675103477 0.1153410306400062
125 0.11661160029489093 0.04557701147360898 0.08035895620612005 0.11661159969281096 -0.022845167208708356 0.19417669522154543 0.009441710998723825 0.18456858103994203 -0.00569951587827766 0.9186459366309093 0.007180265834528002 0.13039450963700489 0.13039450956577522 0.24887811889315176 0.24887811879534827 -0.006212602257215832 0.1241630085534014 0.8728036000291947 0.1401226896813898 0.30517440032002024
7 0.001828792679712224 0.5853596058919882 0.07719481900886317 0.0018287935751522418 0.4591518134261919 0.13380505965998224 0.6129243107825629 0.38811825334413413 0.21549428527925454 0.005560334718594213 0.5381154449983133 0.07466208836008051 0.0746620880839643 0.12344412755117187 0.1234441273137058 0.22163067571869732 0.4630115232504648 0.003507241521040451 0.44679782845340227 0.23549801257861264
76 0.11661160029489093 0.04557701147360898 0.08035895620612005 0.11661159969281096 -0.022845167208708356 0.19417669522154543 0.009441710998723825 0.18456858103994203 -0.00569951587827766 0.9186459366309093 0.007180265834528002 0.13039450963700489 0.13039450956577522 0.24887811889315176 0.24887811879534827 -0.006212602257215832 0.1241630085534014 0.8728036000291947 0.1401226896813898 0.30517440032002024
212 0.19795718126795672 0.14933184244862802 0.32022441765609233 0.19795718074011046 0.151614147306925 0.7969420756963507 0.13823042530622692 0.22774324739387763 0.2451936319602618 0.1941766952215364 0.15174706082659928 0.3542409998414081 0.3542409996897035 0.4889530754828868 0.48895307531238696 0.25168614220861724 0.20170269031607607 0.18393855464128703 0.17656559474220487 0.22065836576988712
55 0.08015954341463381 0.325269761953618 0.12474393692149674 0.08015954424760716 0.22646122703566274 0.22065836576987952 0.24109259416496354 0.44620231090148943 0.11672922627489646 0.3051744003200093 0.275134779631919 0.14325521349305942 0.14325521320227114 0.31299460474093554 0.3129946045967702 0.11534103064000645 0.45594683199902963 0.3087451510985413 0.4787764605273246 0.7371684465312907
111 0.4623487888898162 -0.019528169277047265 0.03714911778384553 0.46234878922009987 -0.007744709680143086 0.47034984607205943 0.037200489263280095 -0.10179047983997809 -0.05777189894731543 0.28828094281513295 0.06883561268434354 0.4770112302025869 0.477011230035325 0.3086569586538778 0.30865695855019193 -0.11170508702087456 0.13425375218863508 0.6203404948918628 0.05617019169484874 0.24616869475034814
96 0.11661160029489093 0.04557701147360898 0.08035895620612005 0.11661159969281096 -0.022845167208708356 0.19417669522154543 0.009441710998723825 0.18456858103994203 -0.00569951587827766 0.9186459366309093 0.007180265834528002 0.13039450963700489 0.13039450956577522 0.24887811889315176 0.24887811879534827 -0.006212602257215832 0.1241630085534014 0.8728036000291947 0.1401226896813898 0.30517440032002024
74 0.11661160029489093 0.04557701147360898 0.08035895620612005 0.11661159969281096 -0.022845167208708356 0.19417669522154543 0.009441710998723825 0.18456858103994203 -0.00569951587827766 0.9186459366309093 0.007180265834528002 0.13039450963700489 0.13039450956577522 0.24887811889315176 0.24887811879534827 -0.006212602257215832 0.1241630085534014 0.8728036000291947 0.1401226896813898 0.30517440032002024
173 0.8368756018962303 0.01453922432455274 0.4598166854434648 0.8368756005036418 -0.0028975105421770045 0.19795718101016682 0.0005654422239757106 0.011611655376868322 -0.04165515763192155 0.11661160001106172 0.026393813443375765 0.37774219546498333 0.37774219538188797 0.10739443168133213 0.10739443161975615 -0.03532651672918269 0.030265777361618385 0.11839520841519581 0.03496601943369786 0.08015954385093635
159 0.4623487888898162 -0.019528169277047265 0.03714911778384553 0.46234878922009987 -0.007744709680143086 0.47034984607205943 0.037200489263280095 -0.10179047983997809 -0.05777189894731543 0.28828094281513295 0.06883561268434354 0.4770112302025869 0.477011230035325 0.3086569586538778 0.30865695855019193 -0.11170508702087456 0.13425375218863508 0.6203404948918628 0.05617019169484874 0.24616869475034814
191 0.4623487888898162 -0.019528169277047265 0.03714911778384553 0.46234878922009987 -0.007744709680143086 0.47034984607205943 0.037200489263280095 -0.10179047983997809 -0.05777189894731543 0.28828094281513295 0.06883561268434354 0.4770112302025869 0.477011230035325 0.3086569586538778 0.30865695855019193 -0.11170508702087456 0.13425375218863508 0.6203404948918628 0.05617019169484874 0.24616869475034814
123 0.11661160029489093 0.04557701147360898 0.08035895620612005 0.11661159969281096 -0.022845167208708356 0.19417669522154543 0.009441710998723825 0.18456858103994203 -0.00569951587827766 0.9186459366309093 0.007180265834528002 0.13039450963700489 0.13039450956577522 0.24887811889315176 0.24887811879534827 -0.006212602257215832 0.1241630085534014 0.8728036000291947 0.1401226896813898 0.30517440032002024
91 0.11661160029489093 0.04557701147360898 0.08035895620612005 0.11661159969281096 -0.022845167208708356 0.19417669522154543 0.009441710998723825 0.18456858103994203 -0.00569951587827766 0.9186459366309093 0.007180265834528002 0.13039450963700489 0.13039450956577522 0.24887811889315176 0.24887811879534827 -0.006212602257215832 0.1241630085534014 0.8728036000291947 0.1401226896813898 0.30517440032002024
31 0.01451568448876578 0.5351665171377262 0.09502569235229416 0.014515685095181073 0.46833880264060024 0.14141778508888506 0.5575526708565468 0.4168578032661808 0.2127770757262001 0.04509510699627551 0.5075217139380613 0.08798207811011706 0.08798207786142893 0.14149781940674333 0.1414978191903211 0.22166456064108409 0.43389726245155935 0.0380494201059482 0.5083358844308482 0.3494616076730952
184 0.8368756018962303 0.01453922432455274 0.4598166854434648 0.8368756005036418 -0.0028975105421770045 0.19795718101016682 0.0005654422239757106 0.011611655376868322 -0.04165515763192155 0.11661160001106172 0.026393813443375765 0.37774219546498333 0.37774219538188797 0.10739443168133213 0.10739443161975615 -0.03532651672918269 0.030265777361618385 0.11839520841519581 0.03496601943369786 0.08015954385093635
67 0.4598166860680379 0.08859319781435632 0.7629441535035008 0.45981668465653447 0.15583838441435932 0.32022441765609844 0.07454654249841877 0.09992707293731387 0.13612552297731176 0.0803589562061071 0.1254126060333948 0.5911271987998645 0.5911271987690916 0.1423875454340185 0.14238754528458702 0.15030597024727643 0.10422130695124071 0.07732086544151885 0.09854988354783639 0.1247439369215122
169 0.11661160029489093 0.04557701147360898 0.08035895620612005 0.11661159969281096 -0.022845167208708356 0.19417669522154543 0.009441710998723825 0.18456858103994203 -0.00569951587827766 0.9186459366309093 0.007180265834528002 0.13039450963700489 0.13039450956577522 0.24887811889315176 0.24887811879534827 -0.006212602257215832 0.1241630085534014 0.8728036000291947 0.1401226896813898 0.30517440032002024
110 0.4623487888898162 -0.019528169277047265 0.03714911778384553 0.46234878922009987 -0.007744709680143086 0.47034984607205943 0.037200489263280095 -0.10179047983997809 -0.05777189894731543 0.28828094281513295 0.06883561268434354 0.4770112302025869 0.477011230035325 0.3086569586538778 0.30865695855019193 -0.11170508702087456 0.13425375218863508 0.6203404948918628 0.05617019169484874 0.24616869475034814
37 0.01336686253500451 0.5251436999493748 0.09964322326627834 0.013366863144347025 0.4887267812161147 0.14627204131515326 0.549460442753309 0.41640405091549115 0.23034123822306138 0.04692923971045799 0.5025576765358382 0.09147063184082455 0.09147063161270072 0.13990261722559502 0.1399026169853202 0.23167494176961004 0.42983431112197507 0.0349448605878041 0.49613043206993984 0.35777223659511537
200 0.11839520847632969 0.041718041636180786 0.07732086544150547 0.11839520827076723 -0.02302256684173361 0.18393855464128078 0.011394837452610862 0.18034405864832995 -0.0076365273240129984 0.872803600029189 0.008705172923272905 0.13187055226559108 0.13187055211033027 0.2767390150246733 0.2767390150217469 -0.010641418270460879 0.12592962554663653 0.9044073898031181 0.1345819808854039 0.3087451510985439
51 0.07654641214992296 0.2928777431164074 0.14029132730153748 0.07654641273087356 0.2424000947598296 0.25781115053067927 0.24589966588987786 0.4757401685062065 0.1484551009734494 0.3612580534461792 0.25368091520407304 0.15745337768502207 0.15745337747358112 0.31418836883529205 0.31418836870380373 0.13470771857710517 0.4193601505716457 0.2860966405117212 0.4088626811098061 0.7490253683961248
108 0.8368756018962303 0.01453922432455274 0.4598166854434648 0.8368756005036418 -0.0028975105421770045 0.19795718101016682 0.0005654422239757106 0.011611655376868322 -0.04165515763192155 0.11661160001106172 0.026393813443375765 0.37774219546498333 0.37774219538188797 0.10739443168133213 0.10739443161975615 -0.03532651672918269 0.030265777361618385 0.11839520841519581 0.03496601943369786 0.08015954385093635
69 0.8368756018962303 0.01453922432455274 0.4598166854434648 0.8368756005036418 -0.0028975105421770045 0.19795718101016682 0.0005654422239757106 0.011611655376868322 -0.04165515763192155 0.11661160001106172 0.026393813443375765 0.37774219546498333 0.37774219538188797 0.10739443168133213 0.10739443161975615 -0.03532651672918269 0.030265777361618385 0.11839520841519581 0.03496601943369786 0.08015954385093635
152 0.8368756018962303 0.01453922432455274 0.4598166854434648 0.8368756005036418 -0.0028975105421770045 0.19795718101016682 0.0005654422239757106 0.011611655376868322 -0.04165515763192155 0.11661160001106172 0.026393813443375765 0.37774219546498333 0.37774219538188797 0.10739443168133213 0.10739443161975615 -0.03532651672918269 0.030265777361618385 0.11839520841519581 0.03496601943369786 0.08015954385093635
171 0.3777421958788239 0.08475383588525841 0.5911271986805048 0.3777421946636488 0.14429688074783764 0.35424099970393924 0.07806541216955833 0.15387464175478838 0.13898573579875229 0.13039450956213117 0.1412330137571961 0.7116618731558277 0.7116618732308159 0.13491162710110202 0.13491162695431885 0.11748467839253936 0.11660695142202374 0.13187055212761373 0.10498288605653305 0.1432552133063193
166 0.11661160029489093 0.04557701147360898 0.08035895620612005 0.11661159969281096 -0.022845167208708356 0.19417669522154543 0.009441710998723825 0.18456858103994203 -0.00569951587827766 0.9186459366309093 0.007180265834528002 0.13039450963700489 0.13039450956577522 0.24887811889315176 0.24887811879534827 -0.006212602257215832 0.1241630085534014 0.8728036000291947 0.1401226896813898 0.30517440032002024
43 0.13337728708756594 0.2826817626945683 0.17635859323886463 0.13337728781369254 0.16951322597177756 0.41065378902729827 0.16433057589840025 0.34756306137874865 0.18654082125253785 0.18973087295541727 0.4596771669482542 0.381484271813873 0.3814842716345973 0.2819583707084667 0.2819583705689164 0.11041939058553062 0.6791868167430614 0.23910691474220702 0.25524736124815617 0.40116652424279675
185 0.4598166860680379 0.08859319781435632 0.7629441535035008 0.45981668465653447 0.15583838441435932 0.32022441765609844 0.07454654249841877 0.09992707293731387 0.13612552297731176 0.0803589562061071 0.1254126060333948 0.5911271987998645 0.5911271987690916 0.1423875454340185 0.14238754528458702 0.15030597024727643 0.10422130695124071 0.07732086544151885 0.09854988354783639 0.1247439369215122
194 0.107394431811329 0.14642563676918913 0.1423875453712058 0.10739443149450836 0.13621791866628338 0.48895307542749805 0.11208292784791685 0.2030817034424051 0.16904885747577403 0.24887811883489336 0.11589975829088298 0.1349116271771694 0.13491162702516857 0.7742067218203558 0.7742067218386052 0.17594268153330675 0.2215567873571672 0.2767390150346852 0.17333400854305747 0.3129946047040589
5 0.05819138740438198 0.25659527551702005 0.0993937512996653 0.05819138659284377 0.050304008329511186 0.2992505791750808 0.24868177108133718 0.46927251718935015 0.19310469020992915 0.41458671968603483 0.21751002118070573 0.1681677034832642 0.16816770321782065 0.33320357084295166 0.33320357061732375 0.09570050209103426 0.6812074829667433 0.4115382126316604 0.317541563661662 0.5057106410809442
88 0.11661160029489093 0.04557701147360898 0.08035895620612005 0.11661159969281096 -0.022845167208708356 0.19417669522154543 0.009441710998723825 0.18456858103994203 -0.00569951587827766 0.9186459366309093 0.007180265834528002 0.13039450963700489 0.13039450956577522 0.24887811889315176 0.24887811879534827 -0.006212602257215832 0.1241630085534014 0.8728036000291947 0.1401226896813898 0.30517440032002024
12 -0.0008187374182096859 0.5543852936598739 0.07599633916545959 -0.0008187366997242604 0.4662459913398066 0.1374005080635119 0.616347836348334 0.4248174035785877 0.24117298762131317 0.006427830480780607 0.5317590798000285 0.08210104586946244 0.08210104564283607 0.12009351864765067 0.12009351845041176 0.22472306229898983 0.42966746211276413 0.010144721170151595 0.4621414530999233 0.24079645675197686
90 0.11661160029489093 0.04557701147360898 0.08035895620612005 0.11661159969281096 -0.022845167208708356 0.19417669522154543 0.009441710998723825 0.18456858103994203 -0.00569951587827766 0.9186459366309093 0.007180265834528002 0.13039450963700489 0.13039450956577522 0.24887811889315176 0.24887811879534827 -0.006212602257215832 0.1241630085534014 0.8728036000291947 0.1401226896813898 0.30517440032002024
106 0.3777421958788239 0.08475383588525841 0.5911271986805048 0.3777421946636488 0.14429688074783764 0.35424099970393924 0.07806541216955833 0.15387464175478838 0.13898573579875229 0.13039450956213117 0.1412330137571961 0.7116618731558277 0.7116618732308159 0.13491162710110202 0.13491162695431885 0.11748467839253936 0.11660695142202374 0.13187055212761373 0.10498288605653305 0.1432552133063193
153 0.4598166860680379 0.08859319781435632 0.7629441535035008 0.45981668465653447 0.15583838441435932 0.32022441765609844 0.07454654249841877 0.09992707293731387 0.13612552297731176 0.0803589562061071 0.1254126060333948 0.5911271987998645 0.5911271987690916 0.1423875454340185 0.14238754528458702 0.15030597024727643 0.10422130695124071 0.07732086544151885 0.09854988354783639 0.1247439369215122
172 0.8368756018962303 0.01453922432455274 0.4598166854434648 0.8368756005036418 -0.0028975105421770045 0.19795718101016682 0.0005654422239757106 0.011611655376868322 -0.04165515763192155 0.11661160001106172 0.026393813443375765 0.37774219546498333 0.37774219538188797 0.10739443168133213 0.10739443161975615 -0.03532651672918269 0.030265777361618385 0.11839520841519581 0.03496601943369786 0.08015954385093635
13 0.05877605202082036 0.23705565601882353 0.10677094407458673 0.05877605134181784 0.07343127693446874 0.3186171164653259 0.23273037338575173 0.45228978672096387 0.20441644205308138 0.4023069663722477 0.20058180089223687 0.17662449781225015 0.17662449758710125 0.3843228418844183 0.3843228417278896 0.10096689077613824 0.6849316569722761 0.39854738967442854 0.25375734648963366 0.49517472569348736
104 0.8368756018962303 0.01453922432455274 0.4598166854434648 0.8368756005036418 -0.0028975105421770045 0.19795718101016682 0.0005654422239757106 0.011611655376868322 -0.04165515763192155 0.11661160001106172 0.026393813443375765 0.37774219546498333 0.37774219538188797 0.10739443168133213 0.10739443161975615 -0.03532651672918269 0.030265777361618385 0.11839520841519581 0.03496601943369786 0.08015954385093635
57 0.014234452490164817 0.5582652615347932 0.09170321623011551 0.014234453231888482 0.4449397932966809 0.15020538139057468 0.5509261874149043 0.4020451421007289 0.20120879249154197 0.041617056753535116 0.5091872174251022 0.08584348040997321 0.08584348019664209 0.15155662539776718 0.1515566251420128 0.2124928179449096 0.48545238582921413 0.03794345254486785 0.48894455847111623 0.33200590491041815
113 0.19795718126795672 0.14933184244862802 0.32022441765609233 0.19795718074011046 0.151614147306925 0.7969420756963507 0.13823042530622692 0.22774324739387763 0.2451936319602618 0.1941766952215364 0.15174706082659928 0.3542409998414081 0.3542409996897035 0.4889530754828868 0.48895307531238696 0.25168614220861724 0.20170269031607607 0.18393855464128703 0.17656559474220487 0.22065836576988712
217 0.8368756018962303 0.01453922432455274 0.4598166854434648 0.8368756005036418 -0.0028975105421770045 0.19795718101016682 0.0005654422239757106 0.011611655376868322 -0.04165515763192155 0.11661160001106172 0.026393813443375765 0.37774219546498333 0.37774219538188797 0.10739443168133213 0.10739443161975615 -0.03532651672918269 0.030265777361618385 0.11839520841519581 0.03496601943369786 0.08015954385093635
78 0.3777421958788239 0.08475383588525841 0.5911271986805048 0.3777421946636488 0.14429688074783764 0.35424099970393924 0.07806541216955833 0.15387464175478838 0.13898573579875229 0.13039450956213117 0.1412330137571961 0.7116618731558277 0.7116618732308159 0.13491162710110202 0.13491162695431885 0.11748467839253936 0.11660695142202374 0.13187055212761373 0.10498288605653305 0.1432552133063193
154 0.4598166860680379 0.08859319781435632 0.7629441535035008 0.45981668465653447 0.15583838441435932 0.32022441765609844 0.07454654249841877 0.09992707293731387 0.13612552297731176 0.0803589562061071 0.1254126060333948 0.5911271987998645 0.5911271987690916 0.1423875454340185 0.14238754528458702 0.15030597024727643 0.10422130695124071 0.07732086544151885 0.09854988354783639 0.1247439369215122
79 0.8368756018962303 0.01453922432455274 0.4598166854434648 0.8368756005036418 -0.0028975105421770045 0.19795718101016682 0.0005654422239757106 0.011611655376868322 -0.04165515763192155 0.11661160001106172 0.026393813443375765 0.37774219546498333 0.37774219538188797 0.10739443168133213 0.10739443161975615 -0.03532651672918269 0.030265777361618385 0.11839520841519581 0.03496601943369786 0.08015954385093635
140 0.4598166860680379 0.08859319781435632 0.7629441535035008 0.45981668465653447 0.15583838441435932 0.32022441765609844 0.07454654249841877 0.09992707293731387 0.13612552297731176 0.0803589562061071 0.1254126060333948 0.5911271987998645 0.5911271987690916 0.1423875454340185 0.14238754528458702 0.15030597024727643 0.10422130695124071 0.07732086544151885 0.09854988354783639 0.1247439369215122
46 0.054426780747619745 0.35060560614681785 0.27217395310191655 0.05442678124851182 0.6482555163443441 0.2374721905186827 0.266731510103872 0.35336932364539597 0.3326607192672186 0.039534558542254974 0.46363698831013395 0.23705786941790616 0.23705786919352734 0.25070006053430305 0.2507000602825519 0.38755658452074476 0.36794695377605385 0.006823546563354195 0.3224943349038292 0.40476430396721425
114 0.107394431811329 0.14642563676918913 0.1423875453712058 0.10739443149450836 0.13621791866628338 0.48895307542749805 0.11208292784791685 0.2030817034424051 0.16904885747577403 0.24887811883489336 0.11589975829088298 0.1349116271771694 0.13491162702516857 0.7742067218203558 0.7742067218386052 0.17594268153330675 0.2215567873571672 0.2767390150346852 0.17333400854305747 0.3129946047040589
9 0.014539223940963117 0.5661591102074476 0.08859319781419424 0.014539224721000653 0.4202171637609373 0.14933184244850412 0.5577178310964275 0.40747702860662366 0.19735099745919146 0.04557701147351752 0.5104521557028352 0.08475383604058674 0.0847538358019687 0.14642563686167545 0.14642563666420932 0.20511303324156027 0.49885828173077723 0.04171804163613444 0.4877683462024996 0.3252697619535913
167 0.11661160029489093 0.04557701147360898 0.08035895620612005 0.11661159969281096 -0.022845167208708356 0.19417669522154543 0.009441710998723825 0.18456858103994203 -0.00569951587827766 0.9186459366309093 0.007180265834528002 0.13039450963700489 0.13039450956577522 0.24887811889315176 0.24887811879534827 -0.006212602257215832 0.1241630085534014 0.8728036000291947 0.1401226896813898 0.30517440032002024
70 -0.04165515802660178 0.19735099745918303 0.13612552297729677 -0.04165515724855873 0.4453721583096848 0.2451936319602535 0.2264401122522277 0.29105566537477845 0.8373517494270296 -0.005699515878287653 0.23917101435033886 0.1389857359055439 0.13898573580041157 0.16904885754971333 0.16904885739718137 0.7802166097165668 0.19608692744239561 -0.00763652732401486 0.17185149794194365 0.11672922627488899
177 0.11661160029489093 0.04557701147360898 0.08035895620612005 0.11661159969281096 -0.022845167208708356 0.19417669522154543 0.009441710998723825 0.18456858103994203 -0.00569951587827766 0.9186459366309093 0.007180265834528002 0.13039450963700489 0.13039450956577522 0.24887811889315176 0.24887811879534827 -0.006212602257215832 0.1241630085534014 0.8728036000291947 0.1401226896813898 0.30517440032002024
181 0.3777421958788239 0.08475383588525841 0.5911271986805048 0.3777421946636488 0.14429688074783764 0.35424099970393924 0.07806541216955833 0.15387464175478838 0.13898573579875229 0.13039450956213117 0.1412330137571961 0.7116618731558277 0.7116618732308159 0.13491162710110202 0.13491162695431885 0.11748467839253936 0.11660695142202374 0.13187055212761373 0.10498288605653305 0.1432552133063193
144 0.4763173542469039 -0.02313699428505472 0.02328547351699848 0.476317354937073 -0.0016447100957964911 0.43643120254881407 0.04641811607669989 -0.08710512865816762 -0.06212854546067354 0.2959465971947762 0.07626886622646917 0.4718093395108349 0.47180933935280633 0.3216061929600061 0.3216061928906177 -0.10202748998554897 0.11942172435814259 0.6218387913408486 0.02377374445951335 0.2842955926040885
75 0.11661160029489093 0.04557701147360898 0.08035895620612005 0.11661159969281096 -0.022845167208708356 0.19417669522154543 0.009441710998723825 0.18456858103994203 -0.00569951587827766 0.9186459366309093 0.007180265834528002 0.13039450963700489 0.13039450956577522 0.24887811889315176 0.24887811879534827 -0.006212602257215832 0.1241630085534014 0.8728036000291947 0.1401226896813898 0.30517440032002024
143 0.06742949416434273 0.19138216384032566 0.4668261884450395 0.06742949412126209 0.5106579817782393 0.3617219870047982 0.1973748279685051 0.3206173200293984 0.5157446952447089 0.026519768352575215 0.37128292786322614 0.4087842155600603 0.4087842154552986 0.18628408659150525 0.18628408637083851 0.4635184008136876 0.26076498252289787 0.02704633847303618 0.2146490268241373 0.23476347868891442
24 -0.0028975108420424547 0.4202171637610637 0.15583838441435993 -0.002897510252848577 0.7024611963750315 0.15161414730692604 0.4437627942902566 0.31343749158066997 0.4453721583096876 -0.022845167208721217 0.5040170307608872 0.1442968808811982 0.14429688068003194 0.13621791878673603 0.13621791855639306 0.41771671560020274 0.35008821310109733 -0.023022566841722273 0.32707658618682706 0.22646122703566013
22 -0.0021172378150632683 0.35053038573532835 0.10525510798814136 -0.002117237048873239 0.27800046010326335 0.26558666303111733 0.39308365306278925 0.713559793305185 0.3779273664228611 0.2295041865055633 0.3313218622343298 0.181075833769352 0.18107583352461726 0.21020852877950885 0.210208528630327 0.20594492062848177 0.4097160689269084 0.20181913089210646 0.41495665837032686 0.41368984630383676
182 0.3777421958788239 0.08475383588525841 0.5911271986805048 0.3777421946636488 0.14429688074783764 0.35424099970393924 0.07806541216955833 0.15387464175478838 0.13898573579875229 0.13039450956213117 0.1412330137571961 0.7116618731558277 0.7116618732308159 0.13491162710110202 0.13491162695431885 0.11748467839253936 0.11660695142202374 0.13187055212761373 0.10498288605653305 0.1432552133063193
97 0.11661160029489093 0.04557701147360898 0.08035895620612005 0.11661159969281096 -0.022845167208708356 0.19417669522154543 0.009441710998723825 0.18456858103994203 -0.00569951587827766 0.9186459366309093 0.007180265834528002 0.13039450963700489 0.13039450956577522 0.24887811889315176 0.24887811879534827 -0.006212602257215832 0.1241630085534014 0.8728036000291947 0.1401226896813898 0.30517440032002024
201 0.11839520847632969 0.041718041636180786 0.07732086544150547 0.11839520827076723 -0.02302256684173361 0.18393855464128078 0.011394837452610862 0.18034405864832995 -0.0076365273240129984 0.872803600029189 0.008705172923272905 0.13187055226559108 0.13187055211033027 0.2767390150246733 0.2767390150217469 -0.010641418270460879 0.12592962554663653 0.9044073898031181 0.1345819808854039 0.3087451510985439
151 0.8368756018962303 0.01453922432455274 0.4598166854434648 0.8368756005036418 -0.0028975105421770045 0.19795718101016682 0.0005654422239757106 0.011611655376868322 -0.04165515763192155 0.11661160001106172 0.026393813443375765 0.37774219546498333 0.37774219538188797 0.10739443168133213 0.10739443161975615 -0.03532651672918269 0.030265777361618385 0.11839520841519581 0.03496601943369786 0.08015954385093635
62 0.4623487888898162 -0.019528169277047265 0.03714911778384553 0.46234878922009987 -0.007744709680143086 0.47034984607205943 0.037200489263280095 -0.10179047983997809 -0.05777189894731543 0.28828094281513295 0.06883561268434354 0.4770112302025869 0.477011230035325 0.3086569586538778 0.30865695855019193 -0.11170508702087456 0.13425375218863508 0.6203404948918628 0.05617019169484874 0.24616869475034814
109 0.03339717156438109 0.2116199973445315 0.42602367189583273 0.0333971712467791 0.5221248616828608 0.4108083043599092 0.20209530542995643 0.21198657178371658 0.5484990623250612 0.010917919124558827 0.31711509617098016 0.26328304225015337 0.26328304216404746 0.22205876903760624 0.22205876884989323 0.6677660105995857 0.24187421543704346 0.0020056222440111996 0.2101259300209941 0.220232693984618
188 0.8368756018962303 0.01453922432455274 0.4598166854434648 0.8368756005036418 -0.0028975105421770045 0.19795718101016682 0.0005654422239757106 0.011611655376868322 -0.04165515763192155 0.11661160001106172 0.026393813443375765 0.37774219546498333 0.37774219538188797 0.10739443168133213 0.10739443161975615 -0.03532651672918269 0.030265777361618385 0.11839520841519581 0.03496601943369786 0.08015954385093635
1 0.012527939876513553 0.550334334646168 0.09555858062141209 0.012527940664819047 0.46358173868857555 0.15699835179888166 0.5402551913889879 0.40332422861245076 0.22027872946833582 0.043002225107214805 0.5033418521965543 0.09031606524495353 0.09031606498893738 0.15232978148056955 0.1523297812134982 0.2204491666990915 0.4902563000895818 0.03542068009654739 0.4719379483586872 0.3376238102236897
98 0.11661160029489093 0.04557701147360898 0.08035895620612005 0.11661159969281096 -0.022845167208708356 0.19417669522154543 0.009441710998723825 0.18456858103994203 -0.00569951587827766 0.9186459366309093 0.007180265834528002 0.13039450963700489 0.13039450956577522 0.24887811889315176 0.24887811879534827 -0.006212602257215832 0.1241630085534014 0.8728036000291947 0.1401226896813898 0.30517440032002024
4 0.0005654418832348449 0.5577178310966436 0.07454654249849262 0.0005654425514777265 0.443762794290324 0.13823042530628976 0.6326511842801811 0.424410298273132 0.2264401122522449 0.009441710998748855 0.5371689777740508 0.07806541232162759 0.07806541210391814 0.11208292797329711 0.11208292772243277 0.21913560122284823 0.4237985869450988 0.011394837452641651 0.4731583299363637 0.24109259416498713
84 0.19795718126795672 0.14933184244862802 0.32022441765609233 0.19795718074011046 0.151614147306925 0.7969420756963507 0.13823042530622692 0.22774324739387763 0.2451936319602618 0.1941766952215364 0.15174706082659928 0.3542409998414081 0.3542409996897035 0.4889530754828868 0.48895307531238696 0.25168614220861724 0.20170269031607607 0.18393855464128703 0.17656559474220487 0.22065836576988712
216 0.8368756018962303 0.01453922432455274 0.4598166854434648 0.8368756005036418 -0.0028975105421770045 0.19795718101016682 0.0005654422239757106 0.011611655376868322 -0.04165515763192155 0.11661160001106172 0.026393813443375765 0.37774219546498333 0.37774219538188797 0.10739443168133213 0.10739443161975615 -0.03532651672918269 0.030265777361618385 0.11839520841519581 0.03496601943369786 0.08015954385093635
190 0.4623487888898162 -0.019528169277047265 0.03714911778384553 0.46234878922009987 -0.007744709680143086 0.47034984607205943 0.037200489263280095 -0.10179047983997809 -0.05777189894731543 0.28828094281513295 0.06883561268434354 0.4770112302025869 0.477011230035325 0.3086569586538778 0.30865695855019193 -0.11170508702087456 0.13425375218863508 0.6203404948918628 0.05617019169484874 0.24616869475034814
142 0.8368756018962303 0.01453922432455274 0.4598166854434648 0.8368756005036418 -0.0028975105421770045 0.19795718101016682 0.0005654422239757106 0.011611655376868322 -0.04165515763192155 0.11661160001106172 0.026393813443375765 0.37774219546498333 0.37774219538188797 0.10739443168133213 0.10739443161975615 -0.03532651672918269 0.030265777361618385 0.11839520841519581 0.03496601943369786 0.08015954385093635
197 0.33765108249306897 0.05372495690251805 -0.03629369280511135 0.3376510820690146 -0.022896053575246888 0.42757386011667636 -0.013682277246271005 -0.00770778925167371 -0.08155681348330063 0.6090690828674076 0.07668610298350541 0.5469988845212677 0.546998884422875 0.15192228426637744 0.151922284129217 -0.04105663251651416 0.055544139192062095 0.6440901582132245 0.12462088936583347 0.20199754437955136
178 0.11661160029489093 0.04557701147360898 0.08035895620612005 0.11661159969281096 -0.022845167208708356 0.19417669522154543 0.009441710998723825 0.18456858103994203 -0.00569951587827766 0.9186459366309093 0.007180265834528002 0.13039450963700489 0.13039450956577522 0.24887811889315176 0.24887811879534827 -0.006212602257215832 0.1241630085534014 0.8728036000291947 0.1401226896813898 0.30517440032002024
39 0.02639381294316497 0.5104521557028818 0.12541260603338752 0.026393813894682108 0.5040170307608894 0.15174706082659645 0.5371689777740293 0.37926779461193216 0.23917101435033616 0.007180265834517553 0.6146819883155682 0.14123301391033047 0.1412330136904263 0.1158997584032831 0.1158997581571731 0.23553762982252868 0.42557976675430176 0.008705172923272738 0.44569467847741334 0.27513477963191063
58 0.040615753621870414 0.3576174511774411 0.23957882996629146 0.04061575436511513 0.5721146240013506 0.3081678525976206 0.2508798850531692 0.40235663885216133 0.36714868400892503 0.04817216705608938 0.4383516734836528 0.2664457512438032 0.2664457510527348 0.27593788705410455 0.2759378868432222 0.3389969964095013 0.47799672254772957 0.03117471079776098 0.26339552357400675 0.3510777850338722
82 0.4623487888898162 -0.019528169277047265 0.03714911778384553 0.46234878922009987 -0.007744709680143086 0.47034984607205943 0.037200489263280095 -0.10179047983997809 -0.05777189894731543 0.28828094281513295 0.06883561268434354 0.4770112302025869 0.477011230035325 0.3086569586538778 0.30865695855019193 -0.11170508702087456 0.13425375218863508 0.6203404948918628 0.05617019169484874 0.24616869475034814
187 0.8368756018962303 0.01453922432455274 0.4598166854434648 0.8368756005036418 -0.0028975105421770045 0.19795718101016682 0.0005654422239757106 0.011611655376868322 -0.04165515763192155 0.11661160001106172 0.026393813443375765 0.37774219546498333 0.37774219538188797 0.10739443168133213 0.10739443161975615 -0.03532651672918269 0.030265777361618385 0.11839520841519581 0.03496601943369786 0.08015954385093635
202 0.01921683936216482 0.21515237838000623 0.36414057191141086 0.019216839400536596 0.541345224082894 0.36908381895405024 0.22679525637553336 0.34080566473371693 0.5842563969386675 0.02559892859846935 0.34472354532057986 0.30901869184923764 0.30901869178916336 0.20437332473620623 0.20437332448921355 0.550625664746397 0.27329374585703314 0.01734091143483432 0.22110491614519173 0.23329080822375267
165 0.11661160029489093 0.04557701147360898 0.08035895620612005 0.11661159969281096 -0.022845167208708356 0.19417669522154543 0.009441710998723825 0.18456858103994203 -0.00569951587827766 0.9186459366309093 0.007180265834528002 0.13039450963700489 0.13039450956577522 0.24887811889315176 0.24887811879534827 -0.006212602257215832 0.1241630085534014 0.8728036000291947 0.1401226896813898 0.30517440032002024
218 0.4598166860680379 0.08859319781435632 0.7629441535035008 0.45981668465653447 0.15583838441435932 0.32022441765609844 0.07454654249841877 0.09992707293731387 0.13612552297731176 0.0803589562061071 0.1254126060333948 0.5911271987998645 0.5911271987690916 0.1423875454340185 0.14238754528458702 0.15030597024727643 0.10422130695124071 0.07732086544151885 0.09854988354783639 0.1247439369215122
135 0.4623487888898162 -0.019528169277047265 0.03714911778384553 0.46234878922009987 -0.007744709680143086 0.47034984607205943 0.037200489263280095 -0.10179047983997809 -0.05777189894731543 0.28828094281513295 0.06883561268434354 0.4770112302025869 0.477011230035325 0.3086569586538778 0.30865695855019193 -0.11170508702087456 0.13425375218863508 0.6203404948918628 0.05617019169484874 0.24616869475034814
176 0.11661160029489093 0.04557701147360898 0.08035895620612005 0.11661159969281096 -0.022845167208708356 0.19417669522154543 0.009441710998723825 0.18456858103994203 -0.00569951587827766 0.9186459366309093 0.007180265834528002 0.13039450963700489 0.13039450956577522 0.24887811889315176 0.24887811879534827 -0.006212602257215832 0.1241630085534014 0.8728036000291947 0.1401226896813898 0.30517440032002024
204 0.4623487888898162 -0.019528169277047265 0.03714911778384553 0.46234878922009987 -0.007744709680143086 0.47034984607205943 0.037200489263280095 -0.10179047983997809 -0.05777189894731543 0.28828094281513295 0.06883561268434354 0.4770112302025869 0.477011230035325 0.3086569586538778 0.30865695855019193 -0.11170508702087456 0.13425375218863508 0.6203404948918628 0.05617019169484874 0.24616869475034814
219 0.4598166860680379 0.08859319781435632 0.7629441535035008 0.45981668465653447 0.15583838441435932 0.32022441765609844 0.07454654249841877 0.09992707293731387 0.13612552297731176 0.0803589562061071 0.1254126060333948 0.5911271987998645 0.5911271987690916 0.1423875454340185 0.14238754528458702 0.15030597024727643 0.10422130695124071 0.07732086544151885 0.09854988354783639 0.1247439369215122
148 0.11836284617197075 0.1531639823864195 0.130672716596164 0.11836284597937263 0.16377266994424503 0.40477629548770055 0.11055300291457007 0.23768514476517086 0.15203492865530058 0.27018775480376067 0.10212922635575938 0.1314336712784579 0.13143367117382124 0.7786269304187787 0.7786269303341273 0.19454088635536892 0.194193200349202 0.26193759927429416 0.1563268316820266 0.3547098128738858
28 0.054426780747619745 0.35060560614681785 0.27217395310191655 0.05442678124851182 0.6482555163443441 0.2374721905186827 0.266731510103872 0.35336932364539597 0.3326607192672186 0.039534558542254974 0.46363698831013395 0.23705786941790616 0.23705786919352734 0.25070006053430305 0.2507000602825519 0.38755658452074476 0.36794695377605385 0.006823546563354195 0.3224943349038292 0.40476430396721425
23 0.059361995633252715 0.29358901769611045 0.1081852974182423 0.05936199638742792 0.1351321232674546 0.2536031373445929 0.250444062525984 0.556298540756295 0.16246830433257592 0.3970647564930898 0.24686086643447405 0.16492475913865437 0.16492475883149543 0.28398380286484826 0.28398380274639434 0.11317725451179315 0.430695258066851 0.4042975697771642 0.45829917841903556 0.6374316380154305
160 0.19795718126795672 0.14933184244862802 0.32022441765609233 0.19795718074011046 0.151614147306925 0.7969420756963507 0.13823042530622692 0.22774324739387763 0.2451936319602618 0.1941766952215364 0.15174706082659928 0.3542409998414081 0.3542409996897035 0.4889530754828868 0.48895307531238696 0.25168614220861724 0.20170269031607607 0.18393855464128703 0.17656559474220487 0.22065836576988712
131 0.8368756018962303 0.01453922432455274 0.4598166854434648 0.8368756005036418 -0.0028975105421770045 0.19795718101016682 0.0005654422239757106 0.011611655376868322 -0.04165515763192155 0.11661160001106172 0.026393813443375765 0.37774219546498333 0.37774219538188797 0.10739443168133213 0.10739443161975615 -0.03532651672918269 0.030265777361618385 0.11839520841519581 0.03496601943369786 0.08015954385093635
10 0.05763023161193932 0.4574605911002593 0.12602266446325386 0.057630232579286476 0.33758655134147914 0.20832529793033722 0.4607933143755824 0.4601504288012378 0.19555621906405884 0.08124379853681542 0.6233332257754035 0.20321674373718604 0.20321674347251337 0.12468632348803187 0.12468632323304833 0.18281005457122212 0.47034830964751767 0.08195510492023242 0.49657952065919164 0.36129650122042023
150 0.3777421958788239 0.08475383588525841 0.5911271986805048 0.3777421946636488 0.14429688074783764 0.35424099970393924 0.07806541216955833 0.15387464175478838 0.13898573579875229 0.13039450956213117 0.1412330137571961 0.7116618731558277 0.7116618732308159 0.13491162710110202 0.13491162695431885 0.11748467839253936 0.11660695142202374 0.13187055212761373 0.10498288605653305 0.1432552133063193
139 0.4598166860680379 0.08859319781435632 0.7629441535035008 0.45981668465653447 0.15583838441435932 0.32022441765609844 0.07454654249841877 0.09992707293731387 0.13612552297731176 0.0803589562061071 0.1254126060333948 0.5911271987998645 0.5911271987690916 0.1423875454340185 0.14238754528458702 0.15030597024727643 0.10422130695124071 0.07732086544151885 0.09854988354783639 0.1247439369215122
129 0.3110976961851277 0.08997731845944731 0.42765822252462 0.31109769537182147 0.10534645467172822 0.3701807763454127 0.07794778984307513 0.19830318186309753 0.14129756458263973 0.1804910024415582 0.160251795224094 0.7802414130588501 0.7802414130275196 0.12220970829461668 0.12220970810686006 0.09692001907673659 0.12011583580756534 0.1855530521591624 0.12462688239553324 0.13934886208774613
77 0.3777421958788239 0.08475383588525841 0.5911271986805048 0.3777421946636488 0.14429688074783764 0.35424099970393924 0.07806541216955833 0.15387464175478838 0.13898573579875229 0.13039450956213117 0.1412330137571961 0.7116618731558277 0.7116618732308159 0.13491162710110202 0.13491162695431885 0.11748467839253936 0.11660695142202374 0.13187055212761373 0.10498288605653305 0.1432552133063193
35 0.08015954341463381 0.325269761953618 0.12474393692149674 0.08015954424760716 0.22646122703566274 0.22065836576987952 0.24109259416496354 0.44620231090148943 0.11672922627489646 0.3051744003200093 0.275134779631919 0.14325521349305942 0.14325521320227114 0.31299460474093554 0.3129946045967702 0.11534103064000645 0.45594683199902963 0.3087451510985413 0.4787764605273246 0.7371684465312907
83 0.4623487888898162 -0.019528169277047265 0.03714911778384553 0.46234878922009987 -0.007744709680143086 0.47034984607205943 0.037200489263280095 -0.10179047983997809 -0.05777189894731543 0.28828094281513295 0.06883561268434354 0.4770112302025869 0.477011230035325 0.3086569586538778 0.30865695855019193 -0.11170508702087456 0.13425375218863508 0.6203404948918628 0.05617019169484874 0.24616869475034814
192 0.19795718126795672 0.14933184244862802 0.32022441765609233 0.19795718074011046 0.151614147306925 0.7969420756963507 0.13823042530622692 0.22774324739387763 0.2451936319602618 0.1941766952215364 0.15174706082659928 0.3542409998414081 0.3542409996897035 0.4889530754828868 0.48895307531238696 0.25168614220861724 0.20170269031607607 0.18393855464128703 0.17656559474220487 0.22065836576988712
134 0.4623487888898162 -0.019528169277047265 0.03714911778384553 0.46234878922009987 -0.007744709680143086 0.47034984607205943 0.037200489263280095 -0.10179047983997809 -0.05777189894731543 0.28828094281513295 0.06883561268434354 0.4770112302025869 0.477011230035325 0.3086569586538778 0.30865695855019193 -0.11170508702087456 0.13425375218863508 0.6203404948918628 0.05617019169484874 0.24616869475034814
21 0.08665726048356642 0.2871733221680523 0.16860538681484327 0.08665726127962627 0.3106497417456595 0.2609090428143077 0.22380992965159252 0.4212328550099207 0.15141661214005528 0.32765201043886255 0.24419311305925054 0.15597060582068406 0.15597060557509188 0.3601212076425629 0.36012120748299115 0.16066124412951788 0.3948563045699501 0.21989407314654608 0.3506130450678006 0.7877444120792415
132 0.8368756018962303 0.01453922432455274 0.4598166854434648 0.8368756005036418 -0.0028975105421770045 0.19795718101016682 0.0005654422239757106 0.011611655376868322 -0.04165515763192155 0.11661160001106172 0.026393813443375765 0.37774219546498333 0.37774219538188797 0.10739443168133213 0.10739443161975615 -0.03532651672918269 0.030265777361618385 0.11839520841519581 0.03496601943369786 0.08015954385093635
155 0.8368756018962303 0.01453922432455274 0.4598166854434648 0.8368756005036418 -0.0028975105421770045 0.19795718101016682 0.0005654422239757106 0.011611655376868322 -0.04165515763192155 0.11661160001106172 0.026393813443375765 0.37774219546498333 0.37774219538188797 0.10739443168133213 0.10739443161975615 -0.03532651672918269 0.030265777361618385 0.11839520841519581 0.03496601943369786 0.08015954385093635
115 -0.023210557814627893 0.21048993797589255 0.22200928701085065 -0.023210557695387726 0.3603999336723308 0.27494610478334736 0.21470954794424216 0.09546328982433169 0.703652345764535 -0.010375860754980051 0.23857066559869206 0.11994681409149931 0.11994681399189848 0.17851032208260667 0.1785103219368986 0.9638776923652801 0.15527211021022763 -0.0077124705797691 0.18315862723700496 0.10746024060259202
203 0.4623487888898162 -0.019528169277047265 0.03714911778384553 0.46234878922009987 -0.007744709680143086 0.47034984607205943 0.037200489263280095 -0.10179047983997809 -0.05777189894731543 0.28828094281513295 0.06883561268434354 0.4770112302025869 0.477011230035325 0.3086569586538778 0.30865695855019193 -0.11170508702087456 0.13425375218863508 0.6203404948918628 0.05617019169484874 0.24616869475034814
47 0.08015954341463381 0.325269761953618 0.12474393692149674 0.08015954424760716 0.22646122703566274 0.22065836576987952 0.24109259416496354 0.44620231090148943 0.11672922627489646 0.3051744003200093 0.275134779631919 0.14325521349305942 0.14325521320227114 0.31299460474093554 0.3129946045967702 0.11534103064000645 0.45594683199902963 0.3087451510985413 0.4787764605273246 0.7371684465312907
72 0.11661160029489093 0.04557701147360898 0.08035895620612005 0.11661159969281096 -0.022845167208708356 0.19417669522154543 0.009441710998723825 0.18456858103994203 -0.00569951587827766 0.9186459366309093 0.007180265834528002 0.13039450963700489 0.13039450956577522 0.24887811889315176 0.24887811879534827 -0.006212602257215832 0.1241630085534014 0.8728036000291947 0.1401226896813898 0.30517440032002024
20 0.011611655018424696 0.4074770286067065 0.09992707293728528 0.011611655722993502 0.31343749158065737 0.22774324739385796 0.42441029827307314 0.6342651440993017 0.2910556653747764 0.18456858103991836 0.37926779461193116 0.15387464192931827 0.15387464169446402 0.20308170349728585 0.20308170327459368 0.19114249868289504 0.44823344919343333 0.18034405864833103 0.47921771430866833 0.4462023109014804
138 0.107394431811329 0.14642563676918913 0.1423875453712058 0.10739443149450836 0.13621791866628338 0.48895307542749805 0.11208292784791685 0.2030817034424051 0.16904885747577403 0.24887811883489336 0.11589975829088298 0.1349116271771694 0.13491162702516857 0.7742067218203558 0.7742067218386052 0.17594268153330675 0.2215567873571672 0.2767390150346852 0.17333400854305747 0.3129946047040589
102 0.4598166860680379 0.08859319781435632 0.7629441535035008 0.45981668465653447 0.15583838441435932 0.32022441765609844 0.07454654249841877 0.09992707293731387 0.13612552297731176 0.0803589562061071 0.1254126060333948 0.5911271987998645 0.5911271987690916 0.1423875454340185 0.14238754528458702 0.15030597024727643 0.10422130695124071 0.07732086544151885 0.09854988354783639 0.1247439369215122
206 0.19795718126795672 0.14933184244862802 0.32022441765609233 0.19795718074011046 0.151614147306925 0.7969420756963507 0.13823042530622692 0.22774324739387763 0.2451936319602618 0.1941766952215364 0.15174706082659928 0.3542409998414081 0.3542409996897035 0.4889530754828868 0.48895307531238696 0.25168614220861724 0.20170269031607607 0.18393855464128703 0.17656559474220487 0.22065836576988712
162 0.107394431811329 0.14642563676918913 0.1423875453712058 0.10739443149450836 0.13621791866628338 0.48895307542749805 0.11208292784791685 0.2030817034424051 0.16904885747577403 0.24887811883489336 0.11589975829088298 0.1349116271771694 0.13491162702516857 0.7742067218203558 0.7742067218386052 0.17594268153330675 0.2215567873571672 0.2767390150346852 0.17333400854305747 0.3129946047040589
38 0.014587413868074802 0.5403450217443313 0.08286766192451456 0.014587414396586382 0.3901262676178702 0.14670305927794297 0.5878817307805914 0.45055221754671726 0.19262934282035832 0.05476849618901189 0.5122792142863192 0.08460141480691104 0.08460141455195896 0.1305179141887087 0.13051791393796544 0.2003125793984977 0.43534420642068267 0.05304786323190912 0.535163257258613 0.3295190875392187
174 -0.03441823933503233 0.21655145717801946 0.1524500478290269 -0.03441823889269092 0.4377336602047925 0.24185520948798392 0.2038390729605515 0.16509221719858927 0.7679927712897967 -0.00736997709365016 0.23570122424107545 0.1147263492086095 0.11472634907880967 0.18818489950232045 0.18818489938214109 0.8891899330791705 0.18121213377974776 -0.01606114638901586 0.1701371338847422 0.11101589275916433
149 0.3777421958788239 0.08475383588525841 0.5911271986805048 0.3777421946636488 0.14429688074783764 0.35424099970393924 0.07806541216955833 0.15387464175478838 0.13898573579875229 0.13039450956213117 0.1412330137571961 0.7116618731558277 0.7116618732308159 0.13491162710110202 0.13491162695431885 0.11748467839253936 0.11660695142202374 0.13187055212761373 0.10498288605653305 0.1432552133063193
130 0.3110976961851277 0.08997731845944731 0.42765822252462 0.31109769537182147 0.10534645467172822 0.3701807763454127 0.07794778984307513 0.19830318186309753 0.14129756458263973 0.1804910024415582 0.160251795224094 0.7802414130588501 0.7802414130275196 0.12220970829461668 0.12220970810686006 0.09692001907673659 0.12011583580756534 0.1855530521591624 0.12462688239553324 0.13934886208774613
92 0.11661160029489093 0.04557701147360898 0.08035895620612005 0.11661159969281096 -0.022845167208708356 0.19417669522154543 0.009441710998723825 0.18456858103994203 -0.00569951587827766 0.9186459366309093 0.007180265834528002 0.13039450963700489 0.13039450956577522 0.24887811889315176 0.24887811879534827 -0.006212602257215832 0.1241630085534014 0.8728036000291947 0.1401226896813898 0.30517440032002024
87 -0.03441823933503233 0.21655145717801946 0.1524500478290269 -0.03441823889269092 0.4377336602047925 0.24185520948798392 0.2038390729605515 0.16509221719858927 0.7679927712897967 -0.00736997709365016 0.23570122424107545 0.1147263492086095 0.11472634907880967 0.18818489950232045 0.18818489938214109 0.8891899330791705 0.18121213377974776 -0.01606114638901586 0.1701371338847422 0.11101589275916433
36 0.012307940219144522 0.5293559291564619 0.0931147857785503 0.012307940824857934 0.4670515606678699 0.1436773590924547 0.550477246015206 0.43613471457338826 0.22402508833083692 0.04469726620881844 0.5013968752512581 0.0930339099958224 0.09303390978563889 0.1477040090984493 0.14770400884625137 0.22114623521541726 0.43713452213629134 0.04280658916832235 0.5034886025667171 0.34430107095381246
61 0.4623487888898162 -0.019528169277047265 0.03714911778384553 0.46234878922009987 -0.007744709680143086 0.47034984607205943 0.037200489263280095 -0.10179047983997809 -0.05777189894731543 0.28828094281513295 0.06883561268434354 0.4770112302025869 0.477011230035325 0.3086569586538778 0.30865695855019193 -0.11170508702087456 0.13425375218863508 0.6203404948918628 0.05617019169484874 0.24616869475034814
66 0.4598166860680379 0.08859319781435632 0.7629441535035008 0.45981668465653447 0.15583838441435932 0.32022441765609844 0.07454654249841877 0.09992707293731387 0.13612552297731176 0.0803589562061071 0.1254126060333948 0.5911271987998645 0.5911271987690916 0.1423875454340185 0.14238754528458702 0.15030597024727643 0.10422130695124071 0.07732086544151885 0.09854988354783639 0.1247439369215122
81 0.008301315186288741 0.21843152026703744 0.3046160799808758 0.008301315482353038 0.507810398094891 0.34118061536263217 0.2515751130327984 0.45428944008702155 0.6094995484801632 0.043959457019483915 0.35839705463443433 0.3430602505092771 0.34306025032073206 0.18999720211569615 0.18999720185632343 0.45488056826282336 0.29020766961000033 0.035583582007596835 0.23597720527247645 0.22870920516702087
11 0.14503597776333246 0.30708316430982097 0.16788054808453665 0.14503597840342825 0.1797326058863755 0.3230545396775718 0.21364005002862252 0.3517300076113161 0.11977352292508588 0.21244626841087377 0.5848352412210087 0.3276501382071678 0.32765013791454894 0.17414698386704539 0.17414698368239767 0.1120799137005716 0.5995556555710804 0.1918319376615426 0.409848293204194 0.5148595638830388
29 0.08015954341463381 0.325269761953618 0.12474393692149674 0.08015954424760716 0.22646122703566274 0.22065836576987952 0.24109259416496354 0.44620231090148943 0.11672922627489646 0.3051744003200093 0.275134779631919 0.14325521349305942 0.14325521320227114 0.31299460474093554 0.3129946045967702 0.11534103064000645 0.45594683199902963 0.3087451510985413 0.4787764605273246 0.7371684465312907
85 0.19795718126795672 0.14933184244862802 0.32022441765609233 0.19795718074011046 0.151614147306925 0.7969420756963507 0.13823042530622692 0.22774324739387763 0.2451936319602618 0.1941766952215364 0.15174706082659928 0.3542409998414081 0.3542409996897035 0.4889530754828868 0.48895307531238696 0.25168614220861724 0.20170269031607607 0.18393855464128703 0.17656559474220487 0.22065836576988712
94 -0.04165515802660178 0.19735099745918303 0.13612552297729677 -0.04165515724855873 0.4453721583096848 0.2451936319602535 0.2264401122522277 0.29105566537477845 0.8373517494270296 -0.005699515878287653 0.23917101435033886 0.1389857359055439 0.13898573580041157 0.16904885754971333 0.16904885739718137 0.7802166097165668 0.19608692744239561 -0.00763652732401486 0.17185149794194365 0.11672922627488899
120 0.11839520847632969 0.041718041636180786 0.07732086544150547 0.11839520827076723 -0.02302256684173361 0.18393855464128078 0.011394837452610862 0.18034405864832995 -0.0076365273240129984 0.872803600029189 0.008705172923272905 0.13187055226559108 0.13187055211033027 0.2767390150246733 0.2767390150217469 -0.010641418270460879 0.12592962554663653 0.9044073898031181 0.1345819808854039 0.3087451510985439
124 0.11661160029489093 0.04557701147360898 0.08035895620612005 0.11661159969281096 -0.022845167208708356 0.19417669522154543 0.009441710998723825 0.18456858103994203 -0.00569951587827766 0.9186459366309093 0.007180265834528002 0.13039450963700489 0.13039450956577522 0.24887811889315176 0.24887811879534827 -0.006212602257215832 0.1241630085534014 0.8728036000291947 0.1401226896813898 0.30517440032002024
15 0.03026577700714152 0.4988582817309418 0.10422130695129875 0.03026577768724619 0.350088213101139 0.20170269031611535 0.42379858694506717 0.4482334491934841 0.19608692744241182 0.12416300855341869 0.42557976675432035 0.11660695159643714 0.11660695130404701 0.22155678741931673 0.22155678727471742 0.17823105595453811 0.5964037850105669 0.12592962554667064 0.47235439620497555 0.4559468319990479
71 0.11661160029489093 0.04557701147360898 0.08035895620612005 0.11661159969281096 -0.022845167208708356 0.19417669522154543 0.009441710998723825 0.18456858103994203 -0.00569951587827766 0.9186459366309093 0.007180265834528002 0.13039450963700489 0.13039450956577522 0.24887811889315176 0.24887811879534827 -0.006212602257215832 0.1241630085534014 0.8728036000291947 0.1401226896813898 0.30517440032002024
127 0.11661160029489093 0.04557701147360898 0.08035895620612005 0.11661159969281096 -0.022845167208708356 0.19417669522154543 0.009441710998723825 0.18456858103994203 -0.00569951587827766 0.9186459366309093 0.007180265834528002 0.13039450963700489 0.13039450956577522 0.24887811889315176 0.24887811879534827 -0.006212602257215832 0.1241630085534014 0.8728036000291947 0.1401226896813898 0.30517440032002024
213 0.107394431811329 0.14642563676918913 0.1423875453712058 0.10739443149450836 0.13621791866628338 0.48895307542749805 0.11208292784791685 0.2030817034424051 0.16904885747577403 0.24887811883489336 0.11589975829088298 0.1349116271771694 0.13491162702516857 0.7742067218203558 0.7742067218386052 0.17594268153330675 0.2215567873571672 0.2767390150346852 0.17333400854305747 0.3129946047040589
56 0.049173786356357295 0.36183317740352566 0.23258126877749993 0.04917378701367463 0.6003080907997488 0.2262525990245591 0.30756973114745756 0.4211715248006979 0.3246077768362476 0.053176914989577675 0.4926226756193084 0.24757191067698897 0.2475719104953541 0.2229894998017611 0.22298949947653435 0.32868712865064664 0.3894891908311615 0.030176857865169965 0.3553799643764621 0.4035833852149675
118 0.11839520847632969 0.041718041636180786 0.07732086544150547 0.11839520827076723 -0.02302256684173361 0.18393855464128078 0.011394837452610862 0.18034405864832995 -0.0076365273240129984 0.872803600029189 0.008705172923272905 0.13187055226559108 0.13187055211033027 0.2767390150246733 0.2767390150217469 -0.010641418270460879 0.12592962554663653 0.9044073898031181 0.1345819808854039 0.3087451510985439
186 0.4598166860680379 0.08859319781435632 0.7629441535035008 0.45981668465653447 0.15583838441435932 0.32022441765609844 0.07454654249841877 0.09992707293731387 0.13612552297731176 0.0803589562061071 0.1254126060333948 0.5911271987998645 0.5911271987690916 0.1423875454340185 0.14238754528458702 0.15030597024727643 0.10422130695124071 0.07732086544151885 0.09854988354783639 0.1247439369215122
25 0.059361995633252715 0.29358901769611045 0.1081852974182423 0.05936199638742792 0.1351321232674546 0.2536031373445929 0.250444062525984 0.556298540756295 0.16246830433257592 0.3970647564930898 0.24686086643447405 0.16492475913865437 0.16492475883149543 0.28398380286484826 0.28398380274639434 0.11317725451179315 0.430695258066851 0.4042975697771642 0.45829917841903556 0.6374316380154305
189 0.01921683936216482 0.21515237838000623 0.36414057191141086 0.019216839400536596 0.541345224082894 0.36908381895405024 0.22679525637553336 0.34080566473371693 0.5842563969386675 0.02559892859846935 0.34472354532057986 0.30901869184923764 0.30901869178916336 0.20437332473620623 0.20437332448921355 0.550625664746397 0.27329374585703314 0.01734091143483432 0.22110491614519173 0.23329080822375267
161 0.19795718126795672 0.14933184244862802 0.32022441765609233 0.19795718074011046 0.151614147306925 0.7969420756963507 0.13823042530622692 0.22774324739387763 0.2451936319602618 0.1941766952215364 0.15174706082659928 0.3542409998414081 0.3542409996897035 0.4889530754828868 0.48895307531238696 0.25168614220861724 0.20170269031607607 0.18393855464128703 0.17656559474220487 0.22065836576988712
193 0.19795718126795672 0.14933184244862802 0.32022441765609233 0.19795718074011046 0.151614147306925 0.7969420756963507 0.13823042530622692 0.22774324739387763 0.2451936319602618 0.1941766952215364 0.15174706082659928 0.3542409998414081 0.3542409996897035 0.4889530754828868 0.48895307531238696 0.25168614220861724 0.20170269031607607 0.18393855464128703 0.17656559474220487 0.22065836576988712
170 0.3777421958788239 0.08475383588525841 0.5911271986805048 0.3777421946636488 0.14429688074783764 0.35424099970393924 0.07806541216955833 0.15387464175478838 0.13898573579875229 0.13039450956213117 0.1412330137571961 0.7116618731558277 0.7116618732308159 0.13491162710110202 0.13491162695431885 0.11748467839253936 0.11660695142202374 0.13187055212761373 0.10498288605653305 0.1432552133063193
133 0.03339717156438109 0.2116199973445315 0.42602367189583273 0.0333971712467791 0.5221248616828608 0.4108083043599092 0.20209530542995643 0.21198657178371658 0.5484990623250612 0.010917919124558827 0.31711509617098016 0.26328304225015337 0.26328304216404746 0.22205876903760624 0.22205876884989323 0.6677660105995857 0.24187421543704346 0.0020056222440111996 0.2101259300209941 0.220232693984618
180 0.11661160029489093 0.04557701147360898 0.08035895620612005 0.11661159969281096 -0.022845167208708356 0.19417669522154543 0.009441710998723825 0.18456858103994203 -0.00569951587827766 0.9186459366309093 0.007180265834528002 0.13039450963700489 0.13039450956577522 0.24887811889315176 0.24887811879534827 -0.006212602257215832 0.1241630085534014 0.8728036000291947 0.1401226896813898 0.30517440032002024
45 0.03771001456472428 0.49688052981212333 0.10609500259314004 0.037710015194416614 0.3768311090913597 0.16402719863039972 0.45374323667804567 0.4427126274446115 0.1638547065885639 0.11789739537102124 0.4478048157315886 0.10272899545695618 0.10272899520365793 0.19241717553132992 0.1924171751955495 0.1826929335979123 0.47614561556391644 0.11758301890584034 0.5613013749681716 0.4924352191164874
14 0.04871487889415151 0.34063530115452034 0.2788293630267904 0.04871487929079537 0.6192577075621944 0.33413724633098424 0.21851577247533677 0.32279080444493863 0.34997670027981104 0.025249929496257192 0.4178700326364887 0.24663679452242826 0.24663679433162639 0.3111706700855336 0.31117066989347003 0.402710622805687 0.4271826214969173 0.00590893997055767 0.2607049344985658 0.353159805876877
