145 -0.025460972422211257 0.31032743026052106 0.16358830259852747 -0.043366137214287705 -0.07015666995875819 0.31032743060582996 0.09461072619165221 0.21277666422195352 0.09481110058626072 0.3103274312137609 0.30607275727297484 -0.0005396462462105093 0.5502681820824854 -0.08204430680907858 0.31923050805238856 0.6897951385015559 0.05721975836992817 -0.009609193478417353 0.31923050922895696 0.6835767182799782
113 0.12604644973018767 0.6153925843346056 0.17784388837915713 0.12805951824121836 0.2491014973223274 0.6153925840257327 0.1804984892486698 0.2448976164091385 0.25093300589316986 0.6153925845228617 0.21121072407841263 0.21615305264972254 0.18827821960452787 0.26312573814570506 0.24054417841891523 0.42361583650544943 0.15067729286752826 0.14549483859715365 0.24054417833447195 0.2175437877482351
158 -0.027814280699431655 0.2954321883474278 0.18911113659442524 -0.029973386287606364 -0.06918293390171257 0.29543218852728786 0.0930449432034743 0.24563185121583767 0.10424434507501852 0.29543218894492135 0.34749252810891934 -0.023163750404099813 0.5721801186567603 -0.07351407313032764 0.30069558014126346 0.729429276130483 0.0412563085592998 -0.010765782513855734 0.30069558146526054 0.6267794479755163
4 0.7044813649055034 0.13294943818090843 0.06647975090128885 0.3258184588333672 0.2156420509722908 0.13294943804257797 0.3506722160392179 0.5023297207489807 0.33680764335501734 0.13294943820987412 0.08402518010932306 0.32632743689872845 0.05029663085932684 0.3168393957971812 0.07387066285422884 0.0653944942361309 0.5664837704630674 0.4994251625085935 0.0738706620925752 0.04173913820677505
104 0.028601993872773856 0.17233279609195018 0.07106738668845451 -0.043316557517471516 -0.021928425048352202 0.17233279669744098 -0.029526242293759695 0.11156619555529934 0.11564468288054754 0.17233279688204228 0.11411313281974762 -0.1133821018511293 0.12708669478676707 -0.09084809280691584 0.44195501454278335 1.0234979263482546 0.050734607805164936 -0.03337759176081238 0.44195501626306544 0.2285741152746717
130 0.0554521750114547 0.24054417815228957 0.13517415200190558 0.08396903082075302 0.07750451618275554 0.24054417841603146 0.1451670429870912 0.12139649606675927 0.26658807055341 0.24054417864415936 0.6080800581216981 0.13504328972269786 0.1297726687451803 0.26257817448672904 0.6693142307426384 0.36656143695072135 0.09027065074020477 0.10274341284481002 0.6693142306843188 0.4028763049657319
189 0.2453889731640033 0.219466334931757 0.07829240901365199 0.3090406679179914 0.3158668407868621 0.21946633481072783 0.3351655555094719 0.20385896052873645 0.678051057664145 0.21946633536009 0.36001183523343183 0.5181798438761328 0.07828575787349398 0.5188516272917625 0.268984456803446 0.0806373622643241 0.2730942390041466 0.2794265881049589 0.2689844564765662 0.04482246757312306
133 0.3090600027235977 0.2711976048166069 0.04956389727925109 0.29408183085715855 0.49419989416237853 0.2711976048512086 0.38333037908674383 0.26940869751949675 0.6039878807942345 0.2711976051404524 0.20014791053541808 0.23735582870968236 0.049981879393165334 0.6165505102147414 0.25947890771238924 0.11962851871853176 0.25476430479434425 0.26949367595823703 0.259478907018541 0.020311690465966255
124 -0.005674508112676207 0.17784388820796446 0.8721399457243844 -0.024420067155784115 -0.004122851728021224 0.17784388840974666 0.039746651873650535 0.3146193170029682 0.05860741290896387 0.17784388849704405 0.14842461832425005 0.2481532078373541 0.8215160650992851 0.056937354926831385 0.13517415205797145 0.15952200590528068 0.08422980807257059 0.004573652392606067 0.1351741519786356 0.45715834266625865
118 -0.005674508112676207 0.17784388820796446 0.8721399457243844 -0.024420067155784115 -0.004122851728021224 0.17784388840974666 0.039746651873650535 0.3146193170029682 0.05860741290896387 0.17784388849704405 0.14842461832425005 0.2481532078373541 0.8215160650992851 0.056937354926831385 0.13517415205797145 0.15952200590528068 0.08422980807257059 0.004573652392606067 0.1351741519786356 0.45715834266625865
44 0.5239209000014023 0.14396713813373838 -0.029640550048724557 0.636374873478871 0.2827411274168089 0.14396713795038943 0.5314580299760391 0.17880054938426726 0.3221124964768059 0.1439671379948665 0.08552688053180275 0.30341438054777725 -0.02845994395511746 0.3369877565012589 0.10081262539689667 0.07119330844259938 0.438329686678408 0.5717628016369101 0.10081262458077866 -0.011521637117528313
184 0.028601993872773856 0.17233279609195018 0.07106738668845451 -0.043316557517471516 -0.021928425048352202 0.17233279669744098 -0.029526242293759695 0.11156619555529934 0.11564468288054754 0.17233279688204228 0.11411313281974762 -0.1133821018511293 0.12708669478676707 -0.09084809280691584 0.44195501454278335 1.0234979263482546 0.050734607805164936 -0.03337759176081238 0.44195501626306544 0.2285741152746717
199 -0.005674508112676207 0.17784388820796446 0.8721399457243844 -0.024420067155784115 -0.004122851728021224 0.17784388840974666 0.039746651873650535 0.3146193170029682 0.05860741290896387 0.17784388849704405 0.14842461832425005 0.2481532078373541 0.8215160650992851 0.056937354926831385 0.13517415205797145 0.15952200590528068 0.08422980807257059 0.004573652392606067 0.1351741519786356 0.45715834266625865
190 -0.025460972422211257 0.31032743026052106 0.16358830259852747 -0.043366137214287705 -0.07015666995875819 0.31032743060582996 0.09461072619165221 0.21277666422195352 0.09481110058626072 0.3103274312137609 0.30607275727297484 -0.0005396462462105093 0.5502681820824854 -0.08204430680907858 0.31923050805238856 0.6897951385015559 0.05721975836992817 -0.009609193478417353 0.31923050922895696 0.6835767182799782
201 -0.005674508112676207 0.17784388820796446 0.8721399457243844 -0.024420067155784115 -0.004122851728021224 0.17784388840974666 0.039746651873650535 0.3146193170029682 0.05860741290896387 0.17784388849704405 0.14842461832425005 0.2481532078373541 0.8215160650992851 0.056937354926831385 0.13517415205797145 0.15952200590528068 0.08422980807257059 0.004573652392606067 0.1351741519786356 0.45715834266625865
98 -0.007429737566860613 0.16830260676426953 0.9152351406136385 -0.027389607878790804 -0.0008167279733679975 0.1683026067868558 0.03382402407111624 0.3060539023216329 0.05815014014714791 0.16830260701562982 0.1434193002775192 0.25421948780203923 0.7736097542276956 0.06542593211039754 0.1395071620484144 0.15843589455392584 0.0905934373019474 0.008171425362704609 0.13950716187714393 0.4670235195533187
151 0.028601993872773856 0.17233279609195018 0.07106738668845451 -0.043316557517471516 -0.021928425048352202 0.17233279669744098 -0.029526242293759695 0.11156619555529934 0.11564468288054754 0.17233279688204228 0.11411313281974762 -0.1133821018511293 0.12708669478676707 -0.09084809280691584 0.44195501454278335 1.0234979263482546 0.050734607805164936 -0.03337759176081238 0.44195501626306544 0.2285741152746717
69 0.028601993872773856 0.17233279609195018 0.07106738668845451 -0.043316557517471516 -0.021928425048352202 0.17233279669744098 -0.029526242293759695 0.11156619555529934 0.11564468288054754 0.17233279688204228 0.11411313281974762 -0.1133821018511293 0.12708669478676707 -0.09084809280691584 0.44195501454278335 1.0234979263482546 0.050734607805164936 -0.03337759176081238 0.44195501626306544 0.2285741152746717
211 0.1175766315994429 0.5936204134552315 0.19846404926741035 0.1341073194614032 0.25045554417652405 0.5936204132134117 0.19828623564370287 0.28910653716648965 0.2692169302764945 0.59362041357938 0.2526275093732651 0.18664837924115135 0.20654689164153286 0.27836506250041915 0.2167272753288197 0.4675871084265277 0.15440215137579946 0.11962023034457253 0.2167272750190227 0.17286176007837697
46 0.37618655279917357 0.1597769022172726 -0.006571228907512159 0.7001533651991594 0.27650225233388703 0.1597769020603993 0.578332254270945 0.16791673386242667 0.3034555119328156 0.15977690216313958 0.12088363223636826 0.36798924316680043 -0.011168952727798729 0.31642787794268123 0.12879764107973302 0.10170900288884992 0.41033918681260256 0.5430627607974232 0.12879764027851565 -0.012683890347342448
100 -0.007429737566860613 0.16830260676426953 0.9152351406136385 -0.027389607878790804 -0.0008167279733679975 0.1683026067868558 0.03382402407111624 0.3060539023216329 0.05815014014714791 0.16830260701562982 0.1434193002775192 0.25421948780203923 0.7736097542276956 0.06542593211039754 0.1395071620484144 0.15843589455392584 0.0905934373019474 0.008171425362704609 0.13950716187714393 0.4670235195533187
67 0.07621151406129205 0.30294188462119304 0.07631936062240671 0.07120105523602287 0.10606167703527887 0.3029418854119559 0.15836004158146724 0.1461791770661242 0.2978265504640715 0.30294188578294606 0.3785802941679664 -0.010547842818525631 0.13143263417073178 0.25355725175665256 0.6989052619433643 0.5220390275154756 0.10378676699111798 0.06521626337049871 0.6989052632143758 0.23070685600958915
6 0.5530341002786757 0.13864129487316704 -0.030026154181696102 0.6385213515592352 0.30211207148952834 0.13864129467422623 0.518003085941361 0.18451443299080983 0.33876883553039683 0.13864129483512644 0.061064464846245586 0.300199826329539 -0.02477544594314121 0.35318637910097755 0.07941357290811075 0.05075120338690298 0.4410710482564897 0.5377960193202979 0.0794135719196546 -0.013811530682819576
48 0.6486119842922513 0.11733082175738188 -0.045761467221074235 0.6190836981600932 0.2721786210543579 0.11733082144068085 0.4748496346610305 0.15930797762408788 0.28929911640148487 0.11733082160196688 0.05668939727613175 0.24864871212805015 -0.041808376133967866 0.29434665447109 0.06992612039729901 0.05032283172112017 0.4637191666868327 0.602085346270932 0.06992611951038438 -0.019364430062038515
192 0.12604644973018767 0.6153925843346056 0.17784388837915713 0.12805951824121836 0.2491014973223274 0.6153925840257327 0.1804984892486698 0.2448976164091385 0.25093300589316986 0.6153925845228617 0.21121072407841263 0.21615305264972254 0.18827821960452787 0.26312573814570506 0.24054417841891523 0.42361583650544943 0.15067729286752826 0.14549483859715365 0.24054417833447195 0.2175437877482351
182 0.058687273193936226 0.252238969466193 0.12068315191538022 0.0829139664865932 0.07607667861666534 0.2522389698109468 0.16401945489660086 0.12459784462529302 0.27943719949772194 0.25223896991024136 0.5986912415462969 0.11644858808897297 0.1428353166988447 0.24817319028648074 0.6705888777524507 0.37122499168706674 0.0919361406357509 0.0911870673861141 0.6705888780542711 0.38528263594659384
99 -0.007429737566860613 0.16830260676426953 0.9152351406136385 -0.027389607878790804 -0.0008167279733679975 0.1683026067868558 0.03382402407111624 0.3060539023216329 0.05815014014714791 0.16830260701562982 0.1434193002775192 0.25421948780203923 0.7736097542276956 0.06542593211039754 0.1395071620484144 0.15843589455392584 0.0905934373019474 0.008171425362704609 0.13950716187714393 0.4670235195533187
86 0.1368161530441614 0.6075971518638295 0.22115691946188462 0.16376922435208818 0.17967585074508158 0.6075971522322406 0.24225067194238875 0.44881776748514635 0.24939639593426216 0.6075971525509768 0.13838095853723387 0.18445426422052436 0.4897156616829406 0.03779684579239798 0.007139970619995477 0.23420304612060683 0.12127547675472529 0.04678842205255437 0.007139971817895868 0.10297181575534718
171 0.047577764473280486 0.21121072388649798 0.14842461832425705 0.08528062495367884 0.06871340206834793 0.2112107240101134 0.16121489086062027 0.1001504148889891 0.2507269682082102 0.2112107243795839 0.7553385459399163 0.1947056446066792 0.15377477037312484 0.21245236487708702 0.6080800583907408 0.271759446071825 0.10063765537594177 0.1075051709947337 0.6080800579079424 0.46766162845104997
187 0.028601993872773856 0.17233279609195018 0.07106738668845451 -0.043316557517471516 -0.021928425048352202 0.17233279669744098 -0.029526242293759695 0.11156619555529934 0.11564468288054754 0.17233279688204228 0.11411313281974762 -0.1133821018511293 0.12708669478676707 -0.09084809280691584 0.44195501454278335 1.0234979263482546 0.050734607805164936 -0.03337759176081238 0.44195501626306544 0.2285741152746717
45 0.3192970955511376 0.18910150781285764 0.05299238381338129 0.6463555673747704 0.21290770293665937 0.18910150747374588 0.5890587997810002 0.2363441684004769 0.19887708088280523 0.18910150760733965 0.1495580239278391 0.4657713315640462 0.039357488595875 0.24333790333216324 0.1381493582785083 0.14234968123230649 0.4631614037342852 0.5504917423713023 0.13814935736278025 0.016091137726135914
183 0.028601993872773856 0.17233279609195018 0.07106738668845451 -0.043316557517471516 -0.021928425048352202 0.17233279669744098 -0.029526242293759695 0.11156619555529934 0.11564468288054754 0.17233279688204228 0.11411313281974762 -0.1133821018511293 0.12708669478676707 -0.09084809280691584 0.44195501454278335 1.0234979263482546 0.050734607805164936 -0.03337759176081238 0.44195501626306544 0.2285741152746717
127 -0.005674508112676207 0.17784388820796446 0.8721399457243844 -0.024420067155784115 -0.004122851728021224 0.17784388840974666 0.039746651873650535 0.3146193170029682 0.05860741290896387 0.17784388849704405 0.14842461832425005 0.2481532078373541 0.8215160650992851 0.056937354926831385 0.13517415205797145 0.15952200590528068 0.08422980807257059 0.004573652392606067 0.1351741519786356 0.45715834266625865
215 0.07621151406129205 0.30294188462119304 0.07631936062240671 0.07120105523602287 0.10606167703527887 0.3029418854119559 0.15836004158146724 0.1461791770661242 0.2978265504640715 0.30294188578294606 0.3785802941679664 -0.010547842818525631 0.13143263417073178 0.25355725175665256 0.6989052619433643 0.5220390275154756 0.10378676699111798 0.06521626337049871 0.6989052632143758 0.23070685600958915
122 0.24391370208108737 0.2659704854596986 0.0007149534553851414 0.20744624318972743 1.1194266093644258 0.26597048539355295 0.1796917321081754 0.10177337157550406 0.3264092838899726 0.26597048574959414 0.062088729292240685 0.11501981665628795 -0.014246651192882908 0.39527908007237433 0.06783187950415584 0.050122392803471076 0.19510001094512625 0.23664667947739898 0.06783187897601754 -0.04712046018006886
94 0.25793358004952643 0.24286345914322602 -0.003451808426008363 0.2548971468448911 1.0629801224621929 0.2428634592271717 0.2240892211843378 0.11827905635294961 0.41920365967260526 0.24286345937589282 0.052798342527266916 0.16477319053078615 -0.008896228783936876 0.4594540135467101 0.04523519973296192 0.01850329807192915 0.163685627205142 0.21451924704350978 0.045235199277781274 -0.03449437162927503
80 0.028601993872773856 0.17233279609195018 0.07106738668845451 -0.043316557517471516 -0.021928425048352202 0.17233279669744098 -0.029526242293759695 0.11156619555529934 0.11564468288054754 0.17233279688204228 0.11411313281974762 -0.1133821018511293 0.12708669478676707 -0.09084809280691584 0.44195501454278335 1.0234979263482546 0.050734607805164936 -0.03337759176081238 0.44195501626306544 0.2285741152746717
128 0.003490108674386372 0.21754378780506745 0.4571583426662662 -0.027389018650456454 -0.038565373171800255 0.21754378780608605 0.030077866592037372 0.1777363210164824 0.03136059912902134 0.21754378790447035 0.46766162845104375 0.0798751267971467 0.44443964891245635 0.026385373857371358 0.40287630530153 0.43219414295048475 0.03323305635053314 0.006475427487090624 0.40287630471842345 0.8230646123031926
49 -0.003242098894757269 0.2663278551667345 0.16185153842293248 0.6379201176036968 0.22939893003858913 0.26632785485447735 0.5775445640267995 0.10072798447267549 0.11913312644868819 0.2663278550512219 0.286557788032042 0.6187933349348786 0.129196882956939 0.17675326543405717 0.1806952393692115 0.24393219047846515 0.3208208161843147 0.39055197764701227 0.1806952383700638 0.03793944909051883
111 -0.025460972422211257 0.31032743026052106 0.16358830259852747 -0.043366137214287705 -0.07015666995875819 0.31032743060582996 0.09461072619165221 0.21277666422195352 0.09481110058626072 0.3103274312137609 0.30607275727297484 -0.0005396462462105093 0.5502681820824854 -0.08204430680907858 0.31923050805238856 0.6897951385015559 0.05721975836992817 -0.009609193478417353 0.31923050922895696 0.6835767182799782
150 0.06968580470308407 0.28284618814842083 0.10393431388316082 0.07480256434050564 0.10509072519954163 0.2828461883422774 0.12832324866956704 0.1396298015046691 0.2773238097267876 0.2828461887714309 0.4077267049856636 0.031861768792452415 0.110679593183365 0.2849605677349924 0.7067532877678973 0.5065243259398473 0.09847621015170563 0.0836859025868359 0.7067532885000395 0.2744695673549351
7 0.2729885880366092 0.1765409849961995 0.11670864168768613 0.6462532772720633 0.1934545968375619 0.17654098474368013 0.5381763923985369 0.26469817041550253 0.16711866835464897 0.17654098496033657 0.11991388502917742 0.5918833934958222 0.10419167868403516 0.20490449020080742 0.102402475508705 0.12187418255001829 0.5319074220519939 0.4811214722348467 0.10240247454147956 0.003748506421385301
87 0.24575514416603722 0.22846020595034547 -0.008905194252233404 0.31810167069253464 0.8457761408355217 0.2284602057103084 0.29078875294134343 0.12062917427448362 0.6013367380815396 0.22846020596796346 0.12613668734105501 0.21133075586806954 0.004785752657964144 0.5849977332252748 0.13433764341504306 0.05248506027220833 0.1656760308821211 0.17912454198440406 0.13433764275189822 -0.038651934421369535
139 0.07916717830943208 0.30276659606303 0.08605256082233267 0.06392099526026118 0.1370376342912116 0.302766596465849 0.10200313175149388 0.14224853063787654 0.26497659028615067 0.30276659687022345 0.2747516932382264 -0.039975932274155815 0.09420274866699369 0.28054133246294927 0.6971642321763848 0.6081897574673636 0.11849474637307161 0.07309695057161661 0.6971642329877904 0.17101510083471855
164 -0.005674508112676207 0.17784388820796446 0.8721399457243844 -0.024420067155784115 -0.004122851728021224 0.17784388840974666 0.039746651873650535 0.3146193170029682 0.05860741290896387 0.17784388849704405 0.14842461832425005 0.2481532078373541 0.8215160650992851 0.056937354926831385 0.13517415205797145 0.15952200590528068 0.08422980807257059 0.004573652392606067 0.1351741519786356 0.45715834266625865
212 0.07566806968324771 0.45544078662476406 0.1011919109666143 0.050639153532547554 0.0359552123914203 0.4554407870178529 0.08305855984019406 0.18257639229929404 0.20339958821047666 0.4554407874366459 0.2668384851309948 0.040497818343321806 0.22482385047871184 0.09032152059550015 0.43402249163715323 0.7488893708051724 0.09876799056404897 0.04727144531921038 0.4340224923890901 0.4169874444644768
88 0.0019831166623252216 0.2365579259574753 0.4034839850969539 -0.026750921636013 -0.04579432746736631 0.2365579260180217 0.03795310530387724 0.18243154678372245 0.044719370169986825 0.23655792625938993 0.4636510416686543 0.06524285355322501 0.4895306739479604 0.004758187690338994 0.39235950631308514 0.4491598842478054 0.036458149088969716 0.0005444856920988018 0.3923595059548196 0.8106201735676474
68 0.028601993872773856 0.17233279609195018 0.07106738668845451 -0.043316557517471516 -0.021928425048352202 0.17233279669744098 -0.029526242293759695 0.11156619555529934 0.11564468288054754 0.17233279688204228 0.11411313281974762 -0.1133821018511293 0.12708669478676707 -0.09084809280691584 0.44195501454278335 1.0234979263482546 0.050734607805164936 -0.03337759176081238 0.44195501626306544 0.2285741152746717
43 0.12118321529029158 0.2629512179235426 0.12360841628395186 0.5916344841627867 0.2072575020976409 0.26295121768516466 0.6428386325402761 0.20016545697442278 0.17171096082763113 0.2629512179210709 0.2467194878480098 0.5564611731055006 0.1301697347911741 0.20447264948450627 0.18798269389590022 0.21221770578607183 0.3640705357264042 0.4221717706280569 0.18798269314552649 0.05861937540898262
57 0.5286795108587933 0.14882925970966251 0.03384015781025368 0.4847697726733886 0.17747729005012997 0.14882925953603754 0.501547056039387 0.33067521869254185 0.2541496428325026 0.14882925964289437 0.14386916016185258 0.40395552824212166 0.028226632755400022 0.2416617312949023 0.12394626647659678 0.11596673452042609 0.5453514135648542 0.6116848490943694 0.12394626558395254 0.0385672154559627
177 -0.007429737566860613 0.16830260676426953 0.9152351406136385 -0.027389607878790804 -0.0008167279733679975 0.1683026067868558 0.03382402407111624 0.3060539023216329 0.05815014014714791 0.16830260701562982 0.1434193002775192 0.25421948780203923 0.7736097542276956 0.06542593211039754 0.1395071620484144 0.15843589455392584 0.0905934373019474 0.008171425362704609 0.13950716187714393 0.4670235195533187
121 0.003490108674386372 0.21754378780506745 0.4571583426662662 -0.027389018650456454 -0.038565373171800255 0.21754378780608605 0.030077866592037372 0.1777363210164824 0.03136059912902134 0.21754378790447035 0.46766162845104375 0.0798751267971467 0.44443964891245635 0.026385373857371358 0.40287630530153 0.43219414295048475 0.03323305635053314 0.006475427487090624 0.40287630471842345 0.8230646123031926
155 0.028601993872773856 0.17233279609195018 0.07106738668845451 -0.043316557517471516 -0.021928425048352202 0.17233279669744098 -0.029526242293759695 0.11156619555529934 0.11564468288054754 0.17233279688204228 0.11411313281974762 -0.1133821018511293 0.12708669478676707 -0.09084809280691584 0.44195501454278335 1.0234979263482546 0.050734607805164936 -0.03337759176081238 0.44195501626306544 0.2285741152746717
33 0.557852586968231 0.14937686642966394 0.08471769080314126 0.4352415005545549 0.17526766324397478 0.14937686624961038 0.43884293264789564 0.42137013476112684 0.2854592331551975 0.14937686646526113 0.10582435947014504 0.47291426761128413 0.07581942712634283 0.27576329187136883 0.08813630397596647 0.0795749094844507 0.5824912867515926 0.5133982821855164 0.08813630326851156 0.0343460149264385
196 -0.005674508112676207 0.17784388820796446 0.8721399457243844 -0.024420067155784115 -0.004122851728021224 0.17784388840974666 0.039746651873650535 0.3146193170029682 0.05860741290896387 0.17784388849704405 0.14842461832425005 0.2481532078373541 0.8215160650992851 0.056937354926831385 0.13517415205797145 0.15952200590528068 0.08422980807257059 0.004573652392606067 0.1351741519786356 0.45715834266625865
219 0.07916717830943208 0.30276659606303 0.08605256082233267 0.06392099526026118 0.1370376342912116 0.302766596465849 0.10200313175149388 0.14224853063787654 0.26497659028615067 0.30276659687022345 0.2747516932382264 -0.039975932274155815 0.09420274866699369 0.28054133246294927 0.6971642321763848 0.6081897574673636 0.11849474637307161 0.07309695057161661 0.6971642329877904 0.17101510083471855
78 0.0554521750114547 0.24054417815228957 0.13517415200190558 0.08396903082075302 0.07750451618275554 0.24054417841603146 0.1451670429870912 0.12139649606675927 0.26658807055341 0.24054417864415936 0.6080800581216981 0.13504328972269786 0.1297726687451803 0.26257817448672904 0.6693142307426384 0.36656143695072135 0.09027065074020477 0.10274341284481002 0.6693142306843188 0.4028763049657319
166 -0.005674508112676207 0.17784388820796446 0.8721399457243844 -0.024420067155784115 -0.004122851728021224 0.17784388840974666 0.039746651873650535 0.3146193170029682 0.05860741290896387 0.17784388849704405 0.14842461832425005 0.2481532078373541 0.8215160650992851 0.056937354926831385 0.13517415205797145 0.15952200590528068 0.08422980807257059 0.004573652392606067 0.1351741519786356 0.45715834266625865
13 0.3150599720313347 0.2448976163760336 0.31461931700296975 0.16140034424294813 0.11442779442484548 0.24489761638412916 0.3019934434486256 0.8877855385972485 0.2535895183428697 0.24489761649765993 0.10015041488898929 0.36600884997623345 0.3240991705649143 0.26163530372855653 0.12139649636073066 0.16129923270581983 0.4065054117827642 0.2630557646936942 0.12139649590640766 0.17773632101648335
34 0.4747753803581255 0.15410650741705165 -0.034807886505617114 0.687900721360888 0.32596696036524736 0.15410650716549273 0.5553867282485131 0.13984075442775482 0.31358556816062 0.1541065074116155 0.07680619890680315 0.26675387519433735 -0.04022547158750507 0.3473542553962711 0.1077325973250837 0.07399888018102194 0.38486915627697704 0.5613346939496456 0.1077325962074835 -0.01915735392979241
200 0.003490108674386372 0.21754378780506745 0.4571583426662662 -0.027389018650456454 -0.038565373171800255 0.21754378780608605 0.030077866592037372 0.1777363210164824 0.03136059912902134 0.21754378790447035 0.46766162845104375 0.0798751267971467 0.44443964891245635 0.026385373857371358 0.40287630530153 0.43219414295048475 0.03323305635053314 0.006475427487090624 0.40287630471842345 0.8230646123031926
193 0.12604644973018767 0.6153925843346056 0.17784388837915713 0.12805951824121836 0.2491014973223274 0.6153925840257327 0.1804984892486698 0.2448976164091385 0.25093300589316986 0.6153925845228617 0.21121072407841263 0.21615305264972254 0.18827821960452787 0.26312573814570506 0.24054417841891523 0.42361583650544943 0.15067729286752826 0.14549483859715365 0.24054417833447195 0.2175437877482351
144 -0.025460972422211257 0.31032743026052106 0.16358830259852747 -0.043366137214287705 -0.07015666995875819 0.31032743060582996 0.09461072619165221 0.21277666422195352 0.09481110058626072 0.3103274312137609 0.30607275727297484 -0.0005396462462105093 0.5502681820824854 -0.08204430680907858 0.31923050805238856 0.6897951385015559 0.05721975836992817 -0.009609193478417353 0.31923050922895696 0.6835767182799782
56 0.6176059529110979 0.1594659819580605 -0.010932681325937695 0.4184828394501552 0.3255049252725104 0.15946598164297637 0.4946278927135047 0.3300002155839938 0.38665116354799145 0.15946598197241874 0.08618162280637466 0.15939822392463074 -0.006136817456085017 0.42469473830843935 0.14005313225732546 0.10407577717030063 0.43163661980961127 0.5521997432289578 0.14005313130451374 0.03121968223356698
29 0.5548711295394054 0.1299418559926593 -0.027289591911299437 0.6425309430672127 0.24929982387626923 0.12994185578506687 0.4937920719360181 0.18146546053059134 0.2928604288690012 0.12994185586963428 0.07718738230327891 0.341618588042443 -0.026033377824460257 0.30010321150502284 0.07799363114721296 0.060928888827966925 0.4840821427850287 0.5821306508043719 0.07799363032025787 -0.021864357954351064
159 0.045313762726247556 0.4236158363540203 0.15952200590528237 0.06472141483489452 0.04334705781922906 0.423615836489598 0.10223713463817723 0.1612992327058207 0.10554639865657998 0.4236158366900819 0.2717594460718223 0.08942529210588272 0.16100881958924104 0.12335459845217868 0.3665614370891469 0.8870612244866327 0.08448921614048241 0.08909458474949558 0.366561436927716 0.4321941429504869
30 0.42667596457689627 0.15756391809597528 0.041718209235096636 0.5885466002804663 0.19780200951827182 0.1575639179541301 0.5563976839369984 0.28935635660250725 0.20537204690650102 0.1575639180846069 0.13513970699612288 0.4157253859730282 0.033925867066507034 0.23605530719771714 0.12965563416634196 0.13593627133114172 0.5149489053986617 0.5924896681477487 0.1296556332653 0.028961432341787757
197 0.003490108674386372 0.21754378780506745 0.4571583426662662 -0.027389018650456454 -0.038565373171800255 0.21754378780608605 0.030077866592037372 0.1777363210164824 0.03136059912902134 0.21754378790447035 0.46766162845104375 0.0798751267971467 0.44443964891245635 0.026385373857371358 0.40287630530153 0.43219414295048475 0.03323305635053314 0.006475427487090624 0.40287630471842345 0.8230646123031926
157 0.2692740866851696 0.31802602946383796 0.043407448640398145 0.21616812102765903 0.5637841468738602 0.31802602970689714 0.3165023533587977 0.2624444016632816 0.4769075803105849 0.3180260297039285 0.1478090532422639 0.02575845448519258 0.02597573812822044 0.6121869328963808 0.34539796691183544 0.25411119548447925 0.2575695228852547 0.28533141775237086 0.34539796658280764 -0.0020897483170372257
129 0.0554521750114547 0.24054417815228957 0.13517415200190558 0.08396903082075302 0.07750451618275554 0.24054417841603146 0.1451670429870912 0.12139649606675927 0.26658807055341 0.24054417864415936 0.6080800581216981 0.13504328972269786 0.1297726687451803 0.26257817448672904 0.6693142307426384 0.36656143695072135 0.09027065074020477 0.10274341284481002 0.6693142306843188 0.4028763049657319
207 0.1368161530441614 0.6075971518638295 0.22115691946188462 0.16376922435208818 0.17967585074508158 0.6075971522322406 0.24225067194238875 0.44881776748514635 0.24939639593426216 0.6075971525509768 0.13838095853723387 0.18445426422052436 0.4897156616829406 0.03779684579239798 0.007139970619995477 0.23420304612060683 0.12127547675472529 0.04678842205255437 0.007139971817895868 0.10297181575534718
38 0.6845417582747331 0.13620576536512846 0.07350284826216356 0.32268838852233106 0.19181308378123257 0.1362057650538319 0.3508958877139763 0.48277032180583657 0.33690711300423387 0.136205765272823 0.10149357512150704 0.38230623620896337 0.05694595012921362 0.2941627463604955 0.0766006966653641 0.063732984488743 0.5790740137819125 0.5090639172266057 0.07660069579469787 0.03903293631757723
41 0.2877839912953707 0.18469966226870338 0.05820923577487334 0.6354490484923638 0.21363197216115384 0.1846996618721297 0.5783462514632493 0.22198565591627167 0.26122558797483286 0.18469966200997232 0.1757022700197144 0.5145170855871017 0.0505952804742676 0.2708629188022292 0.14716546036962236 0.132598938597813 0.4519857195538698 0.5190536305249929 0.14716545945597923 0.014736238847414467
26 0.5435460234074939 0.14549483863321777 0.004573652392604705 0.5619237761743674 0.21481939296122152 0.14549483849056402 0.5036135783268506 0.2630557646936858 0.2761756280865961 0.1454948386073644 0.10750517099473486 0.37217309826963646 0.00033429226769865716 0.2879215971433385 0.10274341350558389 0.08909458474949047 0.5142903487167699 0.5945342845624931 0.10274341250633211 0.006475427487092158
97 -0.007429737566860613 0.16830260676426953 0.9152351406136385 -0.027389607878790804 -0.0008167279733679975 0.1683026067868558 0.03382402407111624 0.3060539023216329 0.05815014014714791 0.16830260701562982 0.1434193002775192 0.25421948780203923 0.7736097542276956 0.06542593211039754 0.1395071620484144 0.15843589455392584 0.0905934373019474 0.008171425362704609 0.13950716187714393 0.4670235195533187
160 0.12605475967855664 0.5530458741033181 0.12054190052462325 0.09908506829007328 0.5466950638541991 0.553045873941986 0.10345255893865554 0.15543764828050938 0.16478225875929087 0.553045873985672 0.17920269307672845 0.08063551424032792 0.009761630443269838 0.39559608511008454 0.24326185047322366 0.4864422030850212 0.24316028883497276 0.19995349236672305 0.2432618496371489 0.03156063569041841
178 -0.007429737566860613 0.16830260676426953 0.9152351406136385 -0.027389607878790804 -0.0008167279733679975 0.1683026067868558 0.03382402407111624 0.3060539023216329 0.05815014014714791 0.16830260701562982 0.1434193002775192 0.25421948780203923 0.7736097542276956 0.06542593211039754 0.1395071620484144 0.15843589455392584 0.0905934373019474 0.008171425362704609 0.13950716187714393 0.4670235195533187
156 0.028601993872773856 0.17233279609195018 0.07106738668845451 -0.043316557517471516 -0.021928425048352202 0.17233279669744098 -0.029526242293759695 0.11156619555529934 0.11564468288054754 0.17233279688204228 0.11411313281974762 -0.1133821018511293 0.12708669478676707 -0.09084809280691584 0.44195501454278335 1.0234979263482546 0.050734607805164936 -0.03337759176081238 0.44195501626306544 0.2285741152746717
91 0.0019831166623252216 0.2365579259574753 0.4034839850969539 -0.026750921636013 -0.04579432746736631 0.2365579260180217 0.03795310530387724 0.18243154678372245 0.044719370169986825 0.23655792625938993 0.4636510416686543 0.06524285355322501 0.4895306739479604 0.004758187690338994 0.39235950631308514 0.4491598842478054 0.036458149088969716 0.0005444856920988018 0.3923595059548196 0.8106201735676474
103 0.028601993872773856 0.17233279609195018 0.07106738668845451 -0.043316557517471516 -0.021928425048352202 0.17233279669744098 -0.029526242293759695 0.11156619555529934 0.11564468288054754 0.17233279688204228 0.11411313281974762 -0.1133821018511293 0.12708669478676707 -0.09084809280691584 0.44195501454278335 1.0234979263482546 0.050734607805164936 -0.03337759176081238 0.44195501626306544 0.2285741152746717
131 0.028601993872773856 0.17233279609195018 0.07106738668845451 -0.043316557517471516 -0.021928425048352202 0.17233279669744098 -0.029526242293759695 0.11156619555529934 0.11564468288054754 0.17233279688204228 0.11411313281974762 -0.1133821018511293 0.12708669478676707 -0.09084809280691584 0.44195501454278335 1.0234979263482546 0.050734607805164936 -0.03337759176081238 0.44195501626306544 0.2285741152746717
179 -0.007429737566860613 0.16830260676426953 0.9152351406136385 -0.027389607878790804 -0.0008167279733679975 0.1683026067868558 0.03382402407111624 0.3060539023216329 0.05815014014714791 0.16830260701562982 0.1434193002775192 0.25421948780203923 0.7736097542276956 0.06542593211039754 0.1395071620484144 0.15843589455392584 0.0905934373019474 0.008171425362704609 0.13950716187714393 0.4670235195533187
142 0.028601993872773856 0.17233279609195018 0.07106738668845451 -0.043316557517471516 -0.021928425048352202 0.17233279669744098 -0.029526242293759695 0.11156619555529934 0.11564468288054754 0.17233279688204228 0.11411313281974762 -0.1133821018511293 0.12708669478676707 -0.09084809280691584 0.44195501454278335 1.0234979263482546 0.050734607805164936 -0.03337759176081238 0.44195501626306544 0.2285741152746717
194 0.1368161530441614 0.6075971518638295 0.22115691946188462 0.16376922435208818 0.17967585074508158 0.6075971522322406 0.24225067194238875 0.44881776748514635 0.24939639593426216 0.6075971525509768 0.13838095853723387 0.18445426422052436 0.4897156616829406 0.03779684579239798 0.007139970619995477 0.23420304612060683 0.12127547675472529 0.04678842205255437 0.007139971817895868 0.10297181575534718
12 0.6219792084708898 0.1552873114345835 0.08066617780104662 0.3530468866639372 0.214844042996883 0.15528731125044176 0.3845068262091108 0.4674751862500481 0.37452040667620146 0.15528731139989815 0.09932991409654786 0.40488045620598223 0.0642167864377018 0.36928554786654755 0.08490451381071694 0.06212602027175024 0.5385114777719422 0.48004804067711754 0.0849045130942239 0.040890949330948036
15 0.5305907782606074 0.1506772930580993 0.08422980807255434 0.4707342724508371 0.1763114398834059 0.15067729271693003 0.4628664384813172 0.40650541178274163 0.26066362971106877 0.1506772928827127 0.10063765537592517 0.4794021586183502 0.07901994794864141 0.26097596122310496 0.090270651118337 0.08448921614046755 0.582933829830686 0.514290348716759 0.09027065044158551 0.03323305635052022
21 0.26787059061996155 0.216153052792113 0.24815320783736708 0.3760157305316306 0.14218628800615876 0.21615305260063605 0.4387537818869637 0.36600884997624294 0.33041596004453055 0.21615305271360147 0.19470564460668865 0.7362331881170109 0.2395436344953332 0.26968829713082815 0.13504329001532306 0.0894252921058894 0.479402158618381 0.37217309826965483 0.13504328954783223 0.079875126797153
181 0.058687273193936226 0.252238969466193 0.12068315191538022 0.0829139664865932 0.07607667861666534 0.2522389698109468 0.16401945489660086 0.12459784462529302 0.27943719949772194 0.25223896991024136 0.5986912415462969 0.11644858808897297 0.1428353166988447 0.24817319028648074 0.6705888777524507 0.37122499168706674 0.0919361406357509 0.0911870673861141 0.6705888780542711 0.38528263594659384
35 0.37860963355830074 0.17672167221378934 0.0450314577041402 0.6252744343927376 0.21633695770658332 0.1767216719836519 0.5810571258737081 0.27012202801041163 0.19753072465649163 0.1767216720673531 0.12799686362558887 0.41364268216800565 0.03343587045865392 0.25796077723418337 0.13412886111374323 0.14092820923004398 0.480012903730825 0.5704333255651911 0.1341288601718582 0.023955556168892393
32 0.5752705250725736 0.17244468084005987 -0.00584585890175382 0.5136940392236159 0.3649274489786816 0.1724446806759293 0.5278024706165622 0.2985853925764485 0.37587103705601627 0.17244468074395006 0.05455826732451534 0.20864050448052168 -0.0017004276625711462 0.44112593875479034 0.10208283331760117 0.07141765602339961 0.4131400496464309 0.4834388800552115 0.10208283223209971 0.015851627980452702
64 0.12604644973018767 0.6153925843346056 0.17784388837915713 0.12805951824121836 0.2491014973223274 0.6153925840257327 0.1804984892486698 0.2448976164091385 0.25093300589316986 0.6153925845228617 0.21121072407841263 0.21615305264972254 0.18827821960452787 0.26312573814570506 0.24054417841891523 0.42361583650544943 0.15067729286752826 0.14549483859715365 0.24054417833447195 0.2175437877482351
138 0.1368161530441614 0.6075971518638295 0.22115691946188462 0.16376922435208818 0.17967585074508158 0.6075971522322406 0.24225067194238875 0.44881776748514635 0.24939639593426216 0.6075971525509768 0.13838095853723387 0.18445426422052436 0.4897156616829406 0.03779684579239798 0.007139970619995477 0.23420304612060683 0.12127547675472529 0.04678842205255437 0.007139971817895868 0.10297181575534718
214 0.07621151406129205 0.30294188462119304 0.07631936062240671 0.07120105523602287 0.10606167703527887 0.3029418854119559 0.15836004158146724 0.1461791770661242 0.2978265504640715 0.30294188578294606 0.3785802941679664 -0.010547842818525631 0.13143263417073178 0.25355725175665256 0.6989052619433643 0.5220390275154756 0.10378676699111798 0.06521626337049871 0.6989052632143758 0.23070685600958915
163 0.24958382669056745 0.24910149724649697 -0.004122851728019493 0.25301219912370393 1.0426994289340479 0.2491014972281011 0.22397877655908874 0.11442779442484245 0.42953783733912104 0.24910149745349996 0.06871340206834768 0.14218628800614994 -0.007500874092439137 0.48469374175968544 0.07750451652654712 0.04334705781923132 0.17631143988342834 0.2148193929612249 0.07750451595267767 -0.038565373171796875
92 -0.00431534755182343 0.1882782192701841 0.8215160650992858 -0.021248802595429783 -0.007500874092435328 0.18827821971600076 0.046182670316127154 0.3240991705649111 0.05955943367211928 0.18827821979018386 0.15377477037311552 0.23954363449533295 0.8723162167759662 0.04667381430634133 0.129772668703733 0.16100881958923477 0.0790199479486478 0.00033429226769712204 0.12977266892757497 0.44443964891245114
25 0.43456953593840325 0.18688320145785578 0.198323253262275 0.32978307143659263 0.14129563852022411 0.1868832012670001 0.42149378245508573 0.5326945354219335 0.29421405135470613 0.18688320122681004 0.14388420168623847 0.5705469957408441 0.18094676095467582 0.2821643243324931 0.11251322008171978 0.10004044552084397 0.5498460036718336 0.4302198749860828 0.11251321909400314 0.08870240415645882
31 0.2775078685461623 0.23285649340332784 0.18520720980930078 0.49469041618257364 0.1728950769850887 0.23285649316118523 0.5625167096527957 0.4330549653579941 0.1703048911825781 0.23285649324732927 0.10493859811823868 0.571643934227315 0.19923615184459129 0.2686503920212518 0.11681787312311916 0.14020494308115006 0.4972665411192116 0.3944430311294392 0.11681787220092722 0.07663322585626352
110 -0.025460972422211257 0.31032743026052106 0.16358830259852747 -0.043366137214287705 -0.07015666995875819 0.31032743060582996 0.09461072619165221 0.21277666422195352 0.09481110058626072 0.3103274312137609 0.30607275727297484 -0.0005396462462105093 0.5502681820824854 -0.08204430680907858 0.31923050805238856 0.6897951385015559 0.05721975836992817 -0.009609193478417353 0.31923050922895696 0.6835767182799782
123 0.003490108674386372 0.21754378780506745 0.4571583426662662 -0.027389018650456454 -0.038565373171800255 0.21754378780608605 0.030077866592037372 0.1777363210164824 0.03136059912902134 0.21754378790447035 0.46766162845104375 0.0798751267971467 0.44443964891245635 0.026385373857371358 0.40287630530153 0.43219414295048475 0.03323305635053314 0.006475427487090624 0.40287630471842345 0.8230646123031926
191 -0.025460972422211257 0.31032743026052106 0.16358830259852747 -0.043366137214287705 -0.07015666995875819 0.31032743060582996 0.09461072619165221 0.21277666422195352 0.09481110058626072 0.3103274312137609 0.30607275727297484 -0.0005396462462105093 0.5502681820824854 -0.08204430680907858 0.31923050805238856 0.6897951385015559 0.05721975836992817 -0.009609193478417353 0.31923050922895696 0.6835767182799782
204 -0.025460972422211257 0.31032743026052106 0.16358830259852747 -0.043366137214287705 -0.07015666995875819 0.31032743060582996 0.09461072619165221 0.21277666422195352 0.09481110058626072 0.3103274312137609 0.30607275727297484 -0.0005396462462105093 0.5502681820824854 -0.08204430680907858 0.31923050805238856 0.6897951385015559 0.05721975836992817 -0.009609193478417353 0.31923050922895696 0.6835767182799782
213 0.13318858058026725 0.6227232350014631 0.1323636152099914 0.10958090399377951 0.3536742784265782 0.6227232349042552 0.15512678927378493 0.30187237071002637 0.17622472179070645 0.6227232352937891 0.1695527303478236 -0.029950911042596198 0.1600050086264262 0.17308666123365593 0.12630774994062544 0.5644591110103925 0.2144597997626716 0.09617477888826288 0.12630775009124778 0.05886507879299959
137 0.12604644973018767 0.6153925843346056 0.17784388837915713 0.12805951824121836 0.2491014973223274 0.6153925840257327 0.1804984892486698 0.2448976164091385 0.25093300589316986 0.6153925845228617 0.21121072407841263 0.21615305264972254 0.18827821960452787 0.26312573814570506 0.24054417841891523 0.42361583650544943 0.15067729286752826 0.14549483859715365 0.24054417833447195 0.2175437877482351
221 0.028601993872773856 0.17233279609195018 0.07106738668845451 -0.043316557517471516 -0.021928425048352202 0.17233279669744098 -0.029526242293759695 0.11156619555529934 0.11564468288054754 0.17233279688204228 0.11411313281974762 -0.1133821018511293 0.12708669478676707 -0.09084809280691584 0.44195501454278335 1.0234979263482546 0.050734607805164936 -0.03337759176081238 0.44195501626306544 0.2285741152746717
93 0.0019831166623252216 0.2365579259574753 0.4034839850969539 -0.026750921636013 -0.04579432746736631 0.2365579260180217 0.03795310530387724 0.18243154678372245 0.044719370169986825 0.23655792625938993 0.4636510416686543 0.06524285355322501 0.4895306739479604 0.004758187690338994 0.39235950631308514 0.4491598842478054 0.036458149088969716 0.0005444856920988018 0.3923595059548196 0.8106201735676474
132 0.028601993872773856 0.17233279609195018 0.07106738668845451 -0.043316557517471516 -0.021928425048352202 0.17233279669744098 -0.029526242293759695 0.11156619555529934 0.11564468288054754 0.17233279688204228 0.11411313281974762 -0.1133821018511293 0.12708669478676707 -0.09084809280691584 0.44195501454278335 1.0234979263482546 0.050734607805164936 -0.03337759176081238 0.44195501626306544 0.2285741152746717
172 0.028601993872773856 0.17233279609195018 0.07106738668845451 -0.043316557517471516 -0.021928425048352202 0.17233279669744098 -0.029526242293759695 0.11156619555529934 0.11564468288054754 0.17233279688204228 0.11411313281974762 -0.1133821018511293 0.12708669478676707 -0.09084809280691584 0.44195501454278335 1.0234979263482546 0.050734607805164936 -0.03337759176081238 0.44195501626306544 0.2285741152746717
136 0.12604644973018767 0.6153925843346056 0.17784388837915713 0.12805951824121836 0.2491014973223274 0.6153925840257327 0.1804984892486698 0.2448976164091385 0.25093300589316986 0.6153925845228617 0.21121072407841263 0.21615305264972254 0.18827821960452787 0.26312573814570506 0.24054417841891523 0.42361583650544943 0.15067729286752826 0.14549483859715365 0.24054417833447195 0.2175437877482351
90 -0.00431534755182343 0.1882782192701841 0.8215160650992858 -0.021248802595429783 -0.007500874092435328 0.18827821971600076 0.046182670316127154 0.3240991705649111 0.05955943367211928 0.18827821979018386 0.15377477037311552 0.23954363449533295 0.8723162167759662 0.04667381430634133 0.129772668703733 0.16100881958923477 0.0790199479486478 0.00033429226769712204 0.12977266892757497 0.44443964891245114
77 0.0554521750114547 0.24054417815228957 0.13517415200190558 0.08396903082075302 0.07750451618275554 0.24054417841603146 0.1451670429870912 0.12139649606675927 0.26658807055341 0.24054417864415936 0.6080800581216981 0.13504328972269786 0.1297726687451803 0.26257817448672904 0.6693142307426384 0.36656143695072135 0.09027065074020477 0.10274341284481002 0.6693142306843188 0.4028763049657319
1 0.07581326781002679 0.19457684523450697 0.2401147808048397 0.2934579492780101 0.12409611576031375 0.19457684510780313 0.5984469733034209 0.36225081707724455 0.06767116907252212 0.19457684526168154 0.3584979234255394 0.5206952928349444 0.2355781464399302 0.18013826259757967 0.2553683951156091 0.3465890052143491 0.3993315720132763 0.4598175884970308 0.25536839387965976 0.2568884307424234
143 0.32400325789099355 0.2976868002873734 0.04101045794574944 0.27781164372758826 0.5761518457388964 0.297686800125347 0.3825823106759521 0.2786652295332051 0.5494377585538135 0.297686800408753 0.1460732600657098 0.13412564720340955 0.037728544704612926 0.6152942271169656 0.24653080794240173 0.13855595245588528 0.24936346945203666 0.26090784752819085 0.24653080737515817 0.004668622499600524
165 -0.005674508112676207 0.17784388820796446 0.8721399457243844 -0.024420067155784115 -0.004122851728021224 0.17784388840974666 0.039746651873650535 0.3146193170029682 0.05860741290896387 0.17784388849704405 0.14842461832425005 0.2481532078373541 0.8215160650992851 0.056937354926831385 0.13517415205797145 0.15952200590528068 0.08422980807257059 0.004573652392606067 0.1351741519786356 0.45715834266625865
74 -0.007429737566860613 0.16830260676426953 0.9152351406136385 -0.027389607878790804 -0.0008167279733679975 0.1683026067868558 0.03382402407111624 0.3060539023216329 0.05815014014714791 0.16830260701562982 0.1434193002775192 0.25421948780203923 0.7736097542276956 0.06542593211039754 0.1395071620484144 0.15843589455392584 0.0905934373019474 0.008171425362704609 0.13950716187714393 0.4670235195533187
102 0.08765098285779345 0.3101361848076298 0.07440971696368247 0.04785350912895058 0.18442125476183308 0.31013618569565976 0.05778785205382002 0.13064880134667506 0.22693856866029424 0.31013618590704556 0.1575270840224654 -0.10670206386895008 0.07481745497848917 0.2519986409352427 0.6445815819162471 0.7116521729366108 0.15674380832902132 0.06493799727010954 0.6445815833571474 0.05522907371266659
198 -0.005674508112676207 0.17784388820796446 0.8721399457243844 -0.024420067155784115 -0.004122851728021224 0.17784388840974666 0.039746651873650535 0.3146193170029682 0.05860741290896387 0.17784388849704405 0.14842461832425005 0.2481532078373541 0.8215160650992851 0.056937354926831385 0.13517415205797145 0.15952200590528068 0.08422980807257059 0.004573652392606067 0.1351741519786356 0.45715834266625865
185 0.06623672465966085 0.2761335544607161 0.10105124923849164 0.07898109238298673 0.08606903325662352 0.27613355485297847 0.164822526484683 0.13578909002437836 0.2915707045849038 0.276133555050523 0.5038422158390441 0.06287553289155491 0.1387947544294263 0.25540115055331414 0.6913803779064793 0.43471634290492445 0.0939061850951948 0.07916040293202664 0.69138037846476 0.322965304448657
23 0.4601494186068797 0.14251520340641355 0.017368221926103912 0.6947885065726555 0.22028319858547507 0.14251520315975136 0.5085254681472517 0.21574204036602418 0.20777654510703086 0.14251520335553236 0.07228100868133455 0.4299745528642686 0.007760473157454963 0.2341137663638988 0.07565826958108525 0.07519902987357907 0.5234843545654898 0.556563845931669 0.07565826859766248 -0.0253619310964842
112 0.12604644973018767 0.6153925843346056 0.17784388837915713 0.12805951824121836 0.2491014973223274 0.6153925840257327 0.1804984892486698 0.2448976164091385 0.25093300589316986 0.6153925845228617 0.21121072407841263 0.21615305264972254 0.18827821960452787 0.26312573814570506 0.24054417841891523 0.42361583650544943 0.15067729286752826 0.14549483859715365 0.24054417833447195 0.2175437877482351
24 0.45165893915797983 0.14884225448364624 -0.024531657683921296 0.6970358371296005 0.2934181720731483 0.14884225424516112 0.5390688653427328 0.15242704044470112 0.340366822404107 0.1488422543512606 0.07990763772687672 0.3674828996176378 -0.023599164115604733 0.3367582304144297 0.08723832733855788 0.055141962339343105 0.42415464205635933 0.5212949205600312 0.08723832658514898 -0.027803407383318452
82 -0.025460972422211257 0.31032743026052106 0.16358830259852747 -0.043366137214287705 -0.07015666995875819 0.31032743060582996 0.09461072619165221 0.21277666422195352 0.09481110058626072 0.3103274312137609 0.30607275727297484 -0.0005396462462105093 0.5502681820824854 -0.08204430680907858 0.31923050805238856 0.6897951385015559 0.05721975836992817 -0.009609193478417353 0.31923050922895696 0.6835767182799782
176 -0.007429737566860613 0.16830260676426953 0.9152351406136385 -0.027389607878790804 -0.0008167279733679975 0.1683026067868558 0.03382402407111624 0.3060539023216329 0.05815014014714791 0.16830260701562982 0.1434193002775192 0.25421948780203923 0.7736097542276956 0.06542593211039754 0.1395071620484144 0.15843589455392584 0.0905934373019474 0.008171425362704609 0.13950716187714393 0.4670235195533187
40 0.6709115042049527 0.1054677238214481 -0.054132515632447156 0.602657494871393 0.2883038088729011 0.10546772346827603 0.46414923570811634 0.15204020433209714 0.3122944570066061 0.10546772355096068 0.05555772197484127 0.2145097843094299 -0.043020819246239995 0.313948272256386 0.07053759616958259 0.052148002871963056 0.4526372215224327 0.6028353769158157 0.07053759536631697 -0.01478574071310934
42 0.5810942533731827 0.1568951491827203 -0.005062663178894109 0.44338448032500327 0.19011816224195233 0.1568951490303841 0.4910979638474559 0.28154501861667264 0.3148640371346786 0.15689514913148506 0.15585735741295462 0.3500903967829367 -0.006722587924676966 0.2742381454653616 0.13922040113332543 0.10061727479510119 0.501405928173282 0.641195567519562 0.13922040044248132 0.034853511726212226
0 0.7359690856194594 0.12604644982957536 -0.005674508112668828 0.48444127877585924 0.24958382669058338 0.12604644959988112 0.43060957583157555 0.31505997203134567 0.29052649965459154 0.12604644969852202 0.04757776447329273 0.26787059061995777 -0.004315347551814032 0.29217208194287064 0.05545217542692892 0.04531376272625878 0.5305907782606814 0.5435460234075238 0.05545217458725134 0.003490108674400384
147 0.12604644973018767 0.6153925843346056 0.17784388837915713 0.12805951824121836 0.2491014973223274 0.6153925840257327 0.1804984892486698 0.2448976164091385 0.25093300589316986 0.6153925845228617 0.21121072407841263 0.21615305264972254 0.18827821960452787 0.26312573814570506 0.24054417841891523 0.42361583650544943 0.15067729286752826 0.14549483859715365 0.24054417833447195 0.2175437877482351
16 0.484441278775849 0.12805951844666705 -0.02442006715578253 0.6931682022318345 0.25301219912369977 0.1280595179949572 0.5118517701151707 0.16140034424294422 0.3030592881102 0.12805951818529066 0.08528062495367987 0.37601573053161697 -0.021248802595429554 0.2926366210047579 0.08396903126646707 0.06472141483489688 0.470734272450858 0.5619237761743612 0.08396903036984721 -0.027389018650455097
65 0.1368161530441614 0.6075971518638295 0.22115691946188462 0.16376922435208818 0.17967585074508158 0.6075971522322406 0.24225067194238875 0.44881776748514635 0.24939639593426216 0.6075971525509768 0.13838095853723387 0.18445426422052436 0.4897156616829406 0.03779684579239798 0.007139970619995477 0.23420304612060683 0.12127547675472529 0.04678842205255437 0.007139971817895868 0.10297181575534718
18 0.6759669654938776 0.13534388016314083 -0.0036514527867774343 0.5213996497213161 0.25749223528064474 0.13534387999671266 0.45953729943491817 0.29799509598132173 0.30604279498376763 0.1353438800382207 0.04996306383195611 0.30059695797867897 -0.001280283454291317 0.32151114607232845 0.06097845677146572 0.0457704539658331 0.515897353562151 0.5330883079988792 0.06097845575299242 0.0019159181431360507
153 0.055675302540931455 0.24200230818614113 0.12406051634026997 0.08394390058942094 0.07025533777593145 0.24200230842763118 0.17576967415077516 0.11689308005735438 0.27677084451159795 0.24200230845783208 0.6623590191904427 0.14049408029755608 0.15581356548783534 0.22634358868804755 0.6480322124139474 0.3288993734945559 0.0949068442708769 0.09137232986992923 0.6480322120977176 0.4136277831575308
105 0.0554521750114547 0.24054417815228957 0.13517415200190558 0.08396903082075302 0.07750451618275554 0.24054417841603146 0.1451670429870912 0.12139649606675927 0.26658807055341 0.24054417864415936 0.6080800581216981 0.13504328972269786 0.1297726687451803 0.26257817448672904 0.6693142307426384 0.36656143695072135 0.09027065074020477 0.10274341284481002 0.6693142306843188 0.4028763049657319
126 -0.005674508112676207 0.17784388820796446 0.8721399457243844 -0.024420067155784115 -0.004122851728021224 0.17784388840974666 0.039746651873650535 0.3146193170029682 0.05860741290896387 0.17784388849704405 0.14842461832425005 0.2481532078373541 0.8215160650992851 0.056937354926831385 0.13517415205797145 0.15952200590528068 0.08422980807257059 0.004573652392606067 0.1351741519786356 0.45715834266625865
55 0.3749473566111798 0.1797336763356158 0.09979133650954995 0.5847035413050025 0.18080792543496255 0.17973367611703553 0.5327524573017425 0.3203195732713075 0.19243925351477323 0.17973367628396034 0.10723131859534452 0.5506467681641191 0.09428805734684213 0.2211131706483817 0.09788382470648707 0.10412653640457388 0.5503286952783328 0.4962934904382491 0.09788382397322111 0.01671818249782997
79 0.028601993872773856 0.17233279609195018 0.07106738668845451 -0.043316557517471516 -0.021928425048352202 0.17233279669744098 -0.029526242293759695 0.11156619555529934 0.11564468288054754 0.17233279688204228 0.11411313281974762 -0.1133821018511293 0.12708669478676707 -0.09084809280691584 0.44195501454278335 1.0234979263482546 0.050734607805164936 -0.03337759176081238 0.44195501626306544 0.2285741152746717
10 0.5710318994226193 0.13619075251127066 0.004751844510547305 0.5683098196397277 0.20037203231662462 0.13619075216240512 0.49617595001849735 0.2662533089442096 0.22356036633065163 0.13619075232555142 0.10085929324463284 0.35469122711703394 -0.0015062014603716568 0.22525815533079663 0.09697185230179983 0.09401542351311122 0.5369922983326229 0.6202315481023014 0.09697185134072284 0.005700322710404204
120 -0.005674508112676207 0.17784388820796446 0.8721399457243844 -0.024420067155784115 -0.004122851728021224 0.17784388840974666 0.039746651873650535 0.3146193170029682 0.05860741290896387 0.17784388849704405 0.14842461832425005 0.2481532078373541 0.8215160650992851 0.056937354926831385 0.13517415205797145 0.15952200590528068 0.08422980807257059 0.004573652392606067 0.1351741519786356 0.45715834266625865
17 0.3958374421694573 0.17748106766960373 0.10357184912057699 0.5459606611765603 0.19620714720459662 0.17748106748356338 0.5076161843891253 0.3506649998610873 0.26850795208177897 0.17748106761697613 0.10782256789592919 0.5366596203813008 0.09090120221473098 0.3181596587241529 0.10039743551574563 0.09610369699725478 0.5269769855848249 0.48012637918381484 0.10039743445821207 0.02475120569082462
19 0.3831450587974615 0.18343955433206913 0.20910091123505214 0.3725632120701676 0.14189211497970025 0.18343955413119692 0.4366774124818338 0.49493488034989414 0.2562129762744541 0.18343955427445513 0.14005516027420054 0.6019929224262986 0.1808531282385188 0.2822827208938338 0.11736850591218585 0.11316221526128133 0.5549504381565469 0.4435274557108581 0.11736850506777516 0.09154029688184402
54 0.5989319568145971 0.11987400024106654 -0.012294639430141361 0.6210713527242847 0.2135960894731079 0.11987400007166858 0.46502830078763613 0.21520313258793702 0.2589798417335678 0.11987400017228328 0.06829923861216858 0.3781175500780455 -0.01040808349540793 0.23614749786687075 0.06358418474191646 0.05278509760750069 0.5405610563091279 0.5736140927611321 0.0635841838133744 -0.02477790754421205
170 0.047577764473280486 0.21121072388649798 0.14842461832425705 0.08528062495367884 0.06871340206834793 0.2112107240101134 0.16121489086062027 0.1001504148889891 0.2507269682082102 0.2112107243795839 0.7553385459399163 0.1947056446066792 0.15377477037312484 0.21245236487708702 0.6080800583907408 0.271759446071825 0.10063765537594177 0.1075051709947337 0.6080800579079424 0.46766162845104997
2 0.4249033721520776 0.18418194315409456 0.003742519996492264 0.5240639296979709 0.24469488038845688 0.18418194312500213 0.5464239847510318 0.23312176200456464 0.3877442982456646 0.18418194335247615 0.1734810513725056 0.4023177652651658 0.004972982600054403 0.3773758701039107 0.16387306413398095 0.10396544930585447 0.42522826749265125 0.5461780528128003 0.16387306315238256 0.022781300333155334
63 0.12604644973018767 0.6153925843346056 0.17784388837915713 0.12805951824121836 0.2491014973223274 0.6153925840257327 0.1804984892486698 0.2448976164091385 0.25093300589316986 0.6153925845228617 0.21121072407841263 0.21615305264972254 0.18827821960452787 0.26312573814570506 0.24054417841891523 0.42361583650544943 0.15067729286752826 0.14549483859715365 0.24054417833447195 0.2175437877482351
173 0.028601993872773856 0.17233279609195018 0.07106738668845451 -0.043316557517471516 -0.021928425048352202 0.17233279669744098 -0.029526242293759695 0.11156619555529934 0.11564468288054754 0.17233279688204228 0.11411313281974762 -0.1133821018511293 0.12708669478676707 -0.09084809280691584 0.44195501454278335 1.0234979263482546 0.050734607805164936 -0.03337759176081238 0.44195501626306544 0.2285741152746717
5 0.47147709054830966 0.17089899396352903 0.18492359618195825 0.32998986216588033 0.1552309098806473 0.17089899383589816 0.40726223645727405 0.5707562756488676 0.28932230691978295 0.17089899384401785 0.12015168541022651 0.512668949420688 0.15974503524442457 0.3036139435938035 0.1120687350285285 0.10066893046074792 0.5588752728250677 0.44240007692498806 0.11206873425645748 0.09371011758187178
188 0.028601993872773856 0.17233279609195018 0.07106738668845451 -0.043316557517471516 -0.021928425048352202 0.17233279669744098 -0.029526242293759695 0.11156619555529934 0.11564468288054754 0.17233279688204228 0.11411313281974762 -0.1133821018511293 0.12708669478676707 -0.09084809280691584 0.44195501454278335 1.0234979263482546 0.050734607805164936 -0.03337759176081238 0.44195501626306544 0.2285741152746717
8 0.6719924379623838 0.1363376088358854 -0.021503365568679378 0.5456612400220374 0.28543925064620346 0.13633760857332108 0.4905999216975428 0.2561115771214217 0.2980179700328574 0.13633760863089048 0.048935681076143066 0.22522596527410604 -0.01956477966157039 0.32085858053389116 0.07895246744703459 0.05782377142955309 0.4734726788114849 0.5658776772062274 0.07895246646770948 0.004886898512746856
84 0.12604644973018767 0.6153925843346056 0.17784388837915713 0.12805951824121836 0.2491014973223274 0.6153925840257327 0.1804984892486698 0.2448976164091385 0.25093300589316986 0.6153925845228617 0.21121072407841263 0.21615305264972254 0.18827821960452787 0.26312573814570506 0.24054417841891523 0.42361583650544943 0.15067729286752826 0.14549483859715365 0.24054417833447195 0.2175437877482351
146 0.12604644973018767 0.6153925843346056 0.17784388837915713 0.12805951824121836 0.2491014973223274 0.6153925840257327 0.1804984892486698 0.2448976164091385 0.25093300589316986 0.6153925845228617 0.21121072407841263 0.21615305264972254 0.18827821960452787 0.26312573814570506 0.24054417841891523 0.42361583650544943 0.15067729286752826 0.14549483859715365 0.24054417833447195 0.2175437877482351
167 0.003490108674386372 0.21754378780506745 0.4571583426662662 -0.027389018650456454 -0.038565373171800255 0.21754378780608605 0.030077866592037372 0.1777363210164824 0.03136059912902134 0.21754378790447035 0.46766162845104375 0.0798751267971467 0.44443964891245635 0.026385373857371358 0.40287630530153 0.43219414295048475 0.03323305635053314 0.006475427487090624 0.40287630471842345 0.8230646123031926
141 0.028601993872773856 0.17233279609195018 0.07106738668845451 -0.043316557517471516 -0.021928425048352202 0.17233279669744098 -0.029526242293759695 0.11156619555529934 0.11564468288054754 0.17233279688204228 0.11411313281974762 -0.1133821018511293 0.12708669478676707 -0.09084809280691584 0.44195501454278335 1.0234979263482546 0.050734607805164936 -0.03337759176081238 0.44195501626306544 0.2285741152746717
37 0.3830490637810824 0.21593313429976596 0.19222207939750735 0.38665532052623586 0.1699603362220869 0.21593313415023066 0.4804479103170452 0.5271606293323453 0.28992513420907945 0.21593313416774 0.11997376380113696 0.5380153659941481 0.18617702899170935 0.34278252200495907 0.11654755413727193 0.11140747233407328 0.4971387308624087 0.3927563265320231 0.11654755305821504 0.08447969904684659
106 0.0554521750114547 0.24054417815228957 0.13517415200190558 0.08396903082075302 0.07750451618275554 0.24054417841603146 0.1451670429870912 0.12139649606675927 0.26658807055341 0.24054417864415936 0.6080800581216981 0.13504328972269786 0.1297726687451803 0.26257817448672904 0.6693142307426384 0.36656143695072135 0.09027065074020477 0.10274341284481002 0.6693142306843188 0.4028763049657319
119 0.003490108674386372 0.21754378780506745 0.4571583426662662 -0.027389018650456454 -0.038565373171800255 0.21754378780608605 0.030077866592037372 0.1777363210164824 0.03136059912902134 0.21754378790447035 0.46766162845104375 0.0798751267971467 0.44443964891245635 0.026385373857371358 0.40287630530153 0.43219414295048475 0.03323305635053314 0.006475427487090624 0.40287630471842345 0.8230646123031926
208 0.27459097373609387 0.24111387872128995 0.06723595448175537 0.3006994664214197 0.4225813753740551 0.24111387858666006 0.3518147171111416 0.25484426156512946 0.6370260962052905 0.24111387902362486 0.2664603513891826 0.3486149446094211 0.058050663140426964 0.6160514760636912 0.2628436427962218 0.11760841862292867 0.2688337384843076 0.28300143964788377 0.2628436421557434 0.030139257886767485
72 -0.007429737566860613 0.16830260676426953 0.9152351406136385 -0.027389607878790804 -0.0008167279733679975 0.1683026067868558 0.03382402407111624 0.3060539023216329 0.05815014014714791 0.16830260701562982 0.1434193002775192 0.25421948780203923 0.7736097542276956 0.06542593211039754 0.1395071620484144 0.15843589455392584 0.0905934373019474 0.008171425362704609 0.13950716187714393 0.4670235195533187
203 -0.025460972422211257 0.31032743026052106 0.16358830259852747 -0.043366137214287705 -0.07015666995875819 0.31032743060582996 0.09461072619165221 0.21277666422195352 0.09481110058626072 0.3103274312137609 0.30607275727297484 -0.0005396462462105093 0.5502681820824854 -0.08204430680907858 0.31923050805238856 0.6897951385015559 0.05721975836992817 -0.009609193478417353 0.31923050922895696 0.6835767182799782
135 -0.025460972422211257 0.31032743026052106 0.16358830259852747 -0.043366137214287705 -0.07015666995875819 0.31032743060582996 0.09461072619165221 0.21277666422195352 0.09481110058626072 0.3103274312137609 0.30607275727297484 -0.0005396462462105093 0.5502681820824854 -0.08204430680907858 0.31923050805238856 0.6897951385015559 0.05721975836992817 -0.009609193478417353 0.31923050922895696 0.6835767182799782
140 0.07916717830943208 0.30276659606303 0.08605256082233267 0.06392099526026118 0.1370376342912116 0.302766596465849 0.10200313175149388 0.14224853063787654 0.26497659028615067 0.30276659687022345 0.2747516932382264 -0.039975932274155815 0.09420274866699369 0.28054133246294927 0.6971642321763848 0.6081897574673636 0.11849474637307161 0.07309695057161661 0.6971642329877904 0.17101510083471855
180 -0.007429737566860613 0.16830260676426953 0.9152351406136385 -0.027389607878790804 -0.0008167279733679975 0.1683026067868558 0.03382402407111624 0.3060539023216329 0.05815014014714791 0.16830260701562982 0.1434193002775192 0.25421948780203923 0.7736097542276956 0.06542593211039754 0.1395071620484144 0.15843589455392584 0.0905934373019474 0.008171425362704609 0.13950716187714393 0.4670235195533187
217 0.028601993872773856 0.17233279609195018 0.07106738668845451 -0.043316557517471516 -0.021928425048352202 0.17233279669744098 -0.029526242293759695 0.11156619555529934 0.11564468288054754 0.17233279688204228 0.11411313281974762 -0.1133821018511293 0.12708669478676707 -0.09084809280691584 0.44195501454278335 1.0234979263482546 0.050734607805164936 -0.03337759176081238 0.44195501626306544 0.2285741152746717
47 0.40147002055248 0.15630897038071925 0.09716094559443053 0.5821631771149867 0.1779662650758823 0.15630897004837255 0.5132177635216602 0.33273950977600136 0.17064666315720206 0.15630897025316945 0.10363495686825014 0.5326750549217809 0.0901157029159562 0.19807959663814356 0.09485287708434156 0.11069335544214434 0.5819074267593332 0.5179057644650182 0.09485287630336273 0.019069655240250505
95 -0.007429737566860613 0.16830260676426953 0.9152351406136385 -0.027389607878790804 -0.0008167279733679975 0.1683026067868558 0.03382402407111624 0.3060539023216329 0.05815014014714791 0.16830260701562982 0.1434193002775192 0.25421948780203923 0.7736097542276956 0.06542593211039754 0.1395071620484144 0.15843589455392584 0.0905934373019474 0.008171425362704609 0.13950716187714393 0.4670235195533187
162 0.1294863696069268 0.5643367342682426 0.25642741898807847 0.17541841876152137 0.18859409720037346 0.564336734271585 0.2491141574975275 0.4974684591886506 0.26556249931707193 0.5643367347331113 0.19124407665223309 0.1472769271413957 0.5008069663830137 0.049586281356018856 -0.014358873290074911 0.28287398204031633 0.128070160541897 0.02271306285100604 -0.01435887215440375 0.039606113792275265
11 0.552000978094537 0.13549695614666568 0.03663311013613632 0.5537959667135407 0.19904015613413187 0.13549695594288882 0.46757642337736177 0.3145911701207947 0.25963831112097224 0.13549695598488978 0.08401008462038749 0.43461478176072993 0.032659324243295255 0.2695883572096862 0.07823714211774406 0.07402166687455299 0.565746185768957 0.5475671160924701 0.07823714106893995 0.004007124792598053
28 0.4306095758315583 0.1804984891506074 0.039746651873653525 0.5118517701151709 0.22397877655909182 0.18049848910305155 0.5530113149980457 0.30199344344862294 0.3727902063229948 0.18049848935663987 0.16121489086062726 0.43875378188695385 0.04618267031612782 0.35369432553453206 0.14516704339585984 0.1022371346381764 0.4628664384813419 0.5036135783268678 0.1451670425599389 0.030077866592039832
116 -0.005674508112676207 0.17784388820796446 0.8721399457243844 -0.024420067155784115 -0.004122851728021224 0.17784388840974666 0.039746651873650535 0.3146193170029682 0.05860741290896387 0.17784388849704405 0.14842461832425005 0.2481532078373541 0.8215160650992851 0.056937354926831385 0.13517415205797145 0.15952200590528068 0.08422980807257059 0.004573652392606067 0.1351741519786356 0.45715834266625865
66 0.07621151406129205 0.30294188462119304 0.07631936062240671 0.07120105523602287 0.10606167703527887 0.3029418854119559 0.15836004158146724 0.1461791770661242 0.2978265504640715 0.30294188578294606 0.3785802941679664 -0.010547842818525631 0.13143263417073178 0.25355725175665256 0.6989052619433643 0.5220390275154756 0.10378676699111798 0.06521626337049871 0.6989052632143758 0.23070685600958915
108 0.028601993872773856 0.17233279609195018 0.07106738668845451 -0.043316557517471516 -0.021928425048352202 0.17233279669744098 -0.029526242293759695 0.11156619555529934 0.11564468288054754 0.17233279688204228 0.11411313281974762 -0.1133821018511293 0.12708669478676707 -0.09084809280691584 0.44195501454278335 1.0234979263482546 0.050734607805164936 -0.03337759176081238 0.44195501626306544 0.2285741152746717
218 0.07916717830943208 0.30276659606303 0.08605256082233267 0.06392099526026118 0.1370376342912116 0.302766596465849 0.10200313175149388 0.14224853063787654 0.26497659028615067 0.30276659687022345 0.2747516932382264 -0.039975932274155815 0.09420274866699369 0.28054133246294927 0.6971642321763848 0.6081897574673636 0.11849474637307161 0.07309695057161661 0.6971642329877904 0.17101510083471855
89 0.0019831166623252216 0.2365579259574753 0.4034839850969539 -0.026750921636013 -0.04579432746736631 0.2365579260180217 0.03795310530387724 0.18243154678372245 0.044719370169986825 0.23655792625938993 0.4636510416686543 0.06524285355322501 0.4895306739479604 0.004758187690338994 0.39235950631308514 0.4491598842478054 0.036458149088969716 0.0005444856920988018 0.3923595059548196 0.8106201735676474
205 0.12604644973018767 0.6153925843346056 0.17784388837915713 0.12805951824121836 0.2491014973223274 0.6153925840257327 0.1804984892486698 0.2448976164091385 0.25093300589316986 0.6153925845228617 0.21121072407841263 0.21615305264972254 0.18827821960452787 0.26312573814570506 0.24054417841891523 0.42361583650544943 0.15067729286752826 0.14549483859715365 0.24054417833447195 0.2175437877482351
3 0.4945102305833368 0.18177629879306903 0.06396192826362754 0.3745385369867731 0.17544012375467402 0.18177629846746596 0.5374564567725854 0.4730387524666119 0.2395183365904533 0.1817762986072372 0.14386448805773683 0.3195518597709278 0.06642727134418021 0.2566533579680374 0.16625537502708504 0.16758149006141526 0.5141095841427176 0.5937783883193816 0.16625537411203575 0.09954628818589312
52 0.6089175655075785 0.15824940520236183 0.022487205934915634 0.41207860667196594 0.21106221594800462 0.15824940504501603 0.4790131310144965 0.37527104566304753 0.3257291829014799 0.15824940531814735 0.1207621084958049 0.32247379350222305 0.02153771944936707 0.3138354854601966 0.12395802017509454 0.09616057762338624 0.5163384616575083 0.5798473479293959 0.12395801919902752 0.044512219725692824
75 -0.007429737566860613 0.16830260676426953 0.9152351406136385 -0.027389607878790804 -0.0008167279733679975 0.1683026067868558 0.03382402407111624 0.3060539023216329 0.05815014014714791 0.16830260701562982 0.1434193002775192 0.25421948780203923 0.7736097542276956 0.06542593211039754 0.1395071620484144 0.15843589455392584 0.0905934373019474 0.008171425362704609 0.13950716187714393 0.4670235195533187
114 0.1368161530441614 0.6075971518638295 0.22115691946188462 0.16376922435208818 0.17967585074508158 0.6075971522322406 0.24225067194238875 0.44881776748514635 0.24939639593426216 0.6075971525509768 0.13838095853723387 0.18445426422052436 0.4897156616829406 0.03779684579239798 0.007139970619995477 0.23420304612060683 0.12127547675472529 0.04678842205255437 0.007139971817895868 0.10297181575534718
53 0.10284780800755573 0.20699737353453734 0.22164177013510508 0.2844447071684959 0.12011711116573255 0.20699737349693503 0.5987797937176723 0.42484153999842283 0.07887142174895358 0.20699737361801052 0.3068644776806596 0.4647002047050053 0.21002523663232595 0.2165878408322682 0.26208009137843896 0.36062691739319835 0.39286910580849393 0.4829427612126601 0.2620800903379659 0.2542941297040863
216 0.028601993872773856 0.17233279609195018 0.07106738668845451 -0.043316557517471516 -0.021928425048352202 0.17233279669744098 -0.029526242293759695 0.11156619555529934 0.11564468288054754 0.17233279688204228 0.11411313281974762 -0.1133821018511293 0.12708669478676707 -0.09084809280691584 0.44195501454278335 1.0234979263482546 0.050734607805164936 -0.03337759176081238 0.44195501626306544 0.2285741152746717
60 0.29217208194286864 0.2631257380591306 0.05693735492683683 0.29263662100475996 0.4846937417596892 0.2631257380604193 0.35369432553452385 0.26163530372855603 0.6015142312717935 0.263125738270653 0.2124523648770995 0.269688297130824 0.04667381430634207 0.634737101087074 0.26257817486000995 0.12335459845218226 0.2609759612231273 0.28792159714334675 0.26257817425604746 0.026385373857375542
174 0.27439288640141823 0.22375403780471495 -0.00801695551925112 0.32372548394890815 0.9063345626870639 0.22375403766079877 0.30757683126330704 0.12980055498254203 0.5783518706233559 0.22375403786720335 0.07449128796138005 0.23287466145801713 0.0009797912506884065 0.5350915544121471 0.05521312613337854 0.0060298931544588074 0.13764782363830547 0.16300290390688432 0.05521312556484431 -0.03356437313407867
22 0.4999085042812201 0.20257450651090633 0.1675030609053007 0.30036387347253085 0.14037450717629263 0.2025745063831683 0.4141664824015696 0.5666947415677264 0.27852454013492844 0.20257450646558375 0.11944878176722247 0.5160288953402005 0.16373771364091852 0.2542164020413393 0.10704748956947391 0.08487942580507074 0.5545170379114515 0.44376155126543443 0.10704748900725826 0.09702199643219213
169 -0.005674508112676207 0.17784388820796446 0.8721399457243844 -0.024420067155784115 -0.004122851728021224 0.17784388840974666 0.039746651873650535 0.3146193170029682 0.05860741290896387 0.17784388849704405 0.14842461832425005 0.2481532078373541 0.8215160650992851 0.056937354926831385 0.13517415205797145 0.15952200590528068 0.08422980807257059 0.004573652392606067 0.1351741519786356 0.45715834266625865
186 0.06623672465966085 0.2761335544607161 0.10105124923849164 0.07898109238298673 0.08606903325662352 0.27613355485297847 0.164822526484683 0.13578909002437836 0.2915707045849038 0.276133555050523 0.5038422158390441 0.06287553289155491 0.1387947544294263 0.25540115055331414 0.6913803779064793 0.43471634290492445 0.0939061850951948 0.07916040293202664 0.69138037846476 0.322965304448657
154 0.055675302540931455 0.24200230818614113 0.12406051634026997 0.08394390058942094 0.07025533777593145 0.24200230842763118 0.17576967415077516 0.11689308005735438 0.27677084451159795 0.24200230845783208 0.6623590191904427 0.14049408029755608 0.15581356548783534 0.22634358868804755 0.6480322124139474 0.3288993734945559 0.0949068442708769 0.09137232986992923 0.6480322120977176 0.4136277831575308
71 -0.007429737566860613 0.16830260676426953 0.9152351406136385 -0.027389607878790804 -0.0008167279733679975 0.1683026067868558 0.03382402407111624 0.3060539023216329 0.05815014014714791 0.16830260701562982 0.1434193002775192 0.25421948780203923 0.7736097542276956 0.06542593211039754 0.1395071620484144 0.15843589455392584 0.0905934373019474 0.008171425362704609 0.13950716187714393 0.4670235195533187
51 0.43464311423995944 0.18329475287427083 0.04390121790671149 0.6314562521137643 0.2409100347962929 0.1832947524187771 0.5411789402985828 0.27771642000502333 0.2522512471854043 0.18329475265274334 0.07297401847758853 0.4410383112297809 0.03220354135925214 0.32090657223794844 0.08350552817163978 0.07640941115090413 0.49005183653942486 0.5021088512364226 0.08350552702402683 -0.004836308330771027
39 0.4954425899329577 0.14646759270067194 -0.009237934751175661 0.6595466904561953 0.247534679426998 0.14646759228499545 0.5162737526894479 0.19823269549844785 0.2589624897267288 0.14646759254260636 0.08390632839631305 0.3599657173695119 -0.01674093544489017 0.2999852702328159 0.09127052320196288 0.07882864596837952 0.4774390759560226 0.5852728894705932 0.0912705223304546 -0.015440145381455342
117 -0.005674508112676207 0.17784388820796446 0.8721399457243844 -0.024420067155784115 -0.004122851728021224 0.17784388840974666 0.039746651873650535 0.3146193170029682 0.05860741290896387 0.17784388849704405 0.14842461832425005 0.2481532078373541 0.8215160650992851 0.056937354926831385 0.13517415205797145 0.15952200590528068 0.08422980807257059 0.004573652392606067 0.1351741519786356 0.45715834266625865
20 0.6935982020036903 0.1315399547535042 0.024225625493996678 0.4316690286266658 0.20996649427672395 0.1315399546636819 0.406493418459081 0.3693061771846999 0.30645683706495974 0.13153995479611283 0.07746810228948452 0.3548689946366633 0.021069943543622606 0.2885760272228337 0.06721454337811383 0.0551511903856543 0.5646105130890544 0.541572104925194 0.06721454273007409 0.013447808309294967
36 0.6016068098335517 0.1591727616901251 0.0627968911172171 0.4521217958012978 0.20497192697352576 0.15917276146219414 0.4789967568701335 0.45265727791738064 0.26651062676276527 0.15917276175558004 0.07017079775275414 0.37624357913173767 0.06863844755294674 0.27726178141540836 0.0829331208321709 0.07575218844913217 0.5611993200843771 0.4916814882031566 0.08293312009211284 0.037904117881040526
96 -0.007429737566860613 0.16830260676426953 0.9152351406136385 -0.027389607878790804 -0.0008167279733679975 0.1683026067868558 0.03382402407111624 0.3060539023216329 0.05815014014714791 0.16830260701562982 0.1434193002775192 0.25421948780203923 0.7736097542276956 0.06542593211039754 0.1395071620484144 0.15843589455392584 0.0905934373019474 0.008171425362704609 0.13950716187714393 0.4670235195533187
115 0.2478964164644164 0.23356242909516783 -0.006943393856666329 0.29072641180788183 0.9539544325113819 0.23356242902033128 0.2545174616899106 0.11997455984784045 0.5204182515620218 0.2335624292173298 0.08614576415252101 0.19295752194388202 -0.0015226335441709275 0.547001721634126 0.08671975923778678 0.03780102950568708 0.1662495413920275 0.20063976530822938 0.0867197585317973 -0.0354339766959299
148 0.1368161530441614 0.6075971518638295 0.22115691946188462 0.16376922435208818 0.17967585074508158 0.6075971522322406 0.24225067194238875 0.44881776748514635 0.24939639593426216 0.6075971525509768 0.13838095853723387 0.18445426422052436 0.4897156616829406 0.03779684579239798 0.007139970619995477 0.23420304612060683 0.12127547675472529 0.04678842205255437 0.007139971817895868 0.10297181575534718
14 0.5019360375323908 0.24049932957720746 0.06618634722393898 0.26758045794661317 0.37303412360616944 0.2404993294842237 0.4433552788509035 0.5367664433854844 0.44773390923491563 0.2404993297899365 0.10057278030371877 0.08894678162321473 0.06292017811736364 0.5064610757483806 0.18095122981264214 0.1620955966112752 0.3801363421656196 0.3865754469352509 0.18095122907826897 0.044280108931327986
101 0.08765098285779345 0.3101361848076298 0.07440971696368247 0.04785350912895058 0.18442125476183308 0.31013618569565976 0.05778785205382002 0.13064880134667506 0.22693856866029424 0.31013618590704556 0.1575270840224654 -0.10670206386895008 0.07481745497848917 0.2519986409352427 0.6445815819162471 0.7116521729366108 0.15674380832902132 0.06493799727010954 0.6445815833571474 0.05522907371266659
59 0.5937869748858903 0.15496001468930162 0.021677266316829882 0.47021061432651745 0.21701670744995874 0.15496001452497887 0.5088763696192079 0.37156078092294265 0.25338797358049225 0.15496001467386297 0.09648107874744279 0.2857760184629137 0.017134157954210368 0.281322460964382 0.11839218267460333 0.11427429410164315 0.5201460281725903 0.5993007704396972 0.11839218198784274 0.04157327767370584
109 0.29217208194286864 0.2631257380591306 0.05693735492683683 0.29263662100475996 0.4846937417596892 0.2631257380604193 0.35369432553452385 0.26163530372855603 0.6015142312717935 0.263125738270653 0.2124523648770995 0.269688297130824 0.04667381430634207 0.634737101087074 0.26257817486000995 0.12335459845218226 0.2609759612231273 0.28792159714334675 0.26257817425604746 0.026385373857375542
85 0.12604644973018767 0.6153925843346056 0.17784388837915713 0.12805951824121836 0.2491014973223274 0.6153925840257327 0.1804984892486698 0.2448976164091385 0.25093300589316986 0.6153925845228617 0.21121072407841263 0.21615305264972254 0.18827821960452787 0.26312573814570506 0.24054417841891523 0.42361583650544943 0.15067729286752826 0.14549483859715365 0.24054417833447195 0.2175437877482351
76 -0.007429737566860613 0.16830260676426953 0.9152351406136385 -0.027389607878790804 -0.0008167279733679975 0.1683026067868558 0.03382402407111624 0.3060539023216329 0.05815014014714791 0.16830260701562982 0.1434193002775192 0.25421948780203923 0.7736097542276956 0.06542593211039754 0.1395071620484144 0.15843589455392584 0.0905934373019474 0.008171425362704609 0.13950716187714393 0.4670235195533187
50 0.604786670413733 0.13407327189444157 0.004334764509907378 0.5338900998230033 0.1973038518179858 0.1340732716887038 0.4467283343174845 0.2594503962900807 0.307480078133897 0.13407327198329178 0.09160731885305361 0.4324352700497763 0.005936378409963101 0.26619446655389817 0.0695037674938221 0.0499337611390005 0.5521489481712517 0.5561607938057778 0.06950376671348532 -0.015954304680264025
209 -0.04303435577240684 0.33074515960866624 0.04927581980881624 -0.05018652731061128 -0.07450591357266348 0.33074516019858224 0.10921481855284473 0.22415369792514556 0.12776353099755403 0.33074516061243847 0.2845213247531019 -0.054506145249092225 0.6011577078638093 -0.12709710269511365 0.2721851998633208 0.7127402854721601 0.09337004499538941 -0.011366327588916918 0.2721852019265522 0.5902070240887108
27 0.35581626233124086 0.17515172716166366 0.05140308523087527 0.6089185535158416 0.19451508747410554 0.1751517269201687 0.5637491487450538 0.25168618155037603 0.21562579157361164 0.1751517270183603 0.16002107515211006 0.4803468125406136 0.039477003252070784 0.23893701652915728 0.13639199850893002 0.13670912460504986 0.49257115447546157 0.5708108805419093 0.13639199753450465 0.021902869817037533
73 -0.007429737566860613 0.16830260676426953 0.9152351406136385 -0.027389607878790804 -0.0008167279733679975 0.1683026067868558 0.03382402407111624 0.3060539023216329 0.05815014014714791 0.16830260701562982 0.1434193002775192 0.25421948780203923 0.7736097542276956 0.06542593211039754 0.1395071620484144 0.15843589455392584 0.0905934373019474 0.008171425362704609 0.13950716187714393 0.4670235195533187
134 -0.025460972422211257 0.31032743026052106 0.16358830259852747 -0.043366137214287705 -0.07015666995875819 0.31032743060582996 0.09461072619165221 0.21277666422195352 0.09481110058626072 0.3103274312137609 0.30607275727297484 -0.0005396462462105093 0.5502681820824854 -0.08204430680907858 0.31923050805238856 0.6897951385015559 0.05721975836992817 -0.009609193478417353 0.31923050922895696 0.6835767182799782
62 -0.025460972422211257 0.31032743026052106 0.16358830259852747 -0.043366137214287705 -0.07015666995875819 0.31032743060582996 0.09461072619165221 0.21277666422195352 0.09481110058626072 0.3103274312137609 0.30607275727297484 -0.0005396462462105093 0.5502681820824854 -0.08204430680907858 0.31923050805238856 0.6897951385015559 0.05721975836992817 -0.009609193478417353 0.31923050922895696 0.6835767182799782
152 0.028601993872773856 0.17233279609195018 0.07106738668845451 -0.043316557517471516 -0.021928425048352202 0.17233279669744098 -0.029526242293759695 0.11156619555529934 0.11564468288054754 0.17233279688204228 0.11411313281974762 -0.1133821018511293 0.12708669478676707 -0.09084809280691584 0.44195501454278335 1.0234979263482546 0.050734607805164936 -0.03337759176081238 0.44195501626306544 0.2285741152746717
175 -0.007429737566860613 0.16830260676426953 0.9152351406136385 -0.027389607878790804 -0.0008167279733679975 0.1683026067868558 0.03382402407111624 0.3060539023216329 0.05815014014714791 0.16830260701562982 0.1434193002775192 0.25421948780203923 0.7736097542276956 0.06542593211039754 0.1395071620484144 0.15843589455392584 0.0905934373019474 0.008171425362704609 0.13950716187714393 0.4670235195533187
81 0.29052649965453764 0.2509330057739339 0.05860741290895959 0.30305928811019006 0.4295378373391081 0.2509330057501433 0.372790206322973 0.25358951834285676 0.6385481085067326 0.25093300606816116 0.2507269682081956 0.33041596004450047 0.05955943367211156 0.6015142312717765 0.26658807074547747 0.10554639865657117 0.2606636297110708 0.2761756280865766 0.2665880702474429 0.031360599129017626
161 0.1175766315994429 0.5936204134552315 0.19846404926741035 0.1341073194614032 0.25045554417652405 0.5936204132134117 0.19828623564370287 0.28910653716648965 0.2692169302764945 0.59362041357938 0.2526275093732651 0.18664837924115135 0.20654689164153286 0.27836506250041915 0.2167272753288197 0.4675871084265277 0.15440215137579946 0.11962023034457253 0.2167272750190227 0.17286176007837697
125 -0.005674508112676207 0.17784388820796446 0.8721399457243844 -0.024420067155784115 -0.004122851728021224 0.17784388840974666 0.039746651873650535 0.3146193170029682 0.05860741290896387 0.17784388849704405 0.14842461832425005 0.2481532078373541 0.8215160650992851 0.056937354926831385 0.13517415205797145 0.15952200590528068 0.08422980807257059 0.004573652392606067 0.1351741519786356 0.45715834266625865
83 -0.025460972422211257 0.31032743026052106 0.16358830259852747 -0.043366137214287705 -0.07015666995875819 0.31032743060582996 0.09461072619165221 0.21277666422195352 0.09481110058626072 0.3103274312137609 0.30607275727297484 -0.0005396462462105093 0.5502681820824854 -0.08204430680907858 0.31923050805238856 0.6897951385015559 0.05721975836992817 -0.009609193478417353 0.31923050922895696 0.6835767182799782
107 0.028601993872773856 0.17233279609195018 0.07106738668845451 -0.043316557517471516 -0.021928425048352202 0.17233279669744098 -0.029526242293759695 0.11156619555529934 0.11564468288054754 0.17233279688204228 0.11411313281974762 -0.1133821018511293 0.12708669478676707 -0.09084809280691584 0.44195501454278335 1.0234979263482546 0.050734607805164936 -0.03337759176081238 0.44195501626306544 0.2285741152746717
9 0.3992652474245516 0.1702196532286903 0.04736094065880525 0.6749261382440096 0.2217731943618396 0.17021965316533513 0.546766987702319 0.2494557662901148 0.21665818293899236 0.17021965332093433 0.08018951146892128 0.47516274452865 0.04041257254363192 0.24976402705022552 0.08808212339339624 0.08222709545511359 0.5071881157133198 0.5099459296209071 0.08808212243108704 -0.011338414153522653
195 0.2412614897516786 0.22021142522735832 -0.008016259474891473 0.31974201698003474 0.8635665773677905 0.2202114251540226 0.2724728929853765 0.12000629769670434 0.5947325280676132 0.22021142539858143 0.10992922789296476 0.25630226263867895 0.0033791001664417765 0.584340402612547 0.09479115096623414 0.033663763374555074 0.16318865461989193 0.19313356331599102 0.09479115037840576 -0.036533008965878966
206 0.12604644973018767 0.6153925843346056 0.17784388837915713 0.12805951824121836 0.2491014973223274 0.6153925840257327 0.1804984892486698 0.2448976164091385 0.25093300589316986 0.6153925845228617 0.21121072407841263 0.21615305264972254 0.18827821960452787 0.26312573814570506 0.24054417841891523 0.42361583650544943 0.15067729286752826 0.14549483859715365 0.24054417833447195 0.2175437877482351
220 0.028601993872773856 0.17233279609195018 0.07106738668845451 -0.043316557517471516 -0.021928425048352202 0.17233279669744098 -0.029526242293759695 0.11156619555529934 0.11564468288054754 0.17233279688204228 0.11411313281974762 -0.1133821018511293 0.12708669478676707 -0.09084809280691584 0.44195501454278335 1.0234979263482546 0.050734607805164936 -0.03337759176081238 0.44195501626306544 0.2285741152746717
70 0.25793358004952643 0.24286345914322602 -0.003451808426008363 0.2548971468448911 1.0629801224621929 0.2428634592271717 0.2240892211843378 0.11827905635294961 0.41920365967260526 0.24286345937589282 0.052798342527266916 0.16477319053078615 -0.008896228783936876 0.4594540135467101 0.04523519973296192 0.01850329807192915 0.163685627205142 0.21451924704350978 0.045235199277781274 -0.03449437162927503
58 0.6349513696210428 0.1635211532475224 0.016552589727041694 0.3650548194511458 0.31459350569502553 0.16352115317896787 0.4678393243020186 0.41703594506993313 0.42289217678568247 0.16352115329425318 0.09214533876593319 0.19279741524428948 0.02335942761694188 0.43038893597873 0.12257100177371447 0.09092612260501035 0.45367684716663237 0.4834854967868745 0.1225710010122424 0.036445979148652594
210 0.07566806968324771 0.45544078662476406 0.1011919109666143 0.050639153532547554 0.0359552123914203 0.4554407870178529 0.08305855984019406 0.18257639229929404 0.20339958821047666 0.4554407874366459 0.2668384851309948 0.040497818343321806 0.22482385047871184 0.09032152059550015 0.43402249163715323 0.7488893708051724 0.09876799056404897 0.04727144531921038 0.4340224923890901 0.4169874444644768
202 0.32400325789099355 0.2976868002873734 0.04101045794574944 0.27781164372758826 0.5761518457388964 0.297686800125347 0.3825823106759521 0.2786652295332051 0.5494377585538135 0.297686800408753 0.1460732600657098 0.13412564720340955 0.037728544704612926 0.6152942271169656 0.24653080794240173 0.13855595245588528 0.24936346945203666 0.26090784752819085 0.24653080737515817 0.004668622499600524
61 -0.025460972422211257 0.31032743026052106 0.16358830259852747 -0.043366137214287705 -0.07015666995875819 0.31032743060582996 0.09461072619165221 0.21277666422195352 0.09481110058626072 0.3103274312137609 0.30607275727297484 -0.0005396462462105093 0.5502681820824854 -0.08204430680907858 0.31923050805238856 0.6897951385015559 0.05721975836992817 -0.009609193478417353 0.31923050922895696 0.6835767182799782
168 0.003490108674386372 0.21754378780506745 0.4571583426662662 -0.027389018650456454 -0.038565373171800255 0.21754378780608605 0.030077866592037372 0.1777363210164824 0.03136059912902134 0.21754378790447035 0.46766162845104375 0.0798751267971467 0.44443964891245635 0.026385373857371358 0.40287630530153 0.43219414295048475 0.03323305635053314 0.006475427487090624 0.40287630471842345 0.8230646123031926
149 0.06968580470308407 0.28284618814842083 0.10393431388316082 0.07480256434050564 0.10509072519954163 0.2828461883422774 0.12832324866956704 0.1396298015046691 0.2773238097267876 0.2828461887714309 0.4077267049856636 0.031861768792452415 0.110679593183365 0.2849605677349924 0.7067532877678973 0.5065243259398473 0.09847621015170563 0.0836859025868359 0.7067532885000395 0.2744695673549351
