81 0.22180336944929355 0.24657922980104413 0.67589205690209 0.2622007619838729 0.05836647100664116 -0.005651502281139285 0.05756378916605521 0.25256716605665747 0.2545294005745427 0.4061271397432268 0.6229170725580279 0.2525671660433158 0.28793407299613805 0.47380787876131186 0.05836647122679093 0.22180336880767407 0.29023055766625366 0.07896092319095502 0.30844750859979775 0.25256716626967674
82 0.2914921404265075 -0.0538322135747059 -0.07160974829490438 0.3671421733426519 0.19084153287285316 0.8049265743052471 0.4567030737725934 0.2704139479910346 0.4977666794549008 0.058544179949725425 -0.0825785443822131 0.2704139480226401 0.36090423053088955 0.020862095529946285 0.190841533233632 0.29149213544896513 -0.03690759485830958 0.269780987308054 0.11738240877590202 0.2704139473686611
102 0.5243426518415476 0.069608410326585 0.2482480967783444 0.18338791131303275 0.07105057821039762 0.1979778017044214 0.09118894253856398 0.40121217738792764 0.799802938956444 0.09065342409439293 0.11550546209852125 0.4012121774726714 0.33916724571906 0.11995043853846366 0.07105057831957977 0.5243426511254918 0.08956673423314515 0.08013638246171202 0.06629096748657884 0.4012121771884611
17 0.11771531715046189 0.6448241225621905 0.34671869479948664 0.17670536344788093 0.061121725678729005 0.08223248037634992 0.0552846944153714 0.10477355455503239 0.1417331884552592 0.5287909807543515 0.14442480604166788 0.10477355445939905 0.16311569838196374 0.6540550454743284 0.06112172603720869 0.11771531659650684 0.6283821841156714 0.03539083996774932 0.4234429700877529 0.10477355460815559
77 0.5440108727734242 0.08216616643924365 0.24650208638911283 0.12456012026350363 0.11381804467638763 0.31293690487059556 0.10728036082758312 0.5010292808972949 0.5243426515667838 0.100224042577831 0.13426393879657933 0.5010292809146437 0.2872628929846772 0.10855741269400512 0.11381804479629185 0.5440108730694195 0.09819109536003405 0.11090540601124531 0.1318438456442174 0.5010292810828735
54 0.07967172222428973 0.6719859938036009 0.3054119214111171 0.13489289102595242 0.005001020722107227 -0.019698272639641655 0.005292548851859101 0.07339181727316905 0.06490915931261208 0.6521953135418943 0.3108271180007049 0.07339181705936958 0.15114330763531833 0.5717258982517751 0.005001020865701412 0.07967172245424979 0.6202321274032115 0.007793400703030574 0.3812871508490406 0.07339181745085781
56 0.08942671428002934 0.6506499122669746 0.39159692851393263 0.15042977610365402 0.018445719189957254 -0.006494002409241449 0.016230990241022075 0.09729845613007441 0.09487228090274565 0.6011563975554928 0.332002352216017 0.0972984558622934 0.15445038494046995 0.796480198288374 0.01844571926321467 0.08942671465734707 0.39942334312341954 0.02516386477593096 0.23592704610559326 0.0972984563083548
197 0.2945357802655517 -0.014728884353472431 -0.015399952851356688 0.1978740304581561 0.3374720443333222 0.8298356512571113 0.4100010602058397 0.37365753072396585 0.24466718796602518 0.01740071754756894 -0.05230582140612418 0.37365753065818846 0.27160566991985846 0.012525397680453935 0.33747204506967937 0.29453577905545403 -0.0036717374559505768 0.374522392156585 0.07134437257067543 0.3736575305430364
219 0.5440108727734242 0.08216616643924365 0.24650208638911283 0.12456012026350363 0.11381804467638763 0.31293690487059556 0.10728036082758312 0.5010292808972949 0.5243426515667838 0.100224042577831 0.13426393879657933 0.5010292809146437 0.2872628929846772 0.10855741269400512 0.11381804479629185 0.5440108730694195 0.09819109536003405 0.11090540601124531 0.1318438456442174 0.5010292810828735
218 0.5440108727734242 0.08216616643924365 0.24650208638911283 0.12456012026350363 0.11381804467638763 0.31293690487059556 0.10728036082758312 0.5010292808972949 0.5243426515667838 0.100224042577831 0.13426393879657933 0.5010292809146437 0.2872628929846772 0.10855741269400512 0.11381804479629185 0.5440108730694195 0.09819109536003405 0.11090540601124531 0.1318438456442174 0.5010292810828735
98 0.11381804493120626 0.006135540034083573 0.06483947537423279 0.2258081325021102 0.6642412502734033 0.3737586677593323 0.6027148852833983 0.12646476876462967 0.0710505783656047 0.015590063774419079 0.01778035424633808 0.12646476883119143 0.1663762502625792 0.035425964245340405 0.6642412507731819 0.11381804456772403 0.013467138604570694 0.6355697118014829 0.21636189824725355 0.12646476871609463
212 0.440754975862229 0.23908932117085005 0.3175124320889599 0.26478055889454605 0.0860820650576745 0.2523847270684765 0.05391725194103105 0.23663326789512928 0.634025791110654 0.03262054975423092 0.22761946089078405 0.23663326775838187 0.7705631849168866 0.09096078953523207 0.08608206525916792 0.44075497489619947 0.1508438743030377 0.011558376920022945 0.09488018915345926 0.23663326771329596
16 0.10552743988895305 0.6433867853156789 0.35649451107928404 0.14507933397588083 0.009781846548143883 0.03376141019180945 0.009975465629357305 0.10963844507188279 0.13135076532975337 0.6061524690910337 0.24956957823845033 0.10963844497680249 0.14719340091475755 0.6181690323746615 0.009781846717143319 0.10552744065089345 0.6366780493698775 0.01970619729872887 0.3464162222858753 0.10963844535274142
28 0.10022404269556166 0.6290655275066521 0.3545017990484123 0.14406893464568135 0.015590063680433338 0.0049487583645980585 0.01785169565798167 0.10290571799192667 0.09065342409443133 0.6420611347512746 0.3134774618142027 0.10290571784398075 0.1481106890560377 0.585654266518037 0.015590063781867471 0.10022404245811357 0.5969858509719321 0.016950866330516484 0.4059872289399739 0.10290571813082268
174 0.0931354796809901 0.3201298750566083 0.6755919818967335 0.22073414972288796 0.010473932509594799 -0.010896496799520074 -0.016693997457907766 0.06851968020766458 0.1307861899772649 0.1588497907517635 0.9936701620134095 0.06851968003666614 0.2800302541333581 0.3140835582715073 0.01047393251472376 0.09313548392081555 0.32278490367467016 0.02375092551591572 0.18008786744553587 0.0685196808664618
106 0.4821325246296568 0.07267437741520386 0.2249319602254304 0.13324444993701376 0.10889096323394615 0.3548183845341381 0.13396697096891202 0.5507047908028736 0.4625759183331626 0.11351936543306422 0.1387519512021239 0.5507047910425641 0.26253589566610486 0.11348863573422689 0.10889096352338434 0.48213252351504166 0.10674298822116352 0.1325401150892268 0.16182336158303962 0.5507047907567877
138 0.12456012021924297 0.12664255679293349 0.2357230556600223 1.0031529105391623 0.22580813243497205 0.16214304219462045 0.3029978821845334 0.11000731178087464 0.18338791131302828 0.14406893464565376 0.1792305556056732 0.11000731162052876 0.5799051296972036 0.16808550743674344 0.2258081327283247 0.12456012022109317 0.15838021080045125 0.26210656179338043 0.2997184454944391 0.11000731172179923
121 0.11381804493120626 0.006135540034083573 0.06483947537423279 0.2258081325021102 0.6642412502734033 0.3737586677593323 0.6027148852833983 0.12646476876462967 0.0710505783656047 0.015590063774419079 0.01778035424633808 0.12646476883119143 0.1663762502625792 0.035425964245340405 0.6642412507731819 0.11381804456772403 0.013467138604570694 0.6355697118014829 0.21636189824725355 0.12646476871609463
179 0.11381804493120626 0.006135540034083573 0.06483947537423279 0.2258081325021102 0.6642412502734033 0.3737586677593323 0.6027148852833983 0.12646476876462967 0.0710505783656047 0.015590063774419079 0.01778035424633808 0.12646476883119143 0.1663762502625792 0.035425964245340405 0.6642412507731819 0.11381804456772403 0.013467138604570694 0.6355697118014829 0.21636189824725355 0.12646476871609463
83 0.2914921404265075 -0.0538322135747059 -0.07160974829490438 0.3671421733426519 0.19084153287285316 0.8049265743052471 0.4567030737725934 0.2704139479910346 0.4977666794549008 0.058544179949725425 -0.0825785443822131 0.2704139480226401 0.36090423053088955 0.020862095529946285 0.190841533233632 0.29149213544896513 -0.03690759485830958 0.269780987308054 0.11738240877590202 0.2704139473686611
146 0.2872628932570825 0.1611109992351328 0.3309469804994962 0.579905129697219 0.16637625016060634 0.25442687828871585 0.15770279006428464 0.25156127610695816 0.339167245719072 0.14811068905601224 0.24932584967447002 0.2515612761112192 0.8180018883924587 0.148277170926516 0.16637625022578897 0.2872628927644339 0.18771723041530028 0.1625697708895563 0.2765111619587806 0.25156127605931794
135 0.2914921404265075 -0.0538322135747059 -0.07160974829490438 0.3671421733426519 0.19084153287285316 0.8049265743052471 0.4567030737725934 0.2704139479910346 0.4977666794549008 0.058544179949725425 -0.0825785443822131 0.2704139480226401 0.36090423053088955 0.020862095529946285 0.190841533233632 0.29149213544896513 -0.03690759485830958 0.269780987308054 0.11738240877590202 0.2704139473686611
207 0.12456012021924297 0.12664255679293349 0.2357230556600223 1.0031529105391623 0.22580813243497205 0.16214304219462045 0.3029978821845334 0.11000731178087464 0.18338791131302828 0.14406893464565376 0.1792305556056732 0.11000731162052876 0.5799051296972036 0.16808550743674344 0.2258081327283247 0.12456012022109317 0.15838021080045125 0.26210656179338043 0.2997184454944391 0.11000731172179923
151 0.5081078720015378 0.00478051057576442 -0.18835846530849729 0.1294642671976506 0.12582860616436384 0.46727731389391636 0.07764174701563765 0.15214240848301813 0.905020123171864 0.04028062733951416 -0.03676806376361369 0.15214240879366367 0.23987363714187884 0.014680946934886236 0.1258286064539256 0.5081078663486001 -0.09114418108338103 -0.016769974126396123 -0.010271125736350821 0.15214240799559198
193 0.2872628932570825 0.1611109992351328 0.3309469804994962 0.579905129697219 0.16637625016060634 0.25442687828871585 0.15770279006428464 0.25156127610695816 0.339167245719072 0.14811068905601224 0.24932584967447002 0.2515612761112192 0.8180018883924587 0.148277170926516 0.16637625022578897 0.2872628927644339 0.18771723041530028 0.1625697708895563 0.2765111619587806 0.25156127605931794
115 0.10419942616058574 0.2775014901430299 0.6540667840378228 0.20280650968075528 0.013937339659005624 -0.0328944576137009 -0.0016649924393506302 0.09173234894158917 0.10921637013033851 0.24285600547455352 0.9962871632099024 0.09173234890789621 0.26389521600144267 0.3287486080487024 0.013937339685472585 0.10419942809685155 0.3083270098689111 0.020429866790403508 0.25200690220810834 0.09173234947256852
32 0.1063887786852802 0.591288102023808 0.442985709749819 0.14545546473191445 0.015648982122260704 -0.006144897358651667 0.02092955289521981 0.10276391765113782 0.09404117007067804 0.6294489808557222 0.39472078125423454 0.10276391745219907 0.15239100822445037 0.7114126342342361 0.01564898218266783 0.10638877854571112 0.4477258450282196 0.022332164176743677 0.29329792699558255 0.10276391771365999
43 0.12551659106317023 0.48638085140858595 0.31982578064853373 0.2693868530929738 0.19584266166293252 0.09434245719842183 0.20687715903260248 0.1245152732635212 0.08331197339065513 0.44584234162840497 0.16485850608033314 0.12451527331816445 0.2332874281105467 0.583125559202071 0.1958426619453893 0.12551658978460697 0.46431834025423724 0.1732558259365424 0.700459396110688 0.12451527347357719
116 0.11381804493120626 0.006135540034083573 0.06483947537423279 0.2258081325021102 0.6642412502734033 0.3737586677593323 0.6027148852833983 0.12646476876462967 0.0710505783656047 0.015590063774419079 0.01778035424633808 0.12646476883119143 0.1663762502625792 0.035425964245340405 0.6642412507731819 0.11381804456772403 0.013467138604570694 0.6355697118014829 0.21636189824725355 0.12646476871609463
139 0.50102928141132 0.08854751226506441 0.22737997567893742 0.11000731172897608 0.12646476872032508 0.37542545238010083 0.12568373771889796 0.5523581779561937 0.40121217744850446 0.10290571798057435 0.14294353063909176 0.5523581774905324 0.25156127609491863 0.10689702739727786 0.12646476906957105 0.5010292802471668 0.10553667903744576 0.1263285083222438 0.16872698392081154 0.5523581776069477
220 0.5081078720015378 0.00478051057576442 -0.18835846530849729 0.1294642671976506 0.12582860616436384 0.46727731389391636 0.07764174701563765 0.15214240848301813 0.905020123171864 0.04028062733951416 -0.03676806376361369 0.15214240879366367 0.23987363714187884 0.014680946934886236 0.1258286064539256 0.5081078663486001 -0.09114418108338103 -0.016769974126396123 -0.010271125736350821 0.15214240799559198
55 0.12276332000320997 0.525510394273755 0.29760501215766505 0.23414589339261227 0.20968432540085982 0.09443015780079132 0.20856998441575608 0.12478267547147781 0.0669750819269474 0.4396570578144092 0.1512166158058681 0.12478267540948211 0.22552189313725204 0.6067374257546513 0.20968432593683947 0.12276331787168628 0.4341847807610881 0.16426610113202267 0.6935732398251077 0.124782675317371
92 0.11090540599633031 0.005824924384292976 0.0599552750850901 0.2621065617936307 0.6355697116291945 0.3721669998704655 0.6442972224543451 0.12632850827395584 0.08013638246177923 0.01695086633052409 0.015976979252840057 0.1263285083720733 0.1625697708897088 0.03405567322103707 0.6355697119518439 0.1109054058891086 0.011190541523010028 0.6421126742830234 0.21606230123896117 0.1263285083591929
217 0.5081078720015378 0.00478051057576442 -0.18835846530849729 0.1294642671976506 0.12582860616436384 0.46727731389391636 0.07764174701563765 0.15214240848301813 0.905020123171864 0.04028062733951416 -0.03676806376361369 0.15214240879366367 0.23987363714187884 0.014680946934886236 0.1258286064539256 0.5081078663486001 -0.09114418108338103 -0.016769974126396123 -0.010271125736350821 0.15214240799559198
103 0.5081078720015378 0.00478051057576442 -0.18835846530849729 0.1294642671976506 0.12582860616436384 0.46727731389391636 0.07764174701563765 0.15214240848301813 0.905020123171864 0.04028062733951416 -0.03676806376361369 0.15214240879366367 0.23987363714187884 0.014680946934886236 0.1258286064539256 0.5081078663486001 -0.09114418108338103 -0.016769974126396123 -0.010271125736350821 0.15214240799559198
127 0.11090540599633031 0.005824924384292976 0.0599552750850901 0.2621065617936307 0.6355697116291945 0.3721669998704655 0.6442972224543451 0.12632850827395584 0.08013638246177923 0.01695086633052409 0.015976979252840057 0.1263285083720733 0.1625697708897088 0.03405567322103707 0.6355697119518439 0.1109054058891086 0.011190541523010028 0.6421126742830234 0.21606230123896117 0.1263285083591929
156 0.5081078720015378 0.00478051057576442 -0.18835846530849729 0.1294642671976506 0.12582860616436384 0.46727731389391636 0.07764174701563765 0.15214240848301813 0.905020123171864 0.04028062733951416 -0.03676806376361369 0.15214240879366367 0.23987363714187884 0.014680946934886236 0.1258286064539256 0.5081078663486001 -0.09114418108338103 -0.016769974126396123 -0.010271125736350821 0.15214240799559198
165 0.11381804493120626 0.006135540034083573 0.06483947537423279 0.2258081325021102 0.6642412502734033 0.3737586677593323 0.6027148852833983 0.12646476876462967 0.0710505783656047 0.015590063774419079 0.01778035424633808 0.12646476883119143 0.1663762502625792 0.035425964245340405 0.6642412507731819 0.11381804456772403 0.013467138604570694 0.6355697118014829 0.21636189824725355 0.12646476871609463
163 0.11305003275805155 0.2289520288806284 0.5827990772604691 0.18451298511930103 0.021126737759730844 -0.07060446311417279 0.016212438214276766 0.13188372391263764 0.07441646138517152 0.35748735206646165 0.9788685070532623 0.13188372407617027 0.242259487117762 0.3422086211628561 0.021126737797704062 0.11305003189003021 0.2811190780005719 0.01705610015888664 0.37728306774103854 0.1318837240826782
71 0.3129369051546911 -0.007286108976046932 -0.00046092584459567773 0.16214304219461975 0.37375866745360115 0.830000522138348 0.3694977350411175 0.3754254526188891 0.19797780170441942 0.0049487583645675005 -0.0505364708642937 0.37542545249395265 0.2544268782886998 0.01273553086563145 0.3737586678124843 0.31293690449945694 0.004068828711608839 0.37216699987045787 0.07035827968129361 0.37542545238488234
61 0.28871222273681013 -0.04167742410665222 -0.04546726046797386 0.39348316667103606 0.19687177301900388 0.7788390381030185 0.46261707106138916 0.272810090738655 0.49372674285693013 0.0620112584967867 -0.09018747570590882 0.2728100908476342 0.33014106543890925 0.005746206039746908 0.19687177335519065 0.2887122187446144 -0.04131306778610833 0.29449218825785184 0.10499069094962953 0.2728100901708404
66 0.5440108727734242 0.08216616643924365 0.24650208638911283 0.12456012026350363 0.11381804467638763 0.31293690487059556 0.10728036082758312 0.5010292808972949 0.5243426515667838 0.100224042577831 0.13426393879657933 0.5010292809146437 0.2872628929846772 0.10855741269400512 0.11381804479629185 0.5440108730694195 0.09819109536003405 0.11090540601124531 0.1318438456442174 0.5010292810828735
170 0.50102928141132 0.08854751226506441 0.22737997567893742 0.11000731172897608 0.12646476872032508 0.37542545238010083 0.12568373771889796 0.5523581779561937 0.40121217744850446 0.10290571798057435 0.14294353063909176 0.5523581774905324 0.25156127609491863 0.10689702739727786 0.12646476906957105 0.5010292802471668 0.10553667903744576 0.1263285083222438 0.16872698392081154 0.5523581776069477
124 0.11090540599633031 0.005824924384292976 0.0599552750850901 0.2621065617936307 0.6355697116291945 0.3721669998704655 0.6442972224543451 0.12632850827395584 0.08013638246177923 0.01695086633052409 0.015976979252840057 0.1263285083720733 0.1625697708897088 0.03405567322103707 0.6355697119518439 0.1109054058891086 0.011190541523010028 0.6421126742830234 0.21606230123896117 0.1263285083591929
125 0.11090540599633031 0.005824924384292976 0.0599552750850901 0.2621065617936307 0.6355697116291945 0.3721669998704655 0.6442972224543451 0.12632850827395584 0.08013638246177923 0.01695086633052409 0.015976979252840057 0.1263285083720733 0.1625697708897088 0.03405567322103707 0.6355697119518439 0.1109054058891086 0.011190541523010028 0.6421126742830234 0.21606230123896117 0.1263285083591929
199 0.2945357802655517 -0.014728884353472431 -0.015399952851356688 0.1978740304581561 0.3374720443333222 0.8298356512571113 0.4100010602058397 0.37365753072396585 0.24466718796602518 0.01740071754756894 -0.05230582140612418 0.37365753065818846 0.27160566991985846 0.012525397680453935 0.33747204506967937 0.29453577905545403 -0.0036717374559505768 0.374522392156585 0.07134437257067543 0.3736575305430364
122 0.11538545873541046 0.316700507404932 0.6955179634314547 0.2107385242960315 0.009246742284090195 -0.011060595236001834 -0.012863062548272082 0.0931590277861838 0.16693102663805665 0.16671588317149336 0.9723793454427999 0.09315902778922065 0.2810807039462779 0.30768143114751867 0.009246742283202235 0.11538546244429651 0.31818879516885 0.022701678449467706 0.17661687394235243 0.09315902839524166
99 0.11381804493120626 0.006135540034083573 0.06483947537423279 0.2258081325021102 0.6642412502734033 0.3737586677593323 0.6027148852833983 0.12646476876462967 0.0710505783656047 0.015590063774419079 0.01778035424633808 0.12646476883119143 0.1663762502625792 0.035425964245340405 0.6642412507731819 0.11381804456772403 0.013467138604570694 0.6355697118014829 0.21636189824725355 0.12646476871609463
94 0.07860496542591217 0.3810940843139389 0.67763743524259 0.23939029900768752 0.00883840593471514 0.009983667379165754 -0.0329595399733337 0.04630028329239239 0.14883337593465476 0.05819022211424265 0.9791823665764918 0.046300282942141606 0.30200227808105495 0.28919602067469624 0.00883840596118967 0.07860497185227026 0.3323040065489105 0.026026258407553467 0.11438928557707038 0.04630028405659653
33 0.11568324322962042 0.542061714359689 0.27870890864688114 0.2237496081458228 0.21095680564807787 0.09477425277172079 0.2139049379253575 0.12553817364489825 0.06797063409693352 0.43546583370884373 0.1463383724695837 0.1255381735289059 0.2126890316006271 0.6189542095537227 0.21095680613928908 0.11568324076370111 0.42518837249783537 0.1606636453227843 0.6923643657861183 0.12553817346638632
2 0.1174700487986869 0.4737972898504629 0.375755657418483 0.20276261913287005 0.02712398563316182 -0.0010979517924745422 0.030086781440425463 0.14977686376795574 0.10215489446799104 0.600404849294321 0.39005894489017284 0.1497768635132402 0.2278345556183717 0.42063066243386366 0.027123985756915228 0.11747004775400383 0.663147705199583 0.03915674044369784 0.5479165741781332 0.1497768637839177
24 0.10163739164123477 0.6520063173814673 0.4008939633030378 0.1589212557688997 0.04124708877558696 0.011986396210663598 0.03488103465047469 0.10659353312326993 0.10438086534473474 0.5708463470662224 0.2854758080465718 0.1065935330139215 0.15276565297891287 0.8246571905237674 0.041247088918629805 0.10163739147110992 0.3762323909921625 0.02977346680669576 0.25447069422172736 0.10659353335937365
14 0.1782944755538908 0.4974416221794102 0.47092149927554694 0.18762219608995537 0.055343652055406777 0.09629810752396464 0.0656850276165645 0.19924225544108556 0.18875969784883287 0.530420263666953 0.22430784983747207 0.19924225514886074 0.19840809050561112 0.6284342784375405 0.055343652288319785 0.17829447453944786 0.5410583819674561 0.060784206391948266 0.4252845331525933 0.19924225556252131
15 0.10876386530932873 0.6432703511606807 0.36063708397229693 0.14121968499528545 0.010324093565619278 0.027117676663212416 0.014586857575194291 0.11551605924088926 0.12002006766922191 0.6065228377265918 0.25581385928014355 0.11551605911263349 0.16712586846166397 0.6222690620413734 0.010324093826305761 0.10876386558727821 0.6193643566392416 0.017623261642081334 0.3502751777147165 0.11551605950179206
173 0.5081078720015378 0.00478051057576442 -0.18835846530849729 0.1294642671976506 0.12582860616436384 0.46727731389391636 0.07764174701563765 0.15214240848301813 0.905020123171864 0.04028062733951416 -0.03676806376361369 0.15214240879366367 0.23987363714187884 0.014680946934886236 0.1258286064539256 0.5081078663486001 -0.09114418108338103 -0.016769974126396123 -0.010271125736350821 0.15214240799559198
190 0.2914921404265075 -0.0538322135747059 -0.07160974829490438 0.3671421733426519 0.19084153287285316 0.8049265743052471 0.4567030737725934 0.2704139479910346 0.4977666794549008 0.058544179949725425 -0.0825785443822131 0.2704139480226401 0.36090423053088955 0.020862095529946285 0.190841533233632 0.29149213544896513 -0.03690759485830958 0.269780987308054 0.11738240877590202 0.2704139473686611
4 0.07865794019817156 0.7072144056238547 0.3078351872208099 0.14128541333019928 0.021887737177729714 -0.011290752736751907 0.019582851915026823 0.07157120641623906 0.06447180628941777 0.6267509595542254 0.26751287886262 0.07157120632482748 0.15519738748841302 0.6762071011419245 0.021887737308537023 0.0786579402943115 0.5358768019583471 0.015251348888818564 0.3422028169321006 0.07157120657886241
164 0.11381804493120626 0.006135540034083573 0.06483947537423279 0.2258081325021102 0.6642412502734033 0.3737586677593323 0.6027148852833983 0.12646476876462967 0.0710505783656047 0.015590063774419079 0.01778035424633808 0.12646476883119143 0.1663762502625792 0.035425964245340405 0.6642412507731819 0.11381804456772403 0.013467138604570694 0.6355697118014829 0.21636189824725355 0.12646476871609463
191 0.2914921404265075 -0.0538322135747059 -0.07160974829490438 0.3671421733426519 0.19084153287285316 0.8049265743052471 0.4567030737725934 0.2704139479910346 0.4977666794549008 0.058544179949725425 -0.0825785443822131 0.2704139480226401 0.36090423053088955 0.020862095529946285 0.190841533233632 0.29149213544896513 -0.03690759485830958 0.269780987308054 0.11738240877590202 0.2704139473686611
213 0.2635601416091432 -0.041682866002173746 -0.07015001383731401 0.4942637354184401 0.13758450063956237 0.674683105976865 0.4881114364767404 0.21909525901067192 0.6478344556266312 0.09771318915844487 -0.0847848246480178 0.21909525930566737 0.35720915714914936 0.002916358364702661 0.1375845012575027 0.2635601312262593 -0.07674735895488617 0.18829403623238963 0.03264003599558496 0.219095257959554
108 0.5081078720015378 0.00478051057576442 -0.18835846530849729 0.1294642671976506 0.12582860616436384 0.46727731389391636 0.07764174701563765 0.15214240848301813 0.905020123171864 0.04028062733951416 -0.03676806376361369 0.15214240879366367 0.23987363714187884 0.014680946934886236 0.1258286064539256 0.5081078663486001 -0.09114418108338103 -0.016769974126396123 -0.010271125736350821 0.15214240799559198
120 0.11381804493120626 0.006135540034083573 0.06483947537423279 0.2258081325021102 0.6642412502734033 0.3737586677593323 0.6027148852833983 0.12646476876462967 0.0710505783656047 0.015590063774419079 0.01778035424633808 0.12646476883119143 0.1663762502625792 0.035425964245340405 0.6642412507731819 0.11381804456772403 0.013467138604570694 0.6355697118014829 0.21636189824725355 0.12646476871609463
150 0.50102928141132 0.08854751226506441 0.22737997567893742 0.11000731172897608 0.12646476872032508 0.37542545238010083 0.12568373771889796 0.5523581779561937 0.40121217744850446 0.10290571798057435 0.14294353063909176 0.5523581774905324 0.25156127609491863 0.10689702739727786 0.12646476906957105 0.5010292802471668 0.10553667903744576 0.1263285083222438 0.16872698392081154 0.5523581776069477
93 0.3129369051546911 -0.007286108976046932 -0.00046092584459567773 0.16214304219461975 0.37375866745360115 0.830000522138348 0.3694977350411175 0.3754254526188891 0.19797780170441942 0.0049487583645675005 -0.0505364708642937 0.37542545249395265 0.2544268782886998 0.01273553086563145 0.3737586678124843 0.31293690449945694 0.004068828711608839 0.37216699987045787 0.07035827968129361 0.37542545238488234
128 0.3129369051546911 -0.007286108976046932 -0.00046092584459567773 0.16214304219461975 0.37375866745360115 0.830000522138348 0.3694977350411175 0.3754254526188891 0.19797780170441942 0.0049487583645675005 -0.0505364708642937 0.37542545249395265 0.2544268782886998 0.01273553086563145 0.3737586678124843 0.31293690449945694 0.004068828711608839 0.37216699987045787 0.07035827968129361 0.37542545238488234
49 0.13184384574004138 0.3657036550859018 0.2656359222802544 0.299718445494435 0.2163618980185624 0.07035827968129939 0.21522984279868612 0.16872698386324317 0.06629096748658128 0.4059872289399282 0.31887779515923165 0.1687269837206771 0.2765111619587663 0.26438204990206904 0.21636189828391467 0.13184384551218303 0.49935516299187616 0.21606230123876374 0.8529350438497911 0.16872698398291217
194 0.12456012021924297 0.12664255679293349 0.2357230556600223 1.0031529105391623 0.22580813243497205 0.16214304219462045 0.3029978821845334 0.11000731178087464 0.18338791131302828 0.14406893464565376 0.1792305556056732 0.11000731162052876 0.5799051296972036 0.16808550743674344 0.2258081327283247 0.12456012022109317 0.15838021080045125 0.26210656179338043 0.2997184454944391 0.11000731172179923
97 0.11381804493120626 0.006135540034083573 0.06483947537423279 0.2258081325021102 0.6642412502734033 0.3737586677593323 0.6027148852833983 0.12646476876462967 0.0710505783656047 0.015590063774419079 0.01778035424633808 0.12646476883119143 0.1663762502625792 0.035425964245340405 0.6642412507731819 0.11381804456772403 0.013467138604570694 0.6355697118014829 0.21636189824725355 0.12646476871609463
53 0.155590796179045 0.2744471882379218 0.23083093370742497 0.28830061312782757 0.39418740200047253 0.22831757019429108 0.36772659273013636 0.14616399545811537 0.08004627486398402 0.21339186875849694 0.1520493933757156 0.14616399524562865 0.24886103200835388 0.26122126756077946 0.39418740219242926 0.1555907977141427 0.34547508336716043 0.3790041559685117 0.8347464046368741 0.14616399549722064
149 0.50102928141132 0.08854751226506441 0.22737997567893742 0.11000731172897608 0.12646476872032508 0.37542545238010083 0.12568373771889796 0.5523581779561937 0.40121217744850446 0.10290571798057435 0.14294353063909176 0.5523581774905324 0.25156127609491863 0.10689702739727786 0.12646476906957105 0.5010292802471668 0.10553667903744576 0.1263285083222438 0.16872698392081154 0.5523581776069477
11 0.09138497060109627 0.5708454511378536 0.24704361065128075 0.17990189468246007 0.04130064790401919 -0.023981657564723546 0.03359678665037409 0.11177942382247483 0.05559873298990746 0.5834927991545623 0.3299395473487431 0.11177942365807006 0.20878549821054607 0.34441326058667987 0.04130064818309652 0.09138496968128867 0.7115792296324178 0.025040557952968546 0.6308946838366961 0.11177942384783754
123 0.11090540599633031 0.005824924384292976 0.0599552750850901 0.2621065617936307 0.6355697116291945 0.3721669998704655 0.6442972224543451 0.12632850827395584 0.08013638246177923 0.01695086633052409 0.015976979252840057 0.1263285083720733 0.1625697708897088 0.03405567322103707 0.6355697119518439 0.1109054058891086 0.011190541523010028 0.6421126742830234 0.21606230123896117 0.1263285083591929
88 0.11090540599633031 0.005824924384292976 0.0599552750850901 0.2621065617936307 0.6355697116291945 0.3721669998704655 0.6442972224543451 0.12632850827395584 0.08013638246177923 0.01695086633052409 0.015976979252840057 0.1263285083720733 0.1625697708897088 0.03405567322103707 0.6355697119518439 0.1109054058891086 0.011190541523010028 0.6421126742830234 0.21606230123896117 0.1263285083591929
85 0.2872628932570825 0.1611109992351328 0.3309469804994962 0.579905129697219 0.16637625016060634 0.25442687828871585 0.15770279006428464 0.25156127610695816 0.339167245719072 0.14811068905601224 0.24932584967447002 0.2515612761112192 0.8180018883924587 0.148277170926516 0.16637625022578897 0.2872628927644339 0.18771723041530028 0.1625697708895563 0.2765111619587806 0.25156127605931794
158 0.3986524032735427 0.03443428612335293 0.012560669546635962 0.37608221649471557 0.0983854221229984 0.5661984987937924 0.17092987601653695 0.22985525018268926 0.6595215086010855 0.10802360890209829 0.00826026806877186 0.2298552506051459 0.6926420103180265 0.07977880531884686 0.0983854223685644 0.3986523977897021 0.11691565984145239 0.059679504004586936 0.154222480928249 0.22985524991976905
29 0.08631153280037353 0.6691286261600522 0.25592227383249955 0.13452852782677116 0.004747470461481312 -0.006974158378331986 -9.757800824815343e-05 0.0966781398159624 0.07431071816219448 0.6262340282123462 0.2784076666833581 0.09667813970763339 0.1546520672107855 0.44952491408744366 0.004747470586780793 0.0863115329178772 0.7102237949887943 0.00164390027688008 0.46845478566289545 0.09667814000777755
70 0.13426393893981559 0.24827916515143222 0.6331122236998503 0.17923055560567877 0.01778035419744863 -0.050536470864285775 0.01379206178380171 0.142943530607133 0.11550546209852637 0.3134774618141807 0.9678530069639459 0.1429435305705072 0.24932584967446608 0.33001321460524996 0.017780354267429632 0.13426393866225958 0.28864282754470005 0.015976979252755322 0.31887779515923886 0.1429435309194064
204 0.2914921404265075 -0.0538322135747059 -0.07160974829490438 0.3671421733426519 0.19084153287285316 0.8049265743052471 0.4567030737725934 0.2704139479910346 0.4977666794549008 0.058544179949725425 -0.0825785443822131 0.2704139480226401 0.36090423053088955 0.020862095529946285 0.190841533233632 0.29149213544896513 -0.03690759485830958 0.269780987308054 0.11738240877590202 0.2704139473686611
51 0.10459725890068113 0.5834869137072207 0.2725092426192245 0.21491149880923033 0.11756353266216543 0.04540003357640854 0.11554722323327961 0.10984342922513857 0.07461671817723714 0.5245641938455105 0.21233756147423902 0.10984342908352539 0.20348718980968314 0.48948060330087834 0.11756353290211947 0.10459725765185389 0.600531445542438 0.08695525682180402 0.6761703033431408 0.10984342922553435
41 0.09280955172469643 0.6396383479338056 0.26411905678765785 0.15007173642687585 0.01610535104114483 0.007107193309041557 0.011980781280690456 0.10565626226111932 0.08711725787885362 0.6020664556163112 0.2672241130153842 0.10565626186474006 0.1713680884502194 0.43999776774035654 0.01610535125007859 0.09280955152075501 0.7304799630591885 0.010628218754253188 0.498657971392334 0.1056562623217328
40 0.10441718605772235 0.550012262527069 0.35187189973712785 0.1586134261202597 0.012846922617722073 -0.0172580711276487 0.019723686321069404 0.13025786473187564 0.07921551853148856 0.6423782161742019 0.3865638945762403 0.1302578644859028 0.19031173837113627 0.47916651654152365 0.012846922787186557 0.10441718471760879 0.6270126646193495 0.017276327465612515 0.49539673812489027 0.13025786476117604
143 0.2465020866134021 0.28030605546305803 0.7266851430205977 0.23572305566001348 0.0648394752494052 -0.0004609258446025362 0.0545479664851942 0.22737997559532333 0.24824809677832932 0.3545017990483719 0.6331122236998316 0.22737997552265282 0.33094698049946925 0.44265244295037526 0.0648394753686329 0.24650208603236956 0.2863955927106872 0.05995527508512179 0.26563592228024385 0.22737997577566083
154 0.50102928141132 0.08854751226506441 0.22737997567893742 0.11000731172897608 0.12646476872032508 0.37542545238010083 0.12568373771889796 0.5523581779561937 0.40121217744850446 0.10290571798057435 0.14294353063909176 0.5523581774905324 0.25156127609491863 0.10689702739727786 0.12646476906957105 0.5010292802471668 0.10553667903744576 0.1263285083222438 0.16872698392081154 0.5523581776069477
46 0.10855741270534092 0.6006730920520502 0.4426524429504041 0.16808550743675366 0.03542596412873265 0.012735530865653925 0.033120303957631235 0.10689702739872774 0.11995043853849643 0.5856542665180199 0.3300132146052646 0.10689702721602715 0.14827717092653359 0.7901898441207604 0.03542596424504874 0.10855741252099628 0.41188214866452333 0.03405567322106259 0.2643820499020905 0.1068970275366258
63 0.31158845230209575 0.3321063747128772 0.5394741067775529 0.40865015585737013 0.10341271759099721 0.14565781868888256 0.02222565686867446 0.18858320912174412 0.4387468920478826 0.024561063569801297 0.3741246356330025 0.18858320929278866 0.8004530139847789 0.09947147667365663 0.10341271781218102 0.311588453803463 0.1965547553864651 0.038138323386074556 0.13934740006829735 0.18858320954531171
74 0.11090540599633031 0.005824924384292976 0.0599552750850901 0.2621065617936307 0.6355697116291945 0.3721669998704655 0.6442972224543451 0.12632850827395584 0.08013638246177923 0.01695086633052409 0.015976979252840057 0.1263285083720733 0.1625697708897088 0.03405567322103707 0.6355697119518439 0.1109054058891086 0.011190541523010028 0.6421126742830234 0.21606230123896117 0.1263285083591929
100 0.11381804493120626 0.006135540034083573 0.06483947537423279 0.2258081325021102 0.6642412502734033 0.3737586677593323 0.6027148852833983 0.12646476876462967 0.0710505783656047 0.015590063774419079 0.01778035424633808 0.12646476883119143 0.1663762502625792 0.035425964245340405 0.6642412507731819 0.11381804456772403 0.013467138604570694 0.6355697118014829 0.21636189824725355 0.12646476871609463
180 0.11381804493120626 0.006135540034083573 0.06483947537423279 0.2258081325021102 0.6642412502734033 0.3737586677593323 0.6027148852833983 0.12646476876462967 0.0710505783656047 0.015590063774419079 0.01778035424633808 0.12646476883119143 0.1663762502625792 0.035425964245340405 0.6642412507731819 0.11381804456772403 0.013467138604570694 0.6355697118014829 0.21636189824725355 0.12646476871609463
216 0.5081078720015378 0.00478051057576442 -0.18835846530849729 0.1294642671976506 0.12582860616436384 0.46727731389391636 0.07764174701563765 0.15214240848301813 0.905020123171864 0.04028062733951416 -0.03676806376361369 0.15214240879366367 0.23987363714187884 0.014680946934886236 0.1258286064539256 0.5081078663486001 -0.09114418108338103 -0.016769974126396123 -0.010271125736350821 0.15214240799559198
176 0.11381804493120626 0.006135540034083573 0.06483947537423279 0.2258081325021102 0.6642412502734033 0.3737586677593323 0.6027148852833983 0.12646476876462967 0.0710505783656047 0.015590063774419079 0.01778035424633808 0.12646476883119143 0.1663762502625792 0.035425964245340405 0.6642412507731819 0.11381804456772403 0.013467138604570694 0.6355697118014829 0.21636189824725355 0.12646476871609463
35 0.10227739530139036 0.676898889480083 0.31037522079803836 0.12436817773196614 -0.0036364760501525965 0.03200145973820838 -0.0026815933966550733 0.11295373984486466 0.1221589278417426 0.60199521411123 0.22623591361688702 0.11295373961931754 0.154891228222527 0.5581083935432652 -0.0036364758953528883 0.10227739614182797 0.6916070144378565 0.007756005298919387 0.351531837943739 0.11295374004511702
58 0.12373618334875502 0.5035576594480279 0.45684092125197884 0.1800799357797332 0.02883778340016562 0.008332511820486789 0.03557940450186015 0.12955769150779206 0.11876246020043486 0.6250949855744827 0.4023412910242544 0.12955769134067105 0.1671395044229938 0.5896195222684276 0.028837783528070517 0.12373618269076435 0.547326529098164 0.038911639750857256 0.42113294024372044 0.12955769160981273
142 0.5081078720015378 0.00478051057576442 -0.18835846530849729 0.1294642671976506 0.12582860616436384 0.46727731389391636 0.07764174701563765 0.15214240848301813 0.905020123171864 0.04028062733951416 -0.03676806376361369 0.15214240879366367 0.23987363714187884 0.014680946934886236 0.1258286064539256 0.5081078663486001 -0.09114418108338103 -0.016769974126396123 -0.010271125736350821 0.15214240799559198
153 0.50102928141132 0.08854751226506441 0.22737997567893742 0.11000731172897608 0.12646476872032508 0.37542545238010083 0.12568373771889796 0.5523581779561937 0.40121217744850446 0.10290571798057435 0.14294353063909176 0.5523581774905324 0.25156127609491863 0.10689702739727786 0.12646476906957105 0.5010292802471668 0.10553667903744576 0.1263285083222438 0.16872698392081154 0.5523581776069477
27 0.08273292962500987 0.69288111093547 0.28440540987900764 0.1398023097716519 0.02289048543274734 -0.016384762629811474 0.021289538933982256 0.08185759618339715 0.05519498043537328 0.6368242409127953 0.2740454540251688 0.08185759596488923 0.16260353393621363 0.5696282570174025 0.0228904856417745 0.08273292936593392 0.5978752689255622 0.01100677045811289 0.43657639486729094 0.08185759625647684
87 0.11538545873541046 0.316700507404932 0.6955179634314547 0.2107385242960315 0.009246742284090195 -0.011060595236001834 -0.012863062548272082 0.0931590277861838 0.16693102663805665 0.16671588317149336 0.9723793454427999 0.09315902778922065 0.2810807039462779 0.30768143114751867 0.009246742283202235 0.11538546244429651 0.31818879516885 0.022701678449467706 0.17661687394235243 0.09315902839524166
91 0.11090540599633031 0.005824924384292976 0.0599552750850901 0.2621065617936307 0.6355697116291945 0.3721669998704655 0.6442972224543451 0.12632850827395584 0.08013638246177923 0.01695086633052409 0.015976979252840057 0.1263285083720733 0.1625697708897088 0.03405567322103707 0.6355697119518439 0.1109054058891086 0.011190541523010028 0.6421126742830234 0.21606230123896117 0.1263285083591929
131 0.5081078720015378 0.00478051057576442 -0.18835846530849729 0.1294642671976506 0.12582860616436384 0.46727731389391636 0.07764174701563765 0.15214240848301813 0.905020123171864 0.04028062733951416 -0.03676806376361369 0.15214240879366367 0.23987363714187884 0.014680946934886236 0.1258286064539256 0.5081078663486001 -0.09114418108338103 -0.016769974126396123 -0.010271125736350821 0.15214240799559198
152 0.5081078720015378 0.00478051057576442 -0.18835846530849729 0.1294642671976506 0.12582860616436384 0.46727731389391636 0.07764174701563765 0.15214240848301813 0.905020123171864 0.04028062733951416 -0.03676806376361369 0.15214240879366367 0.23987363714187884 0.014680946934886236 0.1258286064539256 0.5081078663486001 -0.09114418108338103 -0.016769974126396123 -0.010271125736350821 0.15214240799559198
198 0.10728036099563996 0.005363432733286341 0.05454796648520457 0.30299788218443274 0.60271488495086 0.3694977350410566 0.6894981423320031 0.12568373778950243 0.09118894253853303 0.017851695657953318 0.013792061783750085 0.12568373750229686 0.15770279006426152 0.033120303957598796 0.6027148858140908 0.10728036078016785 0.008927523743499734 0.6442972224543797 0.21522984279867943 0.12568373755895082
211 0.440754975862229 0.23908932117085005 0.3175124320889599 0.26478055889454605 0.0860820650576745 0.2523847270684765 0.05391725194103105 0.23663326789512928 0.634025791110654 0.03262054975423092 0.22761946089078405 0.23663326775838187 0.7705631849168866 0.09096078953523207 0.08608206525916792 0.44075497489619947 0.1508438743030377 0.011558376920022945 0.09488018915345926 0.23663326771329596
109 0.2892446703763974 0.26058634315270673 0.7491036218875828 0.2726433601837531 0.040878998011062165 0.013639029252217156 0.02826797600175783 0.23649787903790445 0.45954904165604804 0.253396727258774 0.5187746261417084 0.23649787885032217 0.3563261100836774 0.4141458506495831 0.04087899826657585 0.2892446716204812 0.2966904037911236 0.060887203010227355 0.12392795958163966 0.2364978792947999
160 0.28332756562050393 0.16681599126209334 0.3735031984489884 0.6269925763136474 0.1732991353188506 0.2477542600229819 0.14165270240448594 0.24995254828863311 0.33977065183830385 0.1752050650302773 0.23912597751261774 0.24995254806214617 0.7589134761937782 0.13149559569621727 0.17329913547837303 0.2833275670968687 0.15013418951303284 0.188839524082579 0.2809587069784468 0.2499525482883123
0 0.09838746621939713 0.583510941269617 0.3749622823870814 0.2418701587820409 0.1055914071278658 0.03487347653698232 0.10574212194176297 0.09205193308835156 0.10269809506846707 0.535904087616359 0.2144718694820565 0.09205193318807839 0.17235501682388552 0.7871611431612325 0.10559140728542717 0.09838746444856192 0.4265782445813022 0.07562430059456958 0.4329250035900006 0.09205193311788654
192 0.2872628932570825 0.1611109992351328 0.3309469804994962 0.579905129697219 0.16637625016060634 0.25442687828871585 0.15770279006428464 0.25156127610695816 0.339167245719072 0.14811068905601224 0.24932584967447002 0.2515612761112192 0.8180018883924587 0.148277170926516 0.16637625022578897 0.2872628927644339 0.18771723041530028 0.1625697708895563 0.2765111619587806 0.25156127605931794
186 0.5440108727734242 0.08216616643924365 0.24650208638911283 0.12456012026350363 0.11381804467638763 0.31293690487059556 0.10728036082758312 0.5010292808972949 0.5243426515667838 0.100224042577831 0.13426393879657933 0.5010292809146437 0.2872628929846772 0.10855741269400512 0.11381804479629185 0.5440108730694195 0.09819109536003405 0.11090540601124531 0.1318438456442174 0.5010292810828735
119 0.11381804493120626 0.006135540034083573 0.06483947537423279 0.2258081325021102 0.6642412502734033 0.3737586677593323 0.6027148852833983 0.12646476876462967 0.0710505783656047 0.015590063774419079 0.01778035424633808 0.12646476883119143 0.1663762502625792 0.035425964245340405 0.6642412507731819 0.11381804456772403 0.013467138604570694 0.6355697118014829 0.21636189824725355 0.12646476871609463
86 0.12456012021924297 0.12664255679293349 0.2357230556600223 1.0031529105391623 0.22580813243497205 0.16214304219462045 0.3029978821845334 0.11000731178087464 0.18338791131302828 0.14406893464565376 0.1792305556056732 0.11000731162052876 0.5799051296972036 0.16808550743674344 0.2258081327283247 0.12456012022109317 0.15838021080045125 0.26210656179338043 0.2997184454944391 0.11000731172179923
59 0.15524671233644477 0.2749690722276153 0.3489835872361 0.34275448104295375 0.3645280443077505 0.16451561988238317 0.3551287476008357 0.13747620444102926 0.08504858107885362 0.2478345167358422 0.07151399406792097 0.13747620464267005 0.231968756077053 0.6755519930520683 0.364528044738799 0.15524671109124047 0.19062719380281876 0.3211532292179878 0.5592965919903722 0.1374762044699229
13 0.1101600494729515 0.6168962964716749 0.3221766036246976 0.15893496255814352 0.03489498386486855 0.027029515946574455 0.03650870696483195 0.11905052760576308 0.09588130386811854 0.5974001857460319 0.25863633110583634 0.1190505272600453 0.18176491826282726 0.5145036791637625 0.03489498402001344 0.11016004875962607 0.6637254236133501 0.024940167269309817 0.49638489902618654 0.11905052760288976
111 0.28871222273681013 -0.04167742410665222 -0.04546726046797386 0.39348316667103606 0.19687177301900388 0.7788390381030185 0.46261707106138916 0.272810090738655 0.49372674285693013 0.0620112584967867 -0.09018747570590882 0.2728100908476342 0.33014106543890925 0.005746206039746908 0.19687177335519065 0.2887122187446144 -0.04131306778610833 0.29449218825785184 0.10499069094962953 0.2728100901708404
136 0.2872628932570825 0.1611109992351328 0.3309469804994962 0.579905129697219 0.16637625016060634 0.25442687828871585 0.15770279006428464 0.25156127610695816 0.339167245719072 0.14811068905601224 0.24932584967447002 0.2515612761112192 0.8180018883924587 0.148277170926516 0.16637625022578897 0.2872628927644339 0.18771723041530028 0.1625697708895563 0.2765111619587806 0.25156127605931794
118 0.11381804493120626 0.006135540034083573 0.06483947537423279 0.2258081325021102 0.6642412502734033 0.3737586677593323 0.6027148852833983 0.12646476876462967 0.0710505783656047 0.015590063774419079 0.01778035424633808 0.12646476883119143 0.1663762502625792 0.035425964245340405 0.6642412507731819 0.11381804456772403 0.013467138604570694 0.6355697118014829 0.21636189824725355 0.12646476871609463
107 0.5081078720015378 0.00478051057576442 -0.18835846530849729 0.1294642671976506 0.12582860616436384 0.46727731389391636 0.07764174701563765 0.15214240848301813 0.905020123171864 0.04028062733951416 -0.03676806376361369 0.15214240879366367 0.23987363714187884 0.014680946934886236 0.1258286064539256 0.5081078663486001 -0.09114418108338103 -0.016769974126396123 -0.010271125736350821 0.15214240799559198
30 0.09909676126736976 0.6054052905609189 0.3172883446521439 0.18750351456178638 0.07054083412854469 0.0024570094696372106 0.06984858370064248 0.10672573602615629 0.06145446790891802 0.6020431855433129 0.2790998061119029 0.10672573582239848 0.19379541694511812 0.5524970595758444 0.07054083433815068 0.0990967600288469 0.5633955083179132 0.05111111113023464 0.5644156447619454 0.10672573613534203
73 0.11090540599633031 0.005824924384292976 0.0599552750850901 0.2621065617936307 0.6355697116291945 0.3721669998704655 0.6442972224543451 0.12632850827395584 0.08013638246177923 0.01695086633052409 0.015976979252840057 0.1263285083720733 0.1625697708897088 0.03405567322103707 0.6355697119518439 0.1109054058891086 0.011190541523010028 0.6421126742830234 0.21606230123896117 0.1263285083591929
25 0.09120007354849312 0.6613417286863597 0.34120115535192613 0.1790222751292384 0.07024527347539437 0.012128935093707242 0.06558692807617995 0.08344173308675343 0.07648389831440387 0.5821116327667405 0.23836996316154926 0.08344173300925171 0.16240035947228096 0.7479797651092427 0.07024527367575188 0.091200072454554 0.4596245468707797 0.04058707022128807 0.39642807579785033 0.08344173312176634
167 0.11381804493120626 0.006135540034083573 0.06483947537423279 0.2258081325021102 0.6642412502734033 0.3737586677593323 0.6027148852833983 0.12646476876462967 0.0710505783656047 0.015590063774419079 0.01778035424633808 0.12646476883119143 0.1663762502625792 0.035425964245340405 0.6642412507731819 0.11381804456772403 0.013467138604570694 0.6355697118014829 0.21636189824725355 0.12646476871609463
3 0.0991687101932085 0.635080994855798 0.3210495989921873 0.18476140314190637 0.0657755417515524 0.022969696319801693 0.06048345486147114 0.07987855283813931 0.07979319784517493 0.5788585190050815 0.2246496361669634 0.07987855266619585 0.18203401141638648 0.581521263516095 0.06577554193436713 0.09916870946521951 0.6223299813002754 0.03997313027061181 0.501730101831621 0.07987855295435953
50 0.08850461239342386 0.695442102894872 0.3155159160244742 0.11635354523953612 -0.009098769660095889 -0.006402086275656965 -0.004075816791226297 0.09299057131683132 0.08246236743032834 0.6380049877053146 0.2815016127809731 0.09299057110891246 0.15948834444297738 0.6045123938017765 -0.009098769561643702 0.08850461330891413 0.6136358273733088 0.003602656969593014 0.3164654861753688 0.09299057150972014
133 0.22398775045626604 0.3515416889009195 0.7909806190495309 0.2915503934859611 0.04821185278284086 0.017458714923916062 0.010716908149366005 0.1427411695862433 0.3501712100361739 0.15376597206624332 0.6343444552085876 0.1427411695695311 0.4486403210177601 0.3604639421779696 0.04821185298510357 0.22398775331894089 0.3116449810637326 0.034635212352590955 0.0904541073432879 0.14274117019364996
203 0.2914921404265075 -0.0538322135747059 -0.07160974829490438 0.3671421733426519 0.19084153287285316 0.8049265743052471 0.4567030737725934 0.2704139479910346 0.4977666794549008 0.058544179949725425 -0.0825785443822131 0.2704139480226401 0.36090423053088955 0.020862095529946285 0.190841533233632 0.29149213544896513 -0.03690759485830958 0.269780987308054 0.11738240877590202 0.2704139473686611
78 0.5440108727734242 0.08216616643924365 0.24650208638911283 0.12456012026350363 0.11381804467638763 0.31293690487059556 0.10728036082758312 0.5010292808972949 0.5243426515667838 0.100224042577831 0.13426393879657933 0.5010292809146437 0.2872628929846772 0.10855741269400512 0.11381804479629185 0.5440108730694195 0.09819109536003405 0.11090540601124531 0.1318438456442174 0.5010292810828735
84 0.2872628932570825 0.1611109992351328 0.3309469804994962 0.579905129697219 0.16637625016060634 0.25442687828871585 0.15770279006428464 0.25156127610695816 0.339167245719072 0.14811068905601224 0.24932584967447002 0.2515612761112192 0.8180018883924587 0.148277170926516 0.16637625022578897 0.2872628927644339 0.18771723041530028 0.1625697708895563 0.2765111619587806 0.25156127605931794
215 0.50102928141132 0.08854751226506441 0.22737997567893742 0.11000731172897608 0.12646476872032508 0.37542545238010083 0.12568373771889796 0.5523581779561937 0.40121217744850446 0.10290571798057435 0.14294353063909176 0.5523581774905324 0.25156127609491863 0.10689702739727786 0.12646476906957105 0.5010292802471668 0.10553667903744576 0.1263285083222438 0.16872698392081154 0.5523581776069477
110 0.465101759753748 0.06882310131122936 0.07162843049471428 0.3363346261768683 0.15945215674694516 0.5983393248500976 0.13848893139406676 0.26157648588671484 0.5206556357859272 0.11860321045256417 0.01302575967106475 0.2615764856006266 0.6377989374292516 0.043368538507072354 0.15945215691762085 0.46510175922264235 0.08864109039301203 0.11507470625339312 0.17549059450934296 0.2615764857920183
140 0.50102928141132 0.08854751226506441 0.22737997567893742 0.11000731172897608 0.12646476872032508 0.37542545238010083 0.12568373771889796 0.5523581779561937 0.40121217744850446 0.10290571798057435 0.14294353063909176 0.5523581774905324 0.25156127609491863 0.10689702739727786 0.12646476906957105 0.5010292802471668 0.10553667903744576 0.1263285083222438 0.16872698392081154 0.5523581776069477
18 0.13617598492832703 0.5558014473919688 0.39477724769507333 0.23390926892463387 0.10220860787501021 0.12771711718345857 0.11059361301374591 0.15792487027077537 0.1853347211670589 0.4538195628582599 0.09613227327524587 0.15792487006102293 0.19296774760031724 0.7757335049266741 0.10220860822779551 0.13617598321513494 0.4757319146106515 0.07905836762786622 0.4224929012999175 0.1579248702255
5 0.1405523887536192 0.4176332391112452 0.35143637917811704 0.2857362581180371 0.2232327999461467 0.05122171721585833 0.21456476300812813 0.16936904675725317 0.036108680355192144 0.464121225780081 0.27637206000499936 0.1693690464825261 0.292266110076556 0.5152684665018192 0.22323280010931107 0.14055238811144788 0.3396676813932184 0.21904100569013743 0.721304127807791 0.16936904686184057
175 0.11381804493120626 0.006135540034083573 0.06483947537423279 0.2258081325021102 0.6642412502734033 0.3737586677593323 0.6027148852833983 0.12646476876462967 0.0710505783656047 0.015590063774419079 0.01778035424633808 0.12646476883119143 0.1663762502625792 0.035425964245340405 0.6642412507731819 0.11381804456772403 0.013467138604570694 0.6355697118014829 0.21636189824725355 0.12646476871609463
47 0.12054352461329076 0.5255301409015054 0.3661438328684503 0.2489528622701948 0.21265353878958196 0.060999039378952735 0.19198313693431235 0.11752021678876967 0.07111410976837244 0.42453443874576435 0.16052794496475423 0.11752021702104685 0.20952015227322632 0.84150977485722 0.21265353923952968 0.12054352057360662 0.2602209318965507 0.1267175347358772 0.46890980907171786 0.11752021667317843
38 0.08216616614645578 0.7222512950999269 0.28030605546302234 0.12664255679289105 0.006135539931199544 -0.007286108976082684 0.005363432733312756 0.08854751227444685 0.06960841032653063 0.6290655275065831 0.24827916515139262 0.08854751201763168 0.16111099923507377 0.6006730920520161 0.006135540088069058 0.08216616671703765 0.6031684959430379 0.0058249243841367844 0.3657036550858585 0.08854751248477467
182 0.5713422591528275 0.13118078037627762 0.24857669423794507 0.14729961202282685 0.09448873095916248 0.17554355503303948 0.05099187677197517 0.31876549182243236 0.8440340021452463 0.04381549176490182 0.12030243702166298 0.31876549237423923 0.3521589250016131 0.09190375106536351 0.09448873129610062 0.5713422590113234 0.06588229116403803 0.03712583722894345 0.03943562960654868 0.318765492058395
20 0.08181099450592896 0.7062963325723295 0.31036982423478 0.15352477621458305 0.044210660956793976 -0.006363799882217037 0.04000566152640045 0.08039847634810092 0.06119443757815168 0.6057547956823277 0.24863025244803233 0.08039847626848926 0.164048535422338 0.72462366136832 0.044210661142117594 0.08181099382701038 0.47248941442078496 0.023923497806300542 0.364003164840802 0.08039847647903192
101 0.5243426518415476 0.069608410326585 0.2482480967783444 0.18338791131303275 0.07105057821039762 0.1979778017044214 0.09118894253856398 0.40121217738792764 0.799802938956444 0.09065342409439293 0.11550546209852125 0.4012121774726714 0.33916724571906 0.11995043853846366 0.07105057831957977 0.5243426511254918 0.08956673423314515 0.08013638246171202 0.06629096748657884 0.4012121771884611
210 0.28871222273681013 -0.04167742410665222 -0.04546726046797386 0.39348316667103606 0.19687177301900388 0.7788390381030185 0.46261707106138916 0.272810090738655 0.49372674285693013 0.0620112584967867 -0.09018747570590882 0.2728100908476342 0.33014106543890925 0.005746206039746908 0.19687177335519065 0.2887122187446144 -0.04131306778610833 0.29449218825785184 0.10499069094962953 0.2728100901708404
96 0.11381804493120626 0.006135540034083573 0.06483947537423279 0.2258081325021102 0.6642412502734033 0.3737586677593323 0.6027148852833983 0.12646476876462967 0.0710505783656047 0.015590063774419079 0.01778035424633808 0.12646476883119143 0.1663762502625792 0.035425964245340405 0.6642412507731819 0.11381804456772403 0.013467138604570694 0.6355697118014829 0.21636189824725355 0.12646476871609463
159 0.3986524032735427 0.03443428612335293 0.012560669546635962 0.37608221649471557 0.0983854221229984 0.5661984987937924 0.17092987601653695 0.22985525018268926 0.6595215086010855 0.10802360890209829 0.00826026806877186 0.2298552506051459 0.6926420103180265 0.07977880531884686 0.0983854223685644 0.3986523977897021 0.11691565984145239 0.059679504004586936 0.154222480928249 0.22985524991976905
168 0.11381804493120626 0.006135540034083573 0.06483947537423279 0.2258081325021102 0.6642412502734033 0.3737586677593323 0.6027148852833983 0.12646476876462967 0.0710505783656047 0.015590063774419079 0.01778035424633808 0.12646476883119143 0.1663762502625792 0.035425964245340405 0.6642412507731819 0.11381804456772403 0.013467138604570694 0.6355697118014829 0.21636189824725355 0.12646476871609463
145 0.2914921404265075 -0.0538322135747059 -0.07160974829490438 0.3671421733426519 0.19084153287285316 0.8049265743052471 0.4567030737725934 0.2704139479910346 0.4977666794549008 0.058544179949725425 -0.0825785443822131 0.2704139480226401 0.36090423053088955 0.020862095529946285 0.190841533233632 0.29149213544896513 -0.03690759485830958 0.269780987308054 0.11738240877590202 0.2704139473686611
172 0.5081078720015378 0.00478051057576442 -0.18835846530849729 0.1294642671976506 0.12582860616436384 0.46727731389391636 0.07764174701563765 0.15214240848301813 0.905020123171864 0.04028062733951416 -0.03676806376361369 0.15214240879366367 0.23987363714187884 0.014680946934886236 0.1258286064539256 0.5081078663486001 -0.09114418108338103 -0.016769974126396123 -0.010271125736350821 0.15214240799559198
157 0.2892446703763974 0.26058634315270673 0.7491036218875828 0.2726433601837531 0.040878998011062165 0.013639029252217156 0.02826797600175783 0.23649787903790445 0.45954904165604804 0.253396727258774 0.5187746261417084 0.23649787885032217 0.3563261100836774 0.4141458506495831 0.04087899826657585 0.2892446716204812 0.2966904037911236 0.060887203010227355 0.12392795958163966 0.2364978792947999
57 0.11438947364639614 0.6385114612222955 0.34223356201449945 0.18057136152289596 0.06126842572956724 0.07350310830307209 0.06073500009804125 0.1187683866896626 0.13415420015429907 0.54068208983308 0.1611599105947196 0.11876838664780336 0.17277897403619832 0.6623605383719914 0.06126842602614762 0.11438947297461631 0.595260404972027 0.04190568309670514 0.43862073867644236 0.11876838687289948
130 0.5440108727734242 0.08216616643924365 0.24650208638911283 0.12456012026350363 0.11381804467638763 0.31293690487059556 0.10728036082758312 0.5010292808972949 0.5243426515667838 0.100224042577831 0.13426393879657933 0.5010292809146437 0.2872628929846772 0.10855741269400512 0.11381804479629185 0.5440108730694195 0.09819109536003405 0.11090540601124531 0.1318438456442174 0.5010292810828735
7 0.0986403524313694 0.5783984056796048 0.32418062802266895 0.14223241235362655 -0.0015034088481557528 -0.020415503640785895 0.003123691821674929 0.10468992917102127 0.07512267563129037 0.6315308561316236 0.3624104183812214 0.10468992907727574 0.18961567377120667 0.4272664366767352 -0.001503408731008831 0.09864035189171211 0.7198433348291842 0.002398058914755091 0.4628984039577816 0.10468992938246399
44 0.19083942054325054 0.38065977758403047 0.6745804872779857 0.34126701174888324 0.09550402161119141 0.05879612677292248 0.061407593796789756 0.14202896654572858 0.2710004473456987 0.40928420140508265 0.2976494800424495 0.14202896637481435 0.2189254970960871 0.7653875483222072 0.09550402195651919 0.1908394206403061 0.3194655986158166 0.08199478997884137 0.2065628780911477 0.14202896677702145
65 0.1209163185776602 0.13517810718829454 0.2687577880554283 1.0280146872897062 0.2428161582336646 0.14267247722096543 0.28599570502457855 0.10923975347515791 0.18381479696303102 0.1676452837046792 0.1761790352957404 0.10923975313933534 0.4954893466423371 0.1564718468225759 0.24281615836588746 0.12091631914834233 0.12322580851687132 0.2778970176306553 0.29461824456952745 0.10923975341097511
137 0.2872628932570825 0.1611109992351328 0.3309469804994962 0.579905129697219 0.16637625016060634 0.25442687828871585 0.15770279006428464 0.25156127610695816 0.339167245719072 0.14811068905601224 0.24932584967447002 0.2515612761112192 0.8180018883924587 0.148277170926516 0.16637625022578897 0.2872628927644339 0.18771723041530028 0.1625697708895563 0.2765111619587806 0.25156127605931794
178 0.11381804493120626 0.006135540034083573 0.06483947537423279 0.2258081325021102 0.6642412502734033 0.3737586677593323 0.6027148852833983 0.12646476876462967 0.0710505783656047 0.015590063774419079 0.01778035424633808 0.12646476883119143 0.1663762502625792 0.035425964245340405 0.6642412507731819 0.11381804456772403 0.013467138604570694 0.6355697118014829 0.21636189824725355 0.12646476871609463
148 0.12456012021924297 0.12664255679293349 0.2357230556600223 1.0031529105391623 0.22580813243497205 0.16214304219462045 0.3029978821845334 0.11000731178087464 0.18338791131302828 0.14406893464565376 0.1792305556056732 0.11000731162052876 0.5799051296972036 0.16808550743674344 0.2258081327283247 0.12456012022109317 0.15838021080045125 0.26210656179338043 0.2997184454944391 0.11000731172179923
141 0.5081078720015378 0.00478051057576442 -0.18835846530849729 0.1294642671976506 0.12582860616436384 0.46727731389391636 0.07764174701563765 0.15214240848301813 0.905020123171864 0.04028062733951416 -0.03676806376361369 0.15214240879366367 0.23987363714187884 0.014680946934886236 0.1258286064539256 0.5081078663486001 -0.09114418108338103 -0.016769974126396123 -0.010271125736350821 0.15214240799559198
67 0.5440108727734242 0.08216616643924365 0.24650208638911283 0.12456012026350363 0.11381804467638763 0.31293690487059556 0.10728036082758312 0.5010292808972949 0.5243426515667838 0.100224042577831 0.13426393879657933 0.5010292809146437 0.2872628929846772 0.10855741269400512 0.11381804479629185 0.5440108730694195 0.09819109536003405 0.11090540601124531 0.1318438456442174 0.5010292810828735
169 0.11381804493120626 0.006135540034083573 0.06483947537423279 0.2258081325021102 0.6642412502734033 0.3737586677593323 0.6027148852833983 0.12646476876462967 0.0710505783656047 0.015590063774419079 0.01778035424633808 0.12646476883119143 0.1663762502625792 0.035425964245340405 0.6642412507731819 0.11381804456772403 0.013467138604570694 0.6355697118014829 0.21636189824725355 0.12646476871609463
181 0.5713422591528275 0.13118078037627762 0.24857669423794507 0.14729961202282685 0.09448873095916248 0.17554355503303948 0.05099187677197517 0.31876549182243236 0.8440340021452463 0.04381549176490182 0.12030243702166298 0.31876549237423923 0.3521589250016131 0.09190375106536351 0.09448873129610062 0.5713422590113234 0.06588229116403803 0.03712583722894345 0.03943562960654868 0.318765492058395
37 0.14000603904922046 0.4315289344388273 0.3069433621924722 0.2195252843878781 0.06612410275087369 0.039731683000007 0.06184525703309604 0.18401352996584358 0.09849190899207527 0.5045153159634244 0.35005964299530573 0.18401352983626426 0.2751157187329328 0.2652499745488729 0.0661241030342038 0.14000603770648537 0.7130484528965648 0.05822320331753945 0.6851117028603461 0.18401352997724857
95 0.11381804493120626 0.006135540034083573 0.06483947537423279 0.2258081325021102 0.6642412502734033 0.3737586677593323 0.6027148852833983 0.12646476876462967 0.0710505783656047 0.015590063774419079 0.01778035424633808 0.12646476883119143 0.1663762502625792 0.035425964245340405 0.6642412507731819 0.11381804456772403 0.013467138604570694 0.6355697118014829 0.21636189824725355 0.12646476871609463
221 0.5081078720015378 0.00478051057576442 -0.18835846530849729 0.1294642671976506 0.12582860616436384 0.46727731389391636 0.07764174701563765 0.15214240848301813 0.905020123171864 0.04028062733951416 -0.03676806376361369 0.15214240879366367 0.23987363714187884 0.014680946934886236 0.1258286064539256 0.5081078663486001 -0.09114418108338103 -0.016769974126396123 -0.010271125736350821 0.15214240799559198
6 0.12136672572730287 0.5204807147459234 0.41163391379044323 0.177111849030047 0.03228521409457799 0.004618432002823232 0.038618890094462975 0.14151575536310512 0.09888242938246862 0.6296506306206361 0.3809188245146361 0.14151575515923173 0.18359288606237556 0.5374392960852932 0.0322852142612685 0.12136672448787159 0.5671538074078594 0.037217962860949874 0.4872169942972426 0.14151575532768623
104 0.5081078720015378 0.00478051057576442 -0.18835846530849729 0.1294642671976506 0.12582860616436384 0.46727731389391636 0.07764174701563765 0.15214240848301813 0.905020123171864 0.04028062733951416 -0.03676806376361369 0.15214240879366367 0.23987363714187884 0.014680946934886236 0.1258286064539256 0.5081078663486001 -0.09114418108338103 -0.016769974126396123 -0.010271125736350821 0.15214240799559198
62 0.465101759753748 0.06882310131122936 0.07162843049471428 0.3363346261768683 0.15945215674694516 0.5983393248500976 0.13848893139406676 0.26157648588671484 0.5206556357859272 0.11860321045256417 0.01302575967106475 0.2615764856006266 0.6377989374292516 0.043368538507072354 0.15945215691762085 0.46510175922264235 0.08864109039301203 0.11507470625339312 0.17549059450934296 0.2615764857920183
79 0.5081078720015378 0.00478051057576442 -0.18835846530849729 0.1294642671976506 0.12582860616436384 0.46727731389391636 0.07764174701563765 0.15214240848301813 0.905020123171864 0.04028062733951416 -0.03676806376361369 0.15214240879366367 0.23987363714187884 0.014680946934886236 0.1258286064539256 0.5081078663486001 -0.09114418108338103 -0.016769974126396123 -0.010271125736350821 0.15214240799559198
34 0.08689321346495563 0.6901168514419121 0.3395958031927743 0.14263486654787208 0.01993416060446869 0.0026070764695906566 0.017208898986957263 0.0971672264970502 0.08869463264068114 0.6195895930541171 0.27632370497725806 0.09716722623193128 0.14303704890009797 0.7295317648959818 0.019934160722182005 0.08689321354593728 0.47608742245790925 0.020623992396446456 0.30903305650709434 0.09716722669229177
105 0.4821325246296568 0.07267437741520386 0.2249319602254304 0.13324444993701376 0.10889096323394615 0.3548183845341381 0.13396697096891202 0.5507047908028736 0.4625759183331626 0.11351936543306422 0.1387519512021239 0.5507047910425641 0.26253589566610486 0.11348863573422689 0.10889096352338434 0.48213252351504166 0.10674298822116352 0.1325401150892268 0.16182336158303962 0.5507047907567877
114 0.1209163185776602 0.13517810718829454 0.2687577880554283 1.0280146872897062 0.2428161582336646 0.14267247722096543 0.28599570502457855 0.10923975347515791 0.18381479696303102 0.1676452837046792 0.1761790352957404 0.10923975313933534 0.4954893466423371 0.1564718468225759 0.24281615836588746 0.12091631914834233 0.12322580851687132 0.2778970176306553 0.29461824456952745 0.10923975341097511
177 0.11381804493120626 0.006135540034083573 0.06483947537423279 0.2258081325021102 0.6642412502734033 0.3737586677593323 0.6027148852833983 0.12646476876462967 0.0710505783656047 0.015590063774419079 0.01778035424633808 0.12646476883119143 0.1663762502625792 0.035425964245340405 0.6642412507731819 0.11381804456772403 0.013467138604570694 0.6355697118014829 0.21636189824725355 0.12646476871609463
185 0.5440108727734242 0.08216616643924365 0.24650208638911283 0.12456012026350363 0.11381804467638763 0.31293690487059556 0.10728036082758312 0.5010292808972949 0.5243426515667838 0.100224042577831 0.13426393879657933 0.5010292809146437 0.2872628929846772 0.10855741269400512 0.11381804479629185 0.5440108730694195 0.09819109536003405 0.11090540601124531 0.1318438456442174 0.5010292810828735
183 0.5081078720015378 0.00478051057576442 -0.18835846530849729 0.1294642671976506 0.12582860616436384 0.46727731389391636 0.07764174701563765 0.15214240848301813 0.905020123171864 0.04028062733951416 -0.03676806376361369 0.15214240879366367 0.23987363714187884 0.014680946934886236 0.1258286064539256 0.5081078663486001 -0.09114418108338103 -0.016769974126396123 -0.010271125736350821 0.15214240799559198
155 0.5081078720015378 0.00478051057576442 -0.18835846530849729 0.1294642671976506 0.12582860616436384 0.46727731389391636 0.07764174701563765 0.15214240848301813 0.905020123171864 0.04028062733951416 -0.03676806376361369 0.15214240879366367 0.23987363714187884 0.014680946934886236 0.1258286064539256 0.5081078663486001 -0.09114418108338103 -0.016769974126396123 -0.010271125736350821 0.15214240799559198
26 0.11627175609374431 0.5444100841460973 0.3441611288837985 0.24643944772225046 0.20007819587804035 0.08426339161611335 0.19221997296041896 0.1029783693611511 0.08940808903848187 0.4237130330453699 0.11988049353137034 0.10297836936691168 0.19297605773726492 0.8080518878848058 0.20007819603625093 0.1162717524006465 0.34869738636348635 0.12118606107088864 0.5146568849082848 0.10297836906581706
39 0.12056165519547284 0.48272697768009676 0.2485679314328397 0.2586412888308866 0.20110590338462528 0.11747803020310597 0.2004280119229595 0.11760767969763695 0.09516638845599641 0.4015120596333141 0.17354145988170636 0.11760767961160969 0.21252396761760997 0.3871935890506904 0.20110590378895685 0.12056165405344761 0.5853425635823641 0.1660877512716028 0.8118394126090487 0.11760767972265755
171 0.50102928141132 0.08854751226506441 0.22737997567893742 0.11000731172897608 0.12646476872032508 0.37542545238010083 0.12568373771889796 0.5523581779561937 0.40121217744850446 0.10290571798057435 0.14294353063909176 0.5523581774905324 0.25156127609491863 0.10689702739727786 0.12646476906957105 0.5010292802471668 0.10553667903744576 0.1263285083222438 0.16872698392081154 0.5523581776069477
206 0.2872628932570825 0.1611109992351328 0.3309469804994962 0.579905129697219 0.16637625016060634 0.25442687828871585 0.15770279006428464 0.25156127610695816 0.339167245719072 0.14811068905601224 0.24932584967447002 0.2515612761112192 0.8180018883924587 0.148277170926516 0.16637625022578897 0.2872628927644339 0.18771723041530028 0.1625697708895563 0.2765111619587806 0.25156127605931794
144 0.2914921404265075 -0.0538322135747059 -0.07160974829490438 0.3671421733426519 0.19084153287285316 0.8049265743052471 0.4567030737725934 0.2704139479910346 0.4977666794549008 0.058544179949725425 -0.0825785443822131 0.2704139480226401 0.36090423053088955 0.020862095529946285 0.190841533233632 0.29149213544896513 -0.03690759485830958 0.269780987308054 0.11738240877590202 0.2704139473686611
162 0.08152671944872432 0.10606314275760226 0.1964984024396423 1.0994581950064983 0.15065611243222587 0.14872774999129285 0.32732696109935905 0.08527575937045602 0.26841251238293407 0.08940389136404847 0.15682531513959325 0.08527575950909325 0.5061774785312292 0.2199290351058746 0.15065611282728075 0.08152671391548816 0.20198854587833057 0.15975015043816315 0.2180626131366463 0.08527575892876897
36 0.13223069899630957 0.5696954478357263 0.36160896137204207 0.22196793062121511 0.10509844583310722 0.1370726027012982 0.11689836003889381 0.16457707589606504 0.1722423939502327 0.4563471327541749 0.08995743317248478 0.16457707586141998 0.1954562582871579 0.7336552661907384 0.1050984462640315 0.1322306971221524 0.5001297856955939 0.08234641394636033 0.47229104800145216 0.1645770760218186
12 0.09862754019456854 0.6503387896523212 0.2956990547956471 0.18998006212011814 0.13080912837369219 0.02218983284623622 0.12418086643574593 0.11581879186447043 0.045037364767391355 0.5302210836871922 0.1971229930928232 0.115818791831377 0.2103714254011205 0.7284428657535024 0.13080912850696302 0.09862753763675859 0.3810217824945058 0.07733429488527767 0.5250225673944461 0.11581879185405908
21 0.09819109543678145 0.6031684959430659 0.286395592710715 0.1583802108004586 0.013467138523620643 0.004068828711629663 0.008927523743495303 0.10553667910284621 0.08956673423316698 0.5969858509719094 0.28864282754470755 0.10553667901635995 0.18771723041530533 0.4118821486645274 0.013467138643788488 0.09819109533569077 0.7575161006774769 0.011190541522952626 0.4993551629918903 0.10553667916974359
1 0.11985350962767412 0.5995353271485385 0.28351120485015835 0.17910594760286314 0.06584152192744878 0.07639584422443699 0.06401233655908448 0.14013839245149776 0.11323657366146428 0.5298334821107195 0.19428563245930683 0.14013839249671026 0.1975267904332014 0.4579298420888477 0.06584152215943913 0.11985350862709293 0.69705602302921 0.04420662610630907 0.5908469705565113 0.14013839258950256
72 0.11090540599633031 0.005824924384292976 0.0599552750850901 0.2621065617936307 0.6355697116291945 0.3721669998704655 0.6442972224543451 0.12632850827395584 0.08013638246177923 0.01695086633052409 0.015976979252840057 0.1263285083720733 0.1625697708897088 0.03405567322103707 0.6355697119518439 0.1109054058891086 0.011190541523010028 0.6421126742830234 0.21606230123896117 0.1263285083591929
112 0.28332756562050393 0.16681599126209334 0.3735031984489884 0.6269925763136474 0.1732991353188506 0.2477542600229819 0.14165270240448594 0.24995254828863311 0.33977065183830385 0.1752050650302773 0.23912597751261774 0.24995254806214617 0.7589134761937782 0.13149559569621727 0.17329913547837303 0.2833275670968687 0.15013418951303284 0.188839524082579 0.2809587069784468 0.2499525482883123
200 0.2945357802655517 -0.014728884353472431 -0.015399952851356688 0.1978740304581561 0.3374720443333222 0.8298356512571113 0.4100010602058397 0.37365753072396585 0.24466718796602518 0.01740071754756894 -0.05230582140612418 0.37365753065818846 0.27160566991985846 0.012525397680453935 0.33747204506967937 0.29453577905545403 -0.0036717374559505768 0.374522392156585 0.07134437257067543 0.3736575305430364
196 0.10728036099563996 0.005363432733286341 0.05454796648520457 0.30299788218443274 0.60271488495086 0.3694977350410566 0.6894981423320031 0.12568373778950243 0.09118894253853303 0.017851695657953318 0.013792061783750085 0.12568373750229686 0.15770279006426152 0.033120303957598796 0.6027148858140908 0.10728036078016785 0.008927523743499734 0.6442972224543797 0.21522984279867943 0.12568373755895082
8 0.11067207147139871 0.6557097150264756 0.3004352335360629 0.15572816343221363 0.029560404359310427 0.07183692806119282 0.030805323253933026 0.1388408063126208 0.13796741935442502 0.5531041134282747 0.1657253496384417 0.13884080627022824 0.18054052683545035 0.5730057941119555 0.029560404574509074 0.11067207129456255 0.6703132643849271 0.02529479725514166 0.4402084175269751 0.13884080656666645
76 0.11090540599633031 0.005824924384292976 0.0599552750850901 0.2621065617936307 0.6355697116291945 0.3721669998704655 0.6442972224543451 0.12632850827395584 0.08013638246177923 0.01695086633052409 0.015976979252840057 0.1263285083720733 0.1625697708897088 0.03405567322103707 0.6355697119518439 0.1109054058891086 0.011190541523010028 0.6421126742830234 0.21606230123896117 0.1263285083591929
161 0.28332756562050393 0.16681599126209334 0.3735031984489884 0.6269925763136474 0.1732991353188506 0.2477542600229819 0.14165270240448594 0.24995254828863311 0.33977065183830385 0.1752050650302773 0.23912597751261774 0.24995254806214617 0.7589134761937782 0.13149559569621727 0.17329913547837303 0.2833275670968687 0.15013418951303284 0.188839524082579 0.2809587069784468 0.2499525482883123
129 0.5440108727734242 0.08216616643924365 0.24650208638911283 0.12456012026350363 0.11381804467638763 0.31293690487059556 0.10728036082758312 0.5010292808972949 0.5243426515667838 0.100224042577831 0.13426393879657933 0.5010292809146437 0.2872628929846772 0.10855741269400512 0.11381804479629185 0.5440108730694195 0.09819109536003405 0.11090540601124531 0.1318438456442174 0.5010292810828735
189 0.2465020866134021 0.28030605546305803 0.7266851430205977 0.23572305566001348 0.0648394752494052 -0.0004609258446025362 0.0545479664851942 0.22737997559532333 0.24824809677832932 0.3545017990483719 0.6331122236998316 0.22737997552265282 0.33094698049946925 0.44265244295037526 0.0648394753686329 0.24650208603236956 0.2863955927106872 0.05995527508512179 0.26563592228024385 0.22737997577566083
60 0.3148234181947471 0.27800465521060747 0.7523474987087297 0.2343347493541243 0.053819809780075445 0.019885825860190148 0.038992433218678 0.24801445268232908 0.408118807252571 0.2605744612463219 0.5294165446401874 0.24801445239973074 0.3611848354229665 0.39576142084151 0.0538198098997817 0.31482341890945764 0.28004134673182407 0.05363974411239194 0.15609972900701652 0.24801445298232228
132 0.5081078720015378 0.00478051057576442 -0.18835846530849729 0.1294642671976506 0.12582860616436384 0.46727731389391636 0.07764174701563765 0.15214240848301813 0.905020123171864 0.04028062733951416 -0.03676806376361369 0.15214240879366367 0.23987363714187884 0.014680946934886236 0.1258286064539256 0.5081078663486001 -0.09114418108338103 -0.016769974126396123 -0.010271125736350821 0.15214240799559198
214 0.50102928141132 0.08854751226506441 0.22737997567893742 0.11000731172897608 0.12646476872032508 0.37542545238010083 0.12568373771889796 0.5523581779561937 0.40121217744850446 0.10290571798057435 0.14294353063909176 0.5523581774905324 0.25156127609491863 0.10689702739727786 0.12646476906957105 0.5010292802471668 0.10553667903744576 0.1263285083222438 0.16872698392081154 0.5523581776069477
31 0.12089114551807452 0.5243877320943972 0.34035039807891243 0.23055016254490926 0.2268937569138656 0.05168070621393726 0.2069184879399034 0.1391877971678624 0.04528419038713843 0.4364285997252724 0.19056225656008566 0.13918779711957538 0.22718867779784507 0.7875619256294366 0.226893757168454 0.12089114168748967 0.23508445761515825 0.15055397636415616 0.5293715466971011 0.13918779704264556
202 0.2465020866134021 0.28030605546305803 0.7266851430205977 0.23572305566001348 0.0648394752494052 -0.0004609258446025362 0.0545479664851942 0.22737997559532333 0.24824809677832932 0.3545017990483719 0.6331122236998316 0.22737997552265282 0.33094698049946925 0.44265244295037526 0.0648394753686329 0.24650208603236956 0.2863955927106872 0.05995527508512179 0.26563592228024385 0.22737997577566083
42 0.08672754732475364 0.6836296123520921 0.28262726254877457 0.17366666995434638 0.07292178336796679 0.00508343610366944 0.07269709093150206 0.09690507117393889 0.05825388360209253 0.5788312901636335 0.21592520600529902 0.09690507099069268 0.19418976412835123 0.6723911903584278 0.07292178356423722 0.0867275459429583 0.5008838355438212 0.041949345810874755 0.4795872559586623 0.09690507120807516
209 0.28871222273681013 -0.04167742410665222 -0.04546726046797386 0.39348316667103606 0.19687177301900388 0.7788390381030185 0.46261707106138916 0.272810090738655 0.49372674285693013 0.0620112584967867 -0.09018747570590882 0.2728100908476342 0.33014106543890925 0.005746206039746908 0.19687177335519065 0.2887122187446144 -0.04131306778610833 0.29449218825785184 0.10499069094962953 0.2728100901708404
45 0.12323273548430388 0.511553871694149 0.3826268142134341 0.2770057727873143 0.18949326417425408 0.08563039619850776 0.18451924807636186 0.09825293408631061 0.10396270499755997 0.43317191766621493 0.12822251990716999 0.09825293415929545 0.19458120146239555 0.7976272863850188 0.18949326461891663 0.12323273249720319 0.371004326316264 0.12660382866528444 0.509549922977979 0.09825293400418625
90 0.11090540599633031 0.005824924384292976 0.0599552750850901 0.2621065617936307 0.6355697116291945 0.3721669998704655 0.6442972224543451 0.12632850827395584 0.08013638246177923 0.01695086633052409 0.015976979252840057 0.1263285083720733 0.1625697708897088 0.03405567322103707 0.6355697119518439 0.1109054058891086 0.011190541523010028 0.6421126742830234 0.21606230123896117 0.1263285083591929
23 0.09019667563602633 0.6784552347253555 0.3364427162144751 0.17196729982593947 0.07662892120341157 0.003343017774621079 0.06821611121771079 0.0888741265244096 0.06218524481390411 0.5730832943624654 0.2407393746348831 0.08887412657562958 0.16970783878572196 0.7885573400623515 0.07662892129894888 0.09019667415563407 0.39081220347681184 0.03861889738677607 0.37327271585980915 0.08887412666930049
113 0.31158845230209575 0.3321063747128772 0.5394741067775529 0.40865015585737013 0.10341271759099721 0.14565781868888256 0.02222565686867446 0.18858320912174412 0.4387468920478826 0.024561063569801297 0.3741246356330025 0.18858320929278866 0.8004530139847789 0.09947147667365663 0.10341271781218102 0.311588453803463 0.1965547553864651 0.038138323386074556 0.13934740006829735 0.18858320954531171
195 0.15600712298257505 0.21483231969051003 0.559414126309396 0.16974986578350823 0.022983382443518628 -0.06892528920230331 0.023223273481383557 0.21305213511844726 0.11269236658206785 0.3942670995613808 0.91797061304799 0.2130521349359277 0.2222820799938004 0.3325451161532246 0.02298338250898818 0.15600712050940316 0.26535598500470325 0.016223345119814204 0.4153889108587709 0.21305213488867625
9 0.10097113595541392 0.6042766808382648 0.32082249985192457 0.22521724268801954 0.10810576860594717 0.04648036868260966 0.11020947697505236 0.09378698098512417 0.0898625671097518 0.5329728601580648 0.1822270629680931 0.09378698101176094 0.19502500173736353 0.6593331860283286 0.10810576888730304 0.10097113471148128 0.5354194283786641 0.0772699039669627 0.544089784695212 0.09378698104488353
134 0.2914921404265075 -0.0538322135747059 -0.07160974829490438 0.3671421733426519 0.19084153287285316 0.8049265743052471 0.4567030737725934 0.2704139479910346 0.4977666794549008 0.058544179949725425 -0.0825785443822131 0.2704139480226401 0.36090423053088955 0.020862095529946285 0.190841533233632 0.29149213544896513 -0.03690759485830958 0.269780987308054 0.11738240877590202 0.2704139473686611
147 0.2872628932570825 0.1611109992351328 0.3309469804994962 0.579905129697219 0.16637625016060634 0.25442687828871585 0.15770279006428464 0.25156127610695816 0.339167245719072 0.14811068905601224 0.24932584967447002 0.2515612761112192 0.8180018883924587 0.148277170926516 0.16637625022578897 0.2872628927644339 0.18771723041530028 0.1625697708895563 0.2765111619587806 0.25156127605931794
166 0.11381804493120626 0.006135540034083573 0.06483947537423279 0.2258081325021102 0.6642412502734033 0.3737586677593323 0.6027148852833983 0.12646476876462967 0.0710505783656047 0.015590063774419079 0.01778035424633808 0.12646476883119143 0.1663762502625792 0.035425964245340405 0.6642412507731819 0.11381804456772403 0.013467138604570694 0.6355697118014829 0.21636189824725355 0.12646476871609463
48 0.09348000722069953 0.6214057746366406 0.3584327728041732 0.1914073281365945 0.06895039807072725 -0.0025572514093474973 0.06917729170859936 0.0999165943729541 0.06788263153898758 0.5978018583980371 0.2821444748657748 0.09991659444032744 0.18770697648283688 0.7243049731783181 0.06895039817421474 0.09348000595420584 0.44013709975920573 0.04982003244556131 0.4293003058270283 0.09991659449080817
75 0.3129369051546911 -0.007286108976046932 -0.00046092584459567773 0.16214304219461975 0.37375866745360115 0.830000522138348 0.3694977350411175 0.3754254526188891 0.19797780170441942 0.0049487583645675005 -0.0505364708642937 0.37542545249395265 0.2544268782886998 0.01273553086563145 0.3737586678124843 0.31293690449945694 0.004068828711608839 0.37216699987045787 0.07035827968129361 0.37542545238488234
126 0.3129369051546911 -0.007286108976046932 -0.00046092584459567773 0.16214304219461975 0.37375866745360115 0.830000522138348 0.3694977350411175 0.3754254526188891 0.19797780170441942 0.0049487583645675005 -0.0505364708642937 0.37542545249395265 0.2544268782886998 0.01273553086563145 0.3737586678124843 0.31293690449945694 0.004068828711608839 0.37216699987045787 0.07035827968129361 0.37542545238488234
117 0.11381804493120626 0.006135540034083573 0.06483947537423279 0.2258081325021102 0.6642412502734033 0.3737586677593323 0.6027148852833983 0.12646476876462967 0.0710505783656047 0.015590063774419079 0.01778035424633808 0.12646476883119143 0.1663762502625792 0.035425964245340405 0.6642412507731819 0.11381804456772403 0.013467138604570694 0.6355697118014829 0.21636189824725355 0.12646476871609463
208 0.2919016229555502 0.26517439658041103 0.5376870528101285 0.15821684488175325 0.0937242611786212 0.053964962920159974 0.09665496177282555 0.3902245447388784 0.17847243598022308 0.40618496488750605 0.5403529777045043 0.3902245446382886 0.2263733387328205 0.3983386363175967 0.09372426129045629 0.2919016195207742 0.22386324422666184 0.07781870749294102 0.43401480960703237 0.39022454458230527
184 0.5081078720015378 0.00478051057576442 -0.18835846530849729 0.1294642671976506 0.12582860616436384 0.46727731389391636 0.07764174701563765 0.15214240848301813 0.905020123171864 0.04028062733951416 -0.03676806376361369 0.15214240879366367 0.23987363714187884 0.014680946934886236 0.1258286064539256 0.5081078663486001 -0.09114418108338103 -0.016769974126396123 -0.010271125736350821 0.15214240799559198
187 0.5081078720015378 0.00478051057576442 -0.18835846530849729 0.1294642671976506 0.12582860616436384 0.46727731389391636 0.07764174701563765 0.15214240848301813 0.905020123171864 0.04028062733951416 -0.03676806376361369 0.15214240879366367 0.23987363714187884 0.014680946934886236 0.1258286064539256 0.5081078663486001 -0.09114418108338103 -0.016769974126396123 -0.010271125736350821 0.15214240799559198
80 0.5081078720015378 0.00478051057576442 -0.18835846530849729 0.1294642671976506 0.12582860616436384 0.46727731389391636 0.07764174701563765 0.15214240848301813 0.905020123171864 0.04028062733951416 -0.03676806376361369 0.15214240879366367 0.23987363714187884 0.014680946934886236 0.1258286064539256 0.5081078663486001 -0.09114418108338103 -0.016769974126396123 -0.010271125736350821 0.15214240799559198
205 0.2872628932570825 0.1611109992351328 0.3309469804994962 0.579905129697219 0.16637625016060634 0.25442687828871585 0.15770279006428464 0.25156127610695816 0.339167245719072 0.14811068905601224 0.24932584967447002 0.2515612761112192 0.8180018883924587 0.148277170926516 0.16637625022578897 0.2872628927644339 0.18771723041530028 0.1625697708895563 0.2765111619587806 0.25156127605931794
64 0.28332756562050393 0.16681599126209334 0.3735031984489884 0.6269925763136474 0.1732991353188506 0.2477542600229819 0.14165270240448594 0.24995254828863311 0.33977065183830385 0.1752050650302773 0.23912597751261774 0.24995254806214617 0.7589134761937782 0.13149559569621727 0.17329913547837303 0.2833275670968687 0.15013418951303284 0.188839524082579 0.2809587069784468 0.2499525482883123
188 0.5081078720015378 0.00478051057576442 -0.18835846530849729 0.1294642671976506 0.12582860616436384 0.46727731389391636 0.07764174701563765 0.15214240848301813 0.905020123171864 0.04028062733951416 -0.03676806376361369 0.15214240879366367 0.23987363714187884 0.014680946934886236 0.1258286064539256 0.5081078663486001 -0.09114418108338103 -0.016769974126396123 -0.010271125736350821 0.15214240799559198
201 0.2945357802655517 -0.014728884353472431 -0.015399952851356688 0.1978740304581561 0.3374720443333222 0.8298356512571113 0.4100010602058397 0.37365753072396585 0.24466718796602518 0.01740071754756894 -0.05230582140612418 0.37365753065818846 0.27160566991985846 0.012525397680453935 0.33747204506967937 0.29453577905545403 -0.0036717374559505768 0.374522392156585 0.07134437257067543 0.3736575305430364
89 0.3129369051546911 -0.007286108976046932 -0.00046092584459567773 0.16214304219461975 0.37375866745360115 0.830000522138348 0.3694977350411175 0.3754254526188891 0.19797780170441942 0.0049487583645675005 -0.0505364708642937 0.37542545249395265 0.2544268782886998 0.01273553086563145 0.3737586678124843 0.31293690449945694 0.004068828711608839 0.37216699987045787 0.07035827968129361 0.37542545238488234
19 0.1266603647996823 0.5522495603104542 0.3578000739073822 0.2062338463756978 0.05391846541229477 0.06926954474011654 0.05581543621150654 0.13056237618833497 0.1405702623889519 0.54356203412815 0.21346991494926434 0.1305623760269969 0.20961128663353729 0.5211433622023177 0.053918465640071196 0.12666036440044592 0.6927931019452253 0.04988643124286712 0.5158810927999543 0.13056237623490918
68 0.5081078720015378 0.00478051057576442 -0.18835846530849729 0.1294642671976506 0.12582860616436384 0.46727731389391636 0.07764174701563765 0.15214240848301813 0.905020123171864 0.04028062733951416 -0.03676806376361369 0.15214240879366367 0.23987363714187884 0.014680946934886236 0.1258286064539256 0.5081078663486001 -0.09114418108338103 -0.016769974126396123 -0.010271125736350821 0.15214240799559198
69 0.5081078720015378 0.00478051057576442 -0.18835846530849729 0.1294642671976506 0.12582860616436384 0.46727731389391636 0.07764174701563765 0.15214240848301813 0.905020123171864 0.04028062733951416 -0.03676806376361369 0.15214240879366367 0.23987363714187884 0.014680946934886236 0.1258286064539256 0.5081078663486001 -0.09114418108338103 -0.016769974126396123 -0.010271125736350821 0.15214240799559198
52 0.09227596092854792 0.6189337851088956 0.3862528126148897 0.20038107146648015 0.06292757021934543 0.008457048524208895 0.05956454778367141 0.08015322669914465 0.08964106304932062 0.573967091976951 0.27021966447428786 0.08015322668718014 0.17777648626391673 0.7842965732403906 0.062927570313094 0.09227596001376205 0.44703822182711717 0.043852801005669156 0.33998774804723136 0.08015322681114802
10 0.08902951723541525 0.6935478126235929 0.29894612078843447 0.17056274331073426 0.07346401133334333 0.010853256234451918 0.0688652236200517 0.08699961512434663 0.06193763176000301 0.5726010504475527 0.20440984058818315 0.08699961509524985 0.185159835499485 0.7065367906591165 0.07346401149255062 0.08902951597523615 0.4899016129566269 0.03748623732520249 0.43856871236701833 0.08699961521499923
22 0.08258412519286217 0.7172940503725003 0.30153003432531145 0.17104466583965444 0.07517367899098192 0.013618365043243836 0.06347786458649363 0.07641061991662668 0.07009116965290502 0.5479820162305342 0.18968510919833154 0.07641061991632397 0.1662803575829971 0.8008322983324835 0.07517367926677264 0.08258412393669909 0.4238706609391501 0.0318588544110147 0.3483571313655386 0.0764106200785889
