id,x_0,x_1,x_2,x_3,x_4,x_5,x_6,x_7,x_8,x_9,x_10
0.0,4.423698758113675e-05,0.031115854958564393,2.220446049250313e-16,0.25512440463685226,0.4398160783959012,2.220446049250313e-16,0.026794769771687793,0.26921000436870995,0.7992568661264927,2.220446049250313e-16,2.220446049250313e-16
1.0,2.220446049250313e-16,2.220446049250313e-16,2.220446049250313e-16,0.7830316802747845,0.24999647034347444,0.17763336060981058,2.220446049250313e-16,0.19878976215146216,2.220446049250313e-16,2.220446049250313e-16,0.03246802147166562
2.0,0.4788767385481562,2.220446049250313e-16,0.07598124276088891,2.220446049250313e-16,0.29362897188117715,0.763897877564602,0.3353110806182147,2.220446049250313e-16,2.220446049250313e-16,0.4265007210472561,2.220446049250313e-16
3.0,2.220446049250313e-16,2.220446049250313e-16,2.220446049250313e-16,0.7445686608705337,2.220446049250313e-16,0.18545710175939883,2.220446049250313e-16,0.4334305363967417,2.220446049250313e-16,2.220446049250313e-16,0.04439494882807761
4.0,2.220446049250313e-16,0.0650722133276583,2.220446049250313e-16,0.10955342576422716,0.6828502264351001,0.18815742101583094,2.220446049250313e-16,0.2895339044605029,0.17934531316834848,2.220446049250313e-16,0.1382440449003653
5.0,2.220446049250313e-16,2.220446049250313e-16,2.220446049250313e-16,0.7445686608705337,2.220446049250313e-16,0.18545710175939883,2.220446049250313e-16,0.4334305363967417,2.220446049250313e-16,2.220446049250313e-16,0.04439494882807761
6.0,0.4788767385481562,2.220446049250313e-16,0.07598124276088891,2.220446049250313e-16,0.29362897188117715,0.763897877564602,0.3353110806182147,2.220446049250313e-16,2.220446049250313e-16,0.4265007210472561,2.220446049250313e-16
7.0,2.220446049250313e-16,2.220446049250313e-16,2.220446049250313e-16,0.7830316802747845,0.24999647034347444,0.17763336060981058,2.220446049250313e-16,0.19878976215146216,2.220446049250313e-16,2.220446049250313e-16,0.03246802147166562
8.0,0.00012557561358415061,0.025467654092349745,2.220446049250313e-16,0.2229118903449495,0.15653581346114842,2.220446049250313e-16,0.027267983914251635,0.5030297044666938,0.8165502722953227,2.220446049250313e-16,2.220446049250313e-16
9.0,2.220446049250313e-16,2.220446049250313e-16,2.220446049250313e-16,0.6500992518295801,2.220446049250313e-16,2.220446049250313e-16,0.07071493505839571,0.4473303623341514,0.07218473798479824,2.220446049250313e-16,0.14820785920912333
10.0,2.220446049250313e-16,0.0663006315591348,2.220446049250313e-16,2.220446049250313e-16,0.5681901145661717,0.19773002597315587,2.220446049250313e-16,0.305338363658338,0.1733101221879081,2.220446049250313e-16,0.2536102564931597
11.0,2.220446049250313e-16,2.220446049250313e-16,2.220446049250313e-16,0.6500992518295801,2.220446049250313e-16,2.220446049250313e-16,0.07071493505839571,0.4473303623341514,0.07218473798479824,2.220446049250313e-16,0.14820785920912333
12.0,2.220446049250313e-16,0.0650722133276583,2.220446049250313e-16,0.10955342576422716,0.6828502264351001,0.18815742101583094,2.220446049250313e-16,0.2895339044605029,0.17934531316834848,2.220446049250313e-16,0.1382440449003653
13.0,2.220446049250313e-16,2.220446049250313e-16,2.220446049250313e-16,0.7445686608705337,2.220446049250313e-16,0.18545710175939883,2.220446049250313e-16,0.4334305363967417,2.220446049250313e-16,2.220446049250313e-16,0.04439494882807761
14.0,0.47656100411441715,0.08433169069414037,0.15155803262017653,2.220446049250313e-16,0.004589399386982764,0.7497637888085029,0.33628397391466597,2.220446049250313e-16,2.220446049250313e-16,0.42650072104725606,2.220446049250313e-16
15.0,2.220446049250313e-16,2.220446049250313e-16,2.220446049250313e-16,0.2432019184464003,0.3736112812067022,0.20929166157721238,2.220446049250313e-16,2.220446049250313e-16,0.06462775826340382,0.4265007210472561,0.39130772272539677
16.0,0.47656100411441715,0.08433169069414037,0.15155803262017653,2.220446049250313e-16,0.004589399386982764,0.7497637888085029,0.33628397391466597,2.220446049250313e-16,2.220446049250313e-16,0.42650072104725606,2.220446049250313e-16
17.0,2.220446049250313e-16,2.220446049250313e-16,2.220446049250313e-16,0.7830316802747845,0.24999647034347444,0.17763336060981058,2.220446049250313e-16,0.19878976215146216,2.220446049250313e-16,2.220446049250313e-16,0.03246802147166562
18.0,0.00012557561358415061,0.025467654092349745,2.220446049250313e-16,0.2229118903449495,0.15653581346114842,2.220446049250313e-16,0.027267983914251635,0.5030297044666938,0.8165502722953227,2.220446049250313e-16,2.220446049250313e-16
19.0,2.220446049250313e-16,2.220446049250313e-16,2.220446049250313e-16,0.6500992518295801,2.220446049250313e-16,2.220446049250313e-16,0.07071493505839571,0.4473303623341514,0.07218473798479824,2.220446049250313e-16,0.14820785920912333
20.0,2.220446049250313e-16,0.0663006315591348,2.220446049250313e-16,2.220446049250313e-16,0.5681901145661717,0.19773002597315587,2.220446049250313e-16,0.305338363658338,0.1733101221879081,2.220446049250313e-16,0.2536102564931597
21.0,2.220446049250313e-16,2.220446049250313e-16,2.220446049250313e-16,0.6500992518295801,2.220446049250313e-16,2.220446049250313e-16,0.07071493505839571,0.4473303623341514,0.07218473798479824,2.220446049250313e-16,0.14820785920912333
22.0,2.220446049250313e-16,0.0650722133276583,2.220446049250313e-16,0.10955342576422716,0.6828502264351001,0.18815742101583094,2.220446049250313e-16,0.2895339044605029,0.17934531316834848,2.220446049250313e-16,0.1382440449003653
23.0,2.220446049250313e-16,2.220446049250313e-16,2.220446049250313e-16,0.7445686608705337,2.220446049250313e-16,0.18545710175939883,2.220446049250313e-16,0.4334305363967417,2.220446049250313e-16,2.220446049250313e-16,0.04439494882807761
24.0,0.4788767385481562,2.220446049250313e-16,0.07598124276088891,2.220446049250313e-16,0.29362897188117715,0.763897877564602,0.3353110806182147,2.220446049250313e-16,2.220446049250313e-16,0.4265007210472561,2.220446049250313e-16
25.0,2.220446049250313e-16,2.220446049250313e-16,2.220446049250313e-16,0.7830316802747845,0.24999647034347444,0.17763336060981058,2.220446049250313e-16,0.19878976215146216,2.220446049250313e-16,2.220446049250313e-16,0.03246802147166562
26.0,4.423698758113675e-05,0.031115854958564393,2.220446049250313e-16,0.25512440463685226,0.4398160783959012,2.220446049250313e-16,0.026794769771687793,0.26921000436870995,0.7992568661264927,2.220446049250313e-16,2.220446049250313e-16
27.0,2.220446049250313e-16,2.220446049250313e-16,2.220446049250313e-16,0.7830316802747845,0.24999647034347444,0.17763336060981058,2.220446049250313e-16,0.19878976215146216,2.220446049250313e-16,2.220446049250313e-16,0.03246802147166562
28.0,0.4788767385481562,2.220446049250313e-16,0.07598124276088891,2.220446049250313e-16,0.29362897188117715,0.763897877564602,0.3353110806182147,2.220446049250313e-16,2.220446049250313e-16,0.4265007210472561,2.220446049250313e-16
29.0,2.220446049250313e-16,2.220446049250313e-16,2.220446049250313e-16,0.7830316802747845,0.24999647034347444,0.17763336060981058,2.220446049250313e-16,0.19878976215146216,2.220446049250313e-16,2.220446049250313e-16,0.03246802147166562
30.0,4.423698758113675e-05,0.031115854958564393,2.220446049250313e-16,0.25512440463685226,0.4398160783959012,2.220446049250313e-16,0.026794769771687793,0.26921000436870995,0.7992568661264927,2.220446049250313e-16,2.220446049250313e-16
31.0,2.220446049250313e-16,2.220446049250313e-16,2.220446049250313e-16,0.7830316802747845,0.24999647034347444,0.17763336060981058,2.220446049250313e-16,0.19878976215146216,2.220446049250313e-16,2.220446049250313e-16,0.03246802147166562
32.0,0.47656100411441715,0.08433169069414037,0.15155803262017653,2.220446049250313e-16,0.004589399386982764,0.7497637888085029,0.33628397391466597,2.220446049250313e-16,2.220446049250313e-16,0.42650072104725606,2.220446049250313e-16
33.0,2.220446049250313e-16,2.220446049250313e-16,2.220446049250313e-16,0.2432019184464003,0.3736112812067022,0.20929166157721238,2.220446049250313e-16,2.220446049250313e-16,0.06462775826340382,0.4265007210472561,0.39130772272539677
34.0,0.47656100411441715,0.08433169069414037,0.15155803262017653,2.220446049250313e-16,0.004589399386982764,0.7497637888085029,0.33628397391466597,2.220446049250313e-16,2.220446049250313e-16,0.42650072104725606,2.220446049250313e-16
35.0,2.220446049250313e-16,2.220446049250313e-16,2.220446049250313e-16,0.7830316802747845,0.24999647034347444,0.17763336060981058,2.220446049250313e-16,0.19878976215146216,2.220446049250313e-16,2.220446049250313e-16,0.03246802147166562
36.0,0.00012557561358415061,0.025467654092349745,2.220446049250313e-16,0.2229118903449495,0.15653581346114842,2.220446049250313e-16,0.027267983914251635,0.5030297044666938,0.8165502722953227,2.220446049250313e-16,2.220446049250313e-16
37.0,2.220446049250313e-16,2.220446049250313e-16,2.220446049250313e-16,0.6500992518295801,2.220446049250313e-16,2.220446049250313e-16,0.07071493505839571,0.4473303623341514,0.07218473798479824,2.220446049250313e-16,0.14820785920912333
38.0,2.220446049250313e-16,0.0650722133276583,2.220446049250313e-16,0.10955342576422716,0.6828502264351001,0.18815742101583094,2.220446049250313e-16,0.2895339044605029,0.17934531316834848,2.220446049250313e-16,0.1382440449003653
39.0,2.220446049250313e-16,2.220446049250313e-16,2.220446049250313e-16,0.7445686608705337,2.220446049250313e-16,0.18545710175939883,2.220446049250313e-16,0.4334305363967417,2.220446049250313e-16,2.220446049250313e-16,0.04439494882807761
40.0,0.4788767385481562,2.220446049250313e-16,0.07598124276088891,2.220446049250313e-16,0.29362897188117715,0.763897877564602,0.3353110806182147,2.220446049250313e-16,2.220446049250313e-16,0.4265007210472561,2.220446049250313e-16
41.0,2.220446049250313e-16,2.220446049250313e-16,2.220446049250313e-16,0.7445686608705337,2.220446049250313e-16,0.18545710175939883,2.220446049250313e-16,0.4334305363967417,2.220446049250313e-16,2.220446049250313e-16,0.04439494882807761
42.0,2.220446049250313e-16,0.0650722133276583,2.220446049250313e-16,0.10955342576422716,0.6828502264351001,0.18815742101583094,2.220446049250313e-16,0.2895339044605029,0.17934531316834848,2.220446049250313e-16,0.1382440449003653
43.0,2.220446049250313e-16,2.220446049250313e-16,2.220446049250313e-16,0.7445686608705337,2.220446049250313e-16,0.18545710175939883,2.220446049250313e-16,0.4334305363967417,2.220446049250313e-16,2.220446049250313e-16,0.04439494882807761
44.0,0.47656100411441715,0.08433169069414037,0.15155803262017653,2.220446049250313e-16,0.004589399386982764,0.7497637888085029,0.33628397391466597,2.220446049250313e-16,2.220446049250313e-16,0.42650072104725606,2.220446049250313e-16
45.0,2.220446049250313e-16,2.220446049250313e-16,2.220446049250313e-16,0.2432019184464003,0.3736112812067022,0.20929166157721238,2.220446049250313e-16,2.220446049250313e-16,0.06462775826340382,0.4265007210472561,0.39130772272539677
46.0,0.47656100411441715,0.08433169069414037,0.15155803262017653,2.220446049250313e-16,0.004589399386982764,0.7497637888085029,0.33628397391466597,2.220446049250313e-16,2.220446049250313e-16,0.42650072104725606,2.220446049250313e-16
47.0,2.220446049250313e-16,2.220446049250313e-16,2.220446049250313e-16,0.7830316802747845,0.24999647034347444,0.17763336060981058,2.220446049250313e-16,0.19878976215146216,2.220446049250313e-16,2.220446049250313e-16,0.03246802147166562
48.0,0.00012557561358415061,0.025467654092349745,2.220446049250313e-16,0.2229118903449495,0.15653581346114842,2.220446049250313e-16,0.027267983914251635,0.5030297044666938,0.8165502722953227,2.220446049250313e-16,2.220446049250313e-16
49.0,2.220446049250313e-16,2.220446049250313e-16,2.220446049250313e-16,0.6500992518295801,2.220446049250313e-16,2.220446049250313e-16,0.07071493505839571,0.4473303623341514,0.07218473798479824,2.220446049250313e-16,0.14820785920912333
50.0,2.220446049250313e-16,0.0663006315591348,2.220446049250313e-16,2.220446049250313e-16,0.5681901145661717,0.19773002597315587,2.220446049250313e-16,0.305338363658338,0.1733101221879081,2.220446049250313e-16,0.2536102564931597
51.0,2.220446049250313e-16,2.220446049250313e-16,2.220446049250313e-16,0.6500992518295801,2.220446049250313e-16,2.220446049250313e-16,0.07071493505839571,0.4473303623341514,0.07218473798479824,2.220446049250313e-16,0.14820785920912333
52.0,2.220446049250313e-16,2.220446049250313e-16,2.220446049250313e-16,0.32553956837409354,0.275015834767917,2.220446049250313e-16,0.04121869866269629,0.4896333178816755,0.6013357161248883,2.220446049250313e-16,2.220446049250313e-16
53.0,2.220446049250313e-16,2.220446049250313e-16,2.220446049250313e-16,0.6500992518295801,2.220446049250313e-16,2.220446049250313e-16,0.07071493505839571,0.4473303623341514,0.07218473798479824,2.220446049250313e-16,0.14820785920912333
54.0,0.00012557561358415061,0.025467654092349745,2.220446049250313e-16,0.2229118903449495,0.15653581346114842,2.220446049250313e-16,0.027267983914251635,0.5030297044666938,0.8165502722953227,2.220446049250313e-16,2.220446049250313e-16
55.0,2.220446049250313e-16,2.220446049250313e-16,2.220446049250313e-16,0.7830316802747845,0.24999647034347444,0.17763336060981058,2.220446049250313e-16,0.19878976215146216,2.220446049250313e-16,2.220446049250313e-16,0.03246802147166562
56.0,0.47656100411441715,0.08433169069414037,0.15155803262017653,2.220446049250313e-16,0.004589399386982764,0.7497637888085029,0.33628397391466597,2.220446049250313e-16,2.220446049250313e-16,0.42650072104725606,2.220446049250313e-16
57.0,2.220446049250313e-16,2.220446049250313e-16,2.220446049250313e-16,0.2432019184464003,0.3736112812067022,0.20929166157721238,2.220446049250313e-16,2.220446049250313e-16,0.06462775826340382,0.4265007210472561,0.39130772272539677
58.0,0.47656100411441715,0.08433169069414037,0.15155803262017653,2.220446049250313e-16,0.004589399386982764,0.7497637888085029,0.33628397391466597,2.220446049250313e-16,2.220446049250313e-16,0.42650072104725606,2.220446049250313e-16
59.0,2.220446049250313e-16,2.220446049250313e-16,2.220446049250313e-16,0.7830316802747845,0.24999647034347444,0.17763336060981058,2.220446049250313e-16,0.19878976215146216,2.220446049250313e-16,2.220446049250313e-16,0.03246802147166562
60.0,0.25398894900626334,2.220446049250313e-16,0.22262657314337753,2.220446049250313e-16,0.005321383651495608,0.7179228596506066,0.33847568411721546,0.49727817982129063,2.220446049250313e-16,2.220446049250313e-16,2.220446049250313e-16
61.0,2.220446049250313e-16,2.220446049250313e-16,2.220446049250313e-16,0.5555860745217021,0.536782546291644,2.220446049250313e-16,0.4636002969943696,2.220446049250313e-16,0.08559011677093377,0.42650072104725617,2.220446049250313e-16
62.0,2.220446049250313e-16,2.220446049250313e-16,2.220446049250313e-16,0.5555860745217021,0.536782546291644,2.220446049250313e-16,0.4636002969943696,2.220446049250313e-16,0.08559011677093377,0.42650072104725617,2.220446049250313e-16
63.0,0.48239297614953114,0.04779169258674995,2.220446049250313e-16,2.220446049250313e-16,2.220446049250313e-16,0.005292227413489289,0.4381427796619686,0.48092406692978124,0.7283157955145422,2.220446049250313e-16,0.02564738648228946
64.0,0.48239297614953114,0.04779169258674995,2.220446049250313e-16,2.220446049250313e-16,2.220446049250313e-16,0.005292227413489289,0.4381427796619686,0.48092406692978124,0.7283157955145422,2.220446049250313e-16,0.02564738648228946
65.0,2.220446049250313e-16,2.220446049250313e-16,2.220446049250313e-16,0.8189682252357293,0.24437560927773144,2.220446049250313e-16,0.05980102761426991,0.19403311322016256,0.06887793667732905,2.220446049250313e-16,0.02073844185303818
66.0,2.220446049250313e-16,0.12146036960552406,0.9063618354651608,2.220446049250313e-16,2.220446049250313e-16,0.19250768416419553,2.220446049250313e-16,2.220446049250313e-16,2.220446049250313e-16,2.220446049250313e-16,0.02458352807693407
67.0,2.220446049250313e-16,0.12146036960552406,0.9063618354651608,2.220446049250313e-16,2.220446049250313e-16,0.19250768416419553,2.220446049250313e-16,2.220446049250313e-16,2.220446049250313e-16,2.220446049250313e-16,0.02458352807693407
68.0,0.46172547325803365,0.8744602634854748,0.05538000244458089,2.220446049250313e-16,2.220446049250313e-16,2.220446049250313e-16,2.220446049250313e-16,2.220446049250313e-16,0.13869781445157836,2.220446049250313e-16,2.220446049250313e-16
69.0,0.46172547325803365,0.8744602634854748,0.05538000244458089,2.220446049250313e-16,2.220446049250313e-16,2.220446049250313e-16,2.220446049250313e-16,2.220446049250313e-16,0.13869781445157836,2.220446049250313e-16,2.220446049250313e-16
70.0,2.220446049250313e-16,0.10115419606068622,0.5693060888778224,0.12170177396294332,2.220446049250313e-16,0.08959069574713784,2.220446049250313e-16,0.4794572933605023,2.220446049250313e-16,2.220446049250313e-16,2.220446049250313e-16
71.0,2.220446049250313e-16,2.220446049250313e-16,0.013269968234113864,0.02721299055423032,2.220446049250313e-16,2.220446049250313e-16,2.220446049250313e-16,2.220446049250313e-16,0.0210093545942325,2.220446049250313e-16,0.7994905734802531
72.0,2.220446049250313e-16,2.220446049250313e-16,0.013269968234113864,0.02721299055423032,2.220446049250313e-16,2.220446049250313e-16,2.220446049250313e-16,2.220446049250313e-16,0.0210093545942325,2.220446049250313e-16,0.7994905734802531
73.0,2.220446049250313e-16,2.220446049250313e-16,0.013269968234113864,0.02721299055423032,2.220446049250313e-16,2.220446049250313e-16,2.220446049250313e-16,2.220446049250313e-16,0.0210093545942325,2.220446049250313e-16,0.7994905734802531
74.0,2.220446049250313e-16,2.220446049250313e-16,0.013269968234113864,0.02721299055423032,2.220446049250313e-16,2.220446049250313e-16,2.220446049250313e-16,2.220446049250313e-16,0.0210093545942325,2.220446049250313e-16,0.7994905734802531
75.0,2.220446049250313e-16,2.220446049250313e-16,0.013269968234113864,0.02721299055423032,2.220446049250313e-16,2.220446049250313e-16,2.220446049250313e-16,2.220446049250313e-16,0.0210093545942325,2.220446049250313e-16,0.7994905734802531
76.0,2.220446049250313e-16,2.220446049250313e-16,0.013269968234113864,0.02721299055423032,2.220446049250313e-16,2.220446049250313e-16,2.220446049250313e-16,2.220446049250313e-16,0.0210093545942325,2.220446049250313e-16,0.7994905734802531
77.0,2.220446049250313e-16,0.12146036960552406,0.9063618354651608,2.220446049250313e-16,2.220446049250313e-16,0.19250768416419553,2.220446049250313e-16,2.220446049250313e-16,2.220446049250313e-16,2.220446049250313e-16,0.02458352807693407
78.0,2.220446049250313e-16,0.12146036960552406,0.9063618354651608,2.220446049250313e-16,2.220446049250313e-16,0.19250768416419553,2.220446049250313e-16,2.220446049250313e-16,2.220446049250313e-16,2.220446049250313e-16,0.02458352807693407
79.0,0.46172547325803365,0.8744602634854748,0.05538000244458089,2.220446049250313e-16,2.220446049250313e-16,2.220446049250313e-16,2.220446049250313e-16,2.220446049250313e-16,0.13869781445157836,2.220446049250313e-16,2.220446049250313e-16
80.0,0.46172547325803365,0.8744602634854748,0.05538000244458089,2.220446049250313e-16,2.220446049250313e-16,2.220446049250313e-16,2.220446049250313e-16,2.220446049250313e-16,0.13869781445157836,2.220446049250313e-16,2.220446049250313e-16
81.0,0.25398894900626334,2.220446049250313e-16,0.22262657314337753,2.220446049250313e-16,0.005321383651495608,0.7179228596506066,0.33847568411721546,0.49727817982129063,2.220446049250313e-16,2.220446049250313e-16,2.220446049250313e-16
82.0,2.220446049250313e-16,2.220446049250313e-16,2.220446049250313e-16,0.5555860745217021,0.536782546291644,2.220446049250313e-16,0.4636002969943696,2.220446049250313e-16,0.08559011677093377,0.42650072104725617,2.220446049250313e-16
83.0,2.220446049250313e-16,2.220446049250313e-16,2.220446049250313e-16,0.5555860745217021,0.536782546291644,2.220446049250313e-16,0.4636002969943696,2.220446049250313e-16,0.08559011677093377,0.42650072104725617,2.220446049250313e-16
84.0,0.48239297614953114,0.04779169258674995,2.220446049250313e-16,2.220446049250313e-16,2.220446049250313e-16,0.005292227413489289,0.4381427796619686,0.48092406692978124,0.7283157955145422,2.220446049250313e-16,0.02564738648228946
85.0,0.48239297614953114,0.04779169258674995,2.220446049250313e-16,2.220446049250313e-16,2.220446049250313e-16,0.005292227413489289,0.4381427796619686,0.48092406692978124,0.7283157955145422,2.220446049250313e-16,0.02564738648228946
86.0,2.220446049250313e-16,2.220446049250313e-16,2.220446049250313e-16,0.8189682252357293,0.24437560927773144,2.220446049250313e-16,0.05980102761426991,0.19403311322016256,0.06887793667732905,2.220446049250313e-16,0.02073844185303818
87.0,2.220446049250313e-16,0.10115419606068622,0.5693060888778224,0.12170177396294332,2.220446049250313e-16,0.08959069574713784,2.220446049250313e-16,0.4794572933605023,2.220446049250313e-16,2.220446049250313e-16,2.220446049250313e-16
88.0,2.220446049250313e-16,2.220446049250313e-16,0.013269968234113864,0.02721299055423032,2.220446049250313e-16,2.220446049250313e-16,2.220446049250313e-16,2.220446049250313e-16,0.0210093545942325,2.220446049250313e-16,0.7994905734802531
89.0,2.220446049250313e-16,2.220446049250313e-16,0.013269968234113864,0.02721299055423032,2.220446049250313e-16,2.220446049250313e-16,2.220446049250313e-16,2.220446049250313e-16,0.0210093545942325,2.220446049250313e-16,0.7994905734802531
90.0,2.220446049250313e-16,2.220446049250313e-16,0.013269968234113864,0.02721299055423032,2.220446049250313e-16,2.220446049250313e-16,2.220446049250313e-16,2.220446049250313e-16,0.0210093545942325,2.220446049250313e-16,0.7994905734802531
91.0,2.220446049250313e-16,2.220446049250313e-16,0.013269968234113864,0.02721299055423032,2.220446049250313e-16,2.220446049250313e-16,2.220446049250313e-16,2.220446049250313e-16,0.0210093545942325,2.220446049250313e-16,0.7994905734802531
92.0,2.220446049250313e-16,2.220446049250313e-16,0.013269968234113864,0.02721299055423032,2.220446049250313e-16,2.220446049250313e-16,2.220446049250313e-16,2.220446049250313e-16,0.0210093545942325,2.220446049250313e-16,0.7994905734802531
93.0,2.220446049250313e-16,2.220446049250313e-16,0.013269968234113864,0.02721299055423032,2.220446049250313e-16,2.220446049250313e-16,2.220446049250313e-16,2.220446049250313e-16,0.0210093545942325,2.220446049250313e-16,0.7994905734802531
94.0,2.220446049250313e-16,0.10115419606068622,0.5693060888778224,0.12170177396294332,2.220446049250313e-16,0.08959069574713784,2.220446049250313e-16,0.4794572933605023,2.220446049250313e-16,2.220446049250313e-16,2.220446049250313e-16
95.0,2.220446049250313e-16,2.220446049250313e-16,0.013269968234113864,0.02721299055423032,2.220446049250313e-16,2.220446049250313e-16,2.220446049250313e-16,2.220446049250313e-16,0.0210093545942325,2.220446049250313e-16,0.7994905734802531
96.0,2.220446049250313e-16,2.220446049250313e-16,0.013269968234113864,0.02721299055423032,2.220446049250313e-16,2.220446049250313e-16,2.220446049250313e-16,2.220446049250313e-16,0.0210093545942325,2.220446049250313e-16,0.7994905734802531
97.0,2.220446049250313e-16,2.220446049250313e-16,0.013269968234113864,0.02721299055423032,2.220446049250313e-16,2.220446049250313e-16,2.220446049250313e-16,2.220446049250313e-16,0.0210093545942325,2.220446049250313e-16,0.7994905734802531
98.0,2.220446049250313e-16,2.220446049250313e-16,0.013269968234113864,0.02721299055423032,2.220446049250313e-16,2.220446049250313e-16,2.220446049250313e-16,2.220446049250313e-16,0.0210093545942325,2.220446049250313e-16,0.7994905734802531
99.0,2.220446049250313e-16,2.220446049250313e-16,0.013269968234113864,0.02721299055423032,2.220446049250313e-16,2.220446049250313e-16,2.220446049250313e-16,2.220446049250313e-16,0.0210093545942325,2.220446049250313e-16,0.7994905734802531
100.0,2.220446049250313e-16,2.220446049250313e-16,0.013269968234113864,0.02721299055423032,2.220446049250313e-16,2.220446049250313e-16,2.220446049250313e-16,2.220446049250313e-16,0.0210093545942325,2.220446049250313e-16,0.7994905734802531
101.0,2.220446049250313e-16,0.12146036960552406,0.9063618354651608,2.220446049250313e-16,2.220446049250313e-16,0.19250768416419553,2.220446049250313e-16,2.220446049250313e-16,2.220446049250313e-16,2.220446049250313e-16,0.02458352807693407
102.0,2.220446049250313e-16,0.12146036960552406,0.9063618354651608,2.220446049250313e-16,2.220446049250313e-16,0.19250768416419553,2.220446049250313e-16,2.220446049250313e-16,2.220446049250313e-16,2.220446049250313e-16,0.02458352807693407
103.0,0.46172547325803365,0.8744602634854748,0.05538000244458089,2.220446049250313e-16,2.220446049250313e-16,2.220446049250313e-16,2.220446049250313e-16,2.220446049250313e-16,0.13869781445157836,2.220446049250313e-16,2.220446049250313e-16
104.0,0.46172547325803365,0.8744602634854748,0.05538000244458089,2.220446049250313e-16,2.220446049250313e-16,2.220446049250313e-16,2.220446049250313e-16,2.220446049250313e-16,0.13869781445157836,2.220446049250313e-16,2.220446049250313e-16
105.0,2.220446049250313e-16,0.12146036960552406,0.9063618354651608,2.220446049250313e-16,2.220446049250313e-16,0.19250768416419553,2.220446049250313e-16,2.220446049250313e-16,2.220446049250313e-16,2.220446049250313e-16,0.02458352807693407
106.0,2.220446049250313e-16,0.12146036960552406,0.9063618354651608,2.220446049250313e-16,2.220446049250313e-16,0.19250768416419553,2.220446049250313e-16,2.220446049250313e-16,2.220446049250313e-16,2.220446049250313e-16,0.02458352807693407
107.0,0.46172547325803365,0.8744602634854748,0.05538000244458089,2.220446049250313e-16,2.220446049250313e-16,2.220446049250313e-16,2.220446049250313e-16,2.220446049250313e-16,0.13869781445157836,2.220446049250313e-16,2.220446049250313e-16
108.0,0.46172547325803365,0.8744602634854748,0.05538000244458089,2.220446049250313e-16,2.220446049250313e-16,2.220446049250313e-16,2.220446049250313e-16,2.220446049250313e-16,0.13869781445157836,2.220446049250313e-16,2.220446049250313e-16
109.0,0.25398894900626334,2.220446049250313e-16,0.22262657314337753,2.220446049250313e-16,0.005321383651495608,0.7179228596506066,0.33847568411721546,0.49727817982129063,2.220446049250313e-16,2.220446049250313e-16,2.220446049250313e-16
110.0,2.220446049250313e-16,2.220446049250313e-16,2.220446049250313e-16,0.5555860745217021,0.536782546291644,2.220446049250313e-16,0.4636002969943696,2.220446049250313e-16,0.08559011677093377,0.42650072104725617,2.220446049250313e-16
111.0,2.220446049250313e-16,2.220446049250313e-16,2.220446049250313e-16,0.5555860745217021,0.536782546291644,2.220446049250313e-16,0.4636002969943696,2.220446049250313e-16,0.08559011677093377,0.42650072104725617,2.220446049250313e-16
112.0,0.48239297614953114,0.04779169258674995,2.220446049250313e-16,2.220446049250313e-16,2.220446049250313e-16,0.005292227413489289,0.4381427796619686,0.48092406692978124,0.7283157955145422,2.220446049250313e-16,0.02564738648228946
113.0,0.48239297614953114,0.04779169258674995,2.220446049250313e-16,2.220446049250313e-16,2.220446049250313e-16,0.005292227413489289,0.4381427796619686,0.48092406692978124,0.7283157955145422,2.220446049250313e-16,0.02564738648228946
114.0,2.220446049250313e-16,2.220446049250313e-16,2.220446049250313e-16,0.8189682252357293,0.24437560927773144,2.220446049250313e-16,0.05980102761426991,0.19403311322016256,0.06887793667732905,2.220446049250313e-16,0.02073844185303818
115.0,2.220446049250313e-16,0.10115419606068622,0.5693060888778224,0.12170177396294332,2.220446049250313e-16,0.08959069574713784,2.220446049250313e-16,0.4794572933605023,2.220446049250313e-16,2.220446049250313e-16,2.220446049250313e-16
116.0,2.220446049250313e-16,2.220446049250313e-16,0.013269968234113864,0.02721299055423032,2.220446049250313e-16,2.220446049250313e-16,2.220446049250313e-16,2.220446049250313e-16,0.0210093545942325,2.220446049250313e-16,0.7994905734802531
117.0,2.220446049250313e-16,2.220446049250313e-16,0.013269968234113864,0.02721299055423032,2.220446049250313e-16,2.220446049250313e-16,2.220446049250313e-16,2.220446049250313e-16,0.0210093545942325,2.220446049250313e-16,0.7994905734802531
118.0,2.220446049250313e-16,2.220446049250313e-16,0.013269968234113864,0.02721299055423032,2.220446049250313e-16,2.220446049250313e-16,2.220446049250313e-16,2.220446049250313e-16,0.0210093545942325,2.220446049250313e-16,0.7994905734802531
119.0,2.220446049250313e-16,2.220446049250313e-16,0.013269968234113864,0.02721299055423032,2.220446049250313e-16,2.220446049250313e-16,2.220446049250313e-16,2.220446049250313e-16,0.0210093545942325,2.220446049250313e-16,0.7994905734802531
120.0,2.220446049250313e-16,2.220446049250313e-16,0.013269968234113864,0.02721299055423032,2.220446049250313e-16,2.220446049250313e-16,2.220446049250313e-16,2.220446049250313e-16,0.0210093545942325,2.220446049250313e-16,0.7994905734802531
121.0,2.220446049250313e-16,2.220446049250313e-16,0.013269968234113864,0.02721299055423032,2.220446049250313e-16,2.220446049250313e-16,2.220446049250313e-16,2.220446049250313e-16,0.0210093545942325,2.220446049250313e-16,0.7994905734802531
122.0,2.220446049250313e-16,0.10115419606068622,0.5693060888778224,0.12170177396294332,2.220446049250313e-16,0.08959069574713784,2.220446049250313e-16,0.4794572933605023,2.220446049250313e-16,2.220446049250313e-16,2.220446049250313e-16
123.0,2.220446049250313e-16,2.220446049250313e-16,0.013269968234113864,0.02721299055423032,2.220446049250313e-16,2.220446049250313e-16,2.220446049250313e-16,2.220446049250313e-16,0.0210093545942325,2.220446049250313e-16,0.7994905734802531
124.0,2.220446049250313e-16,2.220446049250313e-16,0.013269968234113864,0.02721299055423032,2.220446049250313e-16,2.220446049250313e-16,2.220446049250313e-16,2.220446049250313e-16,0.0210093545942325,2.220446049250313e-16,0.7994905734802531
125.0,2.220446049250313e-16,2.220446049250313e-16,0.013269968234113864,0.02721299055423032,2.220446049250313e-16,2.220446049250313e-16,2.220446049250313e-16,2.220446049250313e-16,0.0210093545942325,2.220446049250313e-16,0.7994905734802531
126.0,2.220446049250313e-16,2.220446049250313e-16,0.013269968234113864,0.02721299055423032,2.220446049250313e-16,2.220446049250313e-16,2.220446049250313e-16,2.220446049250313e-16,0.0210093545942325,2.220446049250313e-16,0.7994905734802531
127.0,2.220446049250313e-16,2.220446049250313e-16,0.013269968234113864,0.02721299055423032,2.220446049250313e-16,2.220446049250313e-16,2.220446049250313e-16,2.220446049250313e-16,0.0210093545942325,2.220446049250313e-16,0.7994905734802531
128.0,2.220446049250313e-16,2.220446049250313e-16,0.013269968234113864,0.02721299055423032,2.220446049250313e-16,2.220446049250313e-16,2.220446049250313e-16,2.220446049250313e-16,0.0210093545942325,2.220446049250313e-16,0.7994905734802531
129.0,2.220446049250313e-16,0.12146036960552406,0.9063618354651608,2.220446049250313e-16,2.220446049250313e-16,0.19250768416419553,2.220446049250313e-16,2.220446049250313e-16,2.220446049250313e-16,2.220446049250313e-16,0.02458352807693407
130.0,2.220446049250313e-16,0.12146036960552406,0.9063618354651608,2.220446049250313e-16,2.220446049250313e-16,0.19250768416419553,2.220446049250313e-16,2.220446049250313e-16,2.220446049250313e-16,2.220446049250313e-16,0.02458352807693407
131.0,0.46172547325803365,0.8744602634854748,0.05538000244458089,2.220446049250313e-16,2.220446049250313e-16,2.220446049250313e-16,2.220446049250313e-16,2.220446049250313e-16,0.13869781445157836,2.220446049250313e-16,2.220446049250313e-16
132.0,0.46172547325803365,0.8744602634854748,0.05538000244458089,2.220446049250313e-16,2.220446049250313e-16,2.220446049250313e-16,2.220446049250313e-16,2.220446049250313e-16,0.13869781445157836,2.220446049250313e-16,2.220446049250313e-16
133.0,0.25398894900626334,2.220446049250313e-16,0.22262657314337753,2.220446049250313e-16,0.005321383651495608,0.7179228596506066,0.33847568411721546,0.49727817982129063,2.220446049250313e-16,2.220446049250313e-16,2.220446049250313e-16
134.0,2.220446049250313e-16,2.220446049250313e-16,2.220446049250313e-16,0.5555860745217021,0.536782546291644,2.220446049250313e-16,0.4636002969943696,2.220446049250313e-16,0.08559011677093377,0.42650072104725617,2.220446049250313e-16
135.0,2.220446049250313e-16,2.220446049250313e-16,2.220446049250313e-16,0.5555860745217021,0.536782546291644,2.220446049250313e-16,0.4636002969943696,2.220446049250313e-16,0.08559011677093377,0.42650072104725617,2.220446049250313e-16
136.0,0.48239297614953114,0.04779169258674995,2.220446049250313e-16,2.220446049250313e-16,2.220446049250313e-16,0.005292227413489289,0.4381427796619686,0.48092406692978124,0.7283157955145422,2.220446049250313e-16,0.02564738648228946
137.0,0.48239297614953114,0.04779169258674995,2.220446049250313e-16,2.220446049250313e-16,2.220446049250313e-16,0.005292227413489289,0.4381427796619686,0.48092406692978124,0.7283157955145422,2.220446049250313e-16,0.02564738648228946
138.0,2.220446049250313e-16,2.220446049250313e-16,2.220446049250313e-16,0.8189682252357293,0.24437560927773144,2.220446049250313e-16,0.05980102761426991,0.19403311322016256,0.06887793667732905,2.220446049250313e-16,0.02073844185303818
139.0,2.220446049250313e-16,0.12146036960552406,0.9063618354651608,2.220446049250313e-16,2.220446049250313e-16,0.19250768416419553,2.220446049250313e-16,2.220446049250313e-16,2.220446049250313e-16,2.220446049250313e-16,0.02458352807693407
140.0,2.220446049250313e-16,0.12146036960552406,0.9063618354651608,2.220446049250313e-16,2.220446049250313e-16,0.19250768416419553,2.220446049250313e-16,2.220446049250313e-16,2.220446049250313e-16,2.220446049250313e-16,0.02458352807693407
141.0,0.46172547325803365,0.8744602634854748,0.05538000244458089,2.220446049250313e-16,2.220446049250313e-16,2.220446049250313e-16,2.220446049250313e-16,2.220446049250313e-16,0.13869781445157836,2.220446049250313e-16,2.220446049250313e-16
142.0,0.46172547325803365,0.8744602634854748,0.05538000244458089,2.220446049250313e-16,2.220446049250313e-16,2.220446049250313e-16,2.220446049250313e-16,2.220446049250313e-16,0.13869781445157836,2.220446049250313e-16,2.220446049250313e-16
143.0,0.25398894900626334,2.220446049250313e-16,0.22262657314337753,2.220446049250313e-16,0.005321383651495608,0.7179228596506066,0.33847568411721546,0.49727817982129063,2.220446049250313e-16,2.220446049250313e-16,2.220446049250313e-16
144.0,2.220446049250313e-16,2.220446049250313e-16,2.220446049250313e-16,0.5555860745217021,0.536782546291644,2.220446049250313e-16,0.4636002969943696,2.220446049250313e-16,0.08559011677093377,0.42650072104725617,2.220446049250313e-16
145.0,2.220446049250313e-16,2.220446049250313e-16,2.220446049250313e-16,0.5555860745217021,0.536782546291644,2.220446049250313e-16,0.4636002969943696,2.220446049250313e-16,0.08559011677093377,0.42650072104725617,2.220446049250313e-16
146.0,0.48239297614953114,0.04779169258674995,2.220446049250313e-16,2.220446049250313e-16,2.220446049250313e-16,0.005292227413489289,0.4381427796619686,0.48092406692978124,0.7283157955145422,2.220446049250313e-16,0.02564738648228946
147.0,0.48239297614953114,0.04779169258674995,2.220446049250313e-16,2.220446049250313e-16,2.220446049250313e-16,0.005292227413489289,0.4381427796619686,0.48092406692978124,0.7283157955145422,2.220446049250313e-16,0.02564738648228946
148.0,2.220446049250313e-16,2.220446049250313e-16,2.220446049250313e-16,0.8189682252357293,0.24437560927773144,2.220446049250313e-16,0.05980102761426991,0.19403311322016256,0.06887793667732905,2.220446049250313e-16,0.02073844185303818
149.0,2.220446049250313e-16,0.12146036960552406,0.9063618354651608,2.220446049250313e-16,2.220446049250313e-16,0.19250768416419553,2.220446049250313e-16,2.220446049250313e-16,2.220446049250313e-16,2.220446049250313e-16,0.02458352807693407
150.0,2.220446049250313e-16,0.12146036960552406,0.9063618354651608,2.220446049250313e-16,2.220446049250313e-16,0.19250768416419553,2.220446049250313e-16,2.220446049250313e-16,2.220446049250313e-16,2.220446049250313e-16,0.02458352807693407
151.0,0.46172547325803365,0.8744602634854748,0.05538000244458089,2.220446049250313e-16,2.220446049250313e-16,2.220446049250313e-16,2.220446049250313e-16,2.220446049250313e-16,0.13869781445157836,2.220446049250313e-16,2.220446049250313e-16
152.0,0.46172547325803365,0.8744602634854748,0.05538000244458089,2.220446049250313e-16,2.220446049250313e-16,2.220446049250313e-16,2.220446049250313e-16,2.220446049250313e-16,0.13869781445157836,2.220446049250313e-16,2.220446049250313e-16
153.0,2.220446049250313e-16,0.12146036960552406,0.9063618354651608,2.220446049250313e-16,2.220446049250313e-16,0.19250768416419553,2.220446049250313e-16,2.220446049250313e-16,2.220446049250313e-16,2.220446049250313e-16,0.02458352807693407
154.0,2.220446049250313e-16,0.12146036960552406,0.9063618354651608,2.220446049250313e-16,2.220446049250313e-16,0.19250768416419553,2.220446049250313e-16,2.220446049250313e-16,2.220446049250313e-16,2.220446049250313e-16,0.02458352807693407
155.0,0.46172547325803365,0.8744602634854748,0.05538000244458089,2.220446049250313e-16,2.220446049250313e-16,2.220446049250313e-16,2.220446049250313e-16,2.220446049250313e-16,0.13869781445157836,2.220446049250313e-16,2.220446049250313e-16
156.0,0.46172547325803365,0.8744602634854748,0.05538000244458089,2.220446049250313e-16,2.220446049250313e-16,2.220446049250313e-16,2.220446049250313e-16,2.220446049250313e-16,0.13869781445157836,2.220446049250313e-16,2.220446049250313e-16
157.0,0.25398894900626334,2.220446049250313e-16,0.22262657314337753,2.220446049250313e-16,0.005321383651495608,0.7179228596506066,0.33847568411721546,0.49727817982129063,2.220446049250313e-16,2.220446049250313e-16,2.220446049250313e-16
158.0,2.220446049250313e-16,2.220446049250313e-16,2.220446049250313e-16,0.5555860745217021,0.536782546291644,2.220446049250313e-16,0.4636002969943696,2.220446049250313e-16,0.08559011677093377,0.42650072104725617,2.220446049250313e-16
159.0,2.220446049250313e-16,2.220446049250313e-16,2.220446049250313e-16,0.5555860745217021,0.536782546291644,2.220446049250313e-16,0.4636002969943696,2.220446049250313e-16,0.08559011677093377,0.42650072104725617,2.220446049250313e-16
160.0,0.48239297614953114,0.04779169258674995,2.220446049250313e-16,2.220446049250313e-16,2.220446049250313e-16,0.005292227413489289,0.4381427796619686,0.48092406692978124,0.7283157955145422,2.220446049250313e-16,0.02564738648228946
161.0,0.48239297614953114,0.04779169258674995,2.220446049250313e-16,2.220446049250313e-16,2.220446049250313e-16,0.005292227413489289,0.4381427796619686,0.48092406692978124,0.7283157955145422,2.220446049250313e-16,0.02564738648228946
162.0,2.220446049250313e-16,2.220446049250313e-16,2.220446049250313e-16,0.8189682252357293,0.24437560927773144,2.220446049250313e-16,0.05980102761426991,0.19403311322016256,0.06887793667732905,2.220446049250313e-16,0.02073844185303818
163.0,2.220446049250313e-16,0.10115419606068622,0.5693060888778224,0.12170177396294332,2.220446049250313e-16,0.08959069574713784,2.220446049250313e-16,0.4794572933605023,2.220446049250313e-16,2.220446049250313e-16,2.220446049250313e-16
164.0,2.220446049250313e-16,2.220446049250313e-16,0.013269968234113864,0.02721299055423032,2.220446049250313e-16,2.220446049250313e-16,2.220446049250313e-16,2.220446049250313e-16,0.0210093545942325,2.220446049250313e-16,0.7994905734802531
165.0,2.220446049250313e-16,2.220446049250313e-16,0.013269968234113864,0.02721299055423032,2.220446049250313e-16,2.220446049250313e-16,2.220446049250313e-16,2.220446049250313e-16,0.0210093545942325,2.220446049250313e-16,0.7994905734802531
166.0,2.220446049250313e-16,2.220446049250313e-16,0.013269968234113864,0.02721299055423032,2.220446049250313e-16,2.220446049250313e-16,2.220446049250313e-16,2.220446049250313e-16,0.0210093545942325,2.220446049250313e-16,0.7994905734802531
167.0,2.220446049250313e-16,2.220446049250313e-16,0.013269968234113864,0.02721299055423032,2.220446049250313e-16,2.220446049250313e-16,2.220446049250313e-16,2.220446049250313e-16,0.0210093545942325,2.220446049250313e-16,0.7994905734802531
168.0,2.220446049250313e-16,2.220446049250313e-16,0.013269968234113864,0.02721299055423032,2.220446049250313e-16,2.220446049250313e-16,2.220446049250313e-16,2.220446049250313e-16,0.0210093545942325,2.220446049250313e-16,0.7994905734802531
169.0,2.220446049250313e-16,2.220446049250313e-16,0.013269968234113864,0.02721299055423032,2.220446049250313e-16,2.220446049250313e-16,2.220446049250313e-16,2.220446049250313e-16,0.0210093545942325,2.220446049250313e-16,0.7994905734802531
170.0,2.220446049250313e-16,0.12146036960552406,0.9063618354651608,2.220446049250313e-16,2.220446049250313e-16,0.19250768416419553,2.220446049250313e-16,2.220446049250313e-16,2.220446049250313e-16,2.220446049250313e-16,0.02458352807693407
171.0,2.220446049250313e-16,0.12146036960552406,0.9063618354651608,2.220446049250313e-16,2.220446049250313e-16,0.19250768416419553,2.220446049250313e-16,2.220446049250313e-16,2.220446049250313e-16,2.220446049250313e-16,0.02458352807693407
172.0,0.46172547325803365,0.8744602634854748,0.05538000244458089,2.220446049250313e-16,2.220446049250313e-16,2.220446049250313e-16,2.220446049250313e-16,2.220446049250313e-16,0.13869781445157836,2.220446049250313e-16,2.220446049250313e-16
173.0,0.46172547325803365,0.8744602634854748,0.05538000244458089,2.220446049250313e-16,2.220446049250313e-16,2.220446049250313e-16,2.220446049250313e-16,2.220446049250313e-16,0.13869781445157836,2.220446049250313e-16,2.220446049250313e-16
174.0,2.220446049250313e-16,0.10115419606068622,0.5693060888778224,0.12170177396294332,2.220446049250313e-16,0.08959069574713784,2.220446049250313e-16,0.4794572933605023,2.220446049250313e-16,2.220446049250313e-16,2.220446049250313e-16
175.0,2.220446049250313e-16,2.220446049250313e-16,0.013269968234113864,0.02721299055423032,2.220446049250313e-16,2.220446049250313e-16,2.220446049250313e-16,2.220446049250313e-16,0.0210093545942325,2.220446049250313e-16,0.7994905734802531
176.0,2.220446049250313e-16,2.220446049250313e-16,0.013269968234113864,0.02721299055423032,2.220446049250313e-16,2.220446049250313e-16,2.220446049250313e-16,2.220446049250313e-16,0.0210093545942325,2.220446049250313e-16,0.7994905734802531
177.0,2.220446049250313e-16,2.220446049250313e-16,0.013269968234113864,0.02721299055423032,2.220446049250313e-16,2.220446049250313e-16,2.220446049250313e-16,2.220446049250313e-16,0.0210093545942325,2.220446049250313e-16,0.7994905734802531
178.0,2.220446049250313e-16,2.220446049250313e-16,0.013269968234113864,0.02721299055423032,2.220446049250313e-16,2.220446049250313e-16,2.220446049250313e-16,2.220446049250313e-16,0.0210093545942325,2.220446049250313e-16,0.7994905734802531
179.0,2.220446049250313e-16,2.220446049250313e-16,0.013269968234113864,0.02721299055423032,2.220446049250313e-16,2.220446049250313e-16,2.220446049250313e-16,2.220446049250313e-16,0.0210093545942325,2.220446049250313e-16,0.7994905734802531
180.0,2.220446049250313e-16,2.220446049250313e-16,0.013269968234113864,0.02721299055423032,2.220446049250313e-16,2.220446049250313e-16,2.220446049250313e-16,2.220446049250313e-16,0.0210093545942325,2.220446049250313e-16,0.7994905734802531
181.0,2.220446049250313e-16,0.12146036960552406,0.9063618354651608,2.220446049250313e-16,2.220446049250313e-16,0.19250768416419553,2.220446049250313e-16,2.220446049250313e-16,2.220446049250313e-16,2.220446049250313e-16,0.02458352807693407
182.0,2.220446049250313e-16,0.12146036960552406,0.9063618354651608,2.220446049250313e-16,2.220446049250313e-16,0.19250768416419553,2.220446049250313e-16,2.220446049250313e-16,2.220446049250313e-16,2.220446049250313e-16,0.02458352807693407
183.0,0.46172547325803365,0.8744602634854748,0.05538000244458089,2.220446049250313e-16,2.220446049250313e-16,2.220446049250313e-16,2.220446049250313e-16,2.220446049250313e-16,0.13869781445157836,2.220446049250313e-16,2.220446049250313e-16
184.0,0.46172547325803365,0.8744602634854748,0.05538000244458089,2.220446049250313e-16,2.220446049250313e-16,2.220446049250313e-16,2.220446049250313e-16,2.220446049250313e-16,0.13869781445157836,2.220446049250313e-16,2.220446049250313e-16
185.0,2.220446049250313e-16,0.12146036960552406,0.9063618354651608,2.220446049250313e-16,2.220446049250313e-16,0.19250768416419553,2.220446049250313e-16,2.220446049250313e-16,2.220446049250313e-16,2.220446049250313e-16,0.02458352807693407
186.0,2.220446049250313e-16,0.12146036960552406,0.9063618354651608,2.220446049250313e-16,2.220446049250313e-16,0.19250768416419553,2.220446049250313e-16,2.220446049250313e-16,2.220446049250313e-16,2.220446049250313e-16,0.02458352807693407
187.0,0.46172547325803365,0.8744602634854748,0.05538000244458089,2.220446049250313e-16,2.220446049250313e-16,2.220446049250313e-16,2.220446049250313e-16,2.220446049250313e-16,0.13869781445157836,2.220446049250313e-16,2.220446049250313e-16
188.0,0.46172547325803365,0.8744602634854748,0.05538000244458089,2.220446049250313e-16,2.220446049250313e-16,2.220446049250313e-16,2.220446049250313e-16,2.220446049250313e-16,0.13869781445157836,2.220446049250313e-16,2.220446049250313e-16
189.0,0.25398894900626334,2.220446049250313e-16,0.22262657314337753,2.220446049250313e-16,0.005321383651495608,0.7179228596506066,0.33847568411721546,0.49727817982129063,2.220446049250313e-16,2.220446049250313e-16,2.220446049250313e-16
190.0,2.220446049250313e-16,2.220446049250313e-16,2.220446049250313e-16,0.5555860745217021,0.536782546291644,2.220446049250313e-16,0.4636002969943696,2.220446049250313e-16,0.08559011677093377,0.42650072104725617,2.220446049250313e-16
191.0,2.220446049250313e-16,2.220446049250313e-16,2.220446049250313e-16,0.5555860745217021,0.536782546291644,2.220446049250313e-16,0.4636002969943696,2.220446049250313e-16,0.08559011677093377,0.42650072104725617,2.220446049250313e-16
192.0,0.48239297614953114,0.04779169258674995,2.220446049250313e-16,2.220446049250313e-16,2.220446049250313e-16,0.005292227413489289,0.4381427796619686,0.48092406692978124,0.7283157955145422,2.220446049250313e-16,0.02564738648228946
193.0,0.48239297614953114,0.04779169258674995,2.220446049250313e-16,2.220446049250313e-16,2.220446049250313e-16,0.005292227413489289,0.4381427796619686,0.48092406692978124,0.7283157955145422,2.220446049250313e-16,0.02564738648228946
194.0,2.220446049250313e-16,2.220446049250313e-16,2.220446049250313e-16,0.8189682252357293,0.24437560927773144,2.220446049250313e-16,0.05980102761426991,0.19403311322016256,0.06887793667732905,2.220446049250313e-16,0.02073844185303818
195.0,2.220446049250313e-16,0.10115419606068622,0.5693060888778224,0.12170177396294332,2.220446049250313e-16,0.08959069574713784,2.220446049250313e-16,0.4794572933605023,2.220446049250313e-16,2.220446049250313e-16,2.220446049250313e-16
196.0,2.220446049250313e-16,2.220446049250313e-16,0.013269968234113864,0.02721299055423032,2.220446049250313e-16,2.220446049250313e-16,2.220446049250313e-16,2.220446049250313e-16,0.0210093545942325,2.220446049250313e-16,0.7994905734802531
197.0,2.220446049250313e-16,2.220446049250313e-16,0.013269968234113864,0.02721299055423032,2.220446049250313e-16,2.220446049250313e-16,2.220446049250313e-16,2.220446049250313e-16,0.0210093545942325,2.220446049250313e-16,0.7994905734802531
198.0,2.220446049250313e-16,2.220446049250313e-16,0.013269968234113864,0.02721299055423032,2.220446049250313e-16,2.220446049250313e-16,2.220446049250313e-16,2.220446049250313e-16,0.0210093545942325,2.220446049250313e-16,0.7994905734802531
199.0,2.220446049250313e-16,2.220446049250313e-16,0.013269968234113864,0.02721299055423032,2.220446049250313e-16,2.220446049250313e-16,2.220446049250313e-16,2.220446049250313e-16,0.0210093545942325,2.220446049250313e-16,0.7994905734802531
200.0,2.220446049250313e-16,2.220446049250313e-16,0.013269968234113864,0.02721299055423032,2.220446049250313e-16,2.220446049250313e-16,2.220446049250313e-16,2.220446049250313e-16,0.0210093545942325,2.220446049250313e-16,0.7994905734802531
201.0,2.220446049250313e-16,2.220446049250313e-16,0.013269968234113864,0.02721299055423032,2.220446049250313e-16,2.220446049250313e-16,2.220446049250313e-16,2.220446049250313e-16,0.0210093545942325,2.220446049250313e-16,0.7994905734802531
202.0,0.25398894900626334,2.220446049250313e-16,0.22262657314337753,2.220446049250313e-16,0.005321383651495608,0.7179228596506066,0.33847568411721546,0.49727817982129063,2.220446049250313e-16,2.220446049250313e-16,2.220446049250313e-16
203.0,2.220446049250313e-16,2.220446049250313e-16,2.220446049250313e-16,0.5555860745217021,0.536782546291644,2.220446049250313e-16,0.4636002969943696,2.220446049250313e-16,0.08559011677093377,0.42650072104725617,2.220446049250313e-16
204.0,2.220446049250313e-16,2.220446049250313e-16,2.220446049250313e-16,0.5555860745217021,0.536782546291644,2.220446049250313e-16,0.4636002969943696,2.220446049250313e-16,0.08559011677093377,0.42650072104725617,2.220446049250313e-16
205.0,0.48239297614953114,0.04779169258674995,2.220446049250313e-16,2.220446049250313e-16,2.220446049250313e-16,0.005292227413489289,0.4381427796619686,0.48092406692978124,0.7283157955145422,2.220446049250313e-16,0.02564738648228946
206.0,0.48239297614953114,0.04779169258674995,2.220446049250313e-16,2.220446049250313e-16,2.220446049250313e-16,0.005292227413489289,0.4381427796619686,0.48092406692978124,0.7283157955145422,2.220446049250313e-16,0.02564738648228946
207.0,2.220446049250313e-16,2.220446049250313e-16,2.220446049250313e-16,0.8189682252357293,0.24437560927773144,2.220446049250313e-16,0.05980102761426991,0.19403311322016256,0.06887793667732905,2.220446049250313e-16,0.02073844185303818
208.0,0.25398894900626334,2.220446049250313e-16,0.22262657314337753,2.220446049250313e-16,0.005321383651495608,0.7179228596506066,0.33847568411721546,0.49727817982129063,2.220446049250313e-16,2.220446049250313e-16,2.220446049250313e-16
209.0,2.220446049250313e-16,2.220446049250313e-16,2.220446049250313e-16,0.5555860745217021,0.536782546291644,2.220446049250313e-16,0.4636002969943696,2.220446049250313e-16,0.08559011677093377,0.42650072104725617,2.220446049250313e-16
210.0,2.220446049250313e-16,2.220446049250313e-16,2.220446049250313e-16,0.5555860745217021,0.536782546291644,2.220446049250313e-16,0.4636002969943696,2.220446049250313e-16,0.08559011677093377,0.42650072104725617,2.220446049250313e-16
211.0,0.48239297614953114,0.04779169258674995,2.220446049250313e-16,2.220446049250313e-16,2.220446049250313e-16,0.005292227413489289,0.4381427796619686,0.48092406692978124,0.7283157955145422,2.220446049250313e-16,0.02564738648228946
212.0,0.48239297614953114,0.04779169258674995,2.220446049250313e-16,2.220446049250313e-16,2.220446049250313e-16,0.005292227413489289,0.4381427796619686,0.48092406692978124,0.7283157955145422,2.220446049250313e-16,0.02564738648228946
213.0,2.220446049250313e-16,2.220446049250313e-16,2.220446049250313e-16,0.8189682252357293,0.24437560927773144,2.220446049250313e-16,0.05980102761426991,0.19403311322016256,0.06887793667732905,2.220446049250313e-16,0.02073844185303818
214.0,2.220446049250313e-16,0.12146036960552406,0.9063618354651608,2.220446049250313e-16,2.220446049250313e-16,0.19250768416419553,2.220446049250313e-16,2.220446049250313e-16,2.220446049250313e-16,2.220446049250313e-16,0.02458352807693407
215.0,2.220446049250313e-16,0.12146036960552406,0.9063618354651608,2.220446049250313e-16,2.220446049250313e-16,0.19250768416419553,2.220446049250313e-16,2.220446049250313e-16,2.220446049250313e-16,2.220446049250313e-16,0.02458352807693407
216.0,0.46172547325803365,0.8744602634854748,0.05538000244458089,2.220446049250313e-16,2.220446049250313e-16,2.220446049250313e-16,2.220446049250313e-16,2.220446049250313e-16,0.13869781445157836,2.220446049250313e-16,2.220446049250313e-16
217.0,0.46172547325803365,0.8744602634854748,0.05538000244458089,2.220446049250313e-16,2.220446049250313e-16,2.220446049250313e-16,2.220446049250313e-16,2.220446049250313e-16,0.13869781445157836,2.220446049250313e-16,2.220446049250313e-16
218.0,2.220446049250313e-16,0.12146036960552406,0.9063618354651608,2.220446049250313e-16,2.220446049250313e-16,0.19250768416419553,2.220446049250313e-16,2.220446049250313e-16,2.220446049250313e-16,2.220446049250313e-16,0.02458352807693407
219.0,2.220446049250313e-16,0.12146036960552406,0.9063618354651608,2.220446049250313e-16,2.220446049250313e-16,0.19250768416419553,2.220446049250313e-16,2.220446049250313e-16,2.220446049250313e-16,2.220446049250313e-16,0.02458352807693407
220.0,0.46172547325803365,0.8744602634854748,0.05538000244458089,2.220446049250313e-16,2.220446049250313e-16,2.220446049250313e-16,2.220446049250313e-16,2.220446049250313e-16,0.13869781445157836,2.220446049250313e-16,2.220446049250313e-16
221.0,0.46172547325803365,0.8744602634854748,0.05538000244458089,2.220446049250313e-16,2.220446049250313e-16,2.220446049250313e-16,2.220446049250313e-16,2.220446049250313e-16,0.13869781445157836,2.220446049250313e-16,2.220446049250313e-16
